0.000000000000000000e+00
0.000000000000000000e+00
0.000000000000000000e+00
0.000000000000000000e+00
0.000000000000000000e+00
0.000000000000000000e+00
0.000000000000000000e+00
0.000000000000000000e+00
0.000000000000000000e+00
0.000000000000000000e+00
0.000000000000000000e+00
0.000000000000000000e+00
0.000000000000000000e+00
0.000000000000000000e+00
0.000000000000000000e+00
0.000000000000000000e+00
0.000000000000000000e+00
0.000000000000000000e+00
0.000000000000000000e+00
0.000000000000000000e+00
0.000000000000000000e+00
0.000000000000000000e+00
0.000000000000000000e+00
0.000000000000000000e+00
0.000000000000000000e+00
0.000000000000000000e+00
0.000000000000000000e+00
0.000000000000000000e+00
0.000000000000000000e+00
0.000000000000000000e+00
0.000000000000000000e+00
0.000000000000000000e+00
0.000000000000000000e+00
0.000000000000000000e+00
0.000000000000000000e+00
0.000000000000000000e+00
0.000000000000000000e+00
0.000000000000000000e+00
0.000000000000000000e+00
0.000000000000000000e+00
0.000000000000000000e+00
0.000000000000000000e+00
0.000000000000000000e+00
0.000000000000000000e+00
1.000000000000000000e+00
1.000000000000000000e+00
1.000000000000000000e+00
1.000000000000000000e+00
1.000000000000000000e+00
1.000000000000000000e+00
1.000000000000000000e+00
1.000000000000000000e+00
1.000000000000000000e+00
1.000000000000000000e+00
1.000000000000000000e+00
1.000000000000000000e+00
1.000000000000000000e+00
1.000000000000000000e+00
2.000000000000000000e+00
2.000000000000000000e+00
2.000000000000000000e+00
2.000000000000000000e+00
2.000000000000000000e+00
2.000000000000000000e+00
2.000000000000000000e+00
3.000000000000000000e+00
3.000000000000000000e+00
4.000000000000000000e+00
4.000000000000000000e+00
4.000000000000000000e+00
4.000000000000000000e+00
5.000000000000000000e+00
5.000000000000000000e+00
5.000000000000000000e+00
5.000000000000000000e+00
5.000000000000000000e+00
5.000000000000000000e+00
5.000000000000000000e+00
5.000000000000000000e+00
5.000000000000000000e+00
5.000000000000000000e+00
5.000000000000000000e+00
5.000000000000000000e+00
5.000000000000000000e+00
5.000000000000000000e+00
5.000000000000000000e+00
5.000000000000000000e+00
5.000000000000000000e+00
5.000000000000000000e+00
5.000000000000000000e+00
6.000000000000000000e+00
6.000000000000000000e+00
7.000000000000000000e+00
7.000000000000000000e+00
7.000000000000000000e+00
7.000000000000000000e+00
7.000000000000000000e+00
7.000000000000000000e+00
7.000000000000000000e+00
7.000000000000000000e+00
7.000000000000000000e+00
7.000000000000000000e+00
7.000000000000000000e+00
7.000000000000000000e+00
7.000000000000000000e+00
7.000000000000000000e+00
7.000000000000000000e+00
7.000000000000000000e+00
7.000000000000000000e+00
7.000000000000000000e+00
9.000000000000000000e+00
1.100000000000000000e+01
1.500000000000000000e+01
2.000000000000000000e+01
2.100000000000000000e+01
2.100000000000000000e+01
2.100000000000000000e+01
2.100000000000000000e+01
2.100000000000000000e+01
2.100000000000000000e+01
2.100000000000000000e+01
2.100000000000000000e+01
2.400000000000000000e+01
2.400000000000000000e+01
2.700000000000000000e+01
2.700000000000000000e+01
2.800000000000000000e+01
3.100000000000000000e+01
3.100000000000000000e+01
3.300000000000000000e+01
4.300000000000000000e+01
4.300000000000000000e+01
4.700000000000000000e+01
4.700000000000000000e+01
4.700000000000000000e+01
4.800000000000000000e+01
4.800000000000000000e+01
5.900000000000000000e+01
5.900000000000000000e+01
5.900000000000000000e+01
5.900000000000000000e+01
6.200000000000000000e+01
6.200000000000000000e+01
6.600000000000000000e+01
6.600000000000000000e+01
6.700000000000000000e+01
6.700000000000000000e+01
6.700000000000000000e+01
6.700000000000000000e+01
6.800000000000000000e+01
6.800000000000000000e+01
6.800000000000000000e+01
6.800000000000000000e+01
7.000000000000000000e+01
7.000000000000000000e+01
7.000000000000000000e+01
7.000000000000000000e+01
7.500000000000000000e+01
7.600000000000000000e+01
7.700000000000000000e+01
7.700000000000000000e+01
7.700000000000000000e+01
7.700000000000000000e+01
7.700000000000000000e+01
7.800000000000000000e+01
8.000000000000000000e+01
8.000000000000000000e+01
8.000000000000000000e+01
8.000000000000000000e+01
8.000000000000000000e+01
8.000000000000000000e+01
8.200000000000000000e+01
8.400000000000000000e+01
8.400000000000000000e+01
8.400000000000000000e+01
8.400000000000000000e+01
8.600000000000000000e+01
8.700000000000000000e+01
8.700000000000000000e+01
8.900000000000000000e+01
9.000000000000000000e+01
9.200000000000000000e+01
9.200000000000000000e+01
9.200000000000000000e+01
9.200000000000000000e+01
9.200000000000000000e+01
9.500000000000000000e+01
9.900000000000000000e+01
9.900000000000000000e+01
9.900000000000000000e+01
1.010000000000000000e+02
1.010000000000000000e+02
1.020000000000000000e+02
1.020000000000000000e+02
1.030000000000000000e+02
1.050000000000000000e+02
1.050000000000000000e+02
1.080000000000000000e+02
1.080000000000000000e+02
1.080000000000000000e+02
1.100000000000000000e+02
1.100000000000000000e+02
1.130000000000000000e+02
1.130000000000000000e+02
1.280000000000000000e+02
1.330000000000000000e+02
1.330000000000000000e+02
1.380000000000000000e+02
1.410000000000000000e+02
1.470000000000000000e+02
1.470000000000000000e+02
1.530000000000000000e+02
1.540000000000000000e+02
1.550000000000000000e+02
1.550000000000000000e+02
1.560000000000000000e+02
1.730000000000000000e+02
1.730000000000000000e+02
1.840000000000000000e+02
1.950000000000000000e+02
1.950000000000000000e+02
2.240000000000000000e+02
2.250000000000000000e+02
2.270000000000000000e+02
2.270000000000000000e+02
2.270000000000000000e+02
2.280000000000000000e+02
2.280000000000000000e+02
2.280000000000000000e+02
2.330000000000000000e+02
2.340000000000000000e+02
2.340000000000000000e+02
2.380000000000000000e+02
2.410000000000000000e+02
2.440000000000000000e+02
2.450000000000000000e+02
2.450000000000000000e+02
2.460000000000000000e+02
2.460000000000000000e+02
2.460000000000000000e+02
2.520000000000000000e+02
2.590000000000000000e+02
2.610000000000000000e+02
2.610000000000000000e+02
2.610000000000000000e+02
2.610000000000000000e+02
2.630000000000000000e+02
2.630000000000000000e+02
2.710000000000000000e+02
2.730000000000000000e+02
2.800000000000000000e+02
2.810000000000000000e+02
2.820000000000000000e+02
2.820000000000000000e+02
2.830000000000000000e+02
2.830000000000000000e+02
2.980000000000000000e+02
2.990000000000000000e+02
3.000000000000000000e+02
3.040000000000000000e+02
3.040000000000000000e+02
3.060000000000000000e+02
3.060000000000000000e+02
3.090000000000000000e+02
3.090000000000000000e+02
3.130000000000000000e+02
3.160000000000000000e+02
3.160000000000000000e+02
3.160000000000000000e+02
3.250000000000000000e+02
3.270000000000000000e+02
3.300000000000000000e+02
3.310000000000000000e+02
3.320000000000000000e+02
3.360000000000000000e+02
3.360000000000000000e+02
3.400000000000000000e+02
3.420000000000000000e+02
3.420000000000000000e+02
3.450000000000000000e+02
3.460000000000000000e+02
3.460000000000000000e+02
3.480000000000000000e+02
3.490000000000000000e+02
3.540000000000000000e+02
3.560000000000000000e+02
3.580000000000000000e+02
3.580000000000000000e+02
3.580000000000000000e+02
3.580000000000000000e+02
3.590000000000000000e+02
3.590000000000000000e+02
3.640000000000000000e+02
3.640000000000000000e+02
3.640000000000000000e+02
3.690000000000000000e+02
3.690000000000000000e+02
3.750000000000000000e+02
3.750000000000000000e+02
3.770000000000000000e+02
3.780000000000000000e+02
3.780000000000000000e+02
3.780000000000000000e+02
3.780000000000000000e+02
3.790000000000000000e+02
3.820000000000000000e+02
3.860000000000000000e+02
3.860000000000000000e+02
3.860000000000000000e+02
3.890000000000000000e+02
3.950000000000000000e+02
3.960000000000000000e+02
3.960000000000000000e+02
4.100000000000000000e+02
4.140000000000000000e+02
4.150000000000000000e+02
4.180000000000000000e+02
4.240000000000000000e+02
4.260000000000000000e+02
4.300000000000000000e+02
4.320000000000000000e+02
4.330000000000000000e+02
4.330000000000000000e+02
4.340000000000000000e+02
4.360000000000000000e+02
4.370000000000000000e+02
4.380000000000000000e+02
4.380000000000000000e+02
4.390000000000000000e+02
4.400000000000000000e+02
4.400000000000000000e+02
4.430000000000000000e+02
4.430000000000000000e+02
4.460000000000000000e+02
4.790000000000000000e+02
4.790000000000000000e+02
5.190000000000000000e+02
5.190000000000000000e+02
5.760000000000000000e+02
5.970000000000000000e+02
6.230000000000000000e+02
6.230000000000000000e+02
6.360000000000000000e+02
6.550000000000000000e+02
6.700000000000000000e+02
6.890000000000000000e+02
7.100000000000000000e+02
7.160000000000000000e+02
7.340000000000000000e+02
7.340000000000000000e+02
7.550000000000000000e+02
7.670000000000000000e+02
7.710000000000000000e+02
8.100000000000000000e+02
8.130000000000000000e+02
8.250000000000000000e+02
8.310000000000000000e+02
8.330000000000000000e+02
8.340000000000000000e+02
8.370000000000000000e+02
8.420000000000000000e+02
8.420000000000000000e+02
8.430000000000000000e+02
8.480000000000000000e+02
8.500000000000000000e+02
8.500000000000000000e+02
8.510000000000000000e+02
8.540000000000000000e+02
8.550000000000000000e+02
8.560000000000000000e+02
8.560000000000000000e+02
8.560000000000000000e+02
8.570000000000000000e+02
8.580000000000000000e+02
8.580000000000000000e+02
8.590000000000000000e+02
8.590000000000000000e+02
8.590000000000000000e+02
8.590000000000000000e+02
8.590000000000000000e+02
8.610000000000000000e+02
8.610000000000000000e+02
8.610000000000000000e+02
8.610000000000000000e+02
8.610000000000000000e+02
8.610000000000000000e+02
8.610000000000000000e+02
8.630000000000000000e+02
8.630000000000000000e+02
8.640000000000000000e+02
8.660000000000000000e+02
8.660000000000000000e+02
8.660000000000000000e+02
8.660000000000000000e+02
8.660000000000000000e+02
8.660000000000000000e+02
8.660000000000000000e+02
8.660000000000000000e+02
8.670000000000000000e+02
8.670000000000000000e+02
8.670000000000000000e+02
8.670000000000000000e+02
8.670000000000000000e+02
8.670000000000000000e+02
8.670000000000000000e+02
8.670000000000000000e+02
8.670000000000000000e+02
8.670000000000000000e+02
8.670000000000000000e+02
8.680000000000000000e+02
8.680000000000000000e+02
8.680000000000000000e+02
8.680000000000000000e+02
8.680000000000000000e+02
8.680000000000000000e+02
8.680000000000000000e+02
8.680000000000000000e+02
8.680000000000000000e+02
8.680000000000000000e+02
8.680000000000000000e+02
8.680000000000000000e+02
8.680000000000000000e+02
8.680000000000000000e+02
8.690000000000000000e+02
8.690000000000000000e+02
8.690000000000000000e+02
8.690000000000000000e+02
8.700000000000000000e+02
8.700000000000000000e+02
8.700000000000000000e+02
8.710000000000000000e+02
8.720000000000000000e+02
8.720000000000000000e+02
8.720000000000000000e+02
8.730000000000000000e+02
8.860000000000000000e+02
8.890000000000000000e+02
8.910000000000000000e+02
8.910000000000000000e+02
8.910000000000000000e+02
8.960000000000000000e+02
9.000000000000000000e+02
9.000000000000000000e+02
9.060000000000000000e+02
9.100000000000000000e+02
9.180000000000000000e+02
9.210000000000000000e+02
9.270000000000000000e+02
9.290000000000000000e+02
9.340000000000000000e+02
9.410000000000000000e+02
9.520000000000000000e+02
9.570000000000000000e+02
9.610000000000000000e+02
9.660000000000000000e+02
9.860000000000000000e+02
9.920000000000000000e+02
1.008000000000000000e+03
1.018000000000000000e+03
1.022000000000000000e+03
1.026000000000000000e+03
1.053000000000000000e+03
1.059000000000000000e+03
1.066000000000000000e+03
1.074000000000000000e+03
1.106000000000000000e+03
1.111000000000000000e+03
1.119000000000000000e+03
1.135000000000000000e+03
1.144000000000000000e+03
1.161000000000000000e+03
1.190000000000000000e+03
1.202000000000000000e+03
1.221000000000000000e+03
1.241000000000000000e+03
1.247000000000000000e+03
1.257000000000000000e+03
1.263000000000000000e+03
1.276000000000000000e+03
1.279000000000000000e+03
1.286000000000000000e+03
1.296000000000000000e+03
1.309000000000000000e+03
1.322000000000000000e+03
1.338000000000000000e+03
1.374000000000000000e+03
1.392000000000000000e+03
1.394000000000000000e+03
1.411000000000000000e+03
1.423000000000000000e+03
1.464000000000000000e+03
1.491000000000000000e+03
1.503000000000000000e+03
1.603000000000000000e+03
1.612000000000000000e+03
1.620000000000000000e+03
1.632000000000000000e+03
1.639000000000000000e+03
1.654000000000000000e+03
1.669000000000000000e+03
1.682000000000000000e+03
1.687000000000000000e+03
1.703000000000000000e+03
1.724000000000000000e+03
1.739000000000000000e+03
1.769000000000000000e+03
1.789000000000000000e+03
1.808000000000000000e+03
1.813000000000000000e+03
1.826000000000000000e+03
1.842000000000000000e+03
1.854000000000000000e+03
1.882000000000000000e+03
1.889000000000000000e+03
1.903000000000000000e+03
1.924000000000000000e+03
1.939000000000000000e+03
1.963000000000000000e+03
1.970000000000000000e+03
2.006000000000000000e+03
2.013000000000000000e+03
2.027000000000000000e+03
2.052000000000000000e+03
2.062000000000000000e+03
2.076000000000000000e+03
2.100000000000000000e+03
2.104000000000000000e+03
2.122000000000000000e+03
2.133000000000000000e+03
2.159000000000000000e+03
2.169000000000000000e+03
2.210000000000000000e+03
2.249000000000000000e+03
2.252000000000000000e+03
2.258000000000000000e+03
2.266000000000000000e+03
2.275000000000000000e+03
2.290000000000000000e+03
2.324000000000000000e+03
2.370000000000000000e+03
2.380000000000000000e+03
2.398000000000000000e+03
2.411000000000000000e+03
2.421000000000000000e+03
2.427000000000000000e+03
2.455000000000000000e+03
2.456000000000000000e+03
2.458000000000000000e+03
2.470000000000000000e+03
2.482000000000000000e+03
2.486000000000000000e+03
2.489000000000000000e+03
2.500000000000000000e+03
2.501000000000000000e+03
2.506000000000000000e+03
2.508000000000000000e+03
2.515000000000000000e+03
2.518000000000000000e+03
