1.000000000000000000e+00
1.000000000000000000e+00
3.000000000000000000e+00
3.000000000000000000e+00
4.000000000000000000e+00
5.000000000000000000e+00
8.000000000000000000e+00
8.000000000000000000e+00
9.000000000000000000e+00
1.000000000000000000e+01
1.000000000000000000e+01
1.000000000000000000e+01
1.000000000000000000e+01
1.100000000000000000e+01
1.100000000000000000e+01
1.600000000000000000e+01
1.600000000000000000e+01
1.700000000000000000e+01
1.800000000000000000e+01
1.800000000000000000e+01
1.800000000000000000e+01
1.800000000000000000e+01
1.800000000000000000e+01
1.800000000000000000e+01
1.800000000000000000e+01
2.000000000000000000e+01
2.200000000000000000e+01
2.200000000000000000e+01
2.300000000000000000e+01
2.400000000000000000e+01
2.600000000000000000e+01
2.600000000000000000e+01
2.800000000000000000e+01
3.000000000000000000e+01
3.100000000000000000e+01
3.200000000000000000e+01
3.200000000000000000e+01
3.400000000000000000e+01
3.900000000000000000e+01
4.000000000000000000e+01
4.100000000000000000e+01
4.200000000000000000e+01
4.200000000000000000e+01
4.400000000000000000e+01
4.500000000000000000e+01
4.500000000000000000e+01
4.500000000000000000e+01
4.500000000000000000e+01
4.700000000000000000e+01
4.800000000000000000e+01
4.900000000000000000e+01
5.000000000000000000e+01
5.300000000000000000e+01
5.900000000000000000e+01
6.700000000000000000e+01
7.700000000000000000e+01
1.000000000000000000e+02
1.080000000000000000e+02
1.350000000000000000e+02
1.530000000000000000e+02
1.690000000000000000e+02
1.950000000000000000e+02
2.150000000000000000e+02
2.350000000000000000e+02
2.520000000000000000e+02
2.670000000000000000e+02
2.830000000000000000e+02
2.980000000000000000e+02
3.060000000000000000e+02
3.220000000000000000e+02
3.290000000000000000e+02
3.390000000000000000e+02
3.480000000000000000e+02
3.550000000000000000e+02
3.630000000000000000e+02
3.730000000000000000e+02
3.760000000000000000e+02
3.790000000000000000e+02
3.800000000000000000e+02
3.820000000000000000e+02
3.850000000000000000e+02
3.880000000000000000e+02
3.930000000000000000e+02
3.930000000000000000e+02
3.950000000000000000e+02
3.950000000000000000e+02
3.950000000000000000e+02
3.980000000000000000e+02
4.200000000000000000e+02
4.220000000000000000e+02
4.250000000000000000e+02
4.260000000000000000e+02
4.270000000000000000e+02
4.280000000000000000e+02
4.290000000000000000e+02
4.290000000000000000e+02
4.290000000000000000e+02
4.290000000000000000e+02
4.290000000000000000e+02
4.290000000000000000e+02
4.290000000000000000e+02
4.320000000000000000e+02
4.360000000000000000e+02
4.380000000000000000e+02
4.380000000000000000e+02
4.390000000000000000e+02
4.400000000000000000e+02
4.400000000000000000e+02
4.400000000000000000e+02
4.400000000000000000e+02
4.400000000000000000e+02
4.400000000000000000e+02
4.400000000000000000e+02
4.400000000000000000e+02
4.400000000000000000e+02
4.400000000000000000e+02
4.400000000000000000e+02
4.400000000000000000e+02
4.400000000000000000e+02
4.400000000000000000e+02
4.400000000000000000e+02
4.410000000000000000e+02
4.410000000000000000e+02
4.410000000000000000e+02
4.410000000000000000e+02
4.410000000000000000e+02
4.410000000000000000e+02
4.410000000000000000e+02
4.420000000000000000e+02
4.420000000000000000e+02
4.420000000000000000e+02
4.430000000000000000e+02
4.430000000000000000e+02
4.430000000000000000e+02
4.430000000000000000e+02
4.430000000000000000e+02
4.430000000000000000e+02
4.430000000000000000e+02
4.430000000000000000e+02
4.430000000000000000e+02
4.430000000000000000e+02
4.430000000000000000e+02
4.430000000000000000e+02
4.430000000000000000e+02
4.430000000000000000e+02
4.450000000000000000e+02
4.450000000000000000e+02
4.450000000000000000e+02
4.460000000000000000e+02
4.460000000000000000e+02
4.460000000000000000e+02
4.460000000000000000e+02
4.460000000000000000e+02
4.460000000000000000e+02
4.460000000000000000e+02
4.470000000000000000e+02
4.470000000000000000e+02
4.470000000000000000e+02
4.470000000000000000e+02
4.470000000000000000e+02
4.470000000000000000e+02
4.470000000000000000e+02
4.480000000000000000e+02
4.490000000000000000e+02
4.490000000000000000e+02
4.490000000000000000e+02
4.490000000000000000e+02
4.490000000000000000e+02
4.490000000000000000e+02
4.490000000000000000e+02
4.490000000000000000e+02
4.510000000000000000e+02
4.510000000000000000e+02
4.510000000000000000e+02
4.510000000000000000e+02
4.510000000000000000e+02
4.510000000000000000e+02
4.510000000000000000e+02
4.510000000000000000e+02
4.510000000000000000e+02
4.510000000000000000e+02
4.510000000000000000e+02
4.550000000000000000e+02
4.550000000000000000e+02
4.580000000000000000e+02
4.580000000000000000e+02
4.580000000000000000e+02
4.620000000000000000e+02
4.670000000000000000e+02
4.670000000000000000e+02
4.670000000000000000e+02
4.670000000000000000e+02
4.740000000000000000e+02
4.750000000000000000e+02
4.740000000000000000e+02
4.760000000000000000e+02
4.760000000000000000e+02
4.770000000000000000e+02
4.770000000000000000e+02
4.790000000000000000e+02
4.770000000000000000e+02
4.770000000000000000e+02
4.800000000000000000e+02
4.810000000000000000e+02
4.810000000000000000e+02
4.810000000000000000e+02
4.820000000000000000e+02
4.840000000000000000e+02
4.850000000000000000e+02
4.860000000000000000e+02
4.860000000000000000e+02
4.860000000000000000e+02
4.870000000000000000e+02
4.870000000000000000e+02
4.870000000000000000e+02
4.870000000000000000e+02
4.870000000000000000e+02
4.870000000000000000e+02
4.870000000000000000e+02
4.870000000000000000e+02
4.880000000000000000e+02
4.880000000000000000e+02
4.880000000000000000e+02
4.880000000000000000e+02
4.890000000000000000e+02
4.890000000000000000e+02
4.900000000000000000e+02
4.920000000000000000e+02
4.930000000000000000e+02
4.940000000000000000e+02
4.950000000000000000e+02
4.950000000000000000e+02
4.960000000000000000e+02
4.980000000000000000e+02
4.980000000000000000e+02
4.980000000000000000e+02
4.990000000000000000e+02
4.990000000000000000e+02
5.000000000000000000e+02
5.030000000000000000e+02
5.030000000000000000e+02
5.060000000000000000e+02
5.070000000000000000e+02
5.090000000000000000e+02
5.090000000000000000e+02
5.090000000000000000e+02
5.090000000000000000e+02
5.100000000000000000e+02
5.100000000000000000e+02
5.100000000000000000e+02
5.130000000000000000e+02
5.130000000000000000e+02
5.140000000000000000e+02
5.150000000000000000e+02
5.170000000000000000e+02
5.170000000000000000e+02
5.170000000000000000e+02
5.180000000000000000e+02
5.210000000000000000e+02
5.230000000000000000e+02
5.240000000000000000e+02
5.270000000000000000e+02
5.270000000000000000e+02
5.270000000000000000e+02
5.290000000000000000e+02
5.300000000000000000e+02
5.300000000000000000e+02
5.310000000000000000e+02
5.350000000000000000e+02
5.350000000000000000e+02
5.350000000000000000e+02
5.400000000000000000e+02
5.430000000000000000e+02
5.440000000000000000e+02
5.480000000000000000e+02
5.480000000000000000e+02
5.500000000000000000e+02
5.500000000000000000e+02
5.500000000000000000e+02
5.500000000000000000e+02
5.500000000000000000e+02
5.530000000000000000e+02
5.540000000000000000e+02
5.550000000000000000e+02
5.580000000000000000e+02
5.630000000000000000e+02
5.670000000000000000e+02
5.680000000000000000e+02
5.690000000000000000e+02
5.730000000000000000e+02
5.730000000000000000e+02
5.770000000000000000e+02
5.780000000000000000e+02
5.800000000000000000e+02
5.840000000000000000e+02
5.890000000000000000e+02
5.970000000000000000e+02
6.000000000000000000e+02
6.020000000000000000e+02
6.030000000000000000e+02
6.050000000000000000e+02
6.070000000000000000e+02
6.090000000000000000e+02
6.110000000000000000e+02
6.110000000000000000e+02
6.170000000000000000e+02
6.180000000000000000e+02
6.180000000000000000e+02
6.230000000000000000e+02
6.250000000000000000e+02
6.390000000000000000e+02
6.480000000000000000e+02
6.510000000000000000e+02
6.750000000000000000e+02
6.790000000000000000e+02
6.850000000000000000e+02
6.860000000000000000e+02
6.900000000000000000e+02
6.940000000000000000e+02
7.160000000000000000e+02
7.160000000000000000e+02
7.180000000000000000e+02
7.200000000000000000e+02
7.240000000000000000e+02
7.250000000000000000e+02
7.330000000000000000e+02
7.360000000000000000e+02
7.400000000000000000e+02
7.420000000000000000e+02
7.490000000000000000e+02
7.570000000000000000e+02
7.590000000000000000e+02
7.630000000000000000e+02
7.660000000000000000e+02
7.660000000000000000e+02
7.700000000000000000e+02
7.760000000000000000e+02
7.760000000000000000e+02
7.800000000000000000e+02
7.830000000000000000e+02
7.850000000000000000e+02
7.930000000000000000e+02
7.950000000000000000e+02
7.970000000000000000e+02
7.990000000000000000e+02
8.020000000000000000e+02
8.080000000000000000e+02
8.120000000000000000e+02
8.150000000000000000e+02
8.170000000000000000e+02
8.190000000000000000e+02
8.220000000000000000e+02
8.250000000000000000e+02
8.280000000000000000e+02
8.280000000000000000e+02
8.340000000000000000e+02
8.380000000000000000e+02
8.420000000000000000e+02
8.420000000000000000e+02
8.430000000000000000e+02
8.510000000000000000e+02
8.550000000000000000e+02
8.620000000000000000e+02
8.680000000000000000e+02
8.700000000000000000e+02
8.810000000000000000e+02
8.810000000000000000e+02
8.840000000000000000e+02
8.890000000000000000e+02
8.890000000000000000e+02
8.900000000000000000e+02
8.930000000000000000e+02
8.950000000000000000e+02
8.990000000000000000e+02
9.090000000000000000e+02
9.110000000000000000e+02
9.120000000000000000e+02
9.150000000000000000e+02
9.170000000000000000e+02
9.190000000000000000e+02
9.230000000000000000e+02
9.240000000000000000e+02
9.270000000000000000e+02
9.280000000000000000e+02
9.330000000000000000e+02
9.350000000000000000e+02
9.360000000000000000e+02
9.370000000000000000e+02
9.370000000000000000e+02
9.370000000000000000e+02
9.370000000000000000e+02
9.370000000000000000e+02
9.380000000000000000e+02
9.400000000000000000e+02
9.410000000000000000e+02
9.420000000000000000e+02
9.420000000000000000e+02
9.420000000000000000e+02
9.420000000000000000e+02
9.460000000000000000e+02
9.510000000000000000e+02
9.510000000000000000e+02
9.540000000000000000e+02
9.550000000000000000e+02
9.550000000000000000e+02
9.550000000000000000e+02
9.580000000000000000e+02
9.600000000000000000e+02
9.600000000000000000e+02
9.670000000000000000e+02
9.690000000000000000e+02
9.760000000000000000e+02
9.770000000000000000e+02
9.780000000000000000e+02
9.780000000000000000e+02
9.840000000000000000e+02
9.840000000000000000e+02
9.850000000000000000e+02
9.900000000000000000e+02
9.900000000000000000e+02
9.900000000000000000e+02
9.980000000000000000e+02
1.004000000000000000e+03
1.005000000000000000e+03
1.006000000000000000e+03
1.006000000000000000e+03
1.007000000000000000e+03
1.009000000000000000e+03
1.012000000000000000e+03
1.013000000000000000e+03
1.020000000000000000e+03
1.022000000000000000e+03
1.023000000000000000e+03
1.024000000000000000e+03
1.030000000000000000e+03
1.036000000000000000e+03
1.039000000000000000e+03
1.045000000000000000e+03
1.047000000000000000e+03
1.048000000000000000e+03
1.050000000000000000e+03
1.050000000000000000e+03
1.050000000000000000e+03
1.054000000000000000e+03
1.056000000000000000e+03
1.057000000000000000e+03
1.058000000000000000e+03
1.062000000000000000e+03
1.067000000000000000e+03
1.068000000000000000e+03
1.070000000000000000e+03
1.072000000000000000e+03
1.073000000000000000e+03
1.076000000000000000e+03
1.078000000000000000e+03
1.082000000000000000e+03
1.086000000000000000e+03
1.090000000000000000e+03
1.097000000000000000e+03
1.100000000000000000e+03
1.104000000000000000e+03
1.110000000000000000e+03
1.116000000000000000e+03
1.121000000000000000e+03
1.128000000000000000e+03
1.132000000000000000e+03
1.137000000000000000e+03
1.145000000000000000e+03
1.153000000000000000e+03
1.160000000000000000e+03
1.173000000000000000e+03
1.178000000000000000e+03
1.183000000000000000e+03
1.184000000000000000e+03
1.199000000000000000e+03
1.210000000000000000e+03
1.231000000000000000e+03
1.256000000000000000e+03
1.290000000000000000e+03
1.475000000000000000e+03
1.682000000000000000e+03
2.017000000000000000e+03
2.260000000000000000e+03
2.533000000000000000e+03
2.825000000000000000e+03
3.139000000000000000e+03
3.862000000000000000e+03
4.322000000000000000e+03
4.917000000000000000e+03
5.456000000000000000e+03
6.091000000000000000e+03
6.761000000000000000e+03
7.315000000000000000e+03
7.806000000000000000e+03
8.160000000000000000e+03
8.511000000000000000e+03
8.842000000000000000e+03
9.389000000000000000e+03
9.974000000000000000e+03
1.044600000000000000e+04
1.095600000000000000e+04
1.129800000000000000e+04
1.149100000000000000e+04
1.169400000000000000e+04
1.196800000000000000e+04
1.222200000000000000e+04
1.250000000000000000e+04
1.274600000000000000e+04
1.292100000000000000e+04
1.310600000000000000e+04
1.324100000000000000e+04
1.340900000000000000e+04
1.358400000000000000e+04
1.377100000000000000e+04
1.389600000000000000e+04
1.400500000000000000e+04
1.408000000000000000e+04
1.415700000000000000e+04
1.426000000000000000e+04
1.438900000000000000e+04
1.446500000000000000e+04
1.454500000000000000e+04
1.463400000000000000e+04
1.469400000000000000e+04
1.474800000000000000e+04
1.480400000000000000e+04
1.485300000000000000e+04
1.491100000000000000e+04
1.499100000000000000e+04
1.503000000000000000e+04
1.506100000000000000e+04
1.508800000000000000e+04
1.512800000000000000e+04
1.514900000000000000e+04
1.518500000000000000e+04
1.521800000000000000e+04
1.524900000000000000e+04
1.527300000000000000e+04
1.530200000000000000e+04
1.532800000000000000e+04
1.534600000000000000e+04
1.537800000000000000e+04
1.539000000000000000e+04
1.540800000000000000e+04
1.542900000000000000e+04
1.545300000000000000e+04
1.547800000000000000e+04
1.551100000000000000e+04
1.553500000000000000e+04
1.555800000000000000e+04
1.557100000000000000e+04
1.558200000000000000e+04
1.559900000000000000e+04
1.561900000000000000e+04
1.563700000000000000e+04
1.566200000000000000e+04
1.567400000000000000e+04
1.568800000000000000e+04
