0.000000000000000000e+00
0.000000000000000000e+00
0.000000000000000000e+00
0.000000000000000000e+00
0.000000000000000000e+00
0.000000000000000000e+00
0.000000000000000000e+00
0.000000000000000000e+00
0.000000000000000000e+00
0.000000000000000000e+00
0.000000000000000000e+00
0.000000000000000000e+00
0.000000000000000000e+00
0.000000000000000000e+00
0.000000000000000000e+00
0.000000000000000000e+00
0.000000000000000000e+00
0.000000000000000000e+00
0.000000000000000000e+00
0.000000000000000000e+00
0.000000000000000000e+00
0.000000000000000000e+00
0.000000000000000000e+00
0.000000000000000000e+00
0.000000000000000000e+00
0.000000000000000000e+00
0.000000000000000000e+00
0.000000000000000000e+00
0.000000000000000000e+00
0.000000000000000000e+00
0.000000000000000000e+00
0.000000000000000000e+00
0.000000000000000000e+00
0.000000000000000000e+00
0.000000000000000000e+00
1.000000000000000000e+00
3.000000000000000000e+00
4.000000000000000000e+00
4.000000000000000000e+00
7.000000000000000000e+00
7.000000000000000000e+00
7.000000000000000000e+00
9.000000000000000000e+00
3.100000000000000000e+01
4.500000000000000000e+01
4.600000000000000000e+01
7.300000000000000000e+01
7.300000000000000000e+01
8.900000000000000000e+01
9.900000000000000000e+01
9.900000000000000000e+01
1.900000000000000000e+02
2.280000000000000000e+02
3.310000000000000000e+02
3.310000000000000000e+02
3.870000000000000000e+02
4.180000000000000000e+02
4.180000000000000000e+02
4.950000000000000000e+02
5.300000000000000000e+02
6.240000000000000000e+02
6.950000000000000000e+02
7.430000000000000000e+02
8.210000000000000000e+02
8.920000000000000000e+02
9.660000000000000000e+02
1.061000000000000000e+03
1.156000000000000000e+03
1.212000000000000000e+03
1.314000000000000000e+03
1.415000000000000000e+03
1.544000000000000000e+03
1.613000000000000000e+03
1.673000000000000000e+03
1.735000000000000000e+03
1.755000000000000000e+03
1.832000000000000000e+03
1.884000000000000000e+03
1.955000000000000000e+03
2.011000000000000000e+03
2.081000000000000000e+03
2.114000000000000000e+03
2.145000000000000000e+03
2.170000000000000000e+03
2.192000000000000000e+03
2.207000000000000000e+03
2.224000000000000000e+03
2.235000000000000000e+03
2.235000000000000000e+03
2.245000000000000000e+03
2.401000000000000000e+03
2.408000000000000000e+03
2.463000000000000000e+03
2.490000000000000000e+03
2.506000000000000000e+03
2.517000000000000000e+03
2.534000000000000000e+03
2.566000000000000000e+03
2.576000000000000000e+03
2.591000000000000000e+03
2.612000000000000000e+03
2.620000000000000000e+03
2.626000000000000000e+03
2.632000000000000000e+03
2.642000000000000000e+03
2.663000000000000000e+03
2.678000000000000000e+03
2.691000000000000000e+03
2.710000000000000000e+03
2.716000000000000000e+03
2.726000000000000000e+03
2.744000000000000000e+03
2.760000000000000000e+03
2.770000000000000000e+03
2.810000000000000000e+03
2.819000000000000000e+03
2.834000000000000000e+03
2.836000000000000000e+03
2.840000000000000000e+03
2.850000000000000000e+03
2.853000000000000000e+03
2.874000000000000000e+03
2.876000000000000000e+03
2.878000000000000000e+03
2.882000000000000000e+03
2.892000000000000000e+03
2.903000000000000000e+03
2.906000000000000000e+03
2.909000000000000000e+03
2.915000000000000000e+03
2.917000000000000000e+03
2.918000000000000000e+03
2.937000000000000000e+03
2.937000000000000000e+03
2.952000000000000000e+03
2.967000000000000000e+03
2.980000000000000000e+03
2.997000000000000000e+03
3.049000000000000000e+03
3.058000000000000000e+03
3.068000000000000000e+03
3.088000000000000000e+03
3.108000000000000000e+03
3.112000000000000000e+03
3.121000000000000000e+03
3.134000000000000000e+03
3.148000000000000000e+03
3.203000000000000000e+03
3.227000000000000000e+03
3.237000000000000000e+03
3.256000000000000000e+03
3.266000000000000000e+03
3.287000000000000000e+03
3.302000000000000000e+03
3.310000000000000000e+03
3.321000000000000000e+03
3.343000000000000000e+03
3.366000000000000000e+03
3.376000000000000000e+03
3.390000000000000000e+03
3.409000000000000000e+03
3.432000000000000000e+03
3.458000000000000000e+03
3.486000000000000000e+03
3.511000000000000000e+03
3.519000000000000000e+03
3.562000000000000000e+03
3.589000000000000000e+03
3.622000000000000000e+03
3.672000000000000000e+03
3.732000000000000000e+03
3.772000000000000000e+03
3.803000000000000000e+03
3.826000000000000000e+03
3.883000000000000000e+03
3.910000000000000000e+03
3.939000000000000000e+03
3.964000000000000000e+03
3.983000000000000000e+03
4.007000000000000000e+03
4.012000000000000000e+03
4.048000000000000000e+03
4.077000000000000000e+03
4.110000000000000000e+03
4.135000000000000000e+03
4.166000000000000000e+03
4.193000000000000000e+03
4.227000000000000000e+03
4.279000000000000000e+03
4.336000000000000000e+03
4.401000000000000000e+03
4.477000000000000000e+03
4.587000000000000000e+03
4.662000000000000000e+03
4.737000000000000000e+03
4.855000000000000000e+03
4.974000000000000000e+03
5.123000000000000000e+03
5.270000000000000000e+03
5.421000000000000000e+03
5.623000000000000000e+03
5.749000000000000000e+03
5.942000000000000000e+03
6.177000000000000000e+03
6.381000000000000000e+03
6.632000000000000000e+03
6.858000000000000000e+03
7.075000000000000000e+03
7.222000000000000000e+03
7.472000000000000000e+03
7.684000000000000000e+03
7.934000000000000000e+03
8.138000000000000000e+03
8.381000000000000000e+03
8.664000000000000000e+03
8.819000000000000000e+03
8.987000000000000000e+03
9.280000000000000000e+03
9.531000000000000000e+03
9.800000000000000000e+03
9.977000000000000000e+03
1.013400000000000000e+04
1.031700000000000000e+04
1.052400000000000000e+04
1.075700000000000000e+04
1.099800000000000000e+04
1.120000000000000000e+04
1.138600000000000000e+04
1.152400000000000000e+04
1.166300000000000000e+04
1.183200000000000000e+04
1.208000000000000000e+04
1.245200000000000000e+04
1.273400000000000000e+04
1.303600000000000000e+04
1.324000000000000000e+04
1.342000000000000000e+04
1.373000000000000000e+04
1.404100000000000000e+04
1.440000000000000000e+04
1.473800000000000000e+04
1.497800000000000000e+04
1.514200000000000000e+04
1.559500000000000000e+04
1.592800000000000000e+04
1.628600000000000000e+04
1.662700000000000000e+04
1.691300000000000000e+04
1.722800000000000000e+04
1.744400000000000000e+04
1.770700000000000000e+04
1.812300000000000000e+04
1.847500000000000000e+04
1.888600000000000000e+04
1.934600000000000000e+04
1.961300000000000000e+04
1.984200000000000000e+04
2.014200000000000000e+04
2.054100000000000000e+04
2.094700000000000000e+04
2.138100000000000000e+04
2.177200000000000000e+04
2.207800000000000000e+04
2.235800000000000000e+04
2.265200000000000000e+04
2.306000000000000000e+04
2.349500000000000000e+04
2.394700000000000000e+04
2.445000000000000000e+04
2.493200000000000000e+04
2.537000000000000000e+04
2.580200000000000000e+04
2.646900000000000000e+04
2.733400000000000000e+04
2.821600000000000000e+04
2.905700000000000000e+04
2.999200000000000000e+04
3.078200000000000000e+04
3.149600000000000000e+04
3.275200000000000000e+04
3.429900000000000000e+04
3.551000000000000000e+04
3.719600000000000000e+04
3.925100000000000000e+04
4.092900000000000000e+04
4.208000000000000000e+04
4.424600000000000000e+04
4.689200000000000000e+04
4.980700000000000000e+04
5.225400000000000000e+04
5.480900000000000000e+04
5.669800000000000000e+04
5.818700000000000000e+04
6.057000000000000000e+04
6.332100000000000000e+04
6.663700000000000000e+04
6.967500000000000000e+04
7.251000000000000000e+04
7.420500000000000000e+04
7.640300000000000000e+04
7.882500000000000000e+04
8.203400000000000000e+04
8.526100000000000000e+04
8.781200000000000000e+04
9.012100000000000000e+04
9.161900000000000000e+04
9.300600000000000000e+04
9.513700000000000000e+04
9.728800000000000000e+04
9.930600000000000000e+04
1.012870000000000000e+05
1.030340000000000000e+05
1.042270000000000000e+05
1.052710000000000000e+05
1.074700000000000000e+05
1.096550000000000000e+05
1.115370000000000000e+05
1.131850000000000000e+05
1.145680000000000000e+05
1.154710000000000000e+05
1.167210000000000000e+05
1.180450000000000000e+05
1.197200000000000000e+05
1.212530000000000000e+05
1.226480000000000000e+05
1.238420000000000000e+05
1.245340000000000000e+05
1.251730000000000000e+05
1.263720000000000000e+05
1.275570000000000000e+05
1.287100000000000000e+05
1.295840000000000000e+05
1.304850000000000000e+05
1.310720000000000000e+05
1.315970000000000000e+05
1.324300000000000000e+05
1.333650000000000000e+05
1.342350000000000000e+05
1.348520000000000000e+05
1.351140000000000000e+05
1.354560000000000000e+05
1.359310000000000000e+05
1.369760000000000000e+05
1.379180000000000000e+05
1.388500000000000000e+05
1.394470000000000000e+05
1.397090000000000000e+05
1.400990000000000000e+05
1.405260000000000000e+05
1.414530000000000000e+05
1.422670000000000000e+05
1.427770000000000000e+05
1.434940000000000000e+05
1.442930000000000000e+05
1.447380000000000000e+05
1.451790000000000000e+05
1.460200000000000000e+05
1.466880000000000000e+05
1.472830000000000000e+05
1.478600000000000000e+05
1.483700000000000000e+05
1.486070000000000000e+05
1.489250000000000000e+05
1.494620000000000000e+05
1.499730000000000000e+05
1.504790000000000000e+05
1.510410000000000000e+05
1.516460000000000000e+05
1.519800000000000000e+05
1.524120000000000000e+05
1.532260000000000000e+05
1.540830000000000000e+05
1.547960000000000000e+05
1.556780000000000000e+05
1.564730000000000000e+05
1.569570000000000000e+05
1.574950000000000000e+05
1.587160000000000000e+05
1.598660000000000000e+05
1.609350000000000000e+05
1.621070000000000000e+05
1.632130000000000000e+05
1.639460000000000000e+05
1.645750000000000000e+05
1.660670000000000000e+05
1.675490000000000000e+05
1.688720000000000000e+05
1.702440000000000000e+05
1.714660000000000000e+05
1.721280000000000000e+05
1.728240000000000000e+05
1.739050000000000000e+05
1.746590000000000000e+05
1.760590000000000000e+05
1.774940000000000000e+05
1.789180000000000000e+05
1.798020000000000000e+05
1.806720000000000000e+05
1.827830000000000000e+05
1.846860000000000000e+05
1.864690000000000000e+05
1.882010000000000000e+05
1.898310000000000000e+05
1.911000000000000000e+05
1.922700000000000000e+05
1.945820000000000000e+05
1.972790000000000000e+05
1.994960000000000000e+05
2.016770000000000000e+05
2.039780000000000000e+05
2.051200000000000000e+05
2.062810000000000000e+05
2.094620000000000000e+05
2.120910000000000000e+05
2.146610000000000000e+05
2.170180000000000000e+05
2.195210000000000000e+05
2.211470000000000000e+05
2.222810000000000000e+05
2.237890000000000000e+05
2.272470000000000000e+05
2.303170000000000000e+05
2.330790000000000000e+05
2.356110000000000000e+05
2.371250000000000000e+05
2.388300000000000000e+05
2.423470000000000000e+05
2.454050000000000000e+05
2.479920000000000000e+05
2.494580000000000000e+05
2.525900000000000000e+05
2.540310000000000000e+05
2.557550000000000000e+05
2.600770000000000000e+05
2.636890000000000000e+05
2.671720000000000000e+05
2.702300000000000000e+05
2.734590000000000000e+05
2.754140000000000000e+05
2.772770000000000000e+05
2.815700000000000000e+05
2.850150000000000000e+05
2.882300000000000000e+05
2.909640000000000000e+05
2.937630000000000000e+05
2.954800000000000000e+05
2.970860000000000000e+05
3.011030000000000000e+05
3.041840000000000000e+05
3.080060000000000000e+05
3.110330000000000000e+05
3.134440000000000000e+05
3.152730000000000000e+05
3.168790000000000000e+05
3.206290000000000000e+05
3.236390000000000000e+05
3.263950000000000000e+05
3.291340000000000000e+05
3.317300000000000000e+05
3.331290000000000000e+05
3.344360000000000000e+05
3.377230000000000000e+05
3.404930000000000000e+05
3.429080000000000000e+05
3.450330000000000000e+05
3.464220000000000000e+05
3.464220000000000000e+05
3.485680000000000000e+05
3.499360000000000000e+05
3.520270000000000000e+05
3.554450000000000000e+05
3.581160000000000000e+05
3.605770000000000000e+05
3.620040000000000000e+05
3.639040000000000000e+05
3.670760000000000000e+05
3.695540000000000000e+05
3.717120000000000000e+05
3.738810000000000000e+05
3.758310000000000000e+05
3.770900000000000000e+05
3.784850000000000000e+05
3.812660000000000000e+05
3.835580000000000000e+05
3.854440000000000000e+05
3.874260000000000000e+05
3.889290000000000000e+05
3.898040000000000000e+05
3.911810000000000000e+05
3.935830000000000000e+05
3.950940000000000000e+05
3.969700000000000000e+05
3.988980000000000000e+05
4.003950000000000000e+05
4.013010000000000000e+05
4.023060000000000000e+05
4.041630000000000000e+05
4.055420000000000000e+05
4.067510000000000000e+05
4.078570000000000000e+05
4.087890000000000000e+05
4.093680000000000000e+05
4.101660000000000000e+05
4.115340000000000000e+05
4.124200000000000000e+05
4.131700000000000000e+05
4.139540000000000000e+05
4.146360000000000000e+05
4.149330000000000000e+05
4.154010000000000000e+05
4.161950000000000000e+05
4.167410000000000000e+05
4.172530000000000000e+05
4.177060000000000000e+05
4.180950000000000000e+05
4.183420000000000000e+05
4.185480000000000000e+05
4.189430000000000000e+05
4.194550000000000000e+05
4.199090000000000000e+05
4.202950000000000000e+05
4.206700000000000000e+05
4.209050000000000000e+05
4.212660000000000000e+05
4.218290000000000000e+05
4.224560000000000000e+05
4.231850000000000000e+05
4.241650000000000000e+05
4.253470000000000000e+05
4.259640000000000000e+05
4.269630000000000000e+05
4.291440000000000000e+05
4.309600000000000000e+05
4.330210000000000000e+05
4.350180000000000000e+05
4.373450000000000000e+05
4.388090000000000000e+05
4.408720000000000000e+05
4.447830000000000000e+05
4.477180000000000000e+05
4.505120000000000000e+05
4.532000000000000000e+05
4.557540000000000000e+05
4.573120000000000000e+05
4.591460000000000000e+05
4.634730000000000000e+05
4.664410000000000000e+05
4.690420000000000000e+05
4.718940000000000000e+05
4.743660000000000000e+05
4.759190000000000000e+05
4.779750000000000000e+05
4.821450000000000000e+05
4.850150000000000000e+05
4.877090000000000000e+05
4.905520000000000000e+05
4.933040000000000000e+05
4.949070000000000000e+05
