0.000000000000000000e+00
0.000000000000000000e+00
0.000000000000000000e+00
0.000000000000000000e+00
0.000000000000000000e+00
0.000000000000000000e+00
0.000000000000000000e+00
0.000000000000000000e+00
0.000000000000000000e+00
0.000000000000000000e+00
0.000000000000000000e+00
0.000000000000000000e+00
0.000000000000000000e+00
0.000000000000000000e+00
0.000000000000000000e+00
0.000000000000000000e+00
0.000000000000000000e+00
0.000000000000000000e+00
0.000000000000000000e+00
0.000000000000000000e+00
0.000000000000000000e+00
0.000000000000000000e+00
0.000000000000000000e+00
0.000000000000000000e+00
0.000000000000000000e+00
0.000000000000000000e+00
0.000000000000000000e+00
0.000000000000000000e+00
0.000000000000000000e+00
0.000000000000000000e+00
0.000000000000000000e+00
0.000000000000000000e+00
0.000000000000000000e+00
0.000000000000000000e+00
0.000000000000000000e+00
1.000000000000000000e+00
2.000000000000000000e+00
1.000000000000000000e+00
0.000000000000000000e+00
3.000000000000000000e+00
0.000000000000000000e+00
0.000000000000000000e+00
2.000000000000000000e+00
2.200000000000000000e+01
1.400000000000000000e+01
1.000000000000000000e+00
2.700000000000000000e+01
0.000000000000000000e+00
1.600000000000000000e+01
1.000000000000000000e+01
0.000000000000000000e+00
9.100000000000000000e+01
3.800000000000000000e+01
1.030000000000000000e+02
0.000000000000000000e+00
5.600000000000000000e+01
3.100000000000000000e+01
0.000000000000000000e+00
7.700000000000000000e+01
3.500000000000000000e+01
9.400000000000000000e+01
7.100000000000000000e+01
4.800000000000000000e+01
7.800000000000000000e+01
7.100000000000000000e+01
7.400000000000000000e+01
9.500000000000000000e+01
9.500000000000000000e+01
5.600000000000000000e+01
1.020000000000000000e+02
1.010000000000000000e+02
1.290000000000000000e+02
6.900000000000000000e+01
6.000000000000000000e+01
6.200000000000000000e+01
2.000000000000000000e+01
7.700000000000000000e+01
5.200000000000000000e+01
7.100000000000000000e+01
5.600000000000000000e+01
7.000000000000000000e+01
3.300000000000000000e+01
3.100000000000000000e+01
2.500000000000000000e+01
2.200000000000000000e+01
1.500000000000000000e+01
1.700000000000000000e+01
1.100000000000000000e+01
0.000000000000000000e+00
1.000000000000000000e+01
1.560000000000000000e+02
7.000000000000000000e+00
5.500000000000000000e+01
2.700000000000000000e+01
1.600000000000000000e+01
1.100000000000000000e+01
1.700000000000000000e+01
3.200000000000000000e+01
1.000000000000000000e+01
1.500000000000000000e+01
2.100000000000000000e+01
8.000000000000000000e+00
6.000000000000000000e+00
6.000000000000000000e+00
1.000000000000000000e+01
2.100000000000000000e+01
1.500000000000000000e+01
1.300000000000000000e+01
1.900000000000000000e+01
6.000000000000000000e+00
1.000000000000000000e+01
1.800000000000000000e+01
1.600000000000000000e+01
1.000000000000000000e+01
4.000000000000000000e+01
9.000000000000000000e+00
1.500000000000000000e+01
2.000000000000000000e+00
4.000000000000000000e+00
1.000000000000000000e+01
3.000000000000000000e+00
2.100000000000000000e+01
2.000000000000000000e+00
2.000000000000000000e+00
4.000000000000000000e+00
1.000000000000000000e+01
1.100000000000000000e+01
3.000000000000000000e+00
3.000000000000000000e+00
6.000000000000000000e+00
2.000000000000000000e+00
1.000000000000000000e+00
1.900000000000000000e+01
0.000000000000000000e+00
1.500000000000000000e+01
1.500000000000000000e+01
1.300000000000000000e+01
1.700000000000000000e+01
5.200000000000000000e+01
9.000000000000000000e+00
1.000000000000000000e+01
2.000000000000000000e+01
2.000000000000000000e+01
4.000000000000000000e+00
9.000000000000000000e+00
1.300000000000000000e+01
1.400000000000000000e+01
5.500000000000000000e+01
2.400000000000000000e+01
1.000000000000000000e+01
1.900000000000000000e+01
1.000000000000000000e+01
2.100000000000000000e+01
1.500000000000000000e+01
8.000000000000000000e+00
1.100000000000000000e+01
2.200000000000000000e+01
2.300000000000000000e+01
1.000000000000000000e+01
1.400000000000000000e+01
1.900000000000000000e+01
2.300000000000000000e+01
2.600000000000000000e+01
2.800000000000000000e+01
2.500000000000000000e+01
8.000000000000000000e+00
4.300000000000000000e+01
2.700000000000000000e+01
3.300000000000000000e+01
5.000000000000000000e+01
6.000000000000000000e+01
4.000000000000000000e+01
3.100000000000000000e+01
2.300000000000000000e+01
5.700000000000000000e+01
2.700000000000000000e+01
2.900000000000000000e+01
2.500000000000000000e+01
1.900000000000000000e+01
2.400000000000000000e+01
5.000000000000000000e+00
3.600000000000000000e+01
2.900000000000000000e+01
3.300000000000000000e+01
2.500000000000000000e+01
3.100000000000000000e+01
2.700000000000000000e+01
3.400000000000000000e+01
5.200000000000000000e+01
5.700000000000000000e+01
6.500000000000000000e+01
7.600000000000000000e+01
1.100000000000000000e+02
7.500000000000000000e+01
7.500000000000000000e+01
1.180000000000000000e+02
1.190000000000000000e+02
1.490000000000000000e+02
1.470000000000000000e+02
1.510000000000000000e+02
2.020000000000000000e+02
1.260000000000000000e+02
1.930000000000000000e+02
2.350000000000000000e+02
2.040000000000000000e+02
2.510000000000000000e+02
2.260000000000000000e+02
2.170000000000000000e+02
1.470000000000000000e+02
2.500000000000000000e+02
2.120000000000000000e+02
2.500000000000000000e+02
2.040000000000000000e+02
2.430000000000000000e+02
2.830000000000000000e+02
1.550000000000000000e+02
1.680000000000000000e+02
2.930000000000000000e+02
2.510000000000000000e+02
2.690000000000000000e+02
1.770000000000000000e+02
1.570000000000000000e+02
1.830000000000000000e+02
2.070000000000000000e+02
2.330000000000000000e+02
2.410000000000000000e+02
2.020000000000000000e+02
1.860000000000000000e+02
1.380000000000000000e+02
1.390000000000000000e+02
1.690000000000000000e+02
2.480000000000000000e+02
3.720000000000000000e+02
2.820000000000000000e+02
3.020000000000000000e+02
2.040000000000000000e+02
1.800000000000000000e+02
3.100000000000000000e+02
3.110000000000000000e+02
3.590000000000000000e+02
3.380000000000000000e+02
2.400000000000000000e+02
1.640000000000000000e+02
4.530000000000000000e+02
3.330000000000000000e+02
3.580000000000000000e+02
3.410000000000000000e+02
2.860000000000000000e+02
3.150000000000000000e+02
2.160000000000000000e+02
2.630000000000000000e+02
4.160000000000000000e+02
3.520000000000000000e+02
4.110000000000000000e+02
4.600000000000000000e+02
2.670000000000000000e+02
2.290000000000000000e+02
3.000000000000000000e+02
3.990000000000000000e+02
4.060000000000000000e+02
4.340000000000000000e+02
3.910000000000000000e+02
3.060000000000000000e+02
2.800000000000000000e+02
2.940000000000000000e+02
4.080000000000000000e+02
4.350000000000000000e+02
4.520000000000000000e+02
5.030000000000000000e+02
4.820000000000000000e+02
4.380000000000000000e+02
4.320000000000000000e+02
6.670000000000000000e+02
8.650000000000000000e+02
8.820000000000000000e+02
8.410000000000000000e+02
9.350000000000000000e+02
7.900000000000000000e+02
7.140000000000000000e+02
1.256000000000000000e+03
1.547000000000000000e+03
1.211000000000000000e+03
1.686000000000000000e+03
2.055000000000000000e+03
1.678000000000000000e+03
1.151000000000000000e+03
2.166000000000000000e+03
2.646000000000000000e+03
2.915000000000000000e+03
2.447000000000000000e+03
2.555000000000000000e+03
1.889000000000000000e+03
1.489000000000000000e+03
2.383000000000000000e+03
2.751000000000000000e+03
3.316000000000000000e+03
3.038000000000000000e+03
2.835000000000000000e+03
1.695000000000000000e+03
2.198000000000000000e+03
2.422000000000000000e+03
3.209000000000000000e+03
3.227000000000000000e+03
2.551000000000000000e+03
2.309000000000000000e+03
1.498000000000000000e+03
1.387000000000000000e+03
2.131000000000000000e+03
2.151000000000000000e+03
2.018000000000000000e+03
1.981000000000000000e+03
1.747000000000000000e+03
1.193000000000000000e+03
1.044000000000000000e+03
2.199000000000000000e+03
2.185000000000000000e+03
1.882000000000000000e+03
1.648000000000000000e+03
1.383000000000000000e+03
9.030000000000000000e+02
1.250000000000000000e+03
1.324000000000000000e+03
1.675000000000000000e+03
1.533000000000000000e+03
1.395000000000000000e+03
1.194000000000000000e+03
6.920000000000000000e+02
6.390000000000000000e+02
1.199000000000000000e+03
1.185000000000000000e+03
1.153000000000000000e+03
8.740000000000000000e+02
9.010000000000000000e+02
5.870000000000000000e+02
5.250000000000000000e+02
8.330000000000000000e+02
9.350000000000000000e+02
8.700000000000000000e+02
6.170000000000000000e+02
2.620000000000000000e+02
3.420000000000000000e+02
4.750000000000000000e+02
1.045000000000000000e+03
9.420000000000000000e+02
9.320000000000000000e+02
5.970000000000000000e+02
2.620000000000000000e+02
3.900000000000000000e+02
4.270000000000000000e+02
9.270000000000000000e+02
8.140000000000000000e+02
5.100000000000000000e+02
7.170000000000000000e+02
7.990000000000000000e+02
4.450000000000000000e+02
4.410000000000000000e+02
8.410000000000000000e+02
6.680000000000000000e+02
5.950000000000000000e+02
5.770000000000000000e+02
5.100000000000000000e+02
2.370000000000000000e+02
3.180000000000000000e+02
5.370000000000000000e+02
5.110000000000000000e+02
5.060000000000000000e+02
5.620000000000000000e+02
6.050000000000000000e+02
3.340000000000000000e+02
4.320000000000000000e+02
8.140000000000000000e+02
8.570000000000000000e+02
7.130000000000000000e+02
8.820000000000000000e+02
7.950000000000000000e+02
4.840000000000000000e+02
5.380000000000000000e+02
1.221000000000000000e+03
1.150000000000000000e+03
1.069000000000000000e+03
1.172000000000000000e+03
1.106000000000000000e+03
7.330000000000000000e+02
6.290000000000000000e+02
1.492000000000000000e+03
1.482000000000000000e+03
1.323000000000000000e+03
1.372000000000000000e+03
1.222000000000000000e+03
6.620000000000000000e+02
6.960000000000000000e+02
1.081000000000000000e+03
7.540000000000000000e+02
1.400000000000000000e+03
1.435000000000000000e+03
1.424000000000000000e+03
8.840000000000000000e+02
8.700000000000000000e+02
2.111000000000000000e+03
1.903000000000000000e+03
1.783000000000000000e+03
1.732000000000000000e+03
1.630000000000000000e+03
1.269000000000000000e+03
1.170000000000000000e+03
2.312000000000000000e+03
2.697000000000000000e+03
2.217000000000000000e+03
2.181000000000000000e+03
2.301000000000000000e+03
1.142000000000000000e+03
1.161000000000000000e+03
3.181000000000000000e+03
2.629000000000000000e+03
2.570000000000000000e+03
2.357000000000000000e+03
2.503000000000000000e+03
1.626000000000000000e+03
1.134000000000000000e+03
1.508000000000000000e+03
3.458000000000000000e+03
3.070000000000000000e+03
2.762000000000000000e+03
2.532000000000000000e+03
1.514000000000000000e+03
1.705000000000000000e+03
3.517000000000000000e+03
3.058000000000000000e+03
2.587000000000000000e+03
1.466000000000000000e+03
3.132000000000000000e+03
1.441000000000000000e+03
1.724000000000000000e+03
4.322000000000000000e+03
3.612000000000000000e+03
3.483000000000000000e+03
3.058000000000000000e+03
3.229000000000000000e+03
1.955000000000000000e+03
1.863000000000000000e+03
4.293000000000000000e+03
3.445000000000000000e+03
3.215000000000000000e+03
2.734000000000000000e+03
2.799000000000000000e+03
1.717000000000000000e+03
1.606000000000000000e+03
4.017000000000000000e+03
3.081000000000000000e+03
3.822000000000000000e+03
3.027000000000000000e+03
2.411000000000000000e+03
1.829000000000000000e+03
1.606000000000000000e+03
3.750000000000000000e+03
3.010000000000000000e+03
2.756000000000000000e+03
2.739000000000000000e+03
2.596000000000000000e+03
1.399000000000000000e+03
1.307000000000000000e+03
3.287000000000000000e+03
2.770000000000000000e+03
2.415000000000000000e+03
2.125000000000000000e+03
1.389000000000000000e+03
0.000000000000000000e+00
2.146000000000000000e+03
1.368000000000000000e+03
2.091000000000000000e+03
3.418000000000000000e+03
2.671000000000000000e+03
2.461000000000000000e+03
1.427000000000000000e+03
1.900000000000000000e+03
3.172000000000000000e+03
2.478000000000000000e+03
2.158000000000000000e+03
2.169000000000000000e+03
1.950000000000000000e+03
1.259000000000000000e+03
1.395000000000000000e+03
2.781000000000000000e+03
2.292000000000000000e+03
1.886000000000000000e+03
1.982000000000000000e+03
1.503000000000000000e+03
8.750000000000000000e+02
1.377000000000000000e+03
2.402000000000000000e+03
1.511000000000000000e+03
1.876000000000000000e+03
1.928000000000000000e+03
1.497000000000000000e+03
9.060000000000000000e+02
1.005000000000000000e+03
1.857000000000000000e+03
1.379000000000000000e+03
1.209000000000000000e+03
1.106000000000000000e+03
9.320000000000000000e+02
5.790000000000000000e+02
7.980000000000000000e+02
1.368000000000000000e+03
8.860000000000000000e+02
7.500000000000000000e+02
7.840000000000000000e+02
6.820000000000000000e+02
2.970000000000000000e+02
4.680000000000000000e+02
7.940000000000000000e+02
5.460000000000000000e+02
5.120000000000000000e+02
4.530000000000000000e+02
3.890000000000000000e+02
2.470000000000000000e+02
2.060000000000000000e+02
3.950000000000000000e+02
5.120000000000000000e+02
4.540000000000000000e+02
3.860000000000000000e+02
3.750000000000000000e+02
2.350000000000000000e+02
3.610000000000000000e+02
5.630000000000000000e+02
6.270000000000000000e+02
7.290000000000000000e+02
9.800000000000000000e+02
1.182000000000000000e+03
6.170000000000000000e+02
9.990000000000000000e+02
2.181000000000000000e+03
1.816000000000000000e+03
2.061000000000000000e+03
1.997000000000000000e+03
2.327000000000000000e+03
1.464000000000000000e+03
2.063000000000000000e+03
3.911000000000000000e+03
2.935000000000000000e+03
2.794000000000000000e+03
2.688000000000000000e+03
2.554000000000000000e+03
1.558000000000000000e+03
1.834000000000000000e+03
4.327000000000000000e+03
2.968000000000000000e+03
2.601000000000000000e+03
2.852000000000000000e+03
2.472000000000000000e+03
1.553000000000000000e+03
2.056000000000000000e+03
4.170000000000000000e+03
2.870000000000000000e+03
2.694000000000000000e+03
2.843000000000000000e+03
2.752000000000000000e+03
1.603000000000000000e+03
