0.000000000000000000e+00
0.000000000000000000e+00
0.000000000000000000e+00
0.000000000000000000e+00
0.000000000000000000e+00
0.000000000000000000e+00
0.000000000000000000e+00
0.000000000000000000e+00
0.000000000000000000e+00
0.000000000000000000e+00
1.000000000000000000e+00
1.000000000000000000e+00
1.000000000000000000e+00
1.000000000000000000e+00
1.000000000000000000e+00
1.000000000000000000e+00
1.000000000000000000e+00
1.000000000000000000e+00
2.000000000000000000e+00
2.000000000000000000e+00
2.000000000000000000e+00
2.000000000000000000e+00
2.000000000000000000e+00
2.000000000000000000e+00
2.000000000000000000e+00
2.000000000000000000e+00
2.000000000000000000e+00
2.000000000000000000e+00
2.000000000000000000e+00
2.000000000000000000e+00
2.000000000000000000e+00
2.000000000000000000e+00
2.000000000000000000e+00
2.000000000000000000e+00
6.000000000000000000e+00
1.300000000000000000e+01
1.500000000000000000e+01
3.200000000000000000e+01
4.500000000000000000e+01
8.400000000000000000e+01
1.200000000000000000e+02
1.650000000000000000e+02
2.220000000000000000e+02
2.590000000000000000e+02
4.000000000000000000e+02
5.000000000000000000e+02
6.730000000000000000e+02
1.073000000000000000e+03
1.695000000000000000e+03
2.277000000000000000e+03
2.277000000000000000e+03
5.232000000000000000e+03
6.391000000000000000e+03
7.798000000000000000e+03
9.942000000000000000e+03
1.174800000000000000e+04
1.391000000000000000e+04
1.796300000000000000e+04
2.041000000000000000e+04
2.537400000000000000e+04
2.876800000000000000e+04
3.513600000000000000e+04
3.988500000000000000e+04
4.951500000000000000e+04
5.778600000000000000e+04
6.571900000000000000e+04
7.323500000000000000e+04
8.011000000000000000e+04
8.795600000000000000e+04
9.592300000000000000e+04
1.041180000000000000e+05
1.120650000000000000e+05
1.191990000000000000e+05
1.261680000000000000e+05
1.316460000000000000e+05
1.366750000000000000e+05
1.419420000000000000e+05
1.482200000000000000e+05
1.532220000000000000e+05
1.582730000000000000e+05
1.630270000000000000e+05
1.668310000000000000e+05
1.700990000000000000e+05
1.725410000000000000e+05
1.776440000000000000e+05
1.849480000000000000e+05
1.908390000000000000e+05
1.917260000000000000e+05
1.986740000000000000e+05
2.002100000000000000e+05
2.041780000000000000e+05
2.083890000000000000e+05
2.130240000000000000e+05
2.029900000000000000e+05
2.059050000000000000e+05
2.076340000000000000e+05
2.094650000000000000e+05
2.107730000000000000e+05
2.129170000000000000e+05
2.134350000000000000e+05
2.152160000000000000e+05
2.165820000000000000e+05
2.174660000000000000e+05
2.180110000000000000e+05
2.193290000000000000e+05
2.203250000000000000e+05
2.214470000000000000e+05
2.228570000000000000e+05
2.235780000000000000e+05
2.243500000000000000e+05
2.274360000000000000e+05
2.280300000000000000e+05
2.286910000000000000e+05
2.295400000000000000e+05
2.301830000000000000e+05
2.306980000000000000e+05
2.306980000000000000e+05
2.316060000000000000e+05
2.320370000000000000e+05
2.325550000000000000e+05
2.330370000000000000e+05
2.348240000000000000e+05
2.352900000000000000e+05
2.357720000000000000e+05
2.354000000000000000e+05
2.362590000000000000e+05
2.362590000000000000e+05
2.379060000000000000e+05
2.385640000000000000e+05
2.392280000000000000e+05
2.394790000000000000e+05
2.396380000000000000e+05
2.399320000000000000e+05
2.403260000000000000e+05
2.406600000000000000e+05
2.409780000000000000e+05
2.413100000000000000e+05
2.415500000000000000e+05
2.417170000000000000e+05
2.419660000000000000e+05
2.422800000000000000e+05
2.427070000000000000e+05
2.432090000000000000e+05
2.436050000000000000e+05
2.439280000000000000e+05
2.441090000000000000e+05
2.443280000000000000e+05
2.446830000000000000e+05
2.452680000000000000e+05
2.455750000000000000e+05
2.459380000000000000e+05
2.462720000000000000e+05
2.465040000000000000e+05
2.467520000000000000e+05
2.470860000000000000e+05
2.474860000000000000e+05
2.479050000000000000e+05
2.484690000000000000e+05
2.487700000000000000e+05
2.489700000000000000e+05
2.492710000000000000e+05
2.496590000000000000e+05
2.501030000000000000e+05
2.505450000000000000e+05
2.505450000000000000e+05
2.505450000000000000e+05
2.517890000000000000e+05
2.521300000000000000e+05
2.525130000000000000e+05
2.530560000000000000e+05
2.539080000000000000e+05
2.539080000000000000e+05
2.539080000000000000e+05
2.559530000000000000e+05
2.566190000000000000e+05
2.574940000000000000e+05
2.588550000000000000e+05
2.602550000000000000e+05
2.602550000000000000e+05
2.602550000000000000e+05
2.648360000000000000e+05
2.661940000000000000e+05
2.675510000000000000e+05
2.701660000000000000e+05
2.724210000000000000e+05
2.724210000000000000e+05
2.724210000000000000e+05
2.787820000000000000e+05
2.806100000000000000e+05
2.826410000000000000e+05
2.854300000000000000e+05
2.885220000000000000e+05
2.885220000000000000e+05
2.885220000000000000e+05
2.970540000000000000e+05
3.028140000000000000e+05
3.057670000000000000e+05
3.098550000000000000e+05
3.143620000000000000e+05
3.143620000000000000e+05
3.143620000000000000e+05
3.229800000000000000e+05
3.266120000000000000e+05
3.297840000000000000e+05
3.373340000000000000e+05
3.428130000000000000e+05
3.428130000000000000e+05
3.428130000000000000e+05
3.590820000000000000e+05
3.641960000000000000e+05
3.708670000000000000e+05
3.779060000000000000e+05
3.860540000000000000e+05
3.860540000000000000e+05
3.860540000000000000e+05
4.054360000000000000e+05
4.125530000000000000e+05
4.198490000000000000e+05
4.295070000000000000e+05
4.392860000000000000e+05
4.392860000000000000e+05
4.392860000000000000e+05
4.628580000000000000e+05
4.709730000000000000e+05
4.795540000000000000e+05
4.885130000000000000e+05
4.989890000000000000e+05
4.989890000000000000e+05
4.989890000000000000e+05
5.255490000000000000e+05
5.345130000000000000e+05
5.433790000000000000e+05
5.541430000000000000e+05
5.663260000000000000e+05
5.663260000000000000e+05
5.663260000000000000e+05
5.937300000000000000e+05
6.031670000000000000e+05
6.143600000000000000e+05
6.256510000000000000e+05
6.400400000000000000e+05
6.400400000000000000e+05
6.400400000000000000e+05
6.714680000000000000e+05
6.822670000000000000e+05
6.935560000000000000e+05
7.042090000000000000e+05
7.164810000000000000e+05
7.164810000000000000e+05
7.164810000000000000e+05
7.482660000000000000e+05
7.482660000000000000e+05
7.691880000000000000e+05
7.786070000000000000e+05
7.899320000000000000e+05
7.899320000000000000e+05
7.899320000000000000e+05
8.134120000000000000e+05
8.254100000000000000e+05
8.359010000000000000e+05
8.483240000000000000e+05
8.611120000000000000e+05
8.611120000000000000e+05
8.611120000000000000e+05
8.889680000000000000e+05
8.960860000000000000e+05
9.080560000000000000e+05
9.213740000000000000e+05
9.365600000000000000e+05
9.365600000000000000e+05
9.365600000000000000e+05
9.744490000000000000e+05
9.883220000000000000e+05
1.005295000000000000e+06
1.026281000000000000e+06
1.046132000000000000e+06
1.046132000000000000e+06
1.046132000000000000e+06
1.098320000000000000e+06
1.116738000000000000e+06
1.136503000000000000e+06
1.160083000000000000e+06
1.185678000000000000e+06
1.185678000000000000e+06
1.185678000000000000e+06
1.240697000000000000e+06
1.259366000000000000e+06
1.284408000000000000e+06
1.306316000000000000e+06
1.328832000000000000e+06
1.328832000000000000e+06
1.328832000000000000e+06
1.381218000000000000e+06
1.381218000000000000e+06
1.417709000000000000e+06
1.437220000000000000e+06
1.458591000000000000e+06
1.458591000000000000e+06
1.458591000000000000e+06
1.496864000000000000e+06
1.510023000000000000e+06
1.525341000000000000e+06
1.541574000000000000e+06
1.556730000000000000e+06
1.556730000000000000e+06
1.556730000000000000e+06
1.582616000000000000e+06
1.594844000000000000e+06
1.605066000000000000e+06
1.617355000000000000e+06
1.628208000000000000e+06
1.628208000000000000e+06
1.628208000000000000e+06
1.648187000000000000e+06
1.656444000000000000e+06
1.665775000000000000e+06
1.675902000000000000e+06
1.684647000000000000e+06
1.684647000000000000e+06
1.684647000000000000e+06
1.702328000000000000e+06
1.702328000000000000e+06
1.712101000000000000e+06
1.720056000000000000e+06
1.730575000000000000e+06
1.730575000000000000e+06
1.730575000000000000e+06
1.751884000000000000e+06
1.762212000000000000e+06
1.773290000000000000e+06
1.785421000000000000e+06
1.797236000000000000e+06
1.797236000000000000e+06
1.797236000000000000e+06
1.819249000000000000e+06
1.829903000000000000e+06
1.842289000000000000e+06
1.854951000000000000e+06
1.854951000000000000e+06
1.854951000000000000e+06
1.854951000000000000e+06
1.879413000000000000e+06
1.893502000000000000e+06
1.910218000000000000e+06
1.928265000000000000e+06
1.928265000000000000e+06
1.928265000000000000e+06
1.928265000000000000e+06
1.958844000000000000e+06
1.982544000000000000e+06
1.982544000000000000e+06
2.024904000000000000e+06
2.050360000000000000e+06
2.050360000000000000e+06
2.050360000000000000e+06
2.111782000000000000e+06
2.137220000000000000e+06
2.176089000000000000e+06
2.211967000000000000e+06
2.252164000000000000e+06
2.252164000000000000e+06
2.252164000000000000e+06
2.336451000000000000e+06
2.370742000000000000e+06
2.412318000000000000e+06
2.456675000000000000e+06
2.499560000000000000e+06
2.499560000000000000e+06
2.499560000000000000e+06
2.593382000000000000e+06
2.629817000000000000e+06
2.670102000000000000e+06
2.705001000000000000e+06
2.743119000000000000e+06
2.743119000000000000e+06
2.743119000000000000e+06
2.822805000000000000e+06
2.851869000000000000e+06
2.883465000000000000e+06
2.913425000000000000e+06
2.941990000000000000e+06
2.941990000000000000e+06
2.941990000000000000e+06
2.989085000000000000e+06
3.005487000000000000e+06
3.023601000000000000e+06
3.041454000000000000e+06
3.056035000000000000e+06
3.056035000000000000e+06
3.056035000000000000e+06
3.086286000000000000e+06
3.096343000000000000e+06
3.107172000000000000e+06
3.121687000000000000e+06
3.133122000000000000e+06
3.133122000000000000e+06
3.133122000000000000e+06
3.153971000000000000e+06
3.161432000000000000e+06
3.170644000000000000e+06
3.180212000000000000e+06
3.188553000000000000e+06
3.188553000000000000e+06
3.188553000000000000e+06
3.204531000000000000e+06
3.130184000000000000e+06
3.136321000000000000e+06
3.142358000000000000e+06
3.149012000000000000e+06
3.149012000000000000e+06
3.149012000000000000e+06
3.160970000000000000e+06
3.164982000000000000e+06
3.172101000000000000e+06
3.178356000000000000e+06
3.183704000000000000e+06
3.183704000000000000e+06
3.183704000000000000e+06
3.195062000000000000e+06
3.200024000000000000e+06
3.206116000000000000e+06
3.212332000000000000e+06
3.212332000000000000e+06
3.212332000000000000e+06
3.212332000000000000e+06
3.228803000000000000e+06
3.234319000000000000e+06
3.234319000000000000e+06
3.247738000000000000e+06
3.255324000000000000e+06
3.255324000000000000e+06
3.255324000000000000e+06
3.270825000000000000e+06
3.275819000000000000e+06
3.284353000000000000e+06
3.291394000000000000e+06
3.291394000000000000e+06
3.300965000000000000e+06
3.300965000000000000e+06
3.311325000000000000e+06
3.317948000000000000e+06
3.326736000000000000e+06
3.336637000000000000e+06
3.347512000000000000e+06
3.347512000000000000e+06
3.347512000000000000e+06
3.370256000000000000e+06
3.376548000000000000e+06
3.387022000000000000e+06
3.396685000000000000e+06
3.407283000000000000e+06
3.407283000000000000e+06
3.407283000000000000e+06
3.428354000000000000e+06
3.428354000000000000e+06
3.446072000000000000e+06
3.456886000000000000e+06
3.468617000000000000e+06
3.468617000000000000e+06
3.468617000000000000e+06
3.488469000000000000e+06
3.496134000000000000e+06
3.504799000000000000e+06
3.514942000000000000e+06
3.524077000000000000e+06
3.524077000000000000e+06
3.524077000000000000e+06
3.540430000000000000e+06
3.544945000000000000e+06
3.551262000000000000e+06
3.559222000000000000e+06
3.567408000000000000e+06
3.567408000000000000e+06
3.567408000000000000e+06
3.581392000000000000e+06
3.586333000000000000e+06
3.592751000000000000e+06
3.598452000000000000e+06
3.604799000000000000e+06
3.604799000000000000e+06
3.604799000000000000e+06
3.615860000000000000e+06
3.619848000000000000e+06
3.625928000000000000e+06
3.631661000000000000e+06
3.636453000000000000e+06
3.636453000000000000e+06
3.636453000000000000e+06
3.647520000000000000e+06
3.652879000000000000e+06
3.657886000000000000e+06
3.663176000000000000e+06
3.668658000000000000e+06
3.668658000000000000e+06
3.668658000000000000e+06
3.678390000000000000e+06
3.682778000000000000e+06
3.687762000000000000e+06
3.693012000000000000e+06
3.697981000000000000e+06
3.697981000000000000e+06
3.697981000000000000e+06
3.707523000000000000e+06
3.711027000000000000e+06
3.715454000000000000e+06
3.729458000000000000e+06
3.733600000000000000e+06
3.733600000000000000e+06
3.733600000000000000e+06
3.741767000000000000e+06
3.745199000000000000e+06
3.749031000000000000e+06
3.753228000000000000e+06
3.757442000000000000e+06
3.757442000000000000e+06
3.757442000000000000e+06
3.764651000000000000e+06
3.768691000000000000e+06
3.773032000000000000e+06
3.777539000000000000e+06
3.782463000000000000e+06
3.782463000000000000e+06
3.782463000000000000e+06
3.792642000000000000e+06
3.799733000000000000e+06
3.808960000000000000e+06
3.821305000000000000e+06
3.833868000000000000e+06
3.833868000000000000e+06
3.833868000000000000e+06
3.866475000000000000e+06
3.880612000000000000e+06
3.897996000000000000e+06
3.915313000000000000e+06
3.937192000000000000e+06
3.937192000000000000e+06
3.937192000000000000e+06
3.971124000000000000e+06
4.015084000000000000e+06
4.041474000000000000e+06
4.069162000000000000e+06
4.100222000000000000e+06
4.100222000000000000e+06
4.100222000000000000e+06
4.161850000000000000e+06
4.189136000000000000e+06
4.219723000000000000e+06
4.249258000000000000e+06
4.280429000000000000e+06
4.280429000000000000e+06
4.280429000000000000e+06
4.342054000000000000e+06
4.368453000000000000e+06
4.395602000000000000e+06
4.422291000000000000e+06
4.447044000000000000e+06
4.447044000000000000e+06
4.447044000000000000e+06
