0.000000000000000000e+00
0.000000000000000000e+00
0.000000000000000000e+00
0.000000000000000000e+00
0.000000000000000000e+00
0.000000000000000000e+00
0.000000000000000000e+00
0.000000000000000000e+00
0.000000000000000000e+00
0.000000000000000000e+00
1.000000000000000000e+00
0.000000000000000000e+00
0.000000000000000000e+00
0.000000000000000000e+00
0.000000000000000000e+00
0.000000000000000000e+00
0.000000000000000000e+00
0.000000000000000000e+00
1.000000000000000000e+00
0.000000000000000000e+00
0.000000000000000000e+00
0.000000000000000000e+00
0.000000000000000000e+00
0.000000000000000000e+00
0.000000000000000000e+00
0.000000000000000000e+00
0.000000000000000000e+00
0.000000000000000000e+00
0.000000000000000000e+00
0.000000000000000000e+00
0.000000000000000000e+00
0.000000000000000000e+00
0.000000000000000000e+00
0.000000000000000000e+00
4.000000000000000000e+00
7.000000000000000000e+00
2.000000000000000000e+00
1.700000000000000000e+01
1.300000000000000000e+01
3.900000000000000000e+01
3.600000000000000000e+01
4.500000000000000000e+01
5.700000000000000000e+01
3.700000000000000000e+01
1.410000000000000000e+02
1.000000000000000000e+02
1.730000000000000000e+02
4.000000000000000000e+02
6.220000000000000000e+02
5.820000000000000000e+02
0.000000000000000000e+00
2.955000000000000000e+03
1.159000000000000000e+03
1.407000000000000000e+03
2.144000000000000000e+03
1.806000000000000000e+03
2.162000000000000000e+03
4.053000000000000000e+03
2.447000000000000000e+03
4.964000000000000000e+03
3.394000000000000000e+03
6.368000000000000000e+03
4.749000000000000000e+03
9.630000000000000000e+03
8.271000000000000000e+03
7.933000000000000000e+03
7.516000000000000000e+03
6.875000000000000000e+03
7.846000000000000000e+03
7.967000000000000000e+03
8.195000000000000000e+03
7.947000000000000000e+03
7.134000000000000000e+03
6.969000000000000000e+03
5.478000000000000000e+03
5.029000000000000000e+03
5.267000000000000000e+03
6.278000000000000000e+03
5.002000000000000000e+03
5.051000000000000000e+03
4.754000000000000000e+03
3.804000000000000000e+03
3.268000000000000000e+03
2.442000000000000000e+03
5.103000000000000000e+03
7.304000000000000000e+03
5.891000000000000000e+03
8.870000000000000000e+02
6.948000000000000000e+03
1.536000000000000000e+03
3.968000000000000000e+03
4.211000000000000000e+03
4.635000000000000000e+03
-1.003400000000000000e+04
2.915000000000000000e+03
1.729000000000000000e+03
1.831000000000000000e+03
1.308000000000000000e+03
2.144000000000000000e+03
5.180000000000000000e+02
1.781000000000000000e+03
1.366000000000000000e+03
8.840000000000000000e+02
5.450000000000000000e+02
1.318000000000000000e+03
9.960000000000000000e+02
1.122000000000000000e+03
1.410000000000000000e+03
7.210000000000000000e+02
7.720000000000000000e+02
3.086000000000000000e+03
5.940000000000000000e+02
6.610000000000000000e+02
8.490000000000000000e+02
6.430000000000000000e+02
5.150000000000000000e+02
0.000000000000000000e+00
9.080000000000000000e+02
4.310000000000000000e+02
5.180000000000000000e+02
4.820000000000000000e+02
1.787000000000000000e+03
4.660000000000000000e+02
4.820000000000000000e+02
-3.720000000000000000e+02
8.590000000000000000e+02
0.000000000000000000e+00
1.647000000000000000e+03
6.580000000000000000e+02
6.640000000000000000e+02
2.510000000000000000e+02
1.590000000000000000e+02
2.940000000000000000e+02
3.940000000000000000e+02
3.340000000000000000e+02
3.180000000000000000e+02
3.320000000000000000e+02
2.400000000000000000e+02
1.670000000000000000e+02
2.490000000000000000e+02
3.140000000000000000e+02
4.270000000000000000e+02
5.020000000000000000e+02
3.960000000000000000e+02
3.230000000000000000e+02
1.810000000000000000e+02
2.190000000000000000e+02
3.550000000000000000e+02
5.850000000000000000e+02
3.070000000000000000e+02
3.630000000000000000e+02
3.340000000000000000e+02
2.320000000000000000e+02
2.480000000000000000e+02
3.340000000000000000e+02
4.000000000000000000e+02
4.190000000000000000e+02
5.640000000000000000e+02
3.010000000000000000e+02
2.000000000000000000e+02
3.010000000000000000e+02
3.880000000000000000e+02
4.440000000000000000e+02
4.420000000000000000e+02
0.000000000000000000e+00
0.000000000000000000e+00
1.244000000000000000e+03
3.410000000000000000e+02
3.830000000000000000e+02
5.430000000000000000e+02
8.520000000000000000e+02
0.000000000000000000e+00
0.000000000000000000e+00
2.045000000000000000e+03
6.660000000000000000e+02
8.750000000000000000e+02
1.361000000000000000e+03
1.400000000000000000e+03
0.000000000000000000e+00
0.000000000000000000e+00
4.581000000000000000e+03
1.358000000000000000e+03
1.357000000000000000e+03
2.615000000000000000e+03
2.255000000000000000e+03
0.000000000000000000e+00
0.000000000000000000e+00
6.361000000000000000e+03
1.828000000000000000e+03
2.031000000000000000e+03
2.789000000000000000e+03
3.092000000000000000e+03
0.000000000000000000e+00
0.000000000000000000e+00
8.532000000000000000e+03
5.760000000000000000e+03
2.953000000000000000e+03
4.088000000000000000e+03
4.507000000000000000e+03
0.000000000000000000e+00
0.000000000000000000e+00
8.618000000000000000e+03
3.632000000000000000e+03
3.172000000000000000e+03
7.550000000000000000e+03
5.479000000000000000e+03
0.000000000000000000e+00
0.000000000000000000e+00
1.626900000000000000e+04
5.114000000000000000e+03
6.671000000000000000e+03
7.039000000000000000e+03
8.148000000000000000e+03
0.000000000000000000e+00
0.000000000000000000e+00
1.938200000000000000e+04
7.117000000000000000e+03
7.296000000000000000e+03
9.658000000000000000e+03
9.779000000000000000e+03
0.000000000000000000e+00
0.000000000000000000e+00
2.357200000000000000e+04
8.115000000000000000e+03
8.581000000000000000e+03
8.959000000000000000e+03
1.047600000000000000e+04
0.000000000000000000e+00
0.000000000000000000e+00
2.656000000000000000e+04
8.964000000000000000e+03
8.866000000000000000e+03
1.076400000000000000e+04
1.218300000000000000e+04
0.000000000000000000e+00
0.000000000000000000e+00
2.740400000000000000e+04
9.437000000000000000e+03
1.119300000000000000e+04
1.129100000000000000e+04
1.438900000000000000e+04
0.000000000000000000e+00
0.000000000000000000e+00
3.142800000000000000e+04
1.079900000000000000e+04
1.128900000000000000e+04
1.065300000000000000e+04
1.227200000000000000e+04
0.000000000000000000e+00
0.000000000000000000e+00
3.178500000000000000e+04
0.000000000000000000e+00
2.092200000000000000e+04
9.419000000000000000e+03
1.132500000000000000e+04
0.000000000000000000e+00
0.000000000000000000e+00
2.348000000000000000e+04
1.199800000000000000e+04
1.049100000000000000e+04
1.242300000000000000e+04
1.278800000000000000e+04
0.000000000000000000e+00
0.000000000000000000e+00
2.785600000000000000e+04
7.118000000000000000e+03
1.197000000000000000e+04
1.331800000000000000e+04
1.518600000000000000e+04
0.000000000000000000e+00
0.000000000000000000e+00
3.788900000000000000e+04
1.387300000000000000e+04
1.697300000000000000e+04
2.098600000000000000e+04
1.985100000000000000e+04
0.000000000000000000e+00
0.000000000000000000e+00
5.218800000000000000e+04
1.841800000000000000e+04
1.976500000000000000e+04
2.358000000000000000e+04
2.559500000000000000e+04
0.000000000000000000e+00
0.000000000000000000e+00
5.501900000000000000e+04
1.866900000000000000e+04
2.504200000000000000e+04
2.190800000000000000e+04
2.251600000000000000e+04
0.000000000000000000e+00
0.000000000000000000e+00
5.238600000000000000e+04
0.000000000000000000e+00
3.649100000000000000e+04
1.951100000000000000e+04
2.137100000000000000e+04
0.000000000000000000e+00
0.000000000000000000e+00
3.827300000000000000e+04
1.315900000000000000e+04
1.531800000000000000e+04
1.623300000000000000e+04
1.515600000000000000e+04
0.000000000000000000e+00
0.000000000000000000e+00
2.588600000000000000e+04
1.222800000000000000e+04
1.022200000000000000e+04
1.228900000000000000e+04
1.085300000000000000e+04
0.000000000000000000e+00
0.000000000000000000e+00
1.997900000000000000e+04
8.257000000000000000e+03
9.331000000000000000e+03
1.012700000000000000e+04
8.745000000000000000e+03
0.000000000000000000e+00
0.000000000000000000e+00
1.768100000000000000e+04
0.000000000000000000e+00
9.773000000000000000e+03
7.955000000000000000e+03
1.051900000000000000e+04
0.000000000000000000e+00
0.000000000000000000e+00
2.130900000000000000e+04
1.032800000000000000e+04
1.107800000000000000e+04
1.213100000000000000e+04
1.181500000000000000e+04
0.000000000000000000e+00
0.000000000000000000e+00
2.201300000000000000e+04
1.065400000000000000e+04
1.238600000000000000e+04
1.266200000000000000e+04
0.000000000000000000e+00
0.000000000000000000e+00
0.000000000000000000e+00
2.446200000000000000e+04
1.408900000000000000e+04
1.671600000000000000e+04
1.804700000000000000e+04
0.000000000000000000e+00
0.000000000000000000e+00
0.000000000000000000e+00
3.057900000000000000e+04
2.370000000000000000e+04
0.000000000000000000e+00
4.236000000000000000e+04
2.545600000000000000e+04
0.000000000000000000e+00
0.000000000000000000e+00
6.142200000000000000e+04
2.543800000000000000e+04
3.886900000000000000e+04
3.587800000000000000e+04
4.019700000000000000e+04
0.000000000000000000e+00
0.000000000000000000e+00
8.428700000000000000e+04
3.429100000000000000e+04
4.157600000000000000e+04
4.435700000000000000e+04
4.288500000000000000e+04
0.000000000000000000e+00
0.000000000000000000e+00
9.382200000000000000e+04
3.643500000000000000e+04
4.028500000000000000e+04
3.489900000000000000e+04
3.811800000000000000e+04
0.000000000000000000e+00
0.000000000000000000e+00
7.968600000000000000e+04
2.906400000000000000e+04
3.159600000000000000e+04
2.996000000000000000e+04
2.856500000000000000e+04
0.000000000000000000e+00
0.000000000000000000e+00
4.709500000000000000e+04
1.640200000000000000e+04
1.811400000000000000e+04
1.785300000000000000e+04
1.458100000000000000e+04
0.000000000000000000e+00
0.000000000000000000e+00
3.025100000000000000e+04
1.005700000000000000e+04
1.082900000000000000e+04
1.451500000000000000e+04
1.143500000000000000e+04
0.000000000000000000e+00
0.000000000000000000e+00
2.084900000000000000e+04
7.461000000000000000e+03
9.212000000000000000e+03
9.568000000000000000e+03
8.341000000000000000e+03
0.000000000000000000e+00
0.000000000000000000e+00
1.597800000000000000e+04
-7.434700000000000000e+04
6.137000000000000000e+03
6.037000000000000000e+03
6.654000000000000000e+03
0.000000000000000000e+00
0.000000000000000000e+00
1.195800000000000000e+04
4.012000000000000000e+03
7.119000000000000000e+03
6.255000000000000000e+03
5.348000000000000000e+03
0.000000000000000000e+00
0.000000000000000000e+00
1.135800000000000000e+04
4.962000000000000000e+03
6.092000000000000000e+03
6.216000000000000000e+03
0.000000000000000000e+00
0.000000000000000000e+00
0.000000000000000000e+00
1.647100000000000000e+04
5.516000000000000000e+03
0.000000000000000000e+00
1.341900000000000000e+04
7.586000000000000000e+03
0.000000000000000000e+00
0.000000000000000000e+00
1.550100000000000000e+04
4.994000000000000000e+03
8.534000000000000000e+03
7.041000000000000000e+03
0.000000000000000000e+00
9.571000000000000000e+03
0.000000000000000000e+00
1.036000000000000000e+04
6.623000000000000000e+03
8.788000000000000000e+03
9.901000000000000000e+03
1.087500000000000000e+04
0.000000000000000000e+00
0.000000000000000000e+00
2.274400000000000000e+04
6.292000000000000000e+03
1.047400000000000000e+04
9.663000000000000000e+03
1.059800000000000000e+04
0.000000000000000000e+00
0.000000000000000000e+00
2.107100000000000000e+04
0.000000000000000000e+00
1.771800000000000000e+04
1.081400000000000000e+04
1.173100000000000000e+04
0.000000000000000000e+00
0.000000000000000000e+00
1.985200000000000000e+04
7.665000000000000000e+03
8.665000000000000000e+03
1.014300000000000000e+04
9.135000000000000000e+03
0.000000000000000000e+00
0.000000000000000000e+00
1.635300000000000000e+04
4.515000000000000000e+03
6.317000000000000000e+03
7.960000000000000000e+03
8.186000000000000000e+03
0.000000000000000000e+00
0.000000000000000000e+00
1.398400000000000000e+04
4.941000000000000000e+03
6.418000000000000000e+03
5.701000000000000000e+03
6.347000000000000000e+03
0.000000000000000000e+00
0.000000000000000000e+00
1.106100000000000000e+04
3.988000000000000000e+03
6.080000000000000000e+03
5.733000000000000000e+03
4.792000000000000000e+03
0.000000000000000000e+00
0.000000000000000000e+00
1.106700000000000000e+04
5.359000000000000000e+03
5.007000000000000000e+03
5.290000000000000000e+03
5.482000000000000000e+03
0.000000000000000000e+00
0.000000000000000000e+00
9.732000000000000000e+03
4.388000000000000000e+03
4.984000000000000000e+03
5.250000000000000000e+03
4.969000000000000000e+03
0.000000000000000000e+00
0.000000000000000000e+00
9.542000000000000000e+03
3.504000000000000000e+03
4.427000000000000000e+03
1.400400000000000000e+04
4.142000000000000000e+03
0.000000000000000000e+00
0.000000000000000000e+00
8.167000000000000000e+03
3.432000000000000000e+03
3.832000000000000000e+03
4.197000000000000000e+03
4.214000000000000000e+03
0.000000000000000000e+00
0.000000000000000000e+00
7.209000000000000000e+03
4.040000000000000000e+03
4.341000000000000000e+03
4.507000000000000000e+03
4.924000000000000000e+03
0.000000000000000000e+00
0.000000000000000000e+00
1.017900000000000000e+04
7.091000000000000000e+03
9.227000000000000000e+03
1.234500000000000000e+04
1.256300000000000000e+04
0.000000000000000000e+00
0.000000000000000000e+00
3.260700000000000000e+04
1.413700000000000000e+04
1.738400000000000000e+04
1.731700000000000000e+04
2.187900000000000000e+04
0.000000000000000000e+00
0.000000000000000000e+00
3.393200000000000000e+04
4.396000000000000000e+04
2.639000000000000000e+04
2.768800000000000000e+04
3.106000000000000000e+04
0.000000000000000000e+00
0.000000000000000000e+00
6.162800000000000000e+04
2.728600000000000000e+04
3.058700000000000000e+04
2.953500000000000000e+04
3.117100000000000000e+04
0.000000000000000000e+00
0.000000000000000000e+00
6.162500000000000000e+04
2.639900000000000000e+04
2.714900000000000000e+04
2.668900000000000000e+04
2.475300000000000000e+04
0.000000000000000000e+00
0.000000000000000000e+00
