0.000000000000000000e+00
0.000000000000000000e+00
0.000000000000000000e+00
0.000000000000000000e+00
0.000000000000000000e+00
0.000000000000000000e+00
0.000000000000000000e+00
0.000000000000000000e+00
0.000000000000000000e+00
0.000000000000000000e+00
0.000000000000000000e+00
0.000000000000000000e+00
0.000000000000000000e+00
0.000000000000000000e+00
0.000000000000000000e+00
0.000000000000000000e+00
0.000000000000000000e+00
0.000000000000000000e+00
0.000000000000000000e+00
0.000000000000000000e+00
0.000000000000000000e+00
0.000000000000000000e+00
0.000000000000000000e+00
0.000000000000000000e+00
0.000000000000000000e+00
0.000000000000000000e+00
0.000000000000000000e+00
0.000000000000000000e+00
0.000000000000000000e+00
0.000000000000000000e+00
0.000000000000000000e+00
0.000000000000000000e+00
0.000000000000000000e+00
0.000000000000000000e+00
0.000000000000000000e+00
0.000000000000000000e+00
0.000000000000000000e+00
0.000000000000000000e+00
0.000000000000000000e+00
0.000000000000000000e+00
0.000000000000000000e+00
0.000000000000000000e+00
0.000000000000000000e+00
0.000000000000000000e+00
0.000000000000000000e+00
0.000000000000000000e+00
0.000000000000000000e+00
0.000000000000000000e+00
0.000000000000000000e+00
0.000000000000000000e+00
0.000000000000000000e+00
0.000000000000000000e+00
0.000000000000000000e+00
0.000000000000000000e+00
0.000000000000000000e+00
0.000000000000000000e+00
0.000000000000000000e+00
0.000000000000000000e+00
1.000000000000000000e+00
3.000000000000000000e+00
3.000000000000000000e+00
3.000000000000000000e+00
3.000000000000000000e+00
4.000000000000000000e+00
4.000000000000000000e+00
5.000000000000000000e+00
5.000000000000000000e+00
6.000000000000000000e+00
6.000000000000000000e+00
6.000000000000000000e+00
6.000000000000000000e+00
6.000000000000000000e+00
6.000000000000000000e+00
7.000000000000000000e+00
7.000000000000000000e+00
7.000000000000000000e+00
7.000000000000000000e+00
7.000000000000000000e+00
7.000000000000000000e+00
7.000000000000000000e+00
8.000000000000000000e+00
8.000000000000000000e+00
1.000000000000000000e+01
1.100000000000000000e+01
5.600000000000000000e+01
5.600000000000000000e+01
5.600000000000000000e+01
5.800000000000000000e+01
6.100000000000000000e+01
6.700000000000000000e+01
6.800000000000000000e+01
7.300000000000000000e+01
8.200000000000000000e+01
8.800000000000000000e+01
9.000000000000000000e+01
1.060000000000000000e+02
1.090000000000000000e+02
1.140000000000000000e+02
1.140000000000000000e+02
1.210000000000000000e+02
1.220000000000000000e+02
1.520000000000000000e+02
1.650000000000000000e+02
1.750000000000000000e+02
1.860000000000000000e+02
1.910000000000000000e+02
2.180000000000000000e+02
2.300000000000000000e+02
2.360000000000000000e+02
2.460000000000000000e+02
2.600000000000000000e+02
2.670000000000000000e+02
2.890000000000000000e+02
3.150000000000000000e+02
3.260000000000000000e+02
3.280000000000000000e+02
3.280000000000000000e+02
3.280000000000000000e+02
3.350000000000000000e+02
3.490000000000000000e+02
3.560000000000000000e+02
3.620000000000000000e+02
3.710000000000000000e+02
3.800000000000000000e+02
3.900000000000000000e+02
3.900000000000000000e+02
3.900000000000000000e+02
3.900000000000000000e+02
4.050000000000000000e+02
4.210000000000000000e+02
4.350000000000000000e+02
4.580000000000000000e+02
4.660000000000000000e+02
4.770000000000000000e+02
5.020000000000000000e+02
5.360000000000000000e+02
5.420000000000000000e+02
5.540000000000000000e+02
5.670000000000000000e+02
5.850000000000000000e+02
6.150000000000000000e+02
6.570000000000000000e+02
6.970000000000000000e+02
7.260000000000000000e+02
7.500000000000000000e+02
7.600000000000000000e+02
7.810000000000000000e+02
7.920000000000000000e+02
8.230000000000000000e+02
8.480000000000000000e+02
8.630000000000000000e+02
8.900000000000000000e+02
9.440000000000000000e+02
9.820000000000000000e+02
9.990000000000000000e+02
1.003000000000000000e+03
1.027000000000000000e+03
1.091000000000000000e+03
1.155000000000000000e+03
1.165000000000000000e+03
1.227000000000000000e+03
1.267000000000000000e+03
1.301000000000000000e+03
1.382000000000000000e+03
1.421000000000000000e+03
1.451000000000000000e+03
1.463000000000000000e+03
1.499000000000000000e+03
1.542000000000000000e+03
1.552000000000000000e+03
1.591000000000000000e+03
1.623000000000000000e+03
1.623000000000000000e+03
1.698000000000000000e+03
1.722000000000000000e+03
1.780000000000000000e+03
1.894000000000000000e+03
1.939000000000000000e+03
2.014000000000000000e+03
2.045000000000000000e+03
2.071000000000000000e+03
2.107000000000000000e+03
2.154000000000000000e+03
2.190000000000000000e+03
2.220000000000000000e+03
2.258000000000000000e+03
2.307000000000000000e+03
2.328000000000000000e+03
2.354000000000000000e+03
2.373000000000000000e+03
2.418000000000000000e+03
2.451000000000000000e+03
2.480000000000000000e+03
2.547000000000000000e+03
2.583000000000000000e+03
2.631000000000000000e+03
2.689000000000000000e+03
2.734000000000000000e+03
2.780000000000000000e+03
2.835000000000000000e+03
2.858000000000000000e+03
2.883000000000000000e+03
2.920000000000000000e+03
3.000000000000000000e+03
3.073000000000000000e+03
3.136000000000000000e+03
3.163000000000000000e+03
3.179000000000000000e+03
3.203000000000000000e+03
3.253000000000000000e+03
3.321000000000000000e+03
3.368000000000000000e+03
3.412000000000000000e+03
3.455000000000000000e+03
3.509000000000000000e+03
3.532000000000000000e+03
3.568000000000000000e+03
3.630000000000000000e+03
3.699000000000000000e+03
3.745000000000000000e+03
3.778000000000000000e+03
3.852000000000000000e+03
3.884000000000000000e+03
3.970000000000000000e+03
4.048000000000000000e+03
4.125000000000000000e+03
4.200000000000000000e+03
4.275000000000000000e+03
4.330000000000000000e+03
4.358000000000000000e+03
4.400000000000000000e+03
4.473000000000000000e+03
4.557000000000000000e+03
4.651000000000000000e+03
4.711000000000000000e+03
4.813000000000000000e+03
4.839000000000000000e+03
4.904000000000000000e+03
4.978000000000000000e+03
5.063000000000000000e+03
5.141000000000000000e+03
5.186000000000000000e+03
5.257000000000000000e+03
5.281000000000000000e+03
5.337000000000000000e+03
5.412000000000000000e+03
5.479000000000000000e+03
5.628000000000000000e+03
5.701000000000000000e+03
5.771000000000000000e+03
5.817000000000000000e+03
5.900000000000000000e+03
6.024000000000000000e+03
6.126000000000000000e+03
6.205000000000000000e+03
6.296000000000000000e+03
6.360000000000000000e+03
6.433000000000000000e+03
6.518000000000000000e+03
6.624000000000000000e+03
6.717000000000000000e+03
6.809000000000000000e+03
6.913000000000000000e+03
7.072000000000000000e+03
7.155000000000000000e+03
7.254000000000000000e+03
7.371000000000000000e+03
7.444000000000000000e+03
7.526000000000000000e+03
7.638000000000000000e+03
7.752000000000000000e+03
7.800000000000000000e+03
7.901000000000000000e+03
8.033000000000000000e+03
8.122000000000000000e+03
8.198000000000000000e+03
8.322000000000000000e+03
8.396000000000000000e+03
8.423000000000000000e+03
8.472000000000000000e+03
8.548000000000000000e+03
8.603000000000000000e+03
8.694000000000000000e+03
8.793000000000000000e+03
8.848000000000000000e+03
8.882000000000000000e+03
8.944000000000000000e+03
9.053000000000000000e+03
9.149000000000000000e+03
9.224000000000000000e+03
9.291000000000000000e+03
9.369000000000000000e+03
9.419000000000000000e+03
9.499000000000000000e+03
9.560000000000000000e+03
9.694000000000000000e+03
9.741000000000000000e+03
9.780000000000000000e+03
9.822000000000000000e+03
9.840000000000000000e+03
9.960000000000000000e+03
1.000000000000000000e+04
1.008200000000000000e+04
1.015200000000000000e+04
1.023400000000000000e+04
1.027600000000000000e+04
1.030200000000000000e+04
1.040000000000000000e+04
1.052600000000000000e+04
1.057000000000000000e+04
1.062600000000000000e+04
1.070000000000000000e+04
1.074700000000000000e+04
1.076100000000000000e+04
1.081600000000000000e+04
1.086700000000000000e+04
1.093800000000000000e+04
1.099600000000000000e+04
1.103600000000000000e+04
1.106300000000000000e+04
1.109800000000000000e+04
1.111800000000000000e+04
1.119200000000000000e+04
1.120300000000000000e+04
1.126200000000000000e+04
1.130200000000000000e+04
1.135700000000000000e+04
1.136100000000000000e+04
1.139500000000000000e+04
1.145800000000000000e+04
1.150200000000000000e+04
1.152600000000000000e+04
1.156700000000000000e+04
1.157900000000000000e+04
1.160000000000000000e+04
1.163600000000000000e+04
1.166800000000000000e+04
1.168800000000000000e+04
1.169600000000000000e+04
1.169800000000000000e+04
1.171400000000000000e+04
1.172300000000000000e+04
1.175200000000000000e+04
1.179300000000000000e+04
1.184000000000000000e+04
1.187200000000000000e+04
1.188300000000000000e+04
1.192000000000000000e+04
1.194900000000000000e+04
1.198300000000000000e+04
1.205200000000000000e+04
1.214600000000000000e+04
1.223700000000000000e+04
1.231600000000000000e+04
1.239200000000000000e+04
1.243300000000000000e+04
1.250600000000000000e+04
1.259200000000000000e+04
1.266400000000000000e+04
1.277600000000000000e+04
1.290100000000000000e+04
1.299300000000000000e+04
1.304600000000000000e+04
1.313900000000000000e+04
1.322400000000000000e+04
1.330700000000000000e+04
1.338100000000000000e+04
1.341400000000000000e+04
1.348900000000000000e+04
1.355700000000000000e+04
1.361900000000000000e+04
1.372200000000000000e+04
1.378400000000000000e+04
1.389700000000000000e+04
1.398100000000000000e+04
1.407000000000000000e+04
1.409800000000000000e+04
1.415200000000000000e+04
1.421400000000000000e+04
1.429000000000000000e+04
1.430600000000000000e+04
1.438000000000000000e+04
1.442300000000000000e+04
1.445100000000000000e+04
1.447900000000000000e+04
1.454300000000000000e+04
1.460100000000000000e+04
1.464700000000000000e+04
1.470000000000000000e+04
1.474100000000000000e+04
1.476100000000000000e+04
1.478500000000000000e+04
1.484800000000000000e+04
1.488500000000000000e+04
1.494800000000000000e+04
1.499900000000000000e+04
1.504800000000000000e+04
1.507200000000000000e+04
1.508900000000000000e+04
1.516100000000000000e+04
1.520100000000000000e+04
1.525300000000000000e+04
1.532400000000000000e+04
1.540000000000000000e+04
1.543200000000000000e+04
1.548300000000000000e+04
1.555800000000000000e+04
1.562100000000000000e+04
1.568300000000000000e+04
1.572400000000000000e+04
1.578200000000000000e+04
1.580600000000000000e+04
1.582600000000000000e+04
1.589200000000000000e+04
1.593200000000000000e+04
1.598600000000000000e+04
1.603500000000000000e+04
1.610100000000000000e+04
1.612000000000000000e+04
1.615400000000000000e+04
1.625000000000000000e+04
1.629800000000000000e+04
1.637400000000000000e+04
1.644000000000000000e+04
1.649100000000000000e+04
1.651700000000000000e+04
1.655500000000000000e+04
1.666100000000000000e+04
1.678700000000000000e+04
1.691100000000000000e+04
1.701800000000000000e+04
1.712500000000000000e+04
1.719000000000000000e+04
1.727900000000000000e+04
1.747000000000000000e+04
1.758700000000000000e+04
1.771700000000000000e+04
1.782100000000000000e+04
1.787100000000000000e+04
1.793900000000000000e+04
1.802300000000000000e+04
1.821400000000000000e+04
1.842200000000000000e+04
1.862900000000000000e+04
1.862900000000000000e+04
1.900500000000000000e+04
1.911000000000000000e+04
1.923100000000000000e+04
1.952500000000000000e+04
1.978000000000000000e+04
1.997500000000000000e+04
1.997500000000000000e+04
2.046600000000000000e+04
2.062700000000000000e+04
2.078100000000000000e+04
2.117900000000000000e+04
2.150000000000000000e+04
2.178400000000000000e+04
2.209400000000000000e+04
2.234900000000000000e+04
2.258600000000000000e+04
2.277200000000000000e+04
2.318100000000000000e+04
2.355400000000000000e+04
2.388200000000000000e+04
2.412700000000000000e+04
2.436800000000000000e+04
2.454800000000000000e+04
2.474200000000000000e+04
2.515900000000000000e+04
2.552600000000000000e+04
2.583700000000000000e+04
2.611100000000000000e+04
2.644100000000000000e+04
2.657800000000000000e+04
2.670900000000000000e+04
2.702900000000000000e+04
2.738600000000000000e+04
2.767200000000000000e+04
2.795100000000000000e+04
2.816800000000000000e+04
2.828100000000000000e+04
2.841000000000000000e+04
2.869900000000000000e+04
2.889800000000000000e+04
2.903300000000000000e+04
2.919800000000000000e+04
2.933400000000000000e+04
2.941100000000000000e+04
2.954900000000000000e+04
2.976300000000000000e+04
2.993900000000000000e+04
3.012200000000000000e+04
3.027300000000000000e+04
3.035900000000000000e+04
3.043900000000000000e+04
3.052300000000000000e+04
3.069400000000000000e+04
3.077400000000000000e+04
3.090700000000000000e+04
3.100300000000000000e+04
3.109700000000000000e+04
3.114700000000000000e+04
3.122500000000000000e+04
3.133900000000000000e+04
3.143300000000000000e+04
3.151200000000000000e+04
3.157100000000000000e+04
3.157100000000000000e+04
3.164700000000000000e+04
3.170400000000000000e+04
3.178300000000000000e+04
3.185800000000000000e+04
3.191000000000000000e+04
3.196400000000000000e+04
3.200200000000000000e+04
3.203900000000000000e+04
3.211100000000000000e+04
3.219200000000000000e+04
3.225700000000000000e+04
3.231300000000000000e+04
3.234400000000000000e+04
3.237200000000000000e+04
3.239900000000000000e+04
3.245700000000000000e+04
3.245700000000000000e+04
3.259400000000000000e+04
3.266600000000000000e+04
3.270500000000000000e+04
3.273500000000000000e+04
3.274500000000000000e+04
3.278800000000000000e+04
3.282700000000000000e+04
3.288300000000000000e+04
3.292800000000000000e+04
3.296900000000000000e+04
3.300600000000000000e+04
3.302600000000000000e+04
3.305300000000000000e+04
3.312700000000000000e+04
3.318000000000000000e+04
3.323400000000000000e+04
3.327000000000000000e+04
3.330200000000000000e+04
3.331700000000000000e+04
3.335600000000000000e+04
3.339500000000000000e+04
3.345200000000000000e+04
3.345200000000000000e+04
3.354100000000000000e+04
3.357700000000000000e+04
3.359200000000000000e+04
3.362600000000000000e+04
3.368200000000000000e+04
3.372100000000000000e+04
3.376300000000000000e+04
3.379100000000000000e+04
3.382200000000000000e+04
