0.000000000000000000e+00
0.000000000000000000e+00
0.000000000000000000e+00
0.000000000000000000e+00
0.000000000000000000e+00
0.000000000000000000e+00
0.000000000000000000e+00
0.000000000000000000e+00
1.000000000000000000e+00
1.000000000000000000e+00
1.000000000000000000e+00
2.000000000000000000e+00
3.000000000000000000e+00
3.000000000000000000e+00
3.000000000000000000e+00
3.000000000000000000e+00
3.000000000000000000e+00
3.000000000000000000e+00
3.000000000000000000e+00
3.000000000000000000e+00
3.000000000000000000e+00
3.000000000000000000e+00
3.000000000000000000e+00
3.000000000000000000e+00
3.000000000000000000e+00
3.000000000000000000e+00
3.000000000000000000e+00
3.000000000000000000e+00
3.000000000000000000e+00
3.000000000000000000e+00
3.000000000000000000e+00
3.000000000000000000e+00
3.000000000000000000e+00
3.000000000000000000e+00
3.000000000000000000e+00
3.000000000000000000e+00
3.000000000000000000e+00
3.000000000000000000e+00
3.000000000000000000e+00
3.000000000000000000e+00
5.000000000000000000e+00
5.000000000000000000e+00
2.800000000000000000e+01
3.000000000000000000e+01
3.100000000000000000e+01
3.400000000000000000e+01
3.900000000000000000e+01
4.300000000000000000e+01
5.600000000000000000e+01
6.200000000000000000e+01
7.300000000000000000e+01
8.200000000000000000e+01
1.020000000000000000e+02
1.130000000000000000e+02
1.190000000000000000e+02
1.420000000000000000e+02
1.560000000000000000e+02
1.940000000000000000e+02
2.440000000000000000e+02
3.300000000000000000e+02
3.960000000000000000e+02
4.990000000000000000e+02
5.360000000000000000e+02
6.570000000000000000e+02
7.270000000000000000e+02
8.870000000000000000e+02
9.870000000000000000e+02
1.024000000000000000e+03
1.251000000000000000e+03
1.397000000000000000e+03
1.998000000000000000e+03
2.543000000000000000e+03
2.567000000000000000e+03
3.082000000000000000e+03
3.588000000000000000e+03
4.778000000000000000e+03
5.311000000000000000e+03
5.916000000000000000e+03
6.725000000000000000e+03
7.598000000000000000e+03
8.446000000000000000e+03
9.205000000000000000e+03
1.045300000000000000e+04
1.148700000000000000e+04
1.232200000000000000e+04
1.343000000000000000e+04
1.435200000000000000e+04
1.572200000000000000e+04
1.761500000000000000e+04
1.853900000000000000e+04
2.008000000000000000e+04
2.137000000000000000e+04
2.307700000000000000e+04
2.453000000000000000e+04
2.628300000000000000e+04
2.789000000000000000e+04
2.945100000000000000e+04
3.132400000000000000e+04
3.306200000000000000e+04
3.486300000000000000e+04
3.725700000000000000e+04
3.969900000000000000e+04
4.250500000000000000e+04
4.643700000000000000e+04
4.940000000000000000e+04
5.298700000000000000e+04
5.635100000000000000e+04
5.969500000000000000e+04
6.280800000000000000e+04
6.716100000000000000e+04
7.076800000000000000e+04
7.429200000000000000e+04
7.805500000000000000e+04
8.199700000000000000e+04
8.578400000000000000e+04
9.064800000000000000e+04
9.569800000000000000e+04
1.003280000000000000e+05
1.064750000000000000e+05
1.120280000000000000e+05
1.182260000000000000e+05
1.247940000000000000e+05
1.314230000000000000e+05
1.385360000000000000e+05
1.449500000000000000e+05
1.507930000000000000e+05
1.580860000000000000e+05
1.653860000000000000e+05
1.734910000000000000e+05
1.818270000000000000e+05
1.906090000000000000e+05
1.983700000000000000e+05
2.071910000000000000e+05
2.168240000000000000e+05
2.267130000000000000e+05
2.361840000000000000e+05
2.466220000000000000e+05
2.574860000000000000e+05
2.659280000000000000e+05
2.761460000000000000e+05
2.866050000000000000e+05
2.975350000000000000e+05
3.089930000000000000e+05
3.209220000000000000e+05
3.324240000000000000e+05
3.430910000000000000e+05
3.540650000000000000e+05
3.669460000000000000e+05
3.805320000000000000e+05
3.950480000000000000e+05
4.104510000000000000e+05
4.252820000000000000e+05
4.402150000000000000e+05
4.561830000000000000e+05
4.731050000000000000e+05
4.904010000000000000e+05
5.089530000000000000e+05
5.288590000000000000e+05
5.483180000000000000e+05
5.668400000000000000e+05
5.854810000000000000e+05
6.046410000000000000e+05
6.255440000000000000e+05
6.483150000000000000e+05
6.731650000000000000e+05
6.974130000000000000e+05
7.196640000000000000e+05
7.424170000000000000e+05
7.672960000000000000e+05
7.938020000000000000e+05
8.209160000000000000e+05
8.495220000000000000e+05
8.782540000000000000e+05
9.067520000000000000e+05
9.361810000000000000e+05
9.688570000000000000e+05
1.003832000000000000e+06
1.039084000000000000e+06
1.077781000000000000e+06
1.118206000000000000e+06
1.155338000000000000e+06
1.193078000000000000e+06
1.238798000000000000e+06
1.288108000000000000e+06
1.337024000000000000e+06
1.385635000000000000e+06
1.435616000000000000e+06
1.480073000000000000e+06
1.531669000000000000e+06
1.581963000000000000e+06
1.634746000000000000e+06
1.695988000000000000e+06
1.750723000000000000e+06
1.803695000000000000e+06
1.855745000000000000e+06
1.908254000000000000e+06
1.964536000000000000e+06
2.027074000000000000e+06
2.088611000000000000e+06
2.153010000000000000e+06
2.215074000000000000e+06
2.268675000000000000e+06
2.329638000000000000e+06
2.396637000000000000e+06
2.461190000000000000e+06
2.525922000000000000e+06
2.589952000000000000e+06
2.647663000000000000e+06
2.702681000000000000e+06
2.767253000000000000e+06
2.836925000000000000e+06
2.905825000000000000e+06
2.975701000000000000e+06
3.044940000000000000e+06
3.106348000000000000e+06
3.167323000000000000e+06
3.224547000000000000e+06
3.310234000000000000e+06
3.387500000000000000e+06
3.463972000000000000e+06
3.542733000000000000e+06
3.621245000000000000e+06
3.691166000000000000e+06
3.769523000000000000e+06
3.853406000000000000e+06
3.936747000000000000e+06
4.023179000000000000e+06
4.113811000000000000e+06
4.204613000000000000e+06
4.280422000000000000e+06
4.370128000000000000e+06
4.465863000000000000e+06
4.562414000000000000e+06
4.659984000000000000e+06
4.754356000000000000e+06
4.846427000000000000e+06
4.930236000000000000e+06
5.020359000000000000e+06
5.118253000000000000e+06
5.214677000000000000e+06
5.308014000000000000e+06
5.400619000000000000e+06
5.487580000000000000e+06
5.562663000000000000e+06
5.646010000000000000e+06
5.732518000000000000e+06
5.818570000000000000e+06
5.903932000000000000e+06
5.992532000000000000e+06
6.074702000000000000e+06
6.145291000000000000e+06
6.225763000000000000e+06
6.312584000000000000e+06
6.394068000000000000e+06
6.473544000000000000e+06
6.549373000000000000e+06
6.623815000000000000e+06
6.685082000000000000e+06
6.757131000000000000e+06
6.835655000000000000e+06
6.906151000000000000e+06
6.979423000000000000e+06
7.053806000000000000e+06
7.120538000000000000e+06
7.175880000000000000e+06
7.239389000000000000e+06
7.307097000000000000e+06
7.370468000000000000e+06
7.432680000000000000e+06
7.494551000000000000e+06
7.550273000000000000e+06
7.597063000000000000e+06
7.651107000000000000e+06
7.706946000000000000e+06
7.761312000000000000e+06
7.814682000000000000e+06
7.864811000000000000e+06
7.909959000000000000e+06
7.946429000000000000e+06
7.990322000000000000e+06
8.040203000000000000e+06
8.088851000000000000e+06
8.137119000000000000e+06
8.184082000000000000e+06
8.229313000000000000e+06
8.267623000000000000e+06
8.313876000000000000e+06
8.364086000000000000e+06
8.411724000000000000e+06
8.462080000000000000e+06
8.507754000000000000e+06
8.553657000000000000e+06
8.591730000000000000e+06
8.636011000000000000e+06
8.683916000000000000e+06
8.728795000000000000e+06
8.773479000000000000e+06
8.814579000000000000e+06
8.845127000000000000e+06
8.874290000000000000e+06
8.912907000000000000e+06
8.958483000000000000e+06
9.004365000000000000e+06
9.050597000000000000e+06
9.095806000000000000e+06
9.139865000000000000e+06
9.177840000000000000e+06
9.222216000000000000e+06
9.266705000000000000e+06
9.309787000000000000e+06
9.351109000000000000e+06
9.392919000000000000e+06
9.431691000000000000e+06
9.462809000000000000e+06
9.499413000000000000e+06
9.534964000000000000e+06
9.571559000000000000e+06
9.608211000000000000e+06
9.644222000000000000e+06
9.677203000000000000e+06
9.703770000000000000e+06
9.735850000000000000e+06
9.767371000000000000e+06
9.796744000000000000e+06
9.826775000000000000e+06
9.857029000000000000e+06
9.884100000000000000e+06
9.906165000000000000e+06
9.932547000000000000e+06
9.956557000000000000e+06
9.979447000000000000e+06
1.000459900000000000e+07
1.003122300000000000e+07
1.005556000000000000e+07
1.007511600000000000e+07
1.009906600000000000e+07
1.012377800000000000e+07
1.014684500000000000e+07
1.016911800000000000e+07
1.018785000000000000e+07
1.020787100000000000e+07
1.022430300000000000e+07
1.024485200000000000e+07
1.026667400000000000e+07
1.028670900000000000e+07
1.032582300000000000e+07
1.032396500000000000e+07
1.034046900000000000e+07
1.035684400000000000e+07
1.037493200000000000e+07
1.039527800000000000e+07
1.041341700000000000e+07
1.041341700000000000e+07
1.045028400000000000e+07
1.046659500000000000e+07
1.047917900000000000e+07
1.049514700000000000e+07
1.051209300000000000e+07
1.052768300000000000e+07
1.054284100000000000e+07
1.055798500000000000e+07
1.057177300000000000e+07
1.058182300000000000e+07
1.059563900000000000e+07
1.061088300000000000e+07
1.062542800000000000e+07
1.063968400000000000e+07
1.065453300000000000e+07
1.066773600000000000e+07
1.067683800000000000e+07
1.068952700000000000e+07
1.070119300000000000e+07
1.072004800000000000e+07
1.073313000000000000e+07
1.074617400000000000e+07
1.075761000000000000e+07
1.076624500000000000e+07
1.077728400000000000e+07
1.079018300000000000e+07
1.080259100000000000e+07
1.081430400000000000e+07
1.082636300000000000e+07
1.083819400000000000e+07
1.084730400000000000e+07
1.085837100000000000e+07
1.087129400000000000e+07
1.088060300000000000e+07
1.089274600000000000e+07
1.090494000000000000e+07
1.091658900000000000e+07
1.092571000000000000e+07
1.093732000000000000e+07
1.095020100000000000e+07
1.096339400000000000e+07
1.097738700000000000e+07
1.099165100000000000e+07
1.100585000000000000e+07
1.101643400000000000e+07
1.103017600000000000e+07
1.104691400000000000e+07
1.106349100000000000e+07
1.107997900000000000e+07
1.109673100000000000e+07
1.111224100000000000e+07
1.112452700000000000e+07
1.113951600000000000e+07
1.115692300000000000e+07
1.117376100000000000e+07
1.119204500000000000e+07
1.121079900000000000e+07
1.122939800000000000e+07
1.124478600000000000e+07
1.126270700000000000e+07
1.128556100000000000e+07
1.130884600000000000e+07
1.133372800000000000e+07
1.135904800000000000e+07
1.138533900000000000e+07
1.140983100000000000e+07
1.143873400000000000e+07
1.147460500000000000e+07
1.151433100000000000e+07
1.155528400000000000e+07
1.159913000000000000e+07
1.164608100000000000e+07
1.168679600000000000e+07
1.173405800000000000e+07
1.178753400000000000e+07
1.184665200000000000e+07
1.190891000000000000e+07
1.197162400000000000e+07
1.203964400000000000e+07
1.209585500000000000e+07
1.214933500000000000e+07
1.222166500000000000e+07
1.230313100000000000e+07
1.239226000000000000e+07
1.248550900000000000e+07
1.258906700000000000e+07
1.268604900000000000e+07
1.280178500000000000e+07
1.292857400000000000e+07
1.306054200000000000e+07
1.320592600000000000e+07
1.335880500000000000e+07
1.352771700000000000e+07
1.368945300000000000e+07
1.387382500000000000e+07
1.407456400000000000e+07
1.429191700000000000e+07
1.452660900000000000e+07
1.478800300000000000e+07
1.506180500000000000e+07
1.532097200000000000e+07
1.561613000000000000e+07
1.593077400000000000e+07
1.626369500000000000e+07
1.661048100000000000e+07
1.696017200000000000e+07
1.731316300000000000e+07
1.763618600000000000e+07
1.799711300000000000e+07
1.837642100000000000e+07
1.876297600000000000e+07
1.916496900000000000e+07
1.955745700000000000e+07
1.992551700000000000e+07
2.028283300000000000e+07
2.066497900000000000e+07
2.107741000000000000e+07
2.149159800000000000e+07
2.189267600000000000e+07
2.229608100000000000e+07
2.266257500000000000e+07
2.299251700000000000e+07
2.334093800000000000e+07
2.370366500000000000e+07
2.404680900000000000e+07
2.437290700000000000e+07
2.468407700000000000e+07
2.496546300000000000e+07
2.522899600000000000e+07
2.549633000000000000e+07
2.577244000000000000e+07
2.603199100000000000e+07
2.628929000000000000e+07
2.653013200000000000e+07
2.675244700000000000e+07
2.694887400000000000e+07
2.715779500000000000e+07
2.736909300000000000e+07
2.755545700000000000e+07
2.772924700000000000e+07
2.789480000000000000e+07
2.804753400000000000e+07
2.817504400000000000e+07
2.830783200000000000e+07
2.844198600000000000e+07
2.857435000000000000e+07
2.869487900000000000e+07
2.880933900000000000e+07
2.890997500000000000e+07
2.899647300000000000e+07
2.908906900000000000e+07
2.918253200000000000e+07
2.927482300000000000e+07
2.935915500000000000e+07
2.943998900000000000e+07
2.951041000000000000e+07
2.957088100000000000e+07
2.963310500000000000e+07
2.970031300000000000e+07
2.976279300000000000e+07
2.982354600000000000e+07
2.988177200000000000e+07
2.993522100000000000e+07
2.997786100000000000e+07
3.002870900000000000e+07
3.008277800000000000e+07
3.013444500000000000e+07
3.018314300000000000e+07
3.023318300000000000e+07
3.027933100000000000e+07
3.031689700000000000e+07
3.036284800000000000e+07
3.041163400000000000e+07
3.045825100000000000e+07
3.050236200000000000e+07
3.054543300000000000e+07
3.058522900000000000e+07
3.061993200000000000e+07
3.066366500000000000e+07
3.070955700000000000e+07
3.075295000000000000e+07
3.079571600000000000e+07
3.083722200000000000e+07
3.087437600000000000e+07
3.090728200000000000e+07
3.094614700000000000e+07
3.098788000000000000e+07
3.102682900000000000e+07
3.106490800000000000e+07
3.110606500000000000e+07
3.114422900000000000e+07
3.117432200000000000e+07
3.121633700000000000e+07
3.125772000000000000e+07
3.129306200000000000e+07
3.129306200000000000e+07
3.137190100000000000e+07
3.141126200000000000e+07
3.144095100000000000e+07
3.148460500000000000e+07
3.152811400000000000e+07
3.157234400000000000e+07
3.161399300000000000e+07
3.165582400000000000e+07
3.169595800000000000e+07
