0.000000000000000000e+00
0.000000000000000000e+00
0.000000000000000000e+00
0.000000000000000000e+00
0.000000000000000000e+00
0.000000000000000000e+00
0.000000000000000000e+00
0.000000000000000000e+00
1.000000000000000000e+00
0.000000000000000000e+00
0.000000000000000000e+00
1.000000000000000000e+00
1.000000000000000000e+00
0.000000000000000000e+00
0.000000000000000000e+00
0.000000000000000000e+00
0.000000000000000000e+00
0.000000000000000000e+00
0.000000000000000000e+00
0.000000000000000000e+00
0.000000000000000000e+00
0.000000000000000000e+00
0.000000000000000000e+00
0.000000000000000000e+00
0.000000000000000000e+00
0.000000000000000000e+00
0.000000000000000000e+00
0.000000000000000000e+00
0.000000000000000000e+00
0.000000000000000000e+00
0.000000000000000000e+00
0.000000000000000000e+00
0.000000000000000000e+00
0.000000000000000000e+00
0.000000000000000000e+00
0.000000000000000000e+00
0.000000000000000000e+00
0.000000000000000000e+00
0.000000000000000000e+00
0.000000000000000000e+00
2.000000000000000000e+00
0.000000000000000000e+00
2.300000000000000000e+01
2.000000000000000000e+00
1.000000000000000000e+00
3.000000000000000000e+00
5.000000000000000000e+00
4.000000000000000000e+00
1.300000000000000000e+01
6.000000000000000000e+00
1.100000000000000000e+01
9.000000000000000000e+00
2.000000000000000000e+01
1.100000000000000000e+01
6.000000000000000000e+00
2.300000000000000000e+01
1.400000000000000000e+01
3.800000000000000000e+01
5.000000000000000000e+01
8.600000000000000000e+01
6.600000000000000000e+01
1.030000000000000000e+02
3.700000000000000000e+01
1.210000000000000000e+02
7.000000000000000000e+01
1.600000000000000000e+02
1.000000000000000000e+02
3.700000000000000000e+01
2.270000000000000000e+02
1.460000000000000000e+02
6.010000000000000000e+02
5.450000000000000000e+02
2.400000000000000000e+01
5.150000000000000000e+02
5.060000000000000000e+02
1.190000000000000000e+03
5.330000000000000000e+02
6.050000000000000000e+02
8.090000000000000000e+02
8.730000000000000000e+02
8.480000000000000000e+02
7.590000000000000000e+02
1.248000000000000000e+03
1.034000000000000000e+03
8.350000000000000000e+02
1.108000000000000000e+03
9.220000000000000000e+02
1.370000000000000000e+03
1.893000000000000000e+03
9.240000000000000000e+02
1.541000000000000000e+03
1.290000000000000000e+03
1.707000000000000000e+03
1.453000000000000000e+03
1.753000000000000000e+03
1.607000000000000000e+03
1.561000000000000000e+03
1.873000000000000000e+03
1.738000000000000000e+03
1.801000000000000000e+03
2.394000000000000000e+03
2.442000000000000000e+03
2.806000000000000000e+03
3.932000000000000000e+03
2.963000000000000000e+03
3.587000000000000000e+03
3.364000000000000000e+03
3.344000000000000000e+03
3.113000000000000000e+03
4.353000000000000000e+03
3.607000000000000000e+03
3.524000000000000000e+03
3.763000000000000000e+03
3.942000000000000000e+03
3.787000000000000000e+03
4.864000000000000000e+03
5.050000000000000000e+03
4.630000000000000000e+03
6.147000000000000000e+03
5.553000000000000000e+03
6.198000000000000000e+03
6.568000000000000000e+03
6.629000000000000000e+03
7.113000000000000000e+03
6.414000000000000000e+03
5.843000000000000000e+03
7.293000000000000000e+03
7.300000000000000000e+03
8.105000000000000000e+03
8.336000000000000000e+03
8.782000000000000000e+03
7.761000000000000000e+03
8.821000000000000000e+03
9.633000000000000000e+03
9.889000000000000000e+03
9.471000000000000000e+03
1.043800000000000000e+04
1.086400000000000000e+04
8.442000000000000000e+03
1.021800000000000000e+04
1.045900000000000000e+04
1.093000000000000000e+04
1.145800000000000000e+04
1.192900000000000000e+04
1.150200000000000000e+04
1.066700000000000000e+04
1.097400000000000000e+04
1.288100000000000000e+04
1.358600000000000000e+04
1.451600000000000000e+04
1.540300000000000000e+04
1.483100000000000000e+04
1.493300000000000000e+04
1.596800000000000000e+04
1.692200000000000000e+04
1.729600000000000000e+04
1.855200000000000000e+04
1.990600000000000000e+04
1.945900000000000000e+04
1.852200000000000000e+04
1.864100000000000000e+04
1.916000000000000000e+04
2.090300000000000000e+04
2.277100000000000000e+04
2.485000000000000000e+04
2.424800000000000000e+04
2.225100000000000000e+04
2.275300000000000000e+04
2.487900000000000000e+04
2.650600000000000000e+04
2.711400000000000000e+04
2.860600000000000000e+04
2.873200000000000000e+04
2.849800000000000000e+04
2.942900000000000000e+04
3.267600000000000000e+04
3.497500000000000000e+04
3.525200000000000000e+04
3.869700000000000000e+04
4.042500000000000000e+04
3.713200000000000000e+04
3.774000000000000000e+04
4.572000000000000000e+04
4.931000000000000000e+04
4.891600000000000000e+04
4.861100000000000000e+04
4.998100000000000000e+04
4.445700000000000000e+04
5.159600000000000000e+04
5.029400000000000000e+04
5.278300000000000000e+04
6.124200000000000000e+04
5.473500000000000000e+04
5.297200000000000000e+04
5.205000000000000000e+04
5.250900000000000000e+04
5.628200000000000000e+04
6.253800000000000000e+04
6.153700000000000000e+04
6.439900000000000000e+04
6.206400000000000000e+04
5.360100000000000000e+04
6.096300000000000000e+04
6.699900000000000000e+04
6.455300000000000000e+04
6.473200000000000000e+04
6.403000000000000000e+04
5.771100000000000000e+04
5.501800000000000000e+04
6.457200000000000000e+04
6.967200000000000000e+04
6.890000000000000000e+04
6.987600000000000000e+04
6.923900000000000000e+04
6.140800000000000000e+04
6.097500000000000000e+04
5.722400000000000000e+04
8.568700000000000000e+04
7.726600000000000000e+04
7.647200000000000000e+04
7.876100000000000000e+04
7.851200000000000000e+04
6.992100000000000000e+04
7.835700000000000000e+04
8.388300000000000000e+04
8.334100000000000000e+04
8.643200000000000000e+04
9.063200000000000000e+04
9.080200000000000000e+04
7.580900000000000000e+04
8.970600000000000000e+04
9.573500000000000000e+04
9.655100000000000000e+04
9.757000000000000000e+04
9.437200000000000000e+04
9.207100000000000000e+04
8.380900000000000000e+04
9.012300000000000000e+04
9.789400000000000000e+04
9.642400000000000000e+04
9.333700000000000000e+04
9.260500000000000000e+04
8.696100000000000000e+04
7.508300000000000000e+04
8.334700000000000000e+04
8.650800000000000000e+04
8.605200000000000000e+04
8.536200000000000000e+04
8.860000000000000000e+04
8.217000000000000000e+04
7.058900000000000000e+04
8.047200000000000000e+04
8.682100000000000000e+04
8.148400000000000000e+04
7.947600000000000000e+04
7.582900000000000000e+04
7.444200000000000000e+04
6.126700000000000000e+04
7.204900000000000000e+04
7.852400000000000000e+04
7.049600000000000000e+04
7.327200000000000000e+04
7.438300000000000000e+04
6.673200000000000000e+04
5.534200000000000000e+04
6.350900000000000000e+04
6.770800000000000000e+04
6.337100000000000000e+04
6.221200000000000000e+04
6.187100000000000000e+04
5.572200000000000000e+04
4.679000000000000000e+04
5.404400000000000000e+04
5.583900000000000000e+04
5.436600000000000000e+04
5.337000000000000000e+04
5.012900000000000000e+04
4.514800000000000000e+04
3.647000000000000000e+04
4.389300000000000000e+04
4.988100000000000000e+04
4.864800000000000000e+04
4.826800000000000000e+04
4.696300000000000000e+04
4.523100000000000000e+04
3.831000000000000000e+04
4.625300000000000000e+04
5.021000000000000000e+04
4.763800000000000000e+04
5.035600000000000000e+04
4.567400000000000000e+04
4.590300000000000000e+04
3.807300000000000000e+04
4.428100000000000000e+04
4.790500000000000000e+04
4.487900000000000000e+04
4.468400000000000000e+04
4.110000000000000000e+04
3.054800000000000000e+04
2.916300000000000000e+04
3.861700000000000000e+04
4.557600000000000000e+04
4.588200000000000000e+04
4.623200000000000000e+04
4.520900000000000000e+04
4.405900000000000000e+04
3.797500000000000000e+04
4.437600000000000000e+04
4.448900000000000000e+04
4.308200000000000000e+04
4.132200000000000000e+04
4.181000000000000000e+04
3.877200000000000000e+04
3.111800000000000000e+04
3.660400000000000000e+04
3.555100000000000000e+04
3.659500000000000000e+04
3.665200000000000000e+04
3.601100000000000000e+04
3.298100000000000000e+04
2.656700000000000000e+04
3.208000000000000000e+04
3.152100000000000000e+04
2.937300000000000000e+04
3.003100000000000000e+04
3.025400000000000000e+04
2.707100000000000000e+04
2.206500000000000000e+04
2.638200000000000000e+04
2.401000000000000000e+04
2.289000000000000000e+04
2.515200000000000000e+04
2.662400000000000000e+04
2.433700000000000000e+04
1.955600000000000000e+04
2.395000000000000000e+04
2.471200000000000000e+04
2.306700000000000000e+04
2.227300000000000000e+04
1.873200000000000000e+04
2.002100000000000000e+04
1.643200000000000000e+04
2.054900000000000000e+04
2.182200000000000000e+04
2.003500000000000000e+04
3.911400000000000000e+04
-1.858000000000000000e+03
1.650400000000000000e+04
1.637500000000000000e+04
1.808800000000000000e+04
2.034600000000000000e+04
1.813900000000000000e+04
0.000000000000000000e+00
3.686700000000000000e+04
1.631100000000000000e+04
1.258400000000000000e+04
1.596800000000000000e+04
1.694600000000000000e+04
1.559000000000000000e+04
1.515800000000000000e+04
1.514400000000000000e+04
1.378800000000000000e+04
1.005000000000000000e+04
1.381600000000000000e+04
1.524400000000000000e+04
1.454500000000000000e+04
1.425600000000000000e+04
1.484900000000000000e+04
1.320300000000000000e+04
9.102000000000000000e+03
1.268900000000000000e+04
1.166600000000000000e+04
1.885500000000000000e+04
1.308200000000000000e+04
1.304400000000000000e+04
1.143600000000000000e+04
8.635000000000000000e+03
1.103900000000000000e+04
1.289900000000000000e+04
1.240800000000000000e+04
1.171300000000000000e+04
1.205900000000000000e+04
1.183100000000000000e+04
9.110000000000000000e+03
1.106700000000000000e+04
1.292300000000000000e+04
9.309000000000000000e+03
1.214300000000000000e+04
1.219400000000000000e+04
1.164900000000000000e+04
9.121000000000000000e+03
1.161000000000000000e+04
1.288100000000000000e+04
1.319300000000000000e+04
1.399300000000000000e+04
1.426400000000000000e+04
1.419900000000000000e+04
1.058400000000000000e+04
1.374200000000000000e+04
1.673800000000000000e+04
1.657700000000000000e+04
1.648800000000000000e+04
1.675200000000000000e+04
1.551000000000000000e+04
1.228600000000000000e+04
1.498900000000000000e+04
1.740700000000000000e+04
1.683800000000000000e+04
1.828400000000000000e+04
1.875400000000000000e+04
1.859900000000000000e+04
1.538800000000000000e+04
1.792100000000000000e+04
2.285400000000000000e+04
2.328500000000000000e+04
2.488200000000000000e+04
2.532000000000000000e+04
2.629100000000000000e+04
2.449200000000000000e+04
2.890300000000000000e+04
3.587100000000000000e+04
3.972600000000000000e+04
4.095300000000000000e+04
4.384600000000000000e+04
4.695100000000000000e+04
4.071500000000000000e+04
4.726200000000000000e+04
5.347600000000000000e+04
5.911800000000000000e+04
6.225800000000000000e+04
6.271400000000000000e+04
6.802000000000000000e+04
5.621100000000000000e+04
5.348000000000000000e+04
7.233000000000000000e+04
8.146600000000000000e+04
8.912900000000000000e+04
9.324900000000000000e+04
1.035580000000000000e+05
9.698200000000000000e+04
1.157360000000000000e+05
1.267890000000000000e+05
1.319680000000000000e+05
1.453840000000000000e+05
1.528790000000000000e+05
1.689120000000000000e+05
1.617360000000000000e+05
1.843720000000000000e+05
2.007390000000000000e+05
2.173530000000000000e+05
2.346920000000000000e+05
2.613940000000000000e+05
2.738020000000000000e+05
2.591670000000000000e+05
2.951580000000000000e+05
3.146440000000000000e+05
3.329210000000000000e+05
3.467860000000000000e+05
3.496910000000000000e+05
3.529910000000000000e+05
3.230230000000000000e+05
3.609270000000000000e+05
3.793080000000000000e+05
3.865550000000000000e+05
4.019930000000000000e+05
3.924880000000000000e+05
3.680600000000000000e+05
3.573160000000000000e+05
3.821460000000000000e+05
4.124310000000000000e+05
4.141880000000000000e+05
4.010780000000000000e+05
4.034050000000000000e+05
3.664940000000000000e+05
3.299420000000000000e+05
3.484210000000000000e+05
3.627270000000000000e+05
3.431440000000000000e+05
3.260980000000000000e+05
3.111700000000000000e+05
2.813860000000000000e+05
2.635330000000000000e+05
2.673340000000000000e+05
2.761100000000000000e+05
2.595510000000000000e+05
2.572990000000000000e+05
2.408420000000000000e+05
2.223150000000000000e+05
1.964270000000000000e+05
2.089210000000000000e+05
2.112980000000000000e+05
1.863640000000000000e+05
1.737900000000000000e+05
1.655530000000000000e+05
1.527340000000000000e+05
1.275100000000000000e+05
1.327880000000000000e+05
1.341540000000000000e+05
1.323640000000000000e+05
1.205290000000000000e+05
1.144600000000000000e+05
1.006360000000000000e+05
8.649800000000000000e+04
9.259600000000000000e+04
9.346300000000000000e+04
9.229100000000000000e+04
8.433200000000000000e+04
8.083400000000000000e+04
7.042100000000000000e+04
6.047100000000000000e+04
6.222400000000000000e+04
6.720800000000000000e+04
6.248000000000000000e+04
6.075300000000000000e+04
5.822600000000000000e+04
5.344900000000000000e+04
4.264000000000000000e+04
5.084800000000000000e+04
5.406900000000000000e+04
5.166700000000000000e+04
4.869800000000000000e+04
5.004000000000000000e+04
4.614800000000000000e+04
3.756600000000000000e+04
4.595100000000000000e+04
4.878600000000000000e+04
4.661700000000000000e+04
4.411100000000000000e+04
4.307100000000000000e+04
3.979600000000000000e+04
3.470300000000000000e+04
4.373300000000000000e+04
4.589200000000000000e+04
4.339300000000000000e+04
4.276600000000000000e+04
4.150600000000000000e+04
3.715400000000000000e+04
3.290600000000000000e+04
3.886500000000000000e+04
4.173300000000000000e+04
3.894900000000000000e+04
3.807900000000000000e+04
4.115700000000000000e+04
3.816400000000000000e+04
3.009300000000000000e+04
4.201500000000000000e+04
4.138300000000000000e+04
3.534200000000000000e+04
0.000000000000000000e+00
7.883900000000000000e+04
3.936100000000000000e+04
2.968900000000000000e+04
4.365400000000000000e+04
4.350900000000000000e+04
4.423000000000000000e+04
4.164900000000000000e+04
4.183100000000000000e+04
4.013400000000000000e+04
