0.000000000000000000e+00
0.000000000000000000e+00
0.000000000000000000e+00
0.000000000000000000e+00
0.000000000000000000e+00
0.000000000000000000e+00
0.000000000000000000e+00
0.000000000000000000e+00
0.000000000000000000e+00
0.000000000000000000e+00
0.000000000000000000e+00
0.000000000000000000e+00
0.000000000000000000e+00
0.000000000000000000e+00
0.000000000000000000e+00
0.000000000000000000e+00
0.000000000000000000e+00
0.000000000000000000e+00
0.000000000000000000e+00
0.000000000000000000e+00
0.000000000000000000e+00
0.000000000000000000e+00
0.000000000000000000e+00
0.000000000000000000e+00
0.000000000000000000e+00
0.000000000000000000e+00
0.000000000000000000e+00
0.000000000000000000e+00
0.000000000000000000e+00
0.000000000000000000e+00
0.000000000000000000e+00
0.000000000000000000e+00
0.000000000000000000e+00
0.000000000000000000e+00
0.000000000000000000e+00
0.000000000000000000e+00
0.000000000000000000e+00
0.000000000000000000e+00
0.000000000000000000e+00
0.000000000000000000e+00
0.000000000000000000e+00
0.000000000000000000e+00
0.000000000000000000e+00
0.000000000000000000e+00
0.000000000000000000e+00
0.000000000000000000e+00
0.000000000000000000e+00
0.000000000000000000e+00
0.000000000000000000e+00
2.000000000000000000e+00
2.000000000000000000e+00
3.000000000000000000e+00
1.000000000000000000e+01
1.000000000000000000e+01
1.100000000000000000e+01
1.100000000000000000e+01
1.200000000000000000e+01
1.200000000000000000e+01
1.500000000000000000e+01
1.900000000000000000e+01
2.400000000000000000e+01
2.700000000000000000e+01
2.900000000000000000e+01
3.200000000000000000e+01
4.300000000000000000e+01
6.100000000000000000e+01
7.400000000000000000e+01
8.100000000000000000e+01
9.700000000000000000e+01
1.070000000000000000e+02
1.150000000000000000e+02
1.230000000000000000e+02
1.320000000000000000e+02
1.390000000000000000e+02
1.570000000000000000e+02
1.830000000000000000e+02
1.940000000000000000e+02
2.100000000000000000e+02
2.640000000000000000e+02
2.680000000000000000e+02
2.750000000000000000e+02
3.000000000000000000e+02
3.300000000000000000e+02
3.540000000000000000e+02
3.970000000000000000e+02
4.410000000000000000e+02
4.650000000000000000e+02
4.930000000000000000e+02
5.200000000000000000e+02
5.640000000000000000e+02
5.980000000000000000e+02
6.090000000000000000e+02
7.030000000000000000e+02
8.070000000000000000e+02
8.660000000000000000e+02
9.500000000000000000e+02
1.014000000000000000e+03
1.053000000000000000e+03
1.110000000000000000e+03
1.167000000000000000e+03
1.229000000000000000e+03
1.470000000000000000e+03
1.594000000000000000e+03
1.681000000000000000e+03
1.802000000000000000e+03
1.886000000000000000e+03
2.081000000000000000e+03
2.266000000000000000e+03
2.437000000000000000e+03
2.556000000000000000e+03
2.831000000000000000e+03
2.964000000000000000e+03
3.148000000000000000e+03
3.372000000000000000e+03
3.577000000000000000e+03
3.826000000000000000e+03
4.088000000000000000e+03
4.263000000000000000e+03
4.481000000000000000e+03
4.919000000000000000e+03
5.187000000000000000e+03
5.579000000000000000e+03
5.915000000000000000e+03
6.263000000000000000e+03
6.660000000000000000e+03
7.136000000000000000e+03
7.768000000000000000e+03
8.387000000000000000e+03
8.731000000000000000e+03
9.592000000000000000e+03
9.982000000000000000e+03
1.053100000000000000e+04
1.099100000000000000e+04
1.163800000000000000e+04
1.224500000000000000e+04
1.272800000000000000e+04
1.335800000000000000e+04
1.364300000000000000e+04
1.394900000000000000e+04
1.464400000000000000e+04
1.528100000000000000e+04
1.616500000000000000e+04
1.692900000000000000e+04
1.784200000000000000e+04
1.845900000000000000e+04
1.907300000000000000e+04
1.988300000000000000e+04
2.068500000000000000e+04
2.149900000000000000e+04
2.247600000000000000e+04
2.351200000000000000e+04
2.438800000000000000e+04
2.549300000000000000e+04
2.638900000000000000e+04
2.748700000000000000e+04
2.850300000000000000e+04
2.942300000000000000e+04
3.067600000000000000e+04
3.152400000000000000e+04
3.212500000000000000e+04
3.321900000000000000e+04
3.422700000000000000e+04
3.552800000000000000e+04
3.681800000000000000e+04
3.807100000000000000e+04
3.929700000000000000e+04
4.050900000000000000e+04
4.154500000000000000e+04
4.298400000000000000e+04
4.411300000000000000e+04
4.556500000000000000e+04
4.720000000000000000e+04
4.818700000000000000e+04
4.925000000000000000e+04
5.086700000000000000e+04
5.221800000000000000e+04
5.415600000000000000e+04
5.610200000000000000e+04
5.813800000000000000e+04
5.958200000000000000e+04
6.099100000000000000e+04
6.235700000000000000e+04
6.413500000000000000e+04
6.525200000000000000e+04
6.645600000000000000e+04
6.828100000000000000e+04
6.942900000000000000e+04
7.118100000000000000e+04
7.232700000000000000e+04
7.353400000000000000e+04
7.523400000000000000e+04
7.678900000000000000e+04
7.879300000000000000e+04
8.015300000000000000e+04
8.184600000000000000e+04
8.336100000000000000e+04
8.514100000000000000e+04
8.642300000000000000e+04
8.789100000000000000e+04
8.905500000000000000e+04
8.999900000000000000e+04
9.163500000000000000e+04
9.332800000000000000e+04
9.507100000000000000e+04
9.645900000000000000e+04
9.795000000000000000e+04
9.914600000000000000e+04
1.003440000000000000e+05
1.012230000000000000e+05
1.030190000000000000e+05
1.050500000000000000e+05
1.060650000000000000e+05
1.074350000000000000e+05
1.084270000000000000e+05
1.091490000000000000e+05
1.101480000000000000e+05
1.109990000000000000e+05
1.120940000000000000e+05
1.131290000000000000e+05
1.144090000000000000e+05
1.153540000000000000e+05
1.159680000000000000e+05
1.165980000000000000e+05
1.172670000000000000e+05
1.179280000000000000e+05
1.187810000000000000e+05
1.195800000000000000e+05
1.202410000000000000e+05
1.207690000000000000e+05
1.216040000000000000e+05
1.223080000000000000e+05
1.233450000000000000e+05
1.242050000000000000e+05
1.251720000000000000e+05
1.259820000000000000e+05
1.267910000000000000e+05
1.276190000000000000e+05
1.282860000000000000e+05
1.288720000000000000e+05
1.294190000000000000e+05
1.300510000000000000e+05
1.304700000000000000e+05
1.306760000000000000e+05
1.309860000000000000e+05
1.314530000000000000e+05
1.319900000000000000e+05
1.326180000000000000e+05
1.332220000000000000e+05
1.335920000000000000e+05
1.339010000000000000e+05
1.342230000000000000e+05
1.346410000000000000e+05
1.353110000000000000e+05
1.357160000000000000e+05
1.362190000000000000e+05
1.365690000000000000e+05
1.368680000000000000e+05
1.371070000000000000e+05
1.374680000000000000e+05
1.377060000000000000e+05
1.379690000000000000e+05
1.382260000000000000e+05
1.384630000000000000e+05
1.385740000000000000e+05
1.386950000000000000e+05
1.389220000000000000e+05
1.391410000000000000e+05
1.393190000000000000e+05
1.395620000000000000e+05
1.397100000000000000e+05
1.397710000000000000e+05
1.398900000000000000e+05
1.400370000000000000e+05
1.402280000000000000e+05
1.404450000000000000e+05
1.406120000000000000e+05
1.407790000000000000e+05
1.408530000000000000e+05
1.409520000000000000e+05
1.411240000000000000e+05
1.413210000000000000e+05
1.414840000000000000e+05
1.416310000000000000e+05
1.417570000000000000e+05
1.418330000000000000e+05
1.418670000000000000e+05
1.419360000000000000e+05
1.420620000000000000e+05
1.422010000000000000e+05
1.423430000000000000e+05
1.424270000000000000e+05
1.424750000000000000e+05
1.425610000000000000e+05
1.426640000000000000e+05
1.427760000000000000e+05
1.428890000000000000e+05
1.430690000000000000e+05
1.431810000000000000e+05
1.432460000000000000e+05
1.433710000000000000e+05
1.434730000000000000e+05
1.435690000000000000e+05
1.437560000000000000e+05
1.438540000000000000e+05
1.439220000000000000e+05
1.439780000000000000e+05
1.440340000000000000e+05
1.441470000000000000e+05
1.442760000000000000e+05
1.443900000000000000e+05
1.444940000000000000e+05
1.445920000000000000e+05
1.446220000000000000e+05
1.447080000000000000e+05
1.448100000000000000e+05
1.449940000000000000e+05
1.451860000000000000e+05
1.453250000000000000e+05
1.454920000000000000e+05
1.455600000000000000e+05
1.456570000000000000e+05
1.458460000000000000e+05
1.460600000000000000e+05
1.463850000000000000e+05
1.466970000000000000e+05
1.470300000000000000e+05
1.471500000000000000e+05
1.473450000000000000e+05
1.477160000000000000e+05
1.482140000000000000e+05
1.486650000000000000e+05
1.491490000000000000e+05
1.497700000000000000e+05
1.500230000000000000e+05
1.503850000000000000e+05
1.510590000000000000e+05
1.520640000000000000e+05
1.531210000000000000e+05
1.535900000000000000e+05
1.543490000000000000e+05
1.548430000000000000e+05
1.555940000000000000e+05
1.568870000000000000e+05
1.583720000000000000e+05
1.601240000000000000e+05
1.609850000000000000e+05
1.620550000000000000e+05
1.626610000000000000e+05
1.636710000000000000e+05
1.652680000000000000e+05
1.669810000000000000e+05
1.688910000000000000e+05
1.711540000000000000e+05
1.727980000000000000e+05
1.738960000000000000e+05
1.752880000000000000e+05
1.767610000000000000e+05
1.788180000000000000e+05
1.810160000000000000e+05
1.835890000000000000e+05
1.856800000000000000e+05
1.871830000000000000e+05
1.887330000000000000e+05
1.910900000000000000e+05
1.937450000000000000e+05
1.963930000000000000e+05
1.982570000000000000e+05
1.999890000000000000e+05
2.010370000000000000e+05
2.028180000000000000e+05
2.052080000000000000e+05
2.080740000000000000e+05
2.107260000000000000e+05
2.133920000000000000e+05
2.153970000000000000e+05
2.168350000000000000e+05
2.182990000000000000e+05
2.204260000000000000e+05
2.224470000000000000e+05
2.242340000000000000e+05
2.259100000000000000e+05
2.271280000000000000e+05
2.279670000000000000e+05
2.291870000000000000e+05
2.307310000000000000e+05
2.325020000000000000e+05
2.338540000000000000e+05
2.350980000000000000e+05
2.360360000000000000e+05
2.367320000000000000e+05
2.371440000000000000e+05
2.377060000000000000e+05
2.384950000000000000e+05
2.395240000000000000e+05
2.406760000000000000e+05
2.417710000000000000e+05
2.422920000000000000e+05
2.431760000000000000e+05
2.443800000000000000e+05
2.457190000000000000e+05
2.468220000000000000e+05
2.478910000000000000e+05
2.485470000000000000e+05
2.490100000000000000e+05
2.497670000000000000e+05
2.505570000000000000e+05
2.513910000000000000e+05
2.523600000000000000e+05
2.532970000000000000e+05
2.539500000000000000e+05
2.542730000000000000e+05
2.547360000000000000e+05
2.556210000000000000e+05
2.564620000000000000e+05
2.572400000000000000e+05
2.583240000000000000e+05
2.590040000000000000e+05
2.593890000000000000e+05
2.600590000000000000e+05
2.609880000000000000e+05
2.620560000000000000e+05
2.629410000000000000e+05
2.638080000000000000e+05
2.644110000000000000e+05
2.646340000000000000e+05
2.652070000000000000e+05
2.660860000000000000e+05
2.670590000000000000e+05
2.678330000000000000e+05
2.687110000000000000e+05
2.693020000000000000e+05
2.696280000000000000e+05
2.703470000000000000e+05
2.714190000000000000e+05
2.724110000000000000e+05
2.733270000000000000e+05
2.739470000000000000e+05
2.744670000000000000e+05
2.749340000000000000e+05
2.753920000000000000e+05
2.768900000000000000e+05
2.779660000000000000e+05
2.792070000000000000e+05
2.806490000000000000e+05
2.815700000000000000e+05
2.820950000000000000e+05
2.830840000000000000e+05
2.841830000000000000e+05
2.852910000000000000e+05
2.861140000000000000e+05
2.873600000000000000e+05
2.873600000000000000e+05
2.890660000000000000e+05
2.903620000000000000e+05
2.916750000000000000e+05
2.930610000000000000e+05
2.943910000000000000e+05
2.958920000000000000e+05
2.971850000000000000e+05
2.976590000000000000e+05
2.987780000000000000e+05
3.002580000000000000e+05
3.018310000000000000e+05
3.018310000000000000e+05
3.037320000000000000e+05
3.065270000000000000e+05
3.065270000000000000e+05
3.089840000000000000e+05
3.089840000000000000e+05
3.105720000000000000e+05
3.141900000000000000e+05
3.141900000000000000e+05
3.175470000000000000e+05
3.175470000000000000e+05
3.186100000000000000e+05
3.202090000000000000e+05
3.225780000000000000e+05
3.248680000000000000e+05
3.272240000000000000e+05
3.297330000000000000e+05
3.325670000000000000e+05
3.348240000000000000e+05
3.348240000000000000e+05
3.374410000000000000e+05
3.402070000000000000e+05
3.430650000000000000e+05
3.460700000000000000e+05
3.496530000000000000e+05
3.496530000000000000e+05
3.553490000000000000e+05
3.585620000000000000e+05
3.615800000000000000e+05
3.645700000000000000e+05
3.667140000000000000e+05
3.684740000000000000e+05
3.712790000000000000e+05
3.747180000000000000e+05
3.780280000000000000e+05
3.804570000000000000e+05
3.834570000000000000e+05
3.857340000000000000e+05
3.871620000000000000e+05
3.871620000000000000e+05
3.929750000000000000e+05
3.929750000000000000e+05
4.000470000000000000e+05
4.000470000000000000e+05
4.053470000000000000e+05
4.069540000000000000e+05
4.091060000000000000e+05
4.116770000000000000e+05
4.145130000000000000e+05
4.171950000000000000e+05
4.171950000000000000e+05
4.209610000000000000e+05
4.220470000000000000e+05
4.228110000000000000e+05
4.244780000000000000e+05
4.267480000000000000e+05
4.291780000000000000e+05
4.313600000000000000e+05
4.330130000000000000e+05
4.339350000000000000e+05
4.355680000000000000e+05
4.376230000000000000e+05
4.396240000000000000e+05
4.412860000000000000e+05
4.428840000000000000e+05
4.440900000000000000e+05
4.449680000000000000e+05
4.463620000000000000e+05
4.482130000000000000e+05
4.496870000000000000e+05
4.512240000000000000e+05
4.512240000000000000e+05
4.535950000000000000e+05
4.542410000000000000e+05
4.554360000000000000e+05
4.568150000000000000e+05
4.568150000000000000e+05
4.595790000000000000e+05
4.595790000000000000e+05
4.617140000000000000e+05
4.621540000000000000e+05
4.631250000000000000e+05
4.631250000000000000e+05
4.653510000000000000e+05
4.663180000000000000e+05
4.673430000000000000e+05
4.679750000000000000e+05
4.684230000000000000e+05
4.684230000000000000e+05
4.700240000000000000e+05
4.709290000000000000e+05
4.719580000000000000e+05
4.719580000000000000e+05
4.735060000000000000e+05
4.738990000000000000e+05
