0.000000000000000000e+00
0.000000000000000000e+00
0.000000000000000000e+00
0.000000000000000000e+00
0.000000000000000000e+00
0.000000000000000000e+00
0.000000000000000000e+00
0.000000000000000000e+00
0.000000000000000000e+00
0.000000000000000000e+00
0.000000000000000000e+00
0.000000000000000000e+00
0.000000000000000000e+00
0.000000000000000000e+00
0.000000000000000000e+00
0.000000000000000000e+00
0.000000000000000000e+00
0.000000000000000000e+00
0.000000000000000000e+00
0.000000000000000000e+00
0.000000000000000000e+00
0.000000000000000000e+00
0.000000000000000000e+00
0.000000000000000000e+00
0.000000000000000000e+00
0.000000000000000000e+00
0.000000000000000000e+00
0.000000000000000000e+00
0.000000000000000000e+00
0.000000000000000000e+00
0.000000000000000000e+00
0.000000000000000000e+00
0.000000000000000000e+00
0.000000000000000000e+00
0.000000000000000000e+00
0.000000000000000000e+00
0.000000000000000000e+00
0.000000000000000000e+00
0.000000000000000000e+00
0.000000000000000000e+00
0.000000000000000000e+00
0.000000000000000000e+00
0.000000000000000000e+00
0.000000000000000000e+00
0.000000000000000000e+00
0.000000000000000000e+00
0.000000000000000000e+00
0.000000000000000000e+00
0.000000000000000000e+00
2.000000000000000000e+00
0.000000000000000000e+00
1.000000000000000000e+00
7.000000000000000000e+00
0.000000000000000000e+00
1.000000000000000000e+00
0.000000000000000000e+00
1.000000000000000000e+00
0.000000000000000000e+00
3.000000000000000000e+00
4.000000000000000000e+00
5.000000000000000000e+00
3.000000000000000000e+00
2.000000000000000000e+00
3.000000000000000000e+00
1.100000000000000000e+01
1.800000000000000000e+01
1.300000000000000000e+01
7.000000000000000000e+00
1.600000000000000000e+01
1.000000000000000000e+01
8.000000000000000000e+00
8.000000000000000000e+00
9.000000000000000000e+00
7.000000000000000000e+00
1.800000000000000000e+01
2.600000000000000000e+01
1.100000000000000000e+01
1.600000000000000000e+01
5.400000000000000000e+01
4.000000000000000000e+00
7.000000000000000000e+00
2.500000000000000000e+01
3.000000000000000000e+01
2.400000000000000000e+01
4.300000000000000000e+01
4.400000000000000000e+01
2.400000000000000000e+01
2.800000000000000000e+01
2.700000000000000000e+01
4.400000000000000000e+01
3.400000000000000000e+01
1.100000000000000000e+01
9.400000000000000000e+01
1.040000000000000000e+02
5.900000000000000000e+01
8.400000000000000000e+01
6.400000000000000000e+01
3.900000000000000000e+01
5.700000000000000000e+01
5.700000000000000000e+01
6.200000000000000000e+01
2.410000000000000000e+02
1.240000000000000000e+02
8.700000000000000000e+01
1.210000000000000000e+02
8.400000000000000000e+01
1.950000000000000000e+02
1.850000000000000000e+02
1.710000000000000000e+02
1.190000000000000000e+02
2.750000000000000000e+02
1.330000000000000000e+02
1.840000000000000000e+02
2.240000000000000000e+02
2.050000000000000000e+02
2.490000000000000000e+02
2.620000000000000000e+02
1.750000000000000000e+02
2.180000000000000000e+02
4.380000000000000000e+02
2.680000000000000000e+02
3.920000000000000000e+02
3.360000000000000000e+02
3.480000000000000000e+02
3.970000000000000000e+02
4.760000000000000000e+02
6.320000000000000000e+02
6.190000000000000000e+02
3.440000000000000000e+02
8.610000000000000000e+02
3.900000000000000000e+02
5.490000000000000000e+02
4.600000000000000000e+02
6.470000000000000000e+02
6.070000000000000000e+02
4.830000000000000000e+02
6.300000000000000000e+02
2.850000000000000000e+02
3.060000000000000000e+02
6.950000000000000000e+02
6.370000000000000000e+02
8.840000000000000000e+02
7.640000000000000000e+02
9.130000000000000000e+02
6.170000000000000000e+02
6.140000000000000000e+02
8.100000000000000000e+02
8.020000000000000000e+02
8.140000000000000000e+02
9.770000000000000000e+02
1.036000000000000000e+03
8.760000000000000000e+02
1.105000000000000000e+03
8.960000000000000000e+02
1.098000000000000000e+03
1.016000000000000000e+03
9.200000000000000000e+02
1.253000000000000000e+03
8.480000000000000000e+02
6.010000000000000000e+02
1.094000000000000000e+03
1.008000000000000000e+03
1.301000000000000000e+03
1.290000000000000000e+03
1.253000000000000000e+03
1.226000000000000000e+03
1.212000000000000000e+03
1.036000000000000000e+03
1.439000000000000000e+03
1.129000000000000000e+03
1.452000000000000000e+03
1.635000000000000000e+03
9.870000000000000000e+02
1.063000000000000000e+03
1.617000000000000000e+03
1.351000000000000000e+03
1.938000000000000000e+03
1.946000000000000000e+03
2.036000000000000000e+03
1.444000000000000000e+03
1.409000000000000000e+03
1.366000000000000000e+03
1.778000000000000000e+03
1.117000000000000000e+03
1.204000000000000000e+03
1.825000000000000000e+03
1.148000000000000000e+03
1.752000000000000000e+03
1.146000000000000000e+03
1.207000000000000000e+03
1.700000000000000000e+03
1.555000000000000000e+03
2.004000000000000000e+03
1.360000000000000000e+03
1.693000000000000000e+03
1.515000000000000000e+03
1.780000000000000000e+03
1.282000000000000000e+03
1.468000000000000000e+03
1.164000000000000000e+03
9.440000000000000000e+02
1.636000000000000000e+03
1.693000000000000000e+03
1.743000000000000000e+03
1.388000000000000000e+03
1.491000000000000000e+03
1.196000000000000000e+03
1.198000000000000000e+03
8.790000000000000000e+02
1.796000000000000000e+03
2.031000000000000000e+03
1.015000000000000000e+03
1.370000000000000000e+03
9.920000000000000000e+02
7.220000000000000000e+02
9.990000000000000000e+02
8.510000000000000000e+02
1.095000000000000000e+03
1.035000000000000000e+03
1.280000000000000000e+03
9.450000000000000000e+02
6.140000000000000000e+02
6.300000000000000000e+02
6.690000000000000000e+02
6.610000000000000000e+02
8.530000000000000000e+02
7.990000000000000000e+02
6.610000000000000000e+02
5.280000000000000000e+02
8.350000000000000000e+02
7.040000000000000000e+02
1.037000000000000000e+03
8.600000000000000000e+02
9.670000000000000000e+02
8.100000000000000000e+02
8.090000000000000000e+02
8.280000000000000000e+02
6.670000000000000000e+02
5.860000000000000000e+02
5.470000000000000000e+02
6.320000000000000000e+02
4.190000000000000000e+02
2.060000000000000000e+02
3.100000000000000000e+02
4.670000000000000000e+02
5.370000000000000000e+02
6.280000000000000000e+02
6.040000000000000000e+02
3.700000000000000000e+02
3.090000000000000000e+02
3.220000000000000000e+02
4.180000000000000000e+02
6.700000000000000000e+02
4.050000000000000000e+02
5.030000000000000000e+02
3.500000000000000000e+02
2.990000000000000000e+02
2.390000000000000000e+02
3.610000000000000000e+02
2.380000000000000000e+02
2.630000000000000000e+02
2.570000000000000000e+02
2.370000000000000000e+02
1.110000000000000000e+02
1.210000000000000000e+02
2.270000000000000000e+02
2.190000000000000000e+02
1.780000000000000000e+02
2.430000000000000000e+02
1.480000000000000000e+02
6.100000000000000000e+01
1.190000000000000000e+02
1.470000000000000000e+02
1.910000000000000000e+02
2.170000000000000000e+02
1.670000000000000000e+02
1.670000000000000000e+02
7.400000000000000000e+01
9.900000000000000000e+01
1.720000000000000000e+02
1.970000000000000000e+02
1.630000000000000000e+02
1.470000000000000000e+02
1.260000000000000000e+02
7.600000000000000000e+01
3.400000000000000000e+01
6.900000000000000000e+01
1.260000000000000000e+02
1.390000000000000000e+02
1.420000000000000000e+02
8.400000000000000000e+01
4.800000000000000000e+01
8.600000000000000000e+01
1.030000000000000000e+02
1.120000000000000000e+02
1.130000000000000000e+02
1.800000000000000000e+02
1.120000000000000000e+02
6.500000000000000000e+01
1.250000000000000000e+02
1.020000000000000000e+02
9.600000000000000000e+01
1.870000000000000000e+02
9.800000000000000000e+01
6.800000000000000000e+01
5.600000000000000000e+01
5.600000000000000000e+01
1.130000000000000000e+02
1.290000000000000000e+02
1.140000000000000000e+02
1.040000000000000000e+02
9.800000000000000000e+01
3.000000000000000000e+01
8.600000000000000000e+01
1.020000000000000000e+02
1.840000000000000000e+02
1.920000000000000000e+02
1.390000000000000000e+02
1.670000000000000000e+02
6.800000000000000000e+01
9.700000000000000000e+01
1.890000000000000000e+02
2.140000000000000000e+02
3.250000000000000000e+02
3.120000000000000000e+02
3.330000000000000000e+02
1.200000000000000000e+02
1.950000000000000000e+02
3.710000000000000000e+02
4.980000000000000000e+02
4.510000000000000000e+02
4.840000000000000000e+02
6.210000000000000000e+02
2.530000000000000000e+02
3.620000000000000000e+02
6.740000000000000000e+02
1.005000000000000000e+03
1.057000000000000000e+03
4.690000000000000000e+02
7.590000000000000000e+02
4.940000000000000000e+02
7.510000000000000000e+02
1.293000000000000000e+03
1.485000000000000000e+03
1.752000000000000000e+03
8.610000000000000000e+02
1.070000000000000000e+03
6.060000000000000000e+02
1.010000000000000000e+03
1.597000000000000000e+03
1.713000000000000000e+03
1.910000000000000000e+03
2.263000000000000000e+03
1.644000000000000000e+03
1.098000000000000000e+03
1.392000000000000000e+03
1.473000000000000000e+03
2.057000000000000000e+03
2.198000000000000000e+03
2.573000000000000000e+03
2.091000000000000000e+03
1.503000000000000000e+03
1.550000000000000000e+03
2.357000000000000000e+03
2.655000000000000000e+03
2.648000000000000000e+03
1.864000000000000000e+03
1.732000000000000000e+03
1.048000000000000000e+03
1.781000000000000000e+03
2.390000000000000000e+03
2.866000000000000000e+03
2.652000000000000000e+03
2.666000000000000000e+03
2.005000000000000000e+03
1.438000000000000000e+03
1.464000000000000000e+03
2.127000000000000000e+03
2.021000000000000000e+03
1.787000000000000000e+03
1.676000000000000000e+03
1.218000000000000000e+03
8.390000000000000000e+02
1.220000000000000000e+03
1.544000000000000000e+03
1.771000000000000000e+03
1.352000000000000000e+03
1.244000000000000000e+03
9.380000000000000000e+02
6.960000000000000000e+02
4.120000000000000000e+02
5.620000000000000000e+02
7.890000000000000000e+02
1.029000000000000000e+03
1.152000000000000000e+03
1.095000000000000000e+03
5.210000000000000000e+02
8.840000000000000000e+02
1.204000000000000000e+03
1.339000000000000000e+03
1.103000000000000000e+03
1.069000000000000000e+03
6.560000000000000000e+02
4.630000000000000000e+02
7.570000000000000000e+02
7.900000000000000000e+02
8.340000000000000000e+02
9.690000000000000000e+02
9.370000000000000000e+02
6.530000000000000000e+02
3.230000000000000000e+02
4.630000000000000000e+02
8.850000000000000000e+02
8.410000000000000000e+02
7.780000000000000000e+02
1.084000000000000000e+03
6.800000000000000000e+02
3.850000000000000000e+02
6.700000000000000000e+02
9.290000000000000000e+02
1.068000000000000000e+03
8.850000000000000000e+02
8.670000000000000000e+02
6.030000000000000000e+02
2.230000000000000000e+02
5.730000000000000000e+02
8.790000000000000000e+02
9.730000000000000000e+02
7.740000000000000000e+02
8.780000000000000000e+02
5.910000000000000000e+02
3.260000000000000000e+02
7.190000000000000000e+02
1.072000000000000000e+03
9.920000000000000000e+02
9.160000000000000000e+02
6.200000000000000000e+02
5.200000000000000000e+02
4.670000000000000000e+02
4.580000000000000000e+02
1.498000000000000000e+03
1.076000000000000000e+03
1.241000000000000000e+03
1.442000000000000000e+03
9.210000000000000000e+02
5.250000000000000000e+02
9.890000000000000000e+02
1.099000000000000000e+03
1.108000000000000000e+03
8.230000000000000000e+02
1.246000000000000000e+03
0.000000000000000000e+00
1.706000000000000000e+03
1.296000000000000000e+03
1.313000000000000000e+03
1.386000000000000000e+03
1.330000000000000000e+03
1.501000000000000000e+03
1.293000000000000000e+03
4.740000000000000000e+02
1.119000000000000000e+03
1.480000000000000000e+03
1.573000000000000000e+03
0.000000000000000000e+00
1.901000000000000000e+03
2.795000000000000000e+03
0.000000000000000000e+00
2.457000000000000000e+03
0.000000000000000000e+00
1.588000000000000000e+03
3.618000000000000000e+03
0.000000000000000000e+00
3.357000000000000000e+03
0.000000000000000000e+00
1.063000000000000000e+03
1.599000000000000000e+03
2.369000000000000000e+03
2.290000000000000000e+03
2.356000000000000000e+03
2.509000000000000000e+03
2.834000000000000000e+03
2.257000000000000000e+03
0.000000000000000000e+00
2.617000000000000000e+03
2.766000000000000000e+03
2.858000000000000000e+03
3.005000000000000000e+03
3.583000000000000000e+03
0.000000000000000000e+00
5.696000000000000000e+03
3.213000000000000000e+03
3.018000000000000000e+03
2.990000000000000000e+03
2.144000000000000000e+03
1.760000000000000000e+03
2.805000000000000000e+03
3.439000000000000000e+03
3.310000000000000000e+03
2.429000000000000000e+03
3.000000000000000000e+03
2.277000000000000000e+03
1.428000000000000000e+03
0.000000000000000000e+00
5.813000000000000000e+03
0.000000000000000000e+00
7.072000000000000000e+03
0.000000000000000000e+00
5.300000000000000000e+03
1.607000000000000000e+03
2.152000000000000000e+03
2.571000000000000000e+03
2.836000000000000000e+03
2.682000000000000000e+03
0.000000000000000000e+00
3.766000000000000000e+03
1.086000000000000000e+03
7.640000000000000000e+02
1.667000000000000000e+03
2.270000000000000000e+03
2.430000000000000000e+03
2.182000000000000000e+03
1.653000000000000000e+03
9.220000000000000000e+02
1.633000000000000000e+03
2.055000000000000000e+03
2.001000000000000000e+03
1.662000000000000000e+03
1.598000000000000000e+03
1.206000000000000000e+03
8.780000000000000000e+02
1.394000000000000000e+03
1.851000000000000000e+03
1.474000000000000000e+03
1.537000000000000000e+03
0.000000000000000000e+00
2.371000000000000000e+03
6.460000000000000000e+02
1.195000000000000000e+03
1.379000000000000000e+03
0.000000000000000000e+00
2.764000000000000000e+03
0.000000000000000000e+00
2.135000000000000000e+03
4.400000000000000000e+02
9.710000000000000000e+02
0.000000000000000000e+00
2.226000000000000000e+03
9.670000000000000000e+02
1.025000000000000000e+03
6.320000000000000000e+02
4.480000000000000000e+02
0.000000000000000000e+00
1.601000000000000000e+03
9.050000000000000000e+02
1.029000000000000000e+03
0.000000000000000000e+00
1.548000000000000000e+03
3.930000000000000000e+02
