0.000000000000000000e+00
0.000000000000000000e+00
0.000000000000000000e+00
0.000000000000000000e+00
0.000000000000000000e+00
0.000000000000000000e+00
0.000000000000000000e+00
0.000000000000000000e+00
0.000000000000000000e+00
0.000000000000000000e+00
0.000000000000000000e+00
0.000000000000000000e+00
0.000000000000000000e+00
0.000000000000000000e+00
0.000000000000000000e+00
0.000000000000000000e+00
0.000000000000000000e+00
0.000000000000000000e+00
0.000000000000000000e+00
0.000000000000000000e+00
0.000000000000000000e+00
0.000000000000000000e+00
0.000000000000000000e+00
0.000000000000000000e+00
0.000000000000000000e+00
0.000000000000000000e+00
0.000000000000000000e+00
0.000000000000000000e+00
0.000000000000000000e+00
0.000000000000000000e+00
1.000000000000000000e+00
1.000000000000000000e+00
1.000000000000000000e+00
1.000000000000000000e+00
1.000000000000000000e+00
2.000000000000000000e+00
2.000000000000000000e+00
2.000000000000000000e+00
4.000000000000000000e+00
1.000000000000000000e+01
1.300000000000000000e+01
1.300000000000000000e+01
1.300000000000000000e+01
1.600000000000000000e+01
2.200000000000000000e+01
2.200000000000000000e+01
3.200000000000000000e+01
3.200000000000000000e+01
4.100000000000000000e+01
6.100000000000000000e+01
6.100000000000000000e+01
7.700000000000000000e+01
9.300000000000000000e+01
1.100000000000000000e+02
1.100000000000000000e+02
1.200000000000000000e+02
1.330000000000000000e+02
1.570000000000000000e+02
1.630000000000000000e+02
1.870000000000000000e+02
2.480000000000000000e+02
2.670000000000000000e+02
3.180000000000000000e+02
3.330000000000000000e+02
3.680000000000000000e+02
3.910000000000000000e+02
4.120000000000000000e+02
4.380000000000000000e+02
4.460000000000000000e+02
4.700000000000000000e+02
4.790000000000000000e+02
4.940000000000000000e+02
5.080000000000000000e+02
5.200000000000000000e+02
5.270000000000000000e+02
5.410000000000000000e+02
5.480000000000000000e+02
5.760000000000000000e+02
5.820000000000000000e+02
6.090000000000000000e+02
6.190000000000000000e+02
6.300000000000000000e+02
6.320000000000000000e+02
6.410000000000000000e+02
6.580000000000000000e+02
6.630000000000000000e+02
6.680000000000000000e+02
6.720000000000000000e+02
6.730000000000000000e+02
6.770000000000000000e+02
6.770000000000000000e+02
6.820000000000000000e+02
6.880000000000000000e+02
6.960000000000000000e+02
7.040000000000000000e+02
7.070000000000000000e+02
7.100000000000000000e+02
7.170000000000000000e+02
7.210000000000000000e+02
7.250000000000000000e+02
7.290000000000000000e+02
7.330000000000000000e+02
7.370000000000000000e+02
7.400000000000000000e+02
7.410000000000000000e+02
7.500000000000000000e+02
7.840000000000000000e+02
7.960000000000000000e+02
8.090000000000000000e+02
8.450000000000000000e+02
8.590000000000000000e+02
8.700000000000000000e+02
8.780000000000000000e+02
8.860000000000000000e+02
8.910000000000000000e+02
9.020000000000000000e+02
9.110000000000000000e+02
9.310000000000000000e+02
9.540000000000000000e+02
9.610000000000000000e+02
1.024000000000000000e+03
1.086000000000000000e+03
1.097000000000000000e+03
1.114000000000000000e+03
1.119000000000000000e+03
1.140000000000000000e+03
1.161000000000000000e+03
1.168000000000000000e+03
1.172000000000000000e+03
1.191000000000000000e+03
1.220000000000000000e+03
1.233000000000000000e+03
1.242000000000000000e+03
1.256000000000000000e+03
1.306000000000000000e+03
1.312000000000000000e+03
1.320000000000000000e+03
1.331000000000000000e+03
1.350000000000000000e+03
1.368000000000000000e+03
1.388000000000000000e+03
1.402000000000000000e+03
1.422000000000000000e+03
1.442000000000000000e+03
1.446000000000000000e+03
1.464000000000000000e+03
1.473000000000000000e+03
1.489000000000000000e+03
1.495000000000000000e+03
1.510000000000000000e+03
1.536000000000000000e+03
1.587000000000000000e+03
1.603000000000000000e+03
1.622000000000000000e+03
1.644000000000000000e+03
1.662000000000000000e+03
1.697000000000000000e+03
1.719000000000000000e+03
1.740000000000000000e+03
1.745000000000000000e+03
1.778000000000000000e+03
1.788000000000000000e+03
1.796000000000000000e+03
1.830000000000000000e+03
1.855000000000000000e+03
1.873000000000000000e+03
1.885000000000000000e+03
1.907000000000000000e+03
1.946000000000000000e+03
2.011000000000000000e+03
2.082000000000000000e+03
2.168000000000000000e+03
2.334000000000000000e+03
2.419000000000000000e+03
2.451000000000000000e+03
2.542000000000000000e+03
2.599000000000000000e+03
2.700000000000000000e+03
2.775000000000000000e+03
2.859000000000000000e+03
2.905000000000000000e+03
2.980000000000000000e+03
3.104000000000000000e+03
3.260000000000000000e+03
3.407000000000000000e+03
3.582000000000000000e+03
3.750000000000000000e+03
3.882000000000000000e+03
4.023000000000000000e+03
4.205000000000000000e+03
4.334000000000000000e+03
4.555000000000000000e+03
4.730000000000000000e+03
4.885000000000000000e+03
5.062000000000000000e+03
5.062000000000000000e+03
5.417000000000000000e+03
5.672000000000000000e+03
5.951000000000000000e+03
6.223000000000000000e+03
6.517000000000000000e+03
6.812000000000000000e+03
7.121000000000000000e+03
7.413000000000000000e+03
7.711000000000000000e+03
8.045000000000000000e+03
8.442000000000000000e+03
8.881000000000000000e+03
9.337000000000000000e+03
9.758000000000000000e+03
1.034700000000000000e+04
1.095200000000000000e+04
1.158000000000000000e+04
1.219100000000000000e+04
1.269800000000000000e+04
1.315500000000000000e+04
1.368700000000000000e+04
1.424800000000000000e+04
1.493700000000000000e+04
1.561300000000000000e+04
1.627500000000000000e+04
1.687000000000000000e+04
1.730800000000000000e+04
1.777700000000000000e+04
1.837500000000000000e+04
1.896300000000000000e+04
1.949000000000000000e+04
2.001100000000000000e+04
2.042600000000000000e+04
2.082600000000000000e+04
2.132400000000000000e+04
2.187700000000000000e+04
2.243700000000000000e+04
2.298300000000000000e+04
2.366900000000000000e+04
2.431000000000000000e+04
2.540100000000000000e+04
2.544900000000000000e+04
2.608300000000000000e+04
2.676800000000000000e+04
2.751800000000000000e+04
2.829700000000000000e+04
2.930300000000000000e+04
2.998700000000000000e+04
3.085200000000000000e+04
3.179200000000000000e+04
3.281900000000000000e+04
3.396200000000000000e+04
3.524200000000000000e+04
3.625400000000000000e+04
3.727200000000000000e+04
3.837700000000000000e+04
3.963400000000000000e+04
4.088200000000000000e+04
4.217300000000000000e+04
4.349400000000000000e+04
4.448200000000000000e+04
4.565700000000000000e+04
4.691800000000000000e+04
4.837700000000000000e+04
4.974400000000000000e+04
5.117000000000000000e+04
5.255800000000000000e+04
5.356800000000000000e+04
5.462400000000000000e+04
5.586900000000000000e+04
5.724600000000000000e+04
5.874500000000000000e+04
6.011300000000000000e+04
6.128400000000000000e+04
6.228600000000000000e+04
6.294400000000000000e+04
6.433600000000000000e+04
6.557700000000000000e+04
6.702700000000000000e+04
6.847900000000000000e+04
6.990600000000000000e+04
7.139000000000000000e+04
7.218600000000000000e+04
7.399500000000000000e+04
7.584500000000000000e+04
7.777800000000000000e+04
7.952900000000000000e+04
8.122800000000000000e+04
8.261700000000000000e+04
8.369700000000000000e+04
8.520900000000000000e+04
8.709700000000000000e+04
8.918600000000000000e+04
9.132800000000000000e+04
9.309700000000000000e+04
9.423600000000000000e+04
9.535500000000000000e+04
9.690700000000000000e+04
9.882900000000000000e+04
1.007030000000000000e+05
1.026070000000000000e+05
1.042670000000000000e+05
1.054300000000000000e+05
1.064460000000000000e+05
1.079530000000000000e+05
1.100370000000000000e+05
1.119460000000000000e+05
1.136550000000000000e+05
1.152830000000000000e+05
1.164760000000000000e+05
1.175170000000000000e+05
1.187050000000000000e+05
1.203410000000000000e+05
1.222000000000000000e+05
1.239820000000000000e+05
1.256780000000000000e+05
1.269440000000000000e+05
1.279440000000000000e+05
1.294550000000000000e+05
1.312970000000000000e+05
1.328170000000000000e+05
1.342950000000000000e+05
1.342950000000000000e+05
1.371120000000000000e+05
1.380960000000000000e+05
1.391350000000000000e+05
1.404090000000000000e+05
1.421870000000000000e+05
1.437050000000000000e+05
1.452450000000000000e+05
1.465200000000000000e+05
1.476130000000000000e+05
1.488770000000000000e+05
1.509330000000000000e+05
1.530490000000000000e+05
1.549440000000000000e+05
1.565700000000000000e+05
1.581040000000000000e+05
1.592860000000000000e+05
1.609790000000000000e+05
1.632250000000000000e+05
1.659330000000000000e+05
1.680690000000000000e+05
1.694720000000000000e+05
1.712260000000000000e+05
1.728200000000000000e+05
1.751180000000000000e+05
1.779960000000000000e+05
1.815030000000000000e+05
1.838880000000000000e+05
1.864080000000000000e+05
1.892780000000000000e+05
1.921390000000000000e+05
1.957590000000000000e+05
1.999250000000000000e+05
2.046990000000000000e+05
2.101390000000000000e+05
2.155530000000000000e+05
2.192960000000000000e+05
2.223910000000000000e+05
2.269480000000000000e+05
2.319360000000000000e+05
2.371320000000000000e+05
2.432860000000000000e+05
2.491580000000000000e+05
2.528120000000000000e+05
2.559560000000000000e+05
2.603150000000000000e+05
2.646470000000000000e+05
2.692410000000000000e+05
2.724610000000000000e+05
2.765870000000000000e+05
2.795970000000000000e+05
2.822490000000000000e+05
2.857540000000000000e+05
2.896600000000000000e+05
2.931570000000000000e+05
2.962820000000000000e+05
2.989130000000000000e+05
3.010520000000000000e+05
3.030720000000000000e+05
3.058420000000000000e+05
3.091620000000000000e+05
3.122690000000000000e+05
3.153400000000000000e+05
3.178360000000000000e+05
3.199170000000000000e+05
3.219800000000000000e+05
3.248660000000000000e+05
3.280230000000000000e+05
3.311590000000000000e+05
3.340930000000000000e+05
3.369990000000000000e+05
3.391290000000000000e+05
3.408680000000000000e+05
3.436010000000000000e+05
3.460800000000000000e+05
3.488100000000000000e+05
3.510650000000000000e+05
3.533710000000000000e+05
3.550730000000000000e+05
3.566140000000000000e+05
3.593370000000000000e+05
3.628500000000000000e+05
3.663190000000000000e+05
3.696920000000000000e+05
3.727920000000000000e+05
3.750500000000000000e+05
3.769380000000000000e+05
3.800360000000000000e+05
3.834990000000000000e+05
3.868680000000000000e+05
3.900700000000000000e+05
3.932280000000000000e+05
3.956040000000000000e+05
3.978870000000000000e+05
4.018260000000000000e+05
4.054070000000000000e+05
4.089090000000000000e+05
4.118390000000000000e+05
4.153620000000000000e+05
4.184480000000000000e+05
4.199530000000000000e+05
4.234330000000000000e+05
4.269770000000000000e+05
4.307340000000000000e+05
4.343220000000000000e+05
4.365750000000000000e+05
4.395680000000000000e+05
4.410140000000000000e+05
4.448650000000000000e+05
4.487210000000000000e+05
4.522810000000000000e+05
4.553810000000000000e+05
4.583380000000000000e+05
4.610620000000000000e+05
4.623390000000000000e+05
4.650070000000000000e+05
4.684000000000000000e+05
4.719620000000000000e+05
4.749250000000000000e+05
4.771130000000000000e+05
4.795010000000000000e+05
4.805020000000000000e+05
4.827980000000000000e+05
4.859180000000000000e+05
4.894280000000000000e+05
4.919280000000000000e+05
4.946330000000000000e+05
4.968460000000000000e+05
4.978540000000000000e+05
4.998390000000000000e+05
5.022990000000000000e+05
5.048000000000000000e+05
5.068080000000000000e+05
5.085030000000000000e+05
5.104030000000000000e+05
5.113980000000000000e+05
5.130060000000000000e+05
5.150880000000000000e+05
5.166000000000000000e+05
5.181040000000000000e+05
5.196150000000000000e+05
5.209390000000000000e+05
5.215810000000000000e+05
5.227630000000000000e+05
5.242410000000000000e+05
5.255770000000000000e+05
5.265780000000000000e+05
5.275080000000000000e+05
5.282080000000000000e+05
5.284570000000000000e+05
5.292050000000000000e+05
5.302170000000000000e+05
5.312340000000000000e+05
5.318340000000000000e+05
5.322690000000000000e+05
5.328390000000000000e+05
5.331410000000000000e+05
5.336850000000000000e+05
5.343880000000000000e+05
5.349680000000000000e+05
5.349680000000000000e+05
5.354460000000000000e+05
5.357530000000000000e+05
5.359540000000000000e+05
5.365540000000000000e+05
5.370430000000000000e+05
5.374370000000000000e+05
5.378870000000000000e+05
5.382180000000000000e+05
5.385180000000000000e+05
5.386680000000000000e+05
5.389910000000000000e+05
5.392710000000000000e+05
5.395900000000000000e+05
5.398880000000000000e+05
5.401320000000000000e+05
5.402770000000000000e+05
5.403880000000000000e+05
5.406300000000000000e+05
5.408440000000000000e+05
5.410090000000000000e+05
5.412320000000000000e+05
5.414230000000000000e+05
5.415570000000000000e+05
5.416280000000000000e+05
5.418010000000000000e+05
5.419400000000000000e+05
5.419400000000000000e+05
5.423750000000000000e+05
5.423750000000000000e+05
5.423750000000000000e+05
5.426490000000000000e+05
5.428190000000000000e+05
5.429340000000000000e+05
5.430990000000000000e+05
5.432670000000000000e+05
5.433710000000000000e+05
5.435050000000000000e+05
5.435510000000000000e+05
5.436980000000000000e+05
5.438650000000000000e+05
5.440020000000000000e+05
5.441650000000000000e+05
5.442910000000000000e+05
5.444540000000000000e+05
5.445200000000000000e+05
5.447050000000000000e+05
5.448660000000000000e+05
5.450160000000000000e+05
5.452260000000000000e+05
5.453630000000000000e+05
5.455700000000000000e+05
5.456710000000000000e+05
5.459650000000000000e+05
5.463660000000000000e+05
5.467660000000000000e+05
5.471700000000000000e+05
5.474970000000000000e+05
5.478110000000000000e+05
5.479610000000000000e+05
5.484550000000000000e+05
5.489720000000000000e+05
5.494270000000000000e+05
5.500040000000000000e+05
5.504920000000000000e+05
5.509420000000000000e+05
5.511570000000000000e+05
5.517890000000000000e+05
5.523280000000000000e+05
5.528710000000000000e+05
5.536150000000000000e+05
5.544580000000000000e+05
5.553020000000000000e+05
5.556430000000000000e+05
5.571450000000000000e+05
5.583690000000000000e+05
5.594730000000000000e+05
5.603960000000000000e+05
5.613800000000000000e+05
5.625270000000000000e+05
