0.000000000000000000e+00
0.000000000000000000e+00
0.000000000000000000e+00
0.000000000000000000e+00
0.000000000000000000e+00
0.000000000000000000e+00
0.000000000000000000e+00
0.000000000000000000e+00
0.000000000000000000e+00
0.000000000000000000e+00
0.000000000000000000e+00
0.000000000000000000e+00
0.000000000000000000e+00
0.000000000000000000e+00
0.000000000000000000e+00
0.000000000000000000e+00
0.000000000000000000e+00
0.000000000000000000e+00
0.000000000000000000e+00
0.000000000000000000e+00
0.000000000000000000e+00
0.000000000000000000e+00
0.000000000000000000e+00
0.000000000000000000e+00
0.000000000000000000e+00
0.000000000000000000e+00
0.000000000000000000e+00
0.000000000000000000e+00
0.000000000000000000e+00
0.000000000000000000e+00
0.000000000000000000e+00
0.000000000000000000e+00
0.000000000000000000e+00
0.000000000000000000e+00
0.000000000000000000e+00
0.000000000000000000e+00
0.000000000000000000e+00
0.000000000000000000e+00
0.000000000000000000e+00
0.000000000000000000e+00
0.000000000000000000e+00
0.000000000000000000e+00
0.000000000000000000e+00
0.000000000000000000e+00
0.000000000000000000e+00
0.000000000000000000e+00
0.000000000000000000e+00
0.000000000000000000e+00
0.000000000000000000e+00
0.000000000000000000e+00
0.000000000000000000e+00
4.000000000000000000e+00
2.000000000000000000e+00
2.000000000000000000e+00
2.100000000000000000e+01
2.100000000000000000e+01
2.900000000000000000e+01
1.500000000000000000e+01
1.600000000000000000e+01
2.500000000000000000e+01
2.300000000000000000e+01
4.000000000000000000e+00
2.700000000000000000e+01
2.800000000000000000e+01
2.100000000000000000e+01
3.600000000000000000e+01
2.900000000000000000e+01
6.000000000000000000e+00
1.100000000000000000e+01
1.800000000000000000e+01
1.200000000000000000e+01
1.900000000000000000e+01
1.700000000000000000e+01
1.400000000000000000e+01
6.000000000000000000e+00
9.000000000000000000e+00
9.000000000000000000e+00
3.200000000000000000e+01
1.700000000000000000e+01
2.100000000000000000e+01
7.000000000000000000e+00
-2.100000000000000000e+01
3.000000000000000000e+00
9.000000000000000000e+00
1.000000000000000000e+00
9.000000000000000000e+00
6.000000000000000000e+00
9.000000000000000000e+00
1.100000000000000000e+01
7.000000000000000000e+00
8.000000000000000000e+00
6.000000000000000000e+00
8.000000000000000000e+00
6.000000000000000000e+00
3.300000000000000000e+01
1.000000000000000000e+01
1.400000000000000000e+01
5.000000000000000000e+00
5.000000000000000000e+00
1.300000000000000000e+01
5.000000000000000000e+00
4.000000000000000000e+00
3.000000000000000000e+00
2.000000000000000000e+00
1.300000000000000000e+01
3.000000000000000000e+00
1.100000000000000000e+01
1.000000000000000000e+01
8.000000000000000000e+00
5.000000000000000000e+00
4.000000000000000000e+00
6.000000000000000000e+00
2.000000000000000000e+00
5.000000000000000000e+00
8.000000000000000000e+00
1.000000000000000000e+00
1.000000000000000000e+00
3.000000000000000000e+00
1.000000000000000000e+00
8.000000000000000000e+00
3.000000000000000000e+00
4.000000000000000000e+00
1.100000000000000000e+01
5.000000000000000000e+00
1.800000000000000000e+01
2.000000000000000000e+00
1.400000000000000000e+01
8.000000000000000000e+00
5.000000000000000000e+00
5.000000000000000000e+00
2.000000000000000000e+00
2.000000000000000000e+00
1.000000000000000000e+00
2.000000000000000000e+00
4.000000000000000000e+00
2.000000000000000000e+00
1.100000000000000000e+01
0.000000000000000000e+00
0.000000000000000000e+00
1.000000000000000000e+00
1.000000000000000000e+00
0.000000000000000000e+00
0.000000000000000000e+00
0.000000000000000000e+00
1.000000000000000000e+00
0.000000000000000000e+00
1.000000000000000000e+00
0.000000000000000000e+00
1.000000000000000000e+00
3.000000000000000000e+00
6.000000000000000000e+00
1.700000000000000000e+01
6.000000000000000000e+00
3.000000000000000000e+00
1.700000000000000000e+01
5.000000000000000000e+00
1.200000000000000000e+01
5.000000000000000000e+00
5.000000000000000000e+00
3.000000000000000000e+00
4.000000000000000000e+00
7.000000000000000000e+00
4.000000000000000000e+00
5.000000000000000000e+00
3.000000000000000000e+00
1.000000000000000000e+00
4.000000000000000000e+00
5.000000000000000000e+00
9.000000000000000000e+00
3.000000000000000000e+00
8.000000000000000000e+00
1.000000000000000000e+00
1.000000000000000000e+00
2.000000000000000000e+00
8.000000000000000000e+00
1.200000000000000000e+01
1.700000000000000000e+01
1.100000000000000000e+01
7.000000000000000000e+00
1.000000000000000000e+01
1.000000000000000000e+01
3.200000000000000000e+01
2.100000000000000000e+01
2.400000000000000000e+01
2.500000000000000000e+01
8.000000000000000000e+00
1.800000000000000000e+01
1.000000000000000000e+01
1.600000000000000000e+01
1.900000000000000000e+01
6.000000000000000000e+00
2.100000000000000000e+01
1.400000000000000000e+01
8.000000000000000000e+00
5.000000000000000000e+00
9.000000000000000000e+00
9.000000000000000000e+00
9.000000000000000000e+00
7.000000000000000000e+00
1.000000000000000000e+01
1.800000000000000000e+01
1.100000000000000000e+01
2.100000000000000000e+01
8.000000000000000000e+00
1.600000000000000000e+01
1.200000000000000000e+01
1.300000000000000000e+01
6.000000000000000000e+00
1.700000000000000000e+01
2.800000000000000000e+01
8.000000000000000000e+00
1.300000000000000000e+01
1.000000000000000000e+01
5.000000000000000000e+00
6.000000000000000000e+00
6.000000000000000000e+00
3.000000000000000000e+00
7.000000000000000000e+00
8.000000000000000000e+00
5.000000000000000000e+00
1.400000000000000000e+01
1.500000000000000000e+01
1.000000000000000000e+01
1.600000000000000000e+01
1.500000000000000000e+01
1.000000000000000000e+01
1.700000000000000000e+01
1.600000000000000000e+01
1.000000000000000000e+01
1.400000000000000000e+01
1.900000000000000000e+01
2.900000000000000000e+01
1.800000000000000000e+01
1.400000000000000000e+01
7.000000000000000000e+00
2.800000000000000000e+01
4.000000000000000000e+00
1.500000000000000000e+01
2.900000000000000000e+01
2.000000000000000000e+01
1.400000000000000000e+01
1.400000000000000000e+01
1.300000000000000000e+01
1.000000000000000000e+01
7.000000000000000000e+00
1.200000000000000000e+01
1.300000000000000000e+01
8.000000000000000000e+00
3.100000000000000000e+01
1.000000000000000000e+01
2.000000000000000000e+00
2.300000000000000000e+01
1.300000000000000000e+01
1.500000000000000000e+01
3.600000000000000000e+01
2.500000000000000000e+01
2.300000000000000000e+01
1.000000000000000000e+01
2.200000000000000000e+01
2.900000000000000000e+01
2.000000000000000000e+01
2.500000000000000000e+01
1.700000000000000000e+01
2.600000000000000000e+01
1.900000000000000000e+01
2.400000000000000000e+01
5.100000000000000000e+01
2.900000000000000000e+01
3.300000000000000000e+01
5.100000000000000000e+01
3.000000000000000000e+01
2.900000000000000000e+01
6.300000000000000000e+01
4.000000000000000000e+01
3.800000000000000000e+01
5.800000000000000000e+01
4.800000000000000000e+01
4.400000000000000000e+01
2.100000000000000000e+01
4.400000000000000000e+01
6.500000000000000000e+01
6.300000000000000000e+01
3.800000000000000000e+01
4.200000000000000000e+01
2.500000000000000000e+01
1.600000000000000000e+01
3.100000000000000000e+01
4.900000000000000000e+01
6.400000000000000000e+01
6.100000000000000000e+01
7.100000000000000000e+01
7.300000000000000000e+01
4.600000000000000000e+01
6.000000000000000000e+01
8.000000000000000000e+01
9.500000000000000000e+01
8.800000000000000000e+01
7.400000000000000000e+01
7.300000000000000000e+01
7.400000000000000000e+01
1.040000000000000000e+02
8.800000000000000000e+01
8.100000000000000000e+01
1.000000000000000000e+02
8.700000000000000000e+01
1.350000000000000000e+02
6.400000000000000000e+01
1.070000000000000000e+02
1.180000000000000000e+02
1.290000000000000000e+02
1.860000000000000000e+02
2.080000000000000000e+02
2.050000000000000000e+02
1.410000000000000000e+02
1.670000000000000000e+02
2.010000000000000000e+02
2.300000000000000000e+02
2.760000000000000000e+02
2.340000000000000000e+02
3.380000000000000000e+02
2.020000000000000000e+02
3.010000000000000000e+02
2.980000000000000000e+02
3.830000000000000000e+02
3.620000000000000000e+02
3.310000000000000000e+02
5.280000000000000000e+02
3.210000000000000000e+02
3.890000000000000000e+02
4.750000000000000000e+02
5.430000000000000000e+02
5.140000000000000000e+02
6.070000000000000000e+02
4.910000000000000000e+02
4.290000000000000000e+02
5.240000000000000000e+02
7.090000000000000000e+02
7.470000000000000000e+02
3.910000000000000000e+02
3.700000000000000000e+02
5.100000000000000000e+02
5.780000000000000000e+02
6.560000000000000000e+02
5.180000000000000000e+02
6.390000000000000000e+02
6.340000000000000000e+02
5.220000000000000000e+02
5.480000000000000000e+02
6.030000000000000000e+02
6.780000000000000000e+02
9.440000000000000000e+02
7.590000000000000000e+02
5.320000000000000000e+02
6.350000000000000000e+02
1.212000000000000000e+03
7.150000000000000000e+02
9.450000000000000000e+02
6.290000000000000000e+02
1.514000000000000000e+03
9.570000000000000000e+02
7.230000000000000000e+02
7.090000000000000000e+02
4.850000000000000000e+02
5.830000000000000000e+02
8.480000000000000000e+02
6.980000000000000000e+02
1.178000000000000000e+03
7.970000000000000000e+02
6.660000000000000000e+02
4.080000000000000000e+02
6.390000000000000000e+02
6.480000000000000000e+02
5.590000000000000000e+02
6.420000000000000000e+02
6.520000000000000000e+02
5.570000000000000000e+02
3.900000000000000000e+02
5.390000000000000000e+02
5.480000000000000000e+02
5.890000000000000000e+02
4.990000000000000000e+02
5.090000000000000000e+02
4.990000000000000000e+02
3.390000000000000000e+02
5.030000000000000000e+02
6.250000000000000000e+02
4.760000000000000000e+02
5.740000000000000000e+02
6.310000000000000000e+02
4.500000000000000000e+02
4.510000000000000000e+02
3.650000000000000000e+02
4.830000000000000000e+02
5.440000000000000000e+02
6.250000000000000000e+02
7.860000000000000000e+02
6.520000000000000000e+02
4.950000000000000000e+02
6.630000000000000000e+02
9.010000000000000000e+02
8.210000000000000000e+02
8.470000000000000000e+02
8.200000000000000000e+02
6.320000000000000000e+02
5.950000000000000000e+02
5.820000000000000000e+02
9.030000000000000000e+02
8.710000000000000000e+02
9.840000000000000000e+02
1.081000000000000000e+03
8.270000000000000000e+02
8.630000000000000000e+02
8.270000000000000000e+02
9.570000000000000000e+02
1.233000000000000000e+03
1.357000000000000000e+03
1.059000000000000000e+03
1.558000000000000000e+03
1.171000000000000000e+03
9.080000000000000000e+02
1.368000000000000000e+03
1.678000000000000000e+03
1.585000000000000000e+03
1.522000000000000000e+03
1.614000000000000000e+03
2.693000000000000000e+03
1.777000000000000000e+03
1.805000000000000000e+03
1.646000000000000000e+03
2.885000000000000000e+03
2.935000000000000000e+03
2.128000000000000000e+03
2.178000000000000000e+03
2.877000000000000000e+03
3.088000000000000000e+03
2.639000000000000000e+03
3.380000000000000000e+03
2.336000000000000000e+03
3.853000000000000000e+03
2.201000000000000000e+03
3.105000000000000000e+03
3.924000000000000000e+03
3.670000000000000000e+03
7.289000000000000000e+03
3.434000000000000000e+03
3.262000000000000000e+03
2.531000000000000000e+03
2.257000000000000000e+03
2.659000000000000000e+03
4.410000000000000000e+03
3.070000000000000000e+03
2.831000000000000000e+03
2.344000000000000000e+03
2.289000000000000000e+03
2.294000000000000000e+03
3.274000000000000000e+03
3.290000000000000000e+03
3.646000000000000000e+03
2.789000000000000000e+03
2.539000000000000000e+03
2.484000000000000000e+03
2.747000000000000000e+03
2.931000000000000000e+03
2.707000000000000000e+03
2.694000000000000000e+03
2.480000000000000000e+03
1.584000000000000000e+03
1.628000000000000000e+03
2.826000000000000000e+03
2.921000000000000000e+03
3.582000000000000000e+03
2.697000000000000000e+03
2.654000000000000000e+03
1.883000000000000000e+03
2.187000000000000000e+03
2.977000000000000000e+03
2.255000000000000000e+03
3.799000000000000000e+03
3.305000000000000000e+03
2.873000000000000000e+03
2.433000000000000000e+03
2.394000000000000000e+03
3.120000000000000000e+03
3.339000000000000000e+03
4.576000000000000000e+03
4.599000000000000000e+03
3.469000000000000000e+03
3.089000000000000000e+03
2.790000000000000000e+03
3.971000000000000000e+03
4.576000000000000000e+03
3.937000000000000000e+03
1.826000000000000000e+03
5.974000000000000000e+03
3.316000000000000000e+03
3.015000000000000000e+03
3.503000000000000000e+03
3.518000000000000000e+03
2.887000000000000000e+03
4.079000000000000000e+03
4.213000000000000000e+03
3.832000000000000000e+03
2.248000000000000000e+03
4.195000000000000000e+03
3.427000000000000000e+03
3.622000000000000000e+03
3.457000000000000000e+03
2.986000000000000000e+03
2.043000000000000000e+03
2.305000000000000000e+03
2.797000000000000000e+03
2.900000000000000000e+03
2.147000000000000000e+03
2.716000000000000000e+03
1.999000000000000000e+03
1.488000000000000000e+03
1.517000000000000000e+03
2.079000000000000000e+03
1.786000000000000000e+03
1.747000000000000000e+03
1.586000000000000000e+03
1.279000000000000000e+03
1.007000000000000000e+03
1.049000000000000000e+03
1.263000000000000000e+03
1.172000000000000000e+03
1.250000000000000000e+03
8.170000000000000000e+02
7.610000000000000000e+02
5.310000000000000000e+02
5.770000000000000000e+02
7.330000000000000000e+02
6.460000000000000000e+02
6.330000000000000000e+02
6.040000000000000000e+02
3.790000000000000000e+02
2.980000000000000000e+02
2.970000000000000000e+02
4.210000000000000000e+02
4.070000000000000000e+02
3.370000000000000000e+02
4.390000000000000000e+02
2.530000000000000000e+02
1.420000000000000000e+02
1.970000000000000000e+02
3.040000000000000000e+02
2.370000000000000000e+02
2.980000000000000000e+02
2.400000000000000000e+02
1.600000000000000000e+02
1.200000000000000000e+02
1.530000000000000000e+02
2.090000000000000000e+02
1.830000000000000000e+02
2.110000000000000000e+02
1.770000000000000000e+02
1.530000000000000000e+02
5.200000000000000000e+01
