0.000000000000000000e+00
0.000000000000000000e+00
0.000000000000000000e+00
0.000000000000000000e+00
0.000000000000000000e+00
0.000000000000000000e+00
0.000000000000000000e+00
0.000000000000000000e+00
0.000000000000000000e+00
0.000000000000000000e+00
0.000000000000000000e+00
0.000000000000000000e+00
0.000000000000000000e+00
0.000000000000000000e+00
0.000000000000000000e+00
0.000000000000000000e+00
0.000000000000000000e+00
0.000000000000000000e+00
0.000000000000000000e+00
0.000000000000000000e+00
0.000000000000000000e+00
0.000000000000000000e+00
0.000000000000000000e+00
0.000000000000000000e+00
0.000000000000000000e+00
0.000000000000000000e+00
0.000000000000000000e+00
0.000000000000000000e+00
0.000000000000000000e+00
0.000000000000000000e+00
0.000000000000000000e+00
0.000000000000000000e+00
0.000000000000000000e+00
0.000000000000000000e+00
0.000000000000000000e+00
0.000000000000000000e+00
0.000000000000000000e+00
0.000000000000000000e+00
0.000000000000000000e+00
0.000000000000000000e+00
0.000000000000000000e+00
0.000000000000000000e+00
0.000000000000000000e+00
0.000000000000000000e+00
0.000000000000000000e+00
0.000000000000000000e+00
0.000000000000000000e+00
0.000000000000000000e+00
0.000000000000000000e+00
0.000000000000000000e+00
0.000000000000000000e+00
0.000000000000000000e+00
0.000000000000000000e+00
0.000000000000000000e+00
0.000000000000000000e+00
0.000000000000000000e+00
0.000000000000000000e+00
0.000000000000000000e+00
0.000000000000000000e+00
0.000000000000000000e+00
0.000000000000000000e+00
0.000000000000000000e+00
0.000000000000000000e+00
0.000000000000000000e+00
0.000000000000000000e+00
0.000000000000000000e+00
0.000000000000000000e+00
0.000000000000000000e+00
0.000000000000000000e+00
0.000000000000000000e+00
0.000000000000000000e+00
0.000000000000000000e+00
0.000000000000000000e+00
0.000000000000000000e+00
0.000000000000000000e+00
0.000000000000000000e+00
0.000000000000000000e+00
0.000000000000000000e+00
0.000000000000000000e+00
0.000000000000000000e+00
0.000000000000000000e+00
0.000000000000000000e+00
0.000000000000000000e+00
0.000000000000000000e+00
0.000000000000000000e+00
0.000000000000000000e+00
0.000000000000000000e+00
0.000000000000000000e+00
0.000000000000000000e+00
0.000000000000000000e+00
0.000000000000000000e+00
0.000000000000000000e+00
0.000000000000000000e+00
0.000000000000000000e+00
0.000000000000000000e+00
0.000000000000000000e+00
0.000000000000000000e+00
0.000000000000000000e+00
0.000000000000000000e+00
1.000000000000000000e+00
1.000000000000000000e+00
3.000000000000000000e+00
3.000000000000000000e+00
3.000000000000000000e+00
3.000000000000000000e+00
8.000000000000000000e+00
8.000000000000000000e+00
8.000000000000000000e+00
1.100000000000000000e+01
1.100000000000000000e+01
1.100000000000000000e+01
1.100000000000000000e+01
1.100000000000000000e+01
1.100000000000000000e+01
1.100000000000000000e+01
1.100000000000000000e+01
1.100000000000000000e+01
1.100000000000000000e+01
1.100000000000000000e+01
3.400000000000000000e+01
3.400000000000000000e+01
7.800000000000000000e+01
7.800000000000000000e+01
8.700000000000000000e+01
8.700000000000000000e+01
8.700000000000000000e+01
8.700000000000000000e+01
8.700000000000000000e+01
8.700000000000000000e+01
1.060000000000000000e+02
1.060000000000000000e+02
1.060000000000000000e+02
1.320000000000000000e+02
1.320000000000000000e+02
1.320000000000000000e+02
1.320000000000000000e+02
1.410000000000000000e+02
1.410000000000000000e+02
1.410000000000000000e+02
1.410000000000000000e+02
1.620000000000000000e+02
1.620000000000000000e+02
1.630000000000000000e+02
1.760000000000000000e+02
1.760000000000000000e+02
1.760000000000000000e+02
1.970000000000000000e+02
1.970000000000000000e+02
2.100000000000000000e+02
2.100000000000000000e+02
2.470000000000000000e+02
2.470000000000000000e+02
2.470000000000000000e+02
2.650000000000000000e+02
2.650000000000000000e+02
2.720000000000000000e+02
2.720000000000000000e+02
2.720000000000000000e+02
2.720000000000000000e+02
2.720000000000000000e+02
3.030000000000000000e+02
3.030000000000000000e+02
3.030000000000000000e+02
3.090000000000000000e+02
3.090000000000000000e+02
3.110000000000000000e+02
3.110000000000000000e+02
3.110000000000000000e+02
3.130000000000000000e+02
3.140000000000000000e+02
3.140000000000000000e+02
3.170000000000000000e+02
3.170000000000000000e+02
3.170000000000000000e+02
3.210000000000000000e+02
3.210000000000000000e+02
3.280000000000000000e+02
3.280000000000000000e+02
3.280000000000000000e+02
3.340000000000000000e+02
3.340000000000000000e+02
3.370000000000000000e+02
3.370000000000000000e+02
3.400000000000000000e+02
3.400000000000000000e+02
3.400000000000000000e+02
3.540000000000000000e+02
3.540000000000000000e+02
3.540000000000000000e+02
3.780000000000000000e+02
3.780000000000000000e+02
3.780000000000000000e+02
3.860000000000000000e+02
3.860000000000000000e+02
3.860000000000000000e+02
3.880000000000000000e+02
3.880000000000000000e+02
3.960000000000000000e+02
3.960000000000000000e+02
3.990000000000000000e+02
3.990000000000000000e+02
3.990000000000000000e+02
3.990000000000000000e+02
3.990000000000000000e+02
3.990000000000000000e+02
4.030000000000000000e+02
4.030000000000000000e+02
4.050000000000000000e+02
4.050000000000000000e+02
4.060000000000000000e+02
4.060000000000000000e+02
4.170000000000000000e+02
4.170000000000000000e+02
4.170000000000000000e+02
4.170000000000000000e+02
4.170000000000000000e+02
4.170000000000000000e+02
4.170000000000000000e+02
4.220000000000000000e+02
4.220000000000000000e+02
4.230000000000000000e+02
4.230000000000000000e+02
4.230000000000000000e+02
4.270000000000000000e+02
4.270000000000000000e+02
4.480000000000000000e+02
4.480000000000000000e+02
4.520000000000000000e+02
4.520000000000000000e+02
4.520000000000000000e+02
4.560000000000000000e+02
4.560000000000000000e+02
4.560000000000000000e+02
4.560000000000000000e+02
4.560000000000000000e+02
4.560000000000000000e+02
4.570000000000000000e+02
4.670000000000000000e+02
4.670000000000000000e+02
4.700000000000000000e+02
4.700000000000000000e+02
4.700000000000000000e+02
4.700000000000000000e+02
4.700000000000000000e+02
4.700000000000000000e+02
4.700000000000000000e+02
4.740000000000000000e+02
4.740000000000000000e+02
4.780000000000000000e+02
4.780000000000000000e+02
4.780000000000000000e+02
4.790000000000000000e+02
4.790000000000000000e+02
4.840000000000000000e+02
4.840000000000000000e+02
4.870000000000000000e+02
4.870000000000000000e+02
4.870000000000000000e+02
4.910000000000000000e+02
4.910000000000000000e+02
4.950000000000000000e+02
4.950000000000000000e+02
4.950000000000000000e+02
4.950000000000000000e+02
4.950000000000000000e+02
4.960000000000000000e+02
4.960000000000000000e+02
4.960000000000000000e+02
5.020000000000000000e+02
5.020000000000000000e+02
5.020000000000000000e+02
5.020000000000000000e+02
5.040000000000000000e+02
5.040000000000000000e+02
5.170000000000000000e+02
5.170000000000000000e+02
5.170000000000000000e+02
5.170000000000000000e+02
5.170000000000000000e+02
5.170000000000000000e+02
5.170000000000000000e+02
5.170000000000000000e+02
5.370000000000000000e+02
5.450000000000000000e+02
5.450000000000000000e+02
5.450000000000000000e+02
5.450000000000000000e+02
5.540000000000000000e+02
5.570000000000000000e+02
5.570000000000000000e+02
5.630000000000000000e+02
5.630000000000000000e+02
5.630000000000000000e+02
5.690000000000000000e+02
5.690000000000000000e+02
5.740000000000000000e+02
5.740000000000000000e+02
5.790000000000000000e+02
5.790000000000000000e+02
5.790000000000000000e+02
5.910000000000000000e+02
5.910000000000000000e+02
5.920000000000000000e+02
5.920000000000000000e+02
5.960000000000000000e+02
5.960000000000000000e+02
5.960000000000000000e+02
6.070000000000000000e+02
6.070000000000000000e+02
6.100000000000000000e+02
6.100000000000000000e+02
6.110000000000000000e+02
6.110000000000000000e+02
6.110000000000000000e+02
6.130000000000000000e+02
6.130000000000000000e+02
6.150000000000000000e+02
6.150000000000000000e+02
6.160000000000000000e+02
6.160000000000000000e+02
6.160000000000000000e+02
6.170000000000000000e+02
6.170000000000000000e+02
6.170000000000000000e+02
6.170000000000000000e+02
6.280000000000000000e+02
6.280000000000000000e+02
6.280000000000000000e+02
6.330000000000000000e+02
6.330000000000000000e+02
6.430000000000000000e+02
6.430000000000000000e+02
6.430000000000000000e+02
6.660000000000000000e+02
6.660000000000000000e+02
6.930000000000000000e+02
6.930000000000000000e+02
7.150000000000000000e+02
7.150000000000000000e+02
7.150000000000000000e+02
7.150000000000000000e+02
7.150000000000000000e+02
7.650000000000000000e+02
7.650000000000000000e+02
8.230000000000000000e+02
8.230000000000000000e+02
8.640000000000000000e+02
8.640000000000000000e+02
8.640000000000000000e+02
9.950000000000000000e+02
9.950000000000000000e+02
1.050000000000000000e+03
1.050000000000000000e+03
1.150000000000000000e+03
1.150000000000000000e+03
1.160000000000000000e+03
1.166000000000000000e+03
1.169000000000000000e+03
1.403000000000000000e+03
1.469000000000000000e+03
1.577000000000000000e+03
1.592000000000000000e+03
1.769000000000000000e+03
1.864000000000000000e+03
1.933000000000000000e+03
1.935000000000000000e+03
2.160000000000000000e+03
2.260000000000000000e+03
2.268000000000000000e+03
2.350000000000000000e+03
2.425000000000000000e+03
2.492000000000000000e+03
2.598000000000000000e+03
2.646000000000000000e+03
2.718000000000000000e+03
2.726000000000000000e+03
2.811000000000000000e+03
2.848000000000000000e+03
2.892000000000000000e+03
2.975000000000000000e+03
3.001000000000000000e+03
3.086000000000000000e+03
3.086000000000000000e+03
3.088000000000000000e+03
3.179000000000000000e+03
3.209000000000000000e+03
3.276000000000000000e+03
3.290000000000000000e+03
3.332000000000000000e+03
3.334000000000000000e+03
3.358000000000000000e+03
3.393000000000000000e+03
3.413000000000000000e+03
3.458000000000000000e+03
3.473000000000000000e+03
3.490000000000000000e+03
3.502000000000000000e+03
3.518000000000000000e+03
3.522000000000000000e+03
3.539000000000000000e+03
3.552000000000000000e+03
3.558000000000000000e+03
3.571000000000000000e+03
3.571000000000000000e+03
3.578000000000000000e+03
3.578000000000000000e+03
3.580000000000000000e+03
3.580000000000000000e+03
3.587000000000000000e+03
3.596000000000000000e+03
3.596000000000000000e+03
3.606000000000000000e+03
3.606000000000000000e+03
3.611000000000000000e+03
3.615000000000000000e+03
3.618000000000000000e+03
3.626000000000000000e+03
3.635000000000000000e+03
3.646000000000000000e+03
3.647000000000000000e+03
3.652000000000000000e+03
3.657000000000000000e+03
3.665000000000000000e+03
3.666000000000000000e+03
3.666000000000000000e+03
3.666000000000000000e+03
3.681000000000000000e+03
3.682000000000000000e+03
3.687000000000000000e+03
3.689000000000000000e+03
3.690000000000000000e+03
3.690000000000000000e+03
3.696000000000000000e+03
3.696000000000000000e+03
3.696000000000000000e+03
3.704000000000000000e+03
3.712000000000000000e+03
3.712000000000000000e+03
3.719000000000000000e+03
3.725000000000000000e+03
3.738000000000000000e+03
3.758000000000000000e+03
3.758000000000000000e+03
3.758000000000000000e+03
3.789000000000000000e+03
3.789000000000000000e+03
3.789000000000000000e+03
3.796000000000000000e+03
3.803000000000000000e+03
3.809000000000000000e+03
3.815000000000000000e+03
3.815000000000000000e+03
3.819000000000000000e+03
3.819000000000000000e+03
3.820000000000000000e+03
3.822000000000000000e+03
3.824000000000000000e+03
3.826000000000000000e+03
3.829000000000000000e+03
3.829000000000000000e+03
3.829000000000000000e+03
3.829000000000000000e+03
3.833000000000000000e+03
3.834000000000000000e+03
3.834000000000000000e+03
3.838000000000000000e+03
3.839000000000000000e+03
3.845000000000000000e+03
3.846000000000000000e+03
3.847000000000000000e+03
3.847000000000000000e+03
3.854000000000000000e+03
3.854000000000000000e+03
3.854000000000000000e+03
3.860000000000000000e+03
3.860000000000000000e+03
3.860000000000000000e+03
3.860000000000000000e+03
3.860000000000000000e+03
3.863000000000000000e+03
3.863000000000000000e+03
3.863000000000000000e+03
3.864000000000000000e+03
3.864000000000000000e+03
3.864000000000000000e+03
3.868000000000000000e+03
3.870000000000000000e+03
3.872000000000000000e+03
3.872000000000000000e+03
3.875000000000000000e+03
3.879000000000000000e+03
3.879000000000000000e+03
3.879000000000000000e+03
3.881000000000000000e+03
3.881000000000000000e+03
3.881000000000000000e+03
3.881000000000000000e+03
3.882000000000000000e+03
3.882000000000000000e+03
3.886000000000000000e+03
3.886000000000000000e+03
3.888000000000000000e+03
3.890000000000000000e+03
3.890000000000000000e+03
3.890000000000000000e+03
3.894000000000000000e+03
3.894000000000000000e+03
3.899000000000000000e+03
3.899000000000000000e+03
3.901000000000000000e+03
3.901000000000000000e+03
3.905000000000000000e+03
3.905000000000000000e+03
3.905000000000000000e+03
3.908000000000000000e+03
3.908000000000000000e+03
3.912000000000000000e+03
3.912000000000000000e+03
3.912000000000000000e+03
3.912000000000000000e+03
3.912000000000000000e+03
3.912000000000000000e+03
3.912000000000000000e+03
3.912000000000000000e+03
3.912000000000000000e+03
3.936000000000000000e+03
3.943000000000000000e+03
3.957000000000000000e+03
3.957000000000000000e+03
3.958000000000000000e+03
3.958000000000000000e+03
3.958000000000000000e+03
3.966000000000000000e+03
3.976000000000000000e+03
3.979000000000000000e+03
3.983000000000000000e+03
3.996000000000000000e+03
3.996000000000000000e+03
3.996000000000000000e+03
3.996000000000000000e+03
4.002000000000000000e+03
4.009000000000000000e+03
4.009000000000000000e+03
4.011000000000000000e+03
4.011000000000000000e+03
4.011000000000000000e+03
4.011000000000000000e+03
4.014000000000000000e+03
4.014000000000000000e+03
4.014000000000000000e+03
4.021000000000000000e+03
4.024000000000000000e+03
4.024000000000000000e+03
4.024000000000000000e+03
4.025000000000000000e+03
4.026000000000000000e+03
4.028000000000000000e+03
4.028000000000000000e+03
