0.000000000000000000e+00
0.000000000000000000e+00
0.000000000000000000e+00
0.000000000000000000e+00
0.000000000000000000e+00
0.000000000000000000e+00
0.000000000000000000e+00
0.000000000000000000e+00
0.000000000000000000e+00
0.000000000000000000e+00
0.000000000000000000e+00
0.000000000000000000e+00
0.000000000000000000e+00
0.000000000000000000e+00
0.000000000000000000e+00
0.000000000000000000e+00
0.000000000000000000e+00
0.000000000000000000e+00
0.000000000000000000e+00
0.000000000000000000e+00
0.000000000000000000e+00
0.000000000000000000e+00
0.000000000000000000e+00
0.000000000000000000e+00
0.000000000000000000e+00
0.000000000000000000e+00
0.000000000000000000e+00
0.000000000000000000e+00
0.000000000000000000e+00
0.000000000000000000e+00
0.000000000000000000e+00
0.000000000000000000e+00
0.000000000000000000e+00
0.000000000000000000e+00
0.000000000000000000e+00
0.000000000000000000e+00
0.000000000000000000e+00
0.000000000000000000e+00
0.000000000000000000e+00
0.000000000000000000e+00
0.000000000000000000e+00
0.000000000000000000e+00
0.000000000000000000e+00
0.000000000000000000e+00
0.000000000000000000e+00
0.000000000000000000e+00
0.000000000000000000e+00
0.000000000000000000e+00
0.000000000000000000e+00
0.000000000000000000e+00
0.000000000000000000e+00
0.000000000000000000e+00
1.000000000000000000e+00
1.000000000000000000e+00
1.000000000000000000e+00
1.000000000000000000e+00
1.000000000000000000e+00
1.000000000000000000e+00
4.000000000000000000e+00
4.000000000000000000e+00
5.000000000000000000e+00
5.000000000000000000e+00
7.000000000000000000e+00
8.000000000000000000e+00
8.000000000000000000e+00
8.000000000000000000e+00
8.000000000000000000e+00
8.000000000000000000e+00
8.000000000000000000e+00
9.000000000000000000e+00
1.000000000000000000e+01
1.000000000000000000e+01
1.000000000000000000e+01
1.000000000000000000e+01
1.000000000000000000e+01
1.000000000000000000e+01
1.000000000000000000e+01
1.000000000000000000e+01
1.000000000000000000e+01
1.000000000000000000e+01
1.000000000000000000e+01
1.000000000000000000e+01
1.000000000000000000e+01
1.000000000000000000e+01
1.000000000000000000e+01
1.000000000000000000e+01
1.000000000000000000e+01
1.000000000000000000e+01
1.000000000000000000e+01
1.000000000000000000e+01
1.000000000000000000e+01
1.000000000000000000e+01
1.000000000000000000e+01
1.000000000000000000e+01
1.000000000000000000e+01
1.000000000000000000e+01
1.000000000000000000e+01
1.000000000000000000e+01
1.000000000000000000e+01
1.000000000000000000e+01
1.000000000000000000e+01
1.000000000000000000e+01
1.000000000000000000e+01
1.000000000000000000e+01
1.000000000000000000e+01
1.000000000000000000e+01
1.000000000000000000e+01
1.000000000000000000e+01
1.000000000000000000e+01
1.000000000000000000e+01
1.000000000000000000e+01
1.000000000000000000e+01
1.000000000000000000e+01
1.000000000000000000e+01
1.000000000000000000e+01
1.000000000000000000e+01
1.000000000000000000e+01
1.100000000000000000e+01
1.100000000000000000e+01
1.100000000000000000e+01
1.100000000000000000e+01
1.100000000000000000e+01
1.100000000000000000e+01
1.100000000000000000e+01
1.100000000000000000e+01
1.100000000000000000e+01
1.200000000000000000e+01
1.200000000000000000e+01
1.200000000000000000e+01
1.400000000000000000e+01
2.300000000000000000e+01
4.400000000000000000e+01
5.400000000000000000e+01
7.400000000000000000e+01
8.200000000000000000e+01
9.000000000000000000e+01
1.000000000000000000e+02
1.220000000000000000e+02
1.280000000000000000e+02
1.370000000000000000e+02
1.440000000000000000e+02
1.680000000000000000e+02
1.870000000000000000e+02
1.960000000000000000e+02
2.080000000000000000e+02
2.290000000000000000e+02
2.360000000000000000e+02
2.610000000000000000e+02
2.770000000000000000e+02
2.930000000000000000e+02
3.030000000000000000e+02
3.140000000000000000e+02
3.190000000000000000e+02
3.190000000000000000e+02
3.570000000000000000e+02
3.730000000000000000e+02
3.890000000000000000e+02
4.670000000000000000e+02
4.900000000000000000e+02
5.010000000000000000e+02
5.150000000000000000e+02
5.350000000000000000e+02
5.470000000000000000e+02
5.610000000000000000e+02
5.650000000000000000e+02
5.940000000000000000e+02
6.140000000000000000e+02
6.340000000000000000e+02
6.650000000000000000e+02
6.940000000000000000e+02
7.260000000000000000e+02
7.410000000000000000e+02
7.410000000000000000e+02
7.800000000000000000e+02
8.010000000000000000e+02
8.370000000000000000e+02
9.040000000000000000e+02
9.430000000000000000e+02
1.001000000000000000e+03
1.029000000000000000e+03
1.079000000000000000e+03
1.131000000000000000e+03
1.176000000000000000e+03
1.234000000000000000e+03
1.305000000000000000e+03
1.381000000000000000e+03
1.439000000000000000e+03
1.483000000000000000e+03
1.510000000000000000e+03
1.607000000000000000e+03
1.607000000000000000e+03
1.650000000000000000e+03
1.760000000000000000e+03
1.849000000000000000e+03
1.893000000000000000e+03
1.981000000000000000e+03
2.050000000000000000e+03
2.096000000000000000e+03
2.203000000000000000e+03
2.306000000000000000e+03
2.391000000000000000e+03
2.489000000000000000e+03
2.559000000000000000e+03
2.653000000000000000e+03
2.761000000000000000e+03
2.838000000000000000e+03
2.961000000000000000e+03
3.016000000000000000e+03
3.077000000000000000e+03
3.216000000000000000e+03
3.295000000000000000e+03
3.366000000000000000e+03
3.460000000000000000e+03
3.569000000000000000e+03
3.607000000000000000e+03
3.632000000000000000e+03
3.698000000000000000e+03
3.724000000000000000e+03
3.793000000000000000e+03
3.848000000000000000e+03
3.954000000000000000e+03
4.009000000000000000e+03
4.034000000000000000e+03
4.089000000000000000e+03
4.149000000000000000e+03
4.215000000000000000e+03
4.252000000000000000e+03
4.320000000000000000e+03
4.346000000000000000e+03
4.360000000000000000e+03
4.419000000000000000e+03
4.447000000000000000e+03
4.477000000000000000e+03
4.529000000000000000e+03
4.579000000000000000e+03
4.582000000000000000e+03
4.611000000000000000e+03
4.625000000000000000e+03
4.645000000000000000e+03
4.671000000000000000e+03
4.691000000000000000e+03
4.709000000000000000e+03
4.723000000000000000e+03
4.740000000000000000e+03
4.759000000000000000e+03
4.779000000000000000e+03
4.789000000000000000e+03
4.817000000000000000e+03
4.831000000000000000e+03
4.835000000000000000e+03
4.836000000000000000e+03
4.863000000000000000e+03
4.877000000000000000e+03
4.891000000000000000e+03
4.899000000000000000e+03
4.924000000000000000e+03
4.941000000000000000e+03
4.954000000000000000e+03
4.965000000000000000e+03
4.979000000000000000e+03
5.004000000000000000e+03
5.018000000000000000e+03
5.035000000000000000e+03
5.051000000000000000e+03
5.058000000000000000e+03
5.072000000000000000e+03
5.083000000000000000e+03
5.094000000000000000e+03
5.113000000000000000e+03
5.123000000000000000e+03
5.130000000000000000e+03
5.133000000000000000e+03
5.144000000000000000e+03
5.150000000000000000e+03
5.154000000000000000e+03
5.155000000000000000e+03
5.166000000000000000e+03
5.170000000000000000e+03
5.180000000000000000e+03
5.187000000000000000e+03
5.192000000000000000e+03
5.197000000000000000e+03
5.201000000000000000e+03
5.203000000000000000e+03
5.210000000000000000e+03
5.212000000000000000e+03
5.218000000000000000e+03
5.220000000000000000e+03
5.225000000000000000e+03
5.227000000000000000e+03
5.234000000000000000e+03
5.239000000000000000e+03
5.241000000000000000e+03
5.245000000000000000e+03
5.254000000000000000e+03
5.261000000000000000e+03
5.268000000000000000e+03
5.274000000000000000e+03
5.274000000000000000e+03
5.275000000000000000e+03
5.278000000000000000e+03
5.282000000000000000e+03
5.284000000000000000e+03
5.289000000000000000e+03
5.295000000000000000e+03
5.296000000000000000e+03
5.297000000000000000e+03
5.300000000000000000e+03
5.305000000000000000e+03
5.307000000000000000e+03
5.311000000000000000e+03
5.312000000000000000e+03
5.312000000000000000e+03
5.312000000000000000e+03
5.319000000000000000e+03
5.320000000000000000e+03
5.322000000000000000e+03
5.322000000000000000e+03
5.324000000000000000e+03
5.324000000000000000e+03
5.325000000000000000e+03
5.326000000000000000e+03
5.333000000000000000e+03
5.337000000000000000e+03
5.339000000000000000e+03
5.340000000000000000e+03
5.353000000000000000e+03
5.359000000000000000e+03
5.381000000000000000e+03
5.401000000000000000e+03
5.428000000000000000e+03
5.459000000000000000e+03
5.511000000000000000e+03
5.552000000000000000e+03
5.583000000000000000e+03
5.669000000000000000e+03
5.734000000000000000e+03
5.810000000000000000e+03
5.880000000000000000e+03
5.938000000000000000e+03
5.978000000000000000e+03
6.013000000000000000e+03
6.098000000000000000e+03
6.181000000000000000e+03
6.210000000000000000e+03
6.277000000000000000e+03
6.343000000000000000e+03
6.393000000000000000e+03
6.493000000000000000e+03
6.586000000000000000e+03
6.666000000000000000e+03
6.750000000000000000e+03
6.854000000000000000e+03
6.948000000000000000e+03
7.008000000000000000e+03
7.064000000000000000e+03
7.178000000000000000e+03
7.247000000000000000e+03
7.300000000000000000e+03
7.409000000000000000e+03
7.469000000000000000e+03
7.527000000000000000e+03
7.624000000000000000e+03
7.709000000000000000e+03
7.783000000000000000e+03
7.880000000000000000e+03
7.945000000000000000e+03
8.000000000000000000e+03
8.057000000000000000e+03
8.112000000000000000e+03
8.174000000000000000e+03
8.243000000000000000e+03
8.293000000000000000e+03
8.364000000000000000e+03
8.403000000000000000e+03
8.438000000000000000e+03
8.449000000000000000e+03
8.497000000000000000e+03
8.556000000000000000e+03
8.595000000000000000e+03
8.619000000000000000e+03
8.650000000000000000e+03
8.671000000000000000e+03
8.690000000000000000e+03
8.710000000000000000e+03
8.739000000000000000e+03
8.765000000000000000e+03
8.778000000000000000e+03
8.794000000000000000e+03
8.803000000000000000e+03
8.811000000000000000e+03
8.820000000000000000e+03
8.832000000000000000e+03
8.838000000000000000e+03
8.854000000000000000e+03
8.856000000000000000e+03
8.868000000000000000e+03
8.869000000000000000e+03
8.880000000000000000e+03
8.892000000000000000e+03
8.901000000000000000e+03
8.913000000000000000e+03
8.919000000000000000e+03
8.929000000000000000e+03
8.933000000000000000e+03
8.939000000000000000e+03
8.953000000000000000e+03
8.959000000000000000e+03
8.966000000000000000e+03
8.971000000000000000e+03
8.977000000000000000e+03
8.980000000000000000e+03
8.985000000000000000e+03
8.990000000000000000e+03
8.997000000000000000e+03
9.012000000000000000e+03
9.022000000000000000e+03
9.024000000000000000e+03
9.028000000000000000e+03
9.034000000000000000e+03
9.042000000000000000e+03
9.049000000000000000e+03
9.055000000000000000e+03
9.061000000000000000e+03
9.066000000000000000e+03
9.067000000000000000e+03
9.074000000000000000e+03
9.077000000000000000e+03
9.085000000000000000e+03
9.088000000000000000e+03
9.095000000000000000e+03
9.097000000000000000e+03
9.104000000000000000e+03
9.109000000000000000e+03
9.122000000000000000e+03
9.122000000000000000e+03
9.130000000000000000e+03
9.153000000000000000e+03
9.163000000000000000e+03
9.174000000000000000e+03
9.184000000000000000e+03
9.200000000000000000e+03
9.254000000000000000e+03
9.265000000000000000e+03
9.278000000000000000e+03
9.302000000000000000e+03
9.316000000000000000e+03
9.363000000000000000e+03
9.417000000000000000e+03
9.458000000000000000e+03
9.496000000000000000e+03
9.545000000000000000e+03
9.581000000000000000e+03
9.581000000000000000e+03
9.687000000000000000e+03
9.791000000000000000e+03
9.865000000000000000e+03
9.932000000000000000e+03
9.996000000000000000e+03
1.004500000000000000e+04
1.008100000000000000e+04
1.015700000000000000e+04
1.021800000000000000e+04
1.028600000000000000e+04
1.036300000000000000e+04
1.042800000000000000e+04
1.048900000000000000e+04
1.054300000000000000e+04
1.062300000000000000e+04
1.069600000000000000e+04
1.081600000000000000e+04
1.093300000000000000e+04
1.102000000000000000e+04
1.111200000000000000e+04
1.121300000000000000e+04
1.130600000000000000e+04
1.142700000000000000e+04
1.157200000000000000e+04
1.170700000000000000e+04
1.182800000000000000e+04
1.195000000000000000e+04
1.210700000000000000e+04
1.225100000000000000e+04
1.240900000000000000e+04
1.257100000000000000e+04
1.274200000000000000e+04
1.292800000000000000e+04
1.311100000000000000e+04
1.330200000000000000e+04
1.349500000000000000e+04
1.372000000000000000e+04
1.401200000000000000e+04
1.430500000000000000e+04
1.451500000000000000e+04
1.476400000000000000e+04
1.495400000000000000e+04
1.512800000000000000e+04
1.542800000000000000e+04
1.567600000000000000e+04
1.600900000000000000e+04
1.629200000000000000e+04
1.654100000000000000e+04
1.678600000000000000e+04
1.704100000000000000e+04
1.731300000000000000e+04
1.754600000000000000e+04
1.779900000000000000e+04
1.811000000000000000e+04
1.837200000000000000e+04
1.859900000000000000e+04
1.882500000000000000e+04
1.910800000000000000e+04
1.936100000000000000e+04
1.957600000000000000e+04
1.974800000000000000e+04
2.002500000000000000e+04
2.014100000000000000e+04
2.029800000000000000e+04
2.054900000000000000e+04
2.072300000000000000e+04
2.091100000000000000e+04
2.106000000000000000e+04
2.124900000000000000e+04
2.136000000000000000e+04
2.151900000000000000e+04
2.173200000000000000e+04
2.193600000000000000e+04
2.206300000000000000e+04
2.220300000000000000e+04
2.238000000000000000e+04
2.246500000000000000e+04
2.258100000000000000e+04
2.278800000000000000e+04
2.299700000000000000e+04
2.316900000000000000e+04
2.329300000000000000e+04
2.338300000000000000e+04
2.346300000000000000e+04
2.359400000000000000e+04
2.371600000000000000e+04
2.386100000000000000e+04
2.405500000000000000e+04
2.417600000000000000e+04
2.427200000000000000e+04
2.431200000000000000e+04
2.443500000000000000e+04
2.449000000000000000e+04
2.457300000000000000e+04
2.468900000000000000e+04
2.479700000000000000e+04
2.487500000000000000e+04
2.490300000000000000e+04
2.502800000000000000e+04
2.511800000000000000e+04
2.521800000000000000e+04
2.528700000000000000e+04
2.535100000000000000e+04
2.540200000000000000e+04
