0.000000000000000000e+00
0.000000000000000000e+00
0.000000000000000000e+00
0.000000000000000000e+00
0.000000000000000000e+00
0.000000000000000000e+00
0.000000000000000000e+00
0.000000000000000000e+00
0.000000000000000000e+00
0.000000000000000000e+00
0.000000000000000000e+00
0.000000000000000000e+00
0.000000000000000000e+00
0.000000000000000000e+00
0.000000000000000000e+00
0.000000000000000000e+00
0.000000000000000000e+00
0.000000000000000000e+00
0.000000000000000000e+00
0.000000000000000000e+00
0.000000000000000000e+00
0.000000000000000000e+00
0.000000000000000000e+00
0.000000000000000000e+00
0.000000000000000000e+00
0.000000000000000000e+00
0.000000000000000000e+00
0.000000000000000000e+00
0.000000000000000000e+00
0.000000000000000000e+00
0.000000000000000000e+00
0.000000000000000000e+00
0.000000000000000000e+00
0.000000000000000000e+00
0.000000000000000000e+00
0.000000000000000000e+00
0.000000000000000000e+00
0.000000000000000000e+00
0.000000000000000000e+00
0.000000000000000000e+00
1.000000000000000000e+00
1.000000000000000000e+00
1.000000000000000000e+00
1.000000000000000000e+00
1.000000000000000000e+00
1.000000000000000000e+00
1.000000000000000000e+00
1.000000000000000000e+00
1.000000000000000000e+00
1.000000000000000000e+00
1.000000000000000000e+00
1.000000000000000000e+00
1.000000000000000000e+00
1.000000000000000000e+00
2.000000000000000000e+00
3.900000000000000000e+01
3.900000000000000000e+01
5.300000000000000000e+01
7.500000000000000000e+01
8.800000000000000000e+01
1.130000000000000000e+02
1.330000000000000000e+02
1.640000000000000000e+02
1.880000000000000000e+02
2.240000000000000000e+02
2.670000000000000000e+02
3.080000000000000000e+02
3.340000000000000000e+02
3.700000000000000000e+02
3.760000000000000000e+02
3.900000000000000000e+02
4.280000000000000000e+02
4.390000000000000000e+02
4.660000000000000000e+02
5.010000000000000000e+02
5.250000000000000000e+02
5.450000000000000000e+02
5.640000000000000000e+02
5.830000000000000000e+02
6.010000000000000000e+02
6.010000000000000000e+02
6.380000000000000000e+02
6.460000000000000000e+02
6.590000000000000000e+02
6.730000000000000000e+02
6.730000000000000000e+02
6.960000000000000000e+02
7.040000000000000000e+02
7.130000000000000000e+02
7.170000000000000000e+02
7.170000000000000000e+02
7.230000000000000000e+02
7.230000000000000000e+02
7.310000000000000000e+02
7.380000000000000000e+02
7.380000000000000000e+02
7.430000000000000000e+02
7.430000000000000000e+02
7.430000000000000000e+02
7.450000000000000000e+02
7.450000000000000000e+02
7.470000000000000000e+02
7.480000000000000000e+02
7.500000000000000000e+02
7.510000000000000000e+02
7.510000000000000000e+02
7.520000000000000000e+02
7.520000000000000000e+02
7.540000000000000000e+02
7.550000000000000000e+02
7.550000000000000000e+02
7.580000000000000000e+02
7.600000000000000000e+02
7.610000000000000000e+02
7.610000000000000000e+02
7.610000000000000000e+02
7.610000000000000000e+02
7.610000000000000000e+02
7.610000000000000000e+02
7.620000000000000000e+02
7.620000000000000000e+02
7.620000000000000000e+02
7.620000000000000000e+02
7.620000000000000000e+02
7.630000000000000000e+02
7.630000000000000000e+02
7.630000000000000000e+02
7.630000000000000000e+02
7.640000000000000000e+02
7.640000000000000000e+02
7.640000000000000000e+02
7.650000000000000000e+02
8.440000000000000000e+02
8.510000000000000000e+02
8.520000000000000000e+02
8.520000000000000000e+02
8.520000000000000000e+02
8.520000000000000000e+02
8.520000000000000000e+02
8.520000000000000000e+02
8.520000000000000000e+02
8.520000000000000000e+02
8.530000000000000000e+02
8.530000000000000000e+02
8.530000000000000000e+02
8.530000000000000000e+02
8.540000000000000000e+02
8.540000000000000000e+02
8.550000000000000000e+02
8.550000000000000000e+02
8.550000000000000000e+02
8.550000000000000000e+02
8.550000000000000000e+02
8.550000000000000000e+02
8.550000000000000000e+02
8.550000000000000000e+02
8.550000000000000000e+02
8.550000000000000000e+02
8.550000000000000000e+02
8.550000000000000000e+02
8.550000000000000000e+02
8.550000000000000000e+02
8.550000000000000000e+02
8.550000000000000000e+02
8.550000000000000000e+02
8.550000000000000000e+02
8.550000000000000000e+02
8.550000000000000000e+02
8.550000000000000000e+02
8.550000000000000000e+02
8.550000000000000000e+02
8.550000000000000000e+02
8.550000000000000000e+02
8.580000000000000000e+02
8.610000000000000000e+02
8.620000000000000000e+02
8.770000000000000000e+02
8.800000000000000000e+02
8.800000000000000000e+02
8.800000000000000000e+02
8.840000000000000000e+02
8.840000000000000000e+02
8.890000000000000000e+02
8.890000000000000000e+02
8.970000000000000000e+02
8.970000000000000000e+02
8.970000000000000000e+02
9.070000000000000000e+02
9.070000000000000000e+02
9.180000000000000000e+02
9.220000000000000000e+02
9.250000000000000000e+02
9.250000000000000000e+02
9.250000000000000000e+02
9.370000000000000000e+02
9.390000000000000000e+02
9.390000000000000000e+02
9.440000000000000000e+02
9.550000000000000000e+02
9.550000000000000000e+02
9.550000000000000000e+02
9.630000000000000000e+02
9.630000000000000000e+02
9.770000000000000000e+02
9.810000000000000000e+02
9.890000000000000000e+02
9.890000000000000000e+02
9.890000000000000000e+02
1.005000000000000000e+03
1.005000000000000000e+03
1.024000000000000000e+03
1.024000000000000000e+03
1.045000000000000000e+03
1.045000000000000000e+03
1.045000000000000000e+03
1.060000000000000000e+03
1.060000000000000000e+03
1.098000000000000000e+03
1.098000000000000000e+03
1.124000000000000000e+03
1.124000000000000000e+03
1.124000000000000000e+03
1.176000000000000000e+03
1.184000000000000000e+03
1.199000000000000000e+03
1.199000000000000000e+03
1.215000000000000000e+03
1.215000000000000000e+03
1.215000000000000000e+03
1.261000000000000000e+03
1.261000000000000000e+03
1.301000000000000000e+03
1.301000000000000000e+03
1.344000000000000000e+03
1.344000000000000000e+03
1.344000000000000000e+03
1.438000000000000000e+03
1.438000000000000000e+03
1.483000000000000000e+03
1.483000000000000000e+03
1.564000000000000000e+03
1.564000000000000000e+03
1.564000000000000000e+03
1.681000000000000000e+03
1.681000000000000000e+03
1.753000000000000000e+03
1.753000000000000000e+03
1.836000000000000000e+03
1.836000000000000000e+03
1.836000000000000000e+03
1.966000000000000000e+03
1.966000000000000000e+03
2.050000000000000000e+03
2.050000000000000000e+03
2.110000000000000000e+03
2.110000000000000000e+03
2.110000000000000000e+03
2.370000000000000000e+03
2.370000000000000000e+03
2.568000000000000000e+03
2.568000000000000000e+03
2.696000000000000000e+03
2.696000000000000000e+03
2.696000000000000000e+03
2.995000000000000000e+03
2.995000000000000000e+03
3.190000000000000000e+03
3.190000000000000000e+03
3.377000000000000000e+03
3.377000000000000000e+03
3.377000000000000000e+03
3.623000000000000000e+03
3.623000000000000000e+03
3.811000000000000000e+03
3.811000000000000000e+03
4.038000000000000000e+03
4.038000000000000000e+03
4.038000000000000000e+03
4.325000000000000000e+03
4.410000000000000000e+03
4.517000000000000000e+03
4.567000000000000000e+03
4.665000000000000000e+03
4.756000000000000000e+03
4.825000000000000000e+03
4.888000000000000000e+03
4.910000000000000000e+03
5.045000000000000000e+03
5.135000000000000000e+03
5.135000000000000000e+03
5.319000000000000000e+03
5.383000000000000000e+03
5.437000000000000000e+03
5.477000000000000000e+03
5.567000000000000000e+03
5.616000000000000000e+03
5.725000000000000000e+03
5.725000000000000000e+03
5.872000000000000000e+03
5.914000000000000000e+03
5.951000000000000000e+03
6.018000000000000000e+03
6.066000000000000000e+03
6.142000000000000000e+03
6.207000000000000000e+03
6.256000000000000000e+03
6.304000000000000000e+03
6.351000000000000000e+03
6.428000000000000000e+03
6.534000000000000000e+03
6.610000000000000000e+03
6.610000000000000000e+03
6.712000000000000000e+03
6.745000000000000000e+03
6.790000000000000000e+03
6.842000000000000000e+03
6.904000000000000000e+03
6.955000000000000000e+03
7.005000000000000000e+03
7.050000000000000000e+03
7.084000000000000000e+03
7.127000000000000000e+03
7.162000000000000000e+03
7.190000000000000000e+03
7.236000000000000000e+03
7.288000000000000000e+03
7.338000000000000000e+03
7.382000000000000000e+03
7.382000000000000000e+03
7.446000000000000000e+03
7.466000000000000000e+03
7.519000000000000000e+03
7.560000000000000000e+03
7.577000000000000000e+03
7.602000000000000000e+03
7.633000000000000000e+03
7.669000000000000000e+03
7.699000000000000000e+03
7.756000000000000000e+03
7.806000000000000000e+03
7.821000000000000000e+03
7.875000000000000000e+03
7.919000000000000000e+03
7.983000000000000000e+03
8.049000000000000000e+03
8.117000000000000000e+03
8.166000000000000000e+03
8.192000000000000000e+03
8.249000000000000000e+03
8.308000000000000000e+03
8.348000000000000000e+03
8.348000000000000000e+03
8.489000000000000000e+03
8.586000000000000000e+03
8.586000000000000000e+03
8.586000000000000000e+03
8.682000000000000000e+03
8.818000000000000000e+03
8.868000000000000000e+03
8.946000000000000000e+03
9.038000000000000000e+03
9.083000000000000000e+03
9.083000000000000000e+03
9.194000000000000000e+03
9.308000000000000000e+03
9.379000000000000000e+03
9.416000000000000000e+03
9.499000000000000000e+03
9.549000000000000000e+03
9.596000000000000000e+03
9.638000000000000000e+03
9.716000000000000000e+03
9.779000000000000000e+03
9.837000000000000000e+03
9.885000000000000000e+03
9.937000000000000000e+03
9.972000000000000000e+03
1.001700000000000000e+04
1.007000000000000000e+04
1.013700000000000000e+04
1.017200000000000000e+04
1.020600000000000000e+04
1.025100000000000000e+04
1.027500000000000000e+04
1.031200000000000000e+04
1.035200000000000000e+04
1.039100000000000000e+04
1.042700000000000000e+04
1.046300000000000000e+04
1.050300000000000000e+04
1.053800000000000000e+04
1.055500000000000000e+04
1.058300000000000000e+04
1.061000000000000000e+04
1.064500000000000000e+04
1.067200000000000000e+04
1.069900000000000000e+04
1.071200000000000000e+04
1.073900000000000000e+04
1.077500000000000000e+04
1.079900000000000000e+04
1.082200000000000000e+04
1.084900000000000000e+04
1.086600000000000000e+04
1.088900000000000000e+04
1.090800000000000000e+04
1.094800000000000000e+04
1.097600000000000000e+04
1.099800000000000000e+04
1.101900000000000000e+04
1.104200000000000000e+04
1.106900000000000000e+04
1.108900000000000000e+04
1.113000000000000000e+04
1.113000000000000000e+04
1.119900000000000000e+04
1.122800000000000000e+04
1.126600000000000000e+04
1.128900000000000000e+04
1.131900000000000000e+04
1.136000000000000000e+04
1.139300000000000000e+04
1.143100000000000000e+04
1.148100000000000000e+04
1.151700000000000000e+04
1.154500000000000000e+04
1.159100000000000000e+04
1.163800000000000000e+04
1.168700000000000000e+04
1.173200000000000000e+04
1.180900000000000000e+04
1.185000000000000000e+04
1.188800000000000000e+04
1.194400000000000000e+04
1.201000000000000000e+04
1.205300000000000000e+04
1.211500000000000000e+04
1.217400000000000000e+04
1.223100000000000000e+04
1.228600000000000000e+04
1.232800000000000000e+04
1.236300000000000000e+04
1.240900000000000000e+04
1.245600000000000000e+04
1.249700000000000000e+04
1.254500000000000000e+04
1.258100000000000000e+04
1.261400000000000000e+04
1.264100000000000000e+04
1.264100000000000000e+04
1.271200000000000000e+04
1.277100000000000000e+04
1.280500000000000000e+04
1.280500000000000000e+04
1.287400000000000000e+04
1.291700000000000000e+04
1.294200000000000000e+04
1.300700000000000000e+04
1.302400000000000000e+04
1.306000000000000000e+04
1.308300000000000000e+04
1.312100000000000000e+04
1.314800000000000000e+04
1.319800000000000000e+04
1.323200000000000000e+04
1.323200000000000000e+04
1.328200000000000000e+04
1.329500000000000000e+04
1.331600000000000000e+04
1.334000000000000000e+04
1.336300000000000000e+04
1.339000000000000000e+04
1.340600000000000000e+04
1.342300000000000000e+04
1.342900000000000000e+04
1.344700000000000000e+04
1.347000000000000000e+04
1.347000000000000000e+04
1.351000000000000000e+04
1.351000000000000000e+04
1.351000000000000000e+04
1.355500000000000000e+04
1.356900000000000000e+04
1.356900000000000000e+04
1.356900000000000000e+04
1.356900000000000000e+04
1.356900000000000000e+04
1.356900000000000000e+04
1.356900000000000000e+04
1.366400000000000000e+04
1.367100000000000000e+04
1.368200000000000000e+04
1.369300000000000000e+04
1.369300000000000000e+04
1.369300000000000000e+04
1.372700000000000000e+04
1.372900000000000000e+04
1.374400000000000000e+04
1.375200000000000000e+04
1.375800000000000000e+04
1.375800000000000000e+04
1.375800000000000000e+04
1.377700000000000000e+04
1.378100000000000000e+04
1.379100000000000000e+04
1.380500000000000000e+04
1.381300000000000000e+04
1.381300000000000000e+04
1.381300000000000000e+04
1.382600000000000000e+04
1.382800000000000000e+04
1.383600000000000000e+04
1.383900000000000000e+04
1.384200000000000000e+04
1.384200000000000000e+04
1.384200000000000000e+04
1.386400000000000000e+04
1.386400000000000000e+04
1.387300000000000000e+04
1.387700000000000000e+04
1.388200000000000000e+04
1.388200000000000000e+04
1.388200000000000000e+04
1.388200000000000000e+04
1.390000000000000000e+04
1.391100000000000000e+04
1.391800000000000000e+04
1.391800000000000000e+04
1.391800000000000000e+04
1.391800000000000000e+04
1.391800000000000000e+04
1.399100000000000000e+04
1.402100000000000000e+04
1.405000000000000000e+04
1.407500000000000000e+04
1.407500000000000000e+04
1.407500000000000000e+04
1.415500000000000000e+04
1.416700000000000000e+04
1.416700000000000000e+04
1.423900000000000000e+04
1.427300000000000000e+04
1.427300000000000000e+04
1.427300000000000000e+04
1.435900000000000000e+04
1.437900000000000000e+04
1.437900000000000000e+04
1.446400000000000000e+04
1.449800000000000000e+04
1.449800000000000000e+04
1.449800000000000000e+04
1.457700000000000000e+04
1.458600000000000000e+04
1.458600000000000000e+04
1.465500000000000000e+04
1.467800000000000000e+04
1.467800000000000000e+04
1.467800000000000000e+04
