0.000000000000000000e+00
0.000000000000000000e+00
0.000000000000000000e+00
0.000000000000000000e+00
0.000000000000000000e+00
0.000000000000000000e+00
0.000000000000000000e+00
0.000000000000000000e+00
0.000000000000000000e+00
0.000000000000000000e+00
0.000000000000000000e+00
0.000000000000000000e+00
0.000000000000000000e+00
0.000000000000000000e+00
0.000000000000000000e+00
0.000000000000000000e+00
0.000000000000000000e+00
0.000000000000000000e+00
0.000000000000000000e+00
0.000000000000000000e+00
0.000000000000000000e+00
0.000000000000000000e+00
0.000000000000000000e+00
0.000000000000000000e+00
0.000000000000000000e+00
0.000000000000000000e+00
0.000000000000000000e+00
0.000000000000000000e+00
0.000000000000000000e+00
0.000000000000000000e+00
0.000000000000000000e+00
0.000000000000000000e+00
0.000000000000000000e+00
0.000000000000000000e+00
0.000000000000000000e+00
0.000000000000000000e+00
0.000000000000000000e+00
0.000000000000000000e+00
0.000000000000000000e+00
0.000000000000000000e+00
0.000000000000000000e+00
0.000000000000000000e+00
0.000000000000000000e+00
0.000000000000000000e+00
1.000000000000000000e+00
0.000000000000000000e+00
4.000000000000000000e+00
4.000000000000000000e+00
0.000000000000000000e+00
4.000000000000000000e+00
9.000000000000000000e+00
1.000000000000000000e+00
3.000000000000000000e+00
1.000000000000000000e+00
8.000000000000000000e+00
6.000000000000000000e+00
9.000000000000000000e+00
1.900000000000000000e+01
2.000000000000000000e+01
2.800000000000000000e+01
1.700000000000000000e+01
2.400000000000000000e+01
1.900000000000000000e+01
2.400000000000000000e+01
3.000000000000000000e+01
3.200000000000000000e+01
3.200000000000000000e+01
1.900000000000000000e+01
1.600000000000000000e+01
1.700000000000000000e+01
2.800000000000000000e+01
2.100000000000000000e+01
2.000000000000000000e+01
1.900000000000000000e+01
1.900000000000000000e+01
1.300000000000000000e+01
1.600000000000000000e+01
1.900000000000000000e+01
3.700000000000000000e+01
1.900000000000000000e+01
1.900000000000000000e+01
1.800000000000000000e+01
1.700000000000000000e+01
6.000000000000000000e+00
8.000000000000000000e+00
1.600000000000000000e+01
7.000000000000000000e+00
6.000000000000000000e+00
5.000000000000000000e+00
2.000000000000000000e+00
7.000000000000000000e+00
1.200000000000000000e+01
5.000000000000000000e+00
1.000000000000000000e+00
6.000000000000000000e+00
2.000000000000000000e+00
2.000000000000000000e+00
8.000000000000000000e+00
8.000000000000000000e+00
6.000000000000000000e+00
6.000000000000000000e+00
8.000000000000000000e+00
6.000000000000000000e+00
3.000000000000000000e+00
1.300000000000000000e+01
6.000000000000000000e+00
4.000000000000000000e+00
8.000000000000000000e+00
7.000000000000000000e+00
1.200000000000000000e+01
9.000000000000000000e+00
3.000000000000000000e+00
1.100000000000000000e+01
1.500000000000000000e+01
1.300000000000000000e+01
1.000000000000000000e+01
1.000000000000000000e+01
3.000000000000000000e+00
1.600000000000000000e+01
1.500000000000000000e+01
6.000000000000000000e+00
8.000000000000000000e+00
7.000000000000000000e+00
1.200000000000000000e+01
2.100000000000000000e+01
5.000000000000000000e+00
2.800000000000000000e+01
1.600000000000000000e+01
2.200000000000000000e+01
2.500000000000000000e+01
9.000000000000000000e+00
2.800000000000000000e+01
2.100000000000000000e+01
5.200000000000000000e+01
3.700000000000000000e+01
3.400000000000000000e+01
3.500000000000000000e+01
5.500000000000000000e+01
2.400000000000000000e+01
3.300000000000000000e+01
8.600000000000000000e+01
7.700000000000000000e+01
7.400000000000000000e+01
5.000000000000000000e+01
5.300000000000000000e+01
2.900000000000000000e+01
5.200000000000000000e+01
7.500000000000000000e+01
6.800000000000000000e+01
1.190000000000000000e+02
6.900000000000000000e+01
8.600000000000000000e+01
6.400000000000000000e+01
9.100000000000000000e+01
1.470000000000000000e+02
1.690000000000000000e+02
1.520000000000000000e+02
1.430000000000000000e+02
1.510000000000000000e+02
1.390000000000000000e+02
1.900000000000000000e+02
2.940000000000000000e+02
2.700000000000000000e+02
2.880000000000000000e+02
3.100000000000000000e+02
3.750000000000000000e+02
2.450000000000000000e+02
2.450000000000000000e+02
3.500000000000000000e+02
6.490000000000000000e+02
3.600000000000000000e+02
3.860000000000000000e+02
3.650000000000000000e+02
4.400000000000000000e+02
4.460000000000000000e+02
5.040000000000000000e+02
5.600000000000000000e+02
4.230000000000000000e+02
5.820000000000000000e+02
5.630000000000000000e+02
4.200000000000000000e+02
2.770000000000000000e+02
5.500000000000000000e+02
7.680000000000000000e+02
5.400000000000000000e+02
9.310000000000000000e+02
6.290000000000000000e+02
6.120000000000000000e+02
5.030000000000000000e+02
4.560000000000000000e+02
4.900000000000000000e+02
5.300000000000000000e+02
3.670000000000000000e+02
7.880000000000000000e+02
4.270000000000000000e+02
4.350000000000000000e+02
5.800000000000000000e+02
6.530000000000000000e+02
1.011000000000000000e+03
7.210000000000000000e+02
4.840000000000000000e+02
5.860000000000000000e+02
6.360000000000000000e+02
5.490000000000000000e+02
1.072000000000000000e+03
8.020000000000000000e+02
8.060000000000000000e+02
7.280000000000000000e+02
6.190000000000000000e+02
5.590000000000000000e+02
7.660000000000000000e+02
6.660000000000000000e+02
1.059000000000000000e+03
9.500000000000000000e+02
7.360000000000000000e+02
6.430000000000000000e+02
8.420000000000000000e+02
1.002000000000000000e+03
9.850000000000000000e+02
1.193000000000000000e+03
1.214000000000000000e+03
0.000000000000000000e+00
1.588000000000000000e+03
8.970000000000000000e+02
1.121000000000000000e+03
1.153000000000000000e+03
1.222000000000000000e+03
1.240000000000000000e+03
0.000000000000000000e+00
1.860000000000000000e+03
1.117000000000000000e+03
1.327000000000000000e+03
1.325000000000000000e+03
1.420000000000000000e+03
1.485000000000000000e+03
0.000000000000000000e+00
1.907000000000000000e+03
7.760000000000000000e+02
1.379000000000000000e+03
1.302000000000000000e+03
1.556000000000000000e+03
1.338000000000000000e+03
0.000000000000000000e+00
1.890000000000000000e+03
1.087000000000000000e+03
1.370000000000000000e+03
1.400000000000000000e+03
1.357000000000000000e+03
1.233000000000000000e+03
0.000000000000000000e+00
1.665000000000000000e+03
8.900000000000000000e+02
1.156000000000000000e+03
1.068000000000000000e+03
1.001000000000000000e+03
1.353000000000000000e+03
0.000000000000000000e+00
1.947000000000000000e+03
1.013000000000000000e+03
1.355000000000000000e+03
1.331000000000000000e+03
1.225000000000000000e+03
1.386000000000000000e+03
0.000000000000000000e+00
1.784000000000000000e+03
1.015000000000000000e+03
1.542000000000000000e+03
1.372000000000000000e+03
1.196000000000000000e+03
1.166000000000000000e+03
0.000000000000000000e+00
1.561000000000000000e+03
8.470000000000000000e+02
1.503000000000000000e+03
1.191000000000000000e+03
1.210000000000000000e+03
1.262000000000000000e+03
0.000000000000000000e+00
1.372000000000000000e+03
8.620000000000000000e+02
1.231000000000000000e+03
1.017000000000000000e+03
1.296000000000000000e+03
1.105000000000000000e+03
0.000000000000000000e+00
1.286000000000000000e+03
8.630000000000000000e+02
1.141000000000000000e+03
1.106000000000000000e+03
1.050000000000000000e+03
9.460000000000000000e+02
0.000000000000000000e+00
1.224000000000000000e+03
9.790000000000000000e+02
1.202000000000000000e+03
1.171000000000000000e+03
1.184000000000000000e+03
1.100000000000000000e+03
0.000000000000000000e+00
1.369000000000000000e+03
9.980000000000000000e+02
1.422000000000000000e+03
1.219000000000000000e+03
1.187000000000000000e+03
0.000000000000000000e+00
0.000000000000000000e+00
2.877000000000000000e+03
8.950000000000000000e+02
1.330000000000000000e+03
1.222000000000000000e+03
1.351000000000000000e+03
0.000000000000000000e+00
0.000000000000000000e+00
2.545000000000000000e+03
5.340000000000000000e+02
1.168000000000000000e+03
1.165000000000000000e+03
1.180000000000000000e+03
0.000000000000000000e+00
0.000000000000000000e+00
2.736000000000000000e+03
1.009000000000000000e+03
1.258000000000000000e+03
1.127000000000000000e+03
1.132000000000000000e+03
0.000000000000000000e+00
0.000000000000000000e+00
2.222000000000000000e+03
9.270000000000000000e+02
1.167000000000000000e+03
1.125000000000000000e+03
1.084000000000000000e+03
0.000000000000000000e+00
0.000000000000000000e+00
2.421000000000000000e+03
9.110000000000000000e+02
1.138000000000000000e+03
1.048000000000000000e+03
0.000000000000000000e+00
0.000000000000000000e+00
0.000000000000000000e+00
2.772000000000000000e+03
1.037000000000000000e+03
1.315000000000000000e+03
1.207000000000000000e+03
0.000000000000000000e+00
0.000000000000000000e+00
0.000000000000000000e+00
3.115000000000000000e+03
1.155000000000000000e+03
1.447000000000000000e+03
1.369000000000000000e+03
1.207000000000000000e+03
0.000000000000000000e+00
0.000000000000000000e+00
2.447000000000000000e+03
1.032000000000000000e+03
1.063000000000000000e+03
1.086000000000000000e+03
9.450000000000000000e+02
0.000000000000000000e+00
0.000000000000000000e+00
1.829000000000000000e+03
8.610000000000000000e+02
8.350000000000000000e+02
7.650000000000000000e+02
8.310000000000000000e+02
0.000000000000000000e+00
0.000000000000000000e+00
1.437000000000000000e+03
6.000000000000000000e+02
7.210000000000000000e+02
5.710000000000000000e+02
6.390000000000000000e+02
0.000000000000000000e+00
0.000000000000000000e+00
1.293000000000000000e+03
4.400000000000000000e+02
5.280000000000000000e+02
4.550000000000000000e+02
4.460000000000000000e+02
0.000000000000000000e+00
0.000000000000000000e+00
9.970000000000000000e+02
4.170000000000000000e+02
4.860000000000000000e+02
4.180000000000000000e+02
4.310000000000000000e+02
0.000000000000000000e+00
0.000000000000000000e+00
8.370000000000000000e+02
4.300000000000000000e+02
4.340000000000000000e+02
3.530000000000000000e+02
4.370000000000000000e+02
0.000000000000000000e+00
0.000000000000000000e+00
9.960000000000000000e+02
4.230000000000000000e+02
3.990000000000000000e+02
4.180000000000000000e+02
4.270000000000000000e+02
0.000000000000000000e+00
0.000000000000000000e+00
7.450000000000000000e+02
4.280000000000000000e+02
3.760000000000000000e+02
4.030000000000000000e+02
3.470000000000000000e+02
0.000000000000000000e+00
0.000000000000000000e+00
0.000000000000000000e+00
1.192000000000000000e+03
0.000000000000000000e+00
0.000000000000000000e+00
1.261000000000000000e+03
0.000000000000000000e+00
0.000000000000000000e+00
0.000000000000000000e+00
1.354000000000000000e+03
0.000000000000000000e+00
0.000000000000000000e+00
1.456000000000000000e+03
0.000000000000000000e+00
0.000000000000000000e+00
0.000000000000000000e+00
1.535000000000000000e+03
0.000000000000000000e+00
0.000000000000000000e+00
1.740000000000000000e+03
0.000000000000000000e+00
0.000000000000000000e+00
0.000000000000000000e+00
1.586000000000000000e+03
0.000000000000000000e+00
0.000000000000000000e+00
0.000000000000000000e+00
0.000000000000000000e+00
0.000000000000000000e+00
0.000000000000000000e+00
3.082000000000000000e+03
0.000000000000000000e+00
0.000000000000000000e+00
2.698000000000000000e+03
0.000000000000000000e+00
0.000000000000000000e+00
0.000000000000000000e+00
2.799000000000000000e+03
0.000000000000000000e+00
2.190000000000000000e+03
1.044000000000000000e+03
0.000000000000000000e+00
0.000000000000000000e+00
2.260000000000000000e+03
1.130000000000000000e+03
1.531000000000000000e+03
1.776000000000000000e+03
1.656000000000000000e+03
1.830000000000000000e+03
0.000000000000000000e+00
2.480000000000000000e+03
1.927000000000000000e+03
2.434000000000000000e+03
2.781000000000000000e+03
2.609000000000000000e+03
0.000000000000000000e+00
0.000000000000000000e+00
5.685000000000000000e+03
1.304000000000000000e+03
2.555000000000000000e+03
2.559000000000000000e+03
2.392000000000000000e+03
0.000000000000000000e+00
0.000000000000000000e+00
5.992000000000000000e+03
2.236000000000000000e+03
3.173000000000000000e+03
3.039000000000000000e+03
2.815000000000000000e+03
0.000000000000000000e+00
0.000000000000000000e+00
5.885000000000000000e+03
2.294000000000000000e+03
2.900000000000000000e+03
2.812000000000000000e+03
2.587000000000000000e+03
0.000000000000000000e+00
0.000000000000000000e+00
5.310000000000000000e+03
2.370000000000000000e+03
2.587000000000000000e+03
2.436000000000000000e+03
2.180000000000000000e+03
0.000000000000000000e+00
0.000000000000000000e+00
4.884000000000000000e+03
2.293000000000000000e+03
2.319000000000000000e+03
2.181000000000000000e+03
2.200000000000000000e+03
0.000000000000000000e+00
0.000000000000000000e+00
3.941000000000000000e+03
1.900000000000000000e+03
2.187000000000000000e+03
2.041000000000000000e+03
1.852000000000000000e+03
0.000000000000000000e+00
0.000000000000000000e+00
3.704000000000000000e+03
1.708000000000000000e+03
1.845000000000000000e+03
1.869000000000000000e+03
1.604000000000000000e+03
0.000000000000000000e+00
0.000000000000000000e+00
3.465000000000000000e+03
1.525000000000000000e+03
1.903000000000000000e+03
1.743000000000000000e+03
1.739000000000000000e+03
0.000000000000000000e+00
0.000000000000000000e+00
3.299000000000000000e+03
1.857000000000000000e+03
1.777000000000000000e+03
1.602000000000000000e+03
1.666000000000000000e+03
0.000000000000000000e+00
0.000000000000000000e+00
3.118000000000000000e+03
1.488000000000000000e+03
1.279000000000000000e+03
1.847000000000000000e+03
1.544000000000000000e+03
0.000000000000000000e+00
0.000000000000000000e+00
0.000000000000000000e+00
4.587000000000000000e+03
1.653000000000000000e+03
1.576000000000000000e+03
1.500000000000000000e+03
0.000000000000000000e+00
0.000000000000000000e+00
2.983000000000000000e+03
1.354000000000000000e+03
1.532000000000000000e+03
1.802000000000000000e+03
1.139000000000000000e+03
0.000000000000000000e+00
0.000000000000000000e+00
0.000000000000000000e+00
3.436000000000000000e+03
1.467000000000000000e+03
1.695000000000000000e+03
1.608000000000000000e+03
0.000000000000000000e+00
0.000000000000000000e+00
