0.000000000000000000e+00
0.000000000000000000e+00
0.000000000000000000e+00
0.000000000000000000e+00
0.000000000000000000e+00
0.000000000000000000e+00
0.000000000000000000e+00
0.000000000000000000e+00
0.000000000000000000e+00
0.000000000000000000e+00
0.000000000000000000e+00
0.000000000000000000e+00
0.000000000000000000e+00
0.000000000000000000e+00
0.000000000000000000e+00
0.000000000000000000e+00
0.000000000000000000e+00
0.000000000000000000e+00
0.000000000000000000e+00
0.000000000000000000e+00
0.000000000000000000e+00
0.000000000000000000e+00
0.000000000000000000e+00
0.000000000000000000e+00
0.000000000000000000e+00
0.000000000000000000e+00
0.000000000000000000e+00
0.000000000000000000e+00
0.000000000000000000e+00
0.000000000000000000e+00
0.000000000000000000e+00
0.000000000000000000e+00
0.000000000000000000e+00
0.000000000000000000e+00
0.000000000000000000e+00
0.000000000000000000e+00
0.000000000000000000e+00
0.000000000000000000e+00
0.000000000000000000e+00
0.000000000000000000e+00
0.000000000000000000e+00
0.000000000000000000e+00
0.000000000000000000e+00
0.000000000000000000e+00
0.000000000000000000e+00
0.000000000000000000e+00
0.000000000000000000e+00
0.000000000000000000e+00
0.000000000000000000e+00
0.000000000000000000e+00
0.000000000000000000e+00
0.000000000000000000e+00
0.000000000000000000e+00
0.000000000000000000e+00
0.000000000000000000e+00
0.000000000000000000e+00
0.000000000000000000e+00
0.000000000000000000e+00
0.000000000000000000e+00
0.000000000000000000e+00
0.000000000000000000e+00
0.000000000000000000e+00
0.000000000000000000e+00
0.000000000000000000e+00
0.000000000000000000e+00
8.000000000000000000e+00
8.000000000000000000e+00
1.000000000000000000e+01
1.400000000000000000e+01
1.500000000000000000e+01
1.500000000000000000e+01
2.000000000000000000e+01
2.000000000000000000e+01
2.100000000000000000e+01
2.100000000000000000e+01
2.200000000000000000e+01
2.200000000000000000e+01
2.200000000000000000e+01
2.300000000000000000e+01
2.700000000000000000e+01
3.800000000000000000e+01
4.100000000000000000e+01
6.200000000000000000e+01
6.300000000000000000e+01
7.400000000000000000e+01
8.500000000000000000e+01
8.800000000000000000e+01
9.800000000000000000e+01
1.110000000000000000e+02
1.190000000000000000e+02
1.210000000000000000e+02
1.230000000000000000e+02
1.390000000000000000e+02
1.440000000000000000e+02
1.460000000000000000e+02
1.460000000000000000e+02
1.460000000000000000e+02
1.500000000000000000e+02
1.500000000000000000e+02
1.510000000000000000e+02
1.510000000000000000e+02
1.510000000000000000e+02
1.550000000000000000e+02
1.610000000000000000e+02
1.610000000000000000e+02
1.610000000000000000e+02
1.760000000000000000e+02
1.770000000000000000e+02
1.780000000000000000e+02
1.800000000000000000e+02
1.800000000000000000e+02
1.800000000000000000e+02
1.810000000000000000e+02
1.810000000000000000e+02
1.820000000000000000e+02
1.820000000000000000e+02
1.840000000000000000e+02
1.910000000000000000e+02
1.930000000000000000e+02
1.990000000000000000e+02
1.990000000000000000e+02
1.990000000000000000e+02
2.010000000000000000e+02
2.010000000000000000e+02
2.030000000000000000e+02
2.060000000000000000e+02
2.060000000000000000e+02
2.060000000000000000e+02
2.070000000000000000e+02
2.240000000000000000e+02
2.240000000000000000e+02
2.280000000000000000e+02
2.320000000000000000e+02
2.330000000000000000e+02
2.360000000000000000e+02
2.360000000000000000e+02
2.400000000000000000e+02
2.420000000000000000e+02
2.440000000000000000e+02
2.460000000000000000e+02
2.480000000000000000e+02
2.600000000000000000e+02
2.610000000000000000e+02
2.610000000000000000e+02
2.610000000000000000e+02
2.620000000000000000e+02
2.620000000000000000e+02
2.620000000000000000e+02
2.860000000000000000e+02
2.860000000000000000e+02
2.870000000000000000e+02
2.900000000000000000e+02
2.910000000000000000e+02
2.920000000000000000e+02
2.930000000000000000e+02
2.930000000000000000e+02
2.930000000000000000e+02
2.960000000000000000e+02
2.990000000000000000e+02
2.990000000000000000e+02
2.990000000000000000e+02
3.030000000000000000e+02
3.040000000000000000e+02
3.060000000000000000e+02
3.130000000000000000e+02
3.130000000000000000e+02
3.160000000000000000e+02
3.160000000000000000e+02
3.170000000000000000e+02
3.210000000000000000e+02
3.260000000000000000e+02
3.300000000000000000e+02
3.310000000000000000e+02
3.360000000000000000e+02
3.370000000000000000e+02
3.370000000000000000e+02
3.390000000000000000e+02
3.390000000000000000e+02
3.400000000000000000e+02
3.410000000000000000e+02
3.410000000000000000e+02
3.410000000000000000e+02
3.430000000000000000e+02
3.430000000000000000e+02
3.460000000000000000e+02
3.480000000000000000e+02
3.500000000000000000e+02
3.500000000000000000e+02
3.510000000000000000e+02
3.510000000000000000e+02
3.530000000000000000e+02
3.530000000000000000e+02
3.530000000000000000e+02
3.530000000000000000e+02
3.550000000000000000e+02
3.560000000000000000e+02
3.570000000000000000e+02
3.570000000000000000e+02
3.590000000000000000e+02
3.590000000000000000e+02
3.600000000000000000e+02
3.600000000000000000e+02
3.600000000000000000e+02
3.610000000000000000e+02
3.690000000000000000e+02
3.740000000000000000e+02
3.740000000000000000e+02
3.750000000000000000e+02
3.760000000000000000e+02
3.760000000000000000e+02
3.940000000000000000e+02
3.990000000000000000e+02
4.350000000000000000e+02
4.410000000000000000e+02
4.500000000000000000e+02
4.740000000000000000e+02
5.040000000000000000e+02
5.800000000000000000e+02
6.020000000000000000e+02
6.430000000000000000e+02
7.490000000000000000e+02
7.750000000000000000e+02
8.820000000000000000e+02
9.190000000000000000e+02
9.950000000000000000e+02
1.111000000000000000e+03
1.171000000000000000e+03
1.319000000000000000e+03
1.419000000000000000e+03
1.518000000000000000e+03
1.807000000000000000e+03
2.009000000000000000e+03
2.150000000000000000e+03
2.422000000000000000e+03
2.796000000000000000e+03
3.015000000000000000e+03
3.195000000000000000e+03
3.636000000000000000e+03
3.894000000000000000e+03
4.299000000000000000e+03
4.621000000000000000e+03
5.263000000000000000e+03
5.805000000000000000e+03
6.471000000000000000e+03
6.959000000000000000e+03
7.827000000000000000e+03
8.515000000000000000e+03
9.112000000000000000e+03
9.991000000000000000e+03
1.073400000000000000e+04
1.163100000000000000e+04
1.242500000000000000e+04
1.337300000000000000e+04
1.438300000000000000e+04
1.552500000000000000e+04
1.650300000000000000e+04
1.779400000000000000e+04
1.878100000000000000e+04
2.003300000000000000e+04
2.143300000000000000e+04
2.244500000000000000e+04
2.390600000000000000e+04
2.606400000000000000e+04
2.797400000000000000e+04
2.931400000000000000e+04
3.043700000000000000e+04
3.132500000000000000e+04
3.235100000000000000e+04
3.348800000000000000e+04
3.487500000000000000e+04
3.602500000000000000e+04
3.720500000000000000e+04
3.850200000000000000e+04
3.969600000000000000e+04
4.100800000000000000e+04
4.236500000000000000e+04
4.378800000000000000e+04
4.477400000000000000e+04
4.620000000000000000e+04
4.766600000000000000e+04
4.907200000000000000e+04
5.040300000000000000e+04
5.149600000000000000e+04
5.270600000000000000e+04
5.340500000000000000e+04
5.460700000000000000e+04
5.580400000000000000e+04
5.694000000000000000e+04
5.793500000000000000e+04
5.927700000000000000e+04
6.034800000000000000e+04
6.137700000000000000e+04
6.197500000000000000e+04
6.324100000000000000e+04
6.445300000000000000e+04
6.559800000000000000e+04
6.673400000000000000e+04
6.801100000000000000e+04
6.899400000000000000e+04
7.016100000000000000e+04
7.173000000000000000e+04
7.332200000000000000e+04
7.488200000000000000e+04
7.641400000000000000e+04
7.784800000000000000e+04
7.924600000000000000e+04
8.050500000000000000e+04
8.223600000000000000e+04
8.356600000000000000e+04
8.520500000000000000e+04
8.663300000000000000e+04
8.797700000000000000e+04
8.948600000000000000e+04
9.071300000000000000e+04
9.218900000000000000e+04
9.360000000000000000e+04
9.501800000000000000e+04
9.652000000000000000e+04
9.804700000000000000e+04
9.915500000000000000e+04
1.004310000000000000e+05
1.017390000000000000e+05
1.031660000000000000e+05
1.044870000000000000e+05
1.058630000000000000e+05
1.072150000000000000e+05
1.083420000000000000e+05
1.095120000000000000e+05
1.106670000000000000e+05
1.119000000000000000e+05
1.130820000000000000e+05
1.141980000000000000e+05
1.151870000000000000e+05
1.161340000000000000e+05
1.169820000000000000e+05
1.179460000000000000e+05
1.188690000000000000e+05
1.197880000000000000e+05
1.205460000000000000e+05
1.212800000000000000e+05
1.218860000000000000e+05
1.225340000000000000e+05
1.231530000000000000e+05
1.237400000000000000e+05
1.246300000000000000e+05
1.250420000000000000e+05
1.256160000000000000e+05
1.263450000000000000e+05
1.269350000000000000e+05
1.275840000000000000e+05
1.281780000000000000e+05
1.287720000000000000e+05
1.294830000000000000e+05
1.300490000000000000e+05
1.306040000000000000e+05
1.311860000000000000e+05
1.317370000000000000e+05
1.322600000000000000e+05
1.328650000000000000e+05
1.333780000000000000e+05
1.338690000000000000e+05
1.343180000000000000e+05
1.347950000000000000e+05
1.352430000000000000e+05
1.357210000000000000e+05
1.361660000000000000e+05
1.365910000000000000e+05
1.370980000000000000e+05
1.375740000000000000e+05
1.379570000000000000e+05
1.383680000000000000e+05
1.388020000000000000e+05
1.391520000000000000e+05
1.395150000000000000e+05
1.398640000000000000e+05
1.401450000000000000e+05
1.403540000000000000e+05
1.403540000000000000e+05
1.409270000000000000e+05
1.411040000000000000e+05
1.413040000000000000e+05
1.413040000000000000e+05
1.413040000000000000e+05
1.414270000000000000e+05
1.414480000000000000e+05
1.414870000000000000e+05
1.415220000000000000e+05
1.415430000000000000e+05
1.415850000000000000e+05
1.416010000000000000e+05
1.416370000000000000e+05
1.416590000000000000e+05
1.416900000000000000e+05
1.417090000000000000e+05
1.417280000000000000e+05
1.417350000000000000e+05
1.417500000000000000e+05
1.417610000000000000e+05
1.417830000000000000e+05
1.418160000000000000e+05
1.418410000000000000e+05
1.418750000000000000e+05
1.418900000000000000e+05
1.418960000000000000e+05
1.419160000000000000e+05
1.419650000000000000e+05
1.419840000000000000e+05
1.420000000000000000e+05
1.420000000000000000e+05
1.420230000000000000e+05
1.420340000000000000e+05
1.420450000000000000e+05
1.420590000000000000e+05
1.420730000000000000e+05
1.421140000000000000e+05
1.421220000000000000e+05
1.421360000000000000e+05
1.421470000000000000e+05
1.421470000000000000e+05
1.421620000000000000e+05
1.421900000000000000e+05
1.422120000000000000e+05
1.422120000000000000e+05
1.422120000000000000e+05
1.422120000000000000e+05
1.422460000000000000e+05
1.422640000000000000e+05
1.422920000000000000e+05
1.423150000000000000e+05
1.423400000000000000e+05
1.423770000000000000e+05
1.423850000000000000e+05
1.423930000000000000e+05
1.424120000000000000e+05
1.424340000000000000e+05
1.424660000000000000e+05
1.424660000000000000e+05
1.424790000000000000e+05
1.424970000000000000e+05
1.425110000000000000e+05
1.425300000000000000e+05
1.425410000000000000e+05
1.425490000000000000e+05
1.425580000000000000e+05
1.425720000000000000e+05
1.425760000000000000e+05
1.425960000000000000e+05
1.425960000000000000e+05
1.426050000000000000e+05
1.426100000000000000e+05
1.426170000000000000e+05
1.426190000000000000e+05
1.426280000000000000e+05
1.426440000000000000e+05
1.426440000000000000e+05
1.426610000000000000e+05
1.426740000000000000e+05
1.426870000000000000e+05
1.427040000000000000e+05
1.427120000000000000e+05
1.427220000000000000e+05
1.427400000000000000e+05
1.427900000000000000e+05
1.428000000000000000e+05
1.428170000000000000e+05
1.428310000000000000e+05
1.428380000000000000e+05
1.428420000000000000e+05
1.428580000000000000e+05
1.428740000000000000e+05
1.428740000000000000e+05
1.429030000000000000e+05
1.429340000000000000e+05
1.429470000000000000e+05
1.429630000000000000e+05
1.429740000000000000e+05
1.429970000000000000e+05
1.430040000000000000e+05
1.430350000000000000e+05
1.430590000000000000e+05
1.430650000000000000e+05
1.430970000000000000e+05
1.431310000000000000e+05
1.431590000000000000e+05
1.431830000000000000e+05
1.432110000000000000e+05
1.432280000000000000e+05
1.432340000000000000e+05
1.432620000000000000e+05
1.432960000000000000e+05
1.433180000000000000e+05
1.434140000000000000e+05
1.434860000000000000e+05
1.435260000000000000e+05
1.435710000000000000e+05
1.436290000000000000e+05
1.437510000000000000e+05
1.438230000000000000e+05
1.439450000000000000e+05
1.441570000000000000e+05
1.442530000000000000e+05
1.443170000000000000e+05
1.444560000000000000e+05
1.445790000000000000e+05
1.447150000000000000e+05
1.448760000000000000e+05
1.450640000000000000e+05
1.452300000000000000e+05
1.456030000000000000e+05
1.458260000000000000e+05
1.460510000000000000e+05
1.464060000000000000e+05
1.467680000000000000e+05
1.470690000000000000e+05
1.476150000000000000e+05
1.480220000000000000e+05
1.486170000000000000e+05
1.492470000000000000e+05
1.499270000000000000e+05
1.507140000000000000e+05
1.515730000000000000e+05
1.523560000000000000e+05
1.531600000000000000e+05
1.543850000000000000e+05
1.556970000000000000e+05
1.572770000000000000e+05
1.593470000000000000e+05
1.612100000000000000e+05
1.630870000000000000e+05
1.654050000000000000e+05
1.683740000000000000e+05
1.719760000000000000e+05
1.759230000000000000e+05
1.800550000000000000e+05
1.843750000000000000e+05
1.887520000000000000e+05
1.922130000000000000e+05
1.972270000000000000e+05
2.012740000000000000e+05
2.083570000000000000e+05
2.125450000000000000e+05
2.187390000000000000e+05
2.242360000000000000e+05
2.295210000000000000e+05
2.347100000000000000e+05
2.405700000000000000e+05
2.466630000000000000e+05
2.533640000000000000e+05
2.588700000000000000e+05
2.645270000000000000e+05
2.695250000000000000e+05
2.741550000000000000e+05
2.791190000000000000e+05
2.840990000000000000e+05
2.893330000000000000e+05
2.944600000000000000e+05
2.991850000000000000e+05
3.026650000000000000e+05
