0.000000000000000000e+00
0.000000000000000000e+00
0.000000000000000000e+00
0.000000000000000000e+00
0.000000000000000000e+00
0.000000000000000000e+00
0.000000000000000000e+00
0.000000000000000000e+00
0.000000000000000000e+00
0.000000000000000000e+00
0.000000000000000000e+00
0.000000000000000000e+00
0.000000000000000000e+00
0.000000000000000000e+00
0.000000000000000000e+00
0.000000000000000000e+00
0.000000000000000000e+00
0.000000000000000000e+00
0.000000000000000000e+00
0.000000000000000000e+00
0.000000000000000000e+00
0.000000000000000000e+00
0.000000000000000000e+00
0.000000000000000000e+00
0.000000000000000000e+00
0.000000000000000000e+00
0.000000000000000000e+00
0.000000000000000000e+00
0.000000000000000000e+00
0.000000000000000000e+00
0.000000000000000000e+00
0.000000000000000000e+00
0.000000000000000000e+00
0.000000000000000000e+00
0.000000000000000000e+00
0.000000000000000000e+00
0.000000000000000000e+00
0.000000000000000000e+00
0.000000000000000000e+00
0.000000000000000000e+00
0.000000000000000000e+00
0.000000000000000000e+00
0.000000000000000000e+00
0.000000000000000000e+00
0.000000000000000000e+00
0.000000000000000000e+00
0.000000000000000000e+00
0.000000000000000000e+00
0.000000000000000000e+00
0.000000000000000000e+00
0.000000000000000000e+00
0.000000000000000000e+00
0.000000000000000000e+00
0.000000000000000000e+00
0.000000000000000000e+00
0.000000000000000000e+00
0.000000000000000000e+00
0.000000000000000000e+00
0.000000000000000000e+00
0.000000000000000000e+00
0.000000000000000000e+00
0.000000000000000000e+00
0.000000000000000000e+00
0.000000000000000000e+00
0.000000000000000000e+00
8.000000000000000000e+00
0.000000000000000000e+00
2.000000000000000000e+00
4.000000000000000000e+00
1.000000000000000000e+00
0.000000000000000000e+00
5.000000000000000000e+00
0.000000000000000000e+00
1.000000000000000000e+00
0.000000000000000000e+00
1.000000000000000000e+00
0.000000000000000000e+00
0.000000000000000000e+00
1.000000000000000000e+00
4.000000000000000000e+00
1.100000000000000000e+01
3.000000000000000000e+00
2.100000000000000000e+01
1.000000000000000000e+00
1.100000000000000000e+01
1.100000000000000000e+01
3.000000000000000000e+00
1.000000000000000000e+01
1.300000000000000000e+01
8.000000000000000000e+00
2.000000000000000000e+00
2.000000000000000000e+00
1.600000000000000000e+01
5.000000000000000000e+00
2.000000000000000000e+00
0.000000000000000000e+00
0.000000000000000000e+00
4.000000000000000000e+00
0.000000000000000000e+00
1.000000000000000000e+00
0.000000000000000000e+00
0.000000000000000000e+00
4.000000000000000000e+00
6.000000000000000000e+00
0.000000000000000000e+00
0.000000000000000000e+00
1.500000000000000000e+01
1.000000000000000000e+00
1.000000000000000000e+00
2.000000000000000000e+00
0.000000000000000000e+00
0.000000000000000000e+00
1.000000000000000000e+00
0.000000000000000000e+00
1.000000000000000000e+00
0.000000000000000000e+00
2.000000000000000000e+00
7.000000000000000000e+00
2.000000000000000000e+00
6.000000000000000000e+00
0.000000000000000000e+00
0.000000000000000000e+00
2.000000000000000000e+00
0.000000000000000000e+00
2.000000000000000000e+00
3.000000000000000000e+00
0.000000000000000000e+00
0.000000000000000000e+00
1.000000000000000000e+00
1.700000000000000000e+01
0.000000000000000000e+00
4.000000000000000000e+00
4.000000000000000000e+00
1.000000000000000000e+00
3.000000000000000000e+00
0.000000000000000000e+00
4.000000000000000000e+00
2.000000000000000000e+00
2.000000000000000000e+00
2.000000000000000000e+00
2.000000000000000000e+00
1.200000000000000000e+01
1.000000000000000000e+00
0.000000000000000000e+00
0.000000000000000000e+00
1.000000000000000000e+00
0.000000000000000000e+00
0.000000000000000000e+00
2.400000000000000000e+01
0.000000000000000000e+00
1.000000000000000000e+00
3.000000000000000000e+00
1.000000000000000000e+00
1.000000000000000000e+00
1.000000000000000000e+00
0.000000000000000000e+00
0.000000000000000000e+00
3.000000000000000000e+00
3.000000000000000000e+00
0.000000000000000000e+00
0.000000000000000000e+00
4.000000000000000000e+00
1.000000000000000000e+00
2.000000000000000000e+00
7.000000000000000000e+00
0.000000000000000000e+00
3.000000000000000000e+00
0.000000000000000000e+00
1.000000000000000000e+00
4.000000000000000000e+00
5.000000000000000000e+00
4.000000000000000000e+00
1.000000000000000000e+00
5.000000000000000000e+00
1.000000000000000000e+00
0.000000000000000000e+00
2.000000000000000000e+00
0.000000000000000000e+00
1.000000000000000000e+00
1.000000000000000000e+00
0.000000000000000000e+00
0.000000000000000000e+00
2.000000000000000000e+00
0.000000000000000000e+00
3.000000000000000000e+00
2.000000000000000000e+00
2.000000000000000000e+00
0.000000000000000000e+00
1.000000000000000000e+00
0.000000000000000000e+00
2.000000000000000000e+00
0.000000000000000000e+00
0.000000000000000000e+00
0.000000000000000000e+00
2.000000000000000000e+00
1.000000000000000000e+00
1.000000000000000000e+00
0.000000000000000000e+00
2.000000000000000000e+00
0.000000000000000000e+00
1.000000000000000000e+00
0.000000000000000000e+00
0.000000000000000000e+00
1.000000000000000000e+00
8.000000000000000000e+00
5.000000000000000000e+00
0.000000000000000000e+00
1.000000000000000000e+00
1.000000000000000000e+00
0.000000000000000000e+00
1.800000000000000000e+01
5.000000000000000000e+00
3.600000000000000000e+01
6.000000000000000000e+00
9.000000000000000000e+00
2.400000000000000000e+01
3.000000000000000000e+01
7.600000000000000000e+01
2.200000000000000000e+01
4.100000000000000000e+01
1.060000000000000000e+02
2.600000000000000000e+01
1.070000000000000000e+02
3.700000000000000000e+01
7.600000000000000000e+01
1.160000000000000000e+02
6.000000000000000000e+01
1.480000000000000000e+02
1.000000000000000000e+02
9.900000000000000000e+01
2.890000000000000000e+02
2.020000000000000000e+02
1.410000000000000000e+02
2.720000000000000000e+02
3.740000000000000000e+02
2.190000000000000000e+02
1.800000000000000000e+02
4.410000000000000000e+02
2.580000000000000000e+02
4.050000000000000000e+02
3.220000000000000000e+02
6.420000000000000000e+02
5.420000000000000000e+02
6.660000000000000000e+02
4.880000000000000000e+02
8.680000000000000000e+02
6.880000000000000000e+02
5.970000000000000000e+02
8.790000000000000000e+02
7.430000000000000000e+02
8.970000000000000000e+02
7.940000000000000000e+02
9.480000000000000000e+02
1.010000000000000000e+03
1.142000000000000000e+03
9.780000000000000000e+02
1.291000000000000000e+03
9.870000000000000000e+02
1.252000000000000000e+03
1.400000000000000000e+03
1.012000000000000000e+03
1.461000000000000000e+03
2.158000000000000000e+03
1.910000000000000000e+03
1.340000000000000000e+03
1.123000000000000000e+03
8.880000000000000000e+02
1.026000000000000000e+03
1.137000000000000000e+03
1.387000000000000000e+03
1.150000000000000000e+03
1.180000000000000000e+03
1.297000000000000000e+03
1.194000000000000000e+03
1.312000000000000000e+03
1.357000000000000000e+03
1.423000000000000000e+03
9.860000000000000000e+02
1.426000000000000000e+03
1.466000000000000000e+03
1.406000000000000000e+03
1.331000000000000000e+03
1.093000000000000000e+03
1.210000000000000000e+03
6.990000000000000000e+02
1.202000000000000000e+03
1.197000000000000000e+03
1.136000000000000000e+03
9.950000000000000000e+02
1.342000000000000000e+03
1.071000000000000000e+03
1.029000000000000000e+03
5.980000000000000000e+02
1.266000000000000000e+03
1.212000000000000000e+03
1.145000000000000000e+03
1.136000000000000000e+03
1.277000000000000000e+03
9.830000000000000000e+02
1.167000000000000000e+03
1.569000000000000000e+03
1.592000000000000000e+03
1.560000000000000000e+03
1.532000000000000000e+03
1.434000000000000000e+03
1.398000000000000000e+03
1.259000000000000000e+03
1.731000000000000000e+03
1.330000000000000000e+03
1.639000000000000000e+03
1.428000000000000000e+03
1.344000000000000000e+03
1.509000000000000000e+03
1.227000000000000000e+03
1.476000000000000000e+03
1.411000000000000000e+03
1.418000000000000000e+03
1.502000000000000000e+03
1.527000000000000000e+03
1.108000000000000000e+03
1.276000000000000000e+03
1.308000000000000000e+03
1.427000000000000000e+03
1.321000000000000000e+03
1.376000000000000000e+03
1.352000000000000000e+03
1.127000000000000000e+03
1.170000000000000000e+03
1.155000000000000000e+03
1.233000000000000000e+03
1.182000000000000000e+03
1.116000000000000000e+03
9.890000000000000000e+02
9.470000000000000000e+02
8.480000000000000000e+02
9.640000000000000000e+02
9.230000000000000000e+02
9.190000000000000000e+02
7.580000000000000000e+02
7.340000000000000000e+02
6.060000000000000000e+02
6.480000000000000000e+02
6.190000000000000000e+02
5.870000000000000000e+02
8.900000000000000000e+02
4.120000000000000000e+02
5.740000000000000000e+02
7.290000000000000000e+02
5.900000000000000000e+02
6.490000000000000000e+02
5.940000000000000000e+02
5.940000000000000000e+02
7.110000000000000000e+02
5.660000000000000000e+02
5.550000000000000000e+02
5.820000000000000000e+02
5.510000000000000000e+02
5.230000000000000000e+02
6.050000000000000000e+02
5.130000000000000000e+02
4.910000000000000000e+02
4.490000000000000000e+02
4.770000000000000000e+02
4.480000000000000000e+02
4.780000000000000000e+02
4.450000000000000000e+02
4.250000000000000000e+02
5.070000000000000000e+02
4.760000000000000000e+02
3.830000000000000000e+02
4.110000000000000000e+02
4.340000000000000000e+02
3.500000000000000000e+02
3.630000000000000000e+02
3.490000000000000000e+02
2.810000000000000000e+02
2.090000000000000000e+02
0.000000000000000000e+00
5.730000000000000000e+02
1.770000000000000000e+02
2.000000000000000000e+02
0.000000000000000000e+00
0.000000000000000000e+00
1.230000000000000000e+02
2.100000000000000000e+01
3.900000000000000000e+01
3.500000000000000000e+01
2.100000000000000000e+01
4.200000000000000000e+01
1.600000000000000000e+01
3.600000000000000000e+01
2.200000000000000000e+01
3.100000000000000000e+01
1.900000000000000000e+01
1.900000000000000000e+01
7.000000000000000000e+00
1.500000000000000000e+01
1.100000000000000000e+01
2.200000000000000000e+01
3.300000000000000000e+01
2.500000000000000000e+01
3.400000000000000000e+01
1.500000000000000000e+01
6.000000000000000000e+00
2.000000000000000000e+01
4.900000000000000000e+01
1.900000000000000000e+01
1.600000000000000000e+01
0.000000000000000000e+00
2.300000000000000000e+01
1.100000000000000000e+01
1.100000000000000000e+01
1.400000000000000000e+01
1.400000000000000000e+01
4.100000000000000000e+01
8.000000000000000000e+00
1.400000000000000000e+01
1.100000000000000000e+01
0.000000000000000000e+00
1.500000000000000000e+01
2.800000000000000000e+01
2.200000000000000000e+01
0.000000000000000000e+00
0.000000000000000000e+00
0.000000000000000000e+00
3.400000000000000000e+01
1.800000000000000000e+01
2.800000000000000000e+01
2.300000000000000000e+01
2.500000000000000000e+01
3.700000000000000000e+01
8.000000000000000000e+00
8.000000000000000000e+00
1.900000000000000000e+01
2.200000000000000000e+01
3.200000000000000000e+01
0.000000000000000000e+00
1.300000000000000000e+01
1.800000000000000000e+01
1.400000000000000000e+01
1.900000000000000000e+01
1.100000000000000000e+01
8.000000000000000000e+00
9.000000000000000000e+00
1.400000000000000000e+01
4.000000000000000000e+00
2.000000000000000000e+01
0.000000000000000000e+00
9.000000000000000000e+00
5.000000000000000000e+00
7.000000000000000000e+00
2.000000000000000000e+00
9.000000000000000000e+00
1.600000000000000000e+01
0.000000000000000000e+00
1.700000000000000000e+01
1.300000000000000000e+01
1.300000000000000000e+01
1.700000000000000000e+01
8.000000000000000000e+00
1.000000000000000000e+01
1.800000000000000000e+01
5.000000000000000000e+01
1.000000000000000000e+01
1.700000000000000000e+01
1.400000000000000000e+01
7.000000000000000000e+00
4.000000000000000000e+00
1.600000000000000000e+01
1.600000000000000000e+01
0.000000000000000000e+00
2.900000000000000000e+01
3.100000000000000000e+01
1.300000000000000000e+01
1.600000000000000000e+01
1.100000000000000000e+01
2.300000000000000000e+01
7.000000000000000000e+00
3.100000000000000000e+01
2.400000000000000000e+01
6.000000000000000000e+00
3.200000000000000000e+01
3.400000000000000000e+01
2.800000000000000000e+01
2.400000000000000000e+01
2.800000000000000000e+01
1.700000000000000000e+01
6.000000000000000000e+00
2.800000000000000000e+01
3.400000000000000000e+01
2.200000000000000000e+01
9.600000000000000000e+01
7.200000000000000000e+01
4.000000000000000000e+01
4.500000000000000000e+01
5.800000000000000000e+01
1.220000000000000000e+02
7.200000000000000000e+01
1.220000000000000000e+02
2.120000000000000000e+02
9.600000000000000000e+01
6.400000000000000000e+01
1.390000000000000000e+02
1.230000000000000000e+02
1.360000000000000000e+02
1.610000000000000000e+02
1.880000000000000000e+02
1.660000000000000000e+02
3.730000000000000000e+02
2.230000000000000000e+02
2.250000000000000000e+02
3.550000000000000000e+02
3.620000000000000000e+02
3.010000000000000000e+02
5.460000000000000000e+02
4.070000000000000000e+02
5.950000000000000000e+02
6.300000000000000000e+02
6.800000000000000000e+02
7.870000000000000000e+02
8.590000000000000000e+02
7.830000000000000000e+02
8.040000000000000000e+02
1.225000000000000000e+03
1.312000000000000000e+03
1.580000000000000000e+03
2.070000000000000000e+03
1.863000000000000000e+03
1.877000000000000000e+03
2.318000000000000000e+03
2.969000000000000000e+03
3.602000000000000000e+03
3.947000000000000000e+03
4.132000000000000000e+03
4.320000000000000000e+03
4.377000000000000000e+03
3.461000000000000000e+03
5.014000000000000000e+03
4.047000000000000000e+03
7.083000000000000000e+03
4.188000000000000000e+03
6.194000000000000000e+03
5.497000000000000000e+03
5.285000000000000000e+03
5.189000000000000000e+03
5.860000000000000000e+03
6.093000000000000000e+03
6.701000000000000000e+03
5.506000000000000000e+03
5.657000000000000000e+03
4.998000000000000000e+03
4.630000000000000000e+03
4.964000000000000000e+03
4.980000000000000000e+03
5.234000000000000000e+03
5.127000000000000000e+03
4.725000000000000000e+03
3.480000000000000000e+03
