0.000000000000000000e+00
0.000000000000000000e+00
0.000000000000000000e+00
0.000000000000000000e+00
0.000000000000000000e+00
0.000000000000000000e+00
0.000000000000000000e+00
0.000000000000000000e+00
0.000000000000000000e+00
0.000000000000000000e+00
0.000000000000000000e+00
0.000000000000000000e+00
0.000000000000000000e+00
0.000000000000000000e+00
0.000000000000000000e+00
0.000000000000000000e+00
0.000000000000000000e+00
0.000000000000000000e+00
0.000000000000000000e+00
0.000000000000000000e+00
0.000000000000000000e+00
0.000000000000000000e+00
0.000000000000000000e+00
0.000000000000000000e+00
0.000000000000000000e+00
0.000000000000000000e+00
0.000000000000000000e+00
0.000000000000000000e+00
0.000000000000000000e+00
0.000000000000000000e+00
0.000000000000000000e+00
0.000000000000000000e+00
0.000000000000000000e+00
0.000000000000000000e+00
0.000000000000000000e+00
0.000000000000000000e+00
0.000000000000000000e+00
0.000000000000000000e+00
0.000000000000000000e+00
0.000000000000000000e+00
0.000000000000000000e+00
0.000000000000000000e+00
0.000000000000000000e+00
0.000000000000000000e+00
0.000000000000000000e+00
0.000000000000000000e+00
0.000000000000000000e+00
0.000000000000000000e+00
0.000000000000000000e+00
0.000000000000000000e+00
0.000000000000000000e+00
0.000000000000000000e+00
2.000000000000000000e+00
2.000000000000000000e+00
4.000000000000000000e+00
5.000000000000000000e+00
7.000000000000000000e+00
9.000000000000000000e+00
9.000000000000000000e+00
4.900000000000000000e+01
5.000000000000000000e+01
5.100000000000000000e+01
5.700000000000000000e+01
6.000000000000000000e+01
6.500000000000000000e+01
6.600000000000000000e+01
7.400000000000000000e+01
7.800000000000000000e+01
8.200000000000000000e+01
8.700000000000000000e+01
9.000000000000000000e+01
9.400000000000000000e+01
9.800000000000000000e+01
1.030000000000000000e+02
1.040000000000000000e+02
1.050000000000000000e+02
1.070000000000000000e+02
1.070000000000000000e+02
1.090000000000000000e+02
1.090000000000000000e+02
1.120000000000000000e+02
1.130000000000000000e+02
1.130000000000000000e+02
1.130000000000000000e+02
1.140000000000000000e+02
1.140000000000000000e+02
1.140000000000000000e+02
1.140000000000000000e+02
1.140000000000000000e+02
1.140000000000000000e+02
1.150000000000000000e+02
1.150000000000000000e+02
1.150000000000000000e+02
1.150000000000000000e+02
1.150000000000000000e+02
1.150000000000000000e+02
1.160000000000000000e+02
1.160000000000000000e+02
1.160000000000000000e+02
1.160000000000000000e+02
1.160000000000000000e+02
1.160000000000000000e+02
1.160000000000000000e+02
1.160000000000000000e+02
1.160000000000000000e+02
1.160000000000000000e+02
1.160000000000000000e+02
1.160000000000000000e+02
1.160000000000000000e+02
1.160000000000000000e+02
1.160000000000000000e+02
1.160000000000000000e+02
1.160000000000000000e+02
1.160000000000000000e+02
1.160000000000000000e+02
1.160000000000000000e+02
1.160000000000000000e+02
1.160000000000000000e+02
1.160000000000000000e+02
1.160000000000000000e+02
1.160000000000000000e+02
1.160000000000000000e+02
1.160000000000000000e+02
1.160000000000000000e+02
1.160000000000000000e+02
1.160000000000000000e+02
1.160000000000000000e+02
1.160000000000000000e+02
1.160000000000000000e+02
1.170000000000000000e+02
1.170000000000000000e+02
1.170000000000000000e+02
1.170000000000000000e+02
1.170000000000000000e+02
1.170000000000000000e+02
1.170000000000000000e+02
1.170000000000000000e+02
1.170000000000000000e+02
1.170000000000000000e+02
1.170000000000000000e+02
1.170000000000000000e+02
1.170000000000000000e+02
1.170000000000000000e+02
1.170000000000000000e+02
1.230000000000000000e+02
1.230000000000000000e+02
1.230000000000000000e+02
1.230000000000000000e+02
1.230000000000000000e+02
1.230000000000000000e+02
1.230000000000000000e+02
1.230000000000000000e+02
1.230000000000000000e+02
1.230000000000000000e+02
1.230000000000000000e+02
1.230000000000000000e+02
1.240000000000000000e+02
1.260000000000000000e+02
1.260000000000000000e+02
1.260000000000000000e+02
1.300000000000000000e+02
1.300000000000000000e+02
1.300000000000000000e+02
1.300000000000000000e+02
1.300000000000000000e+02
1.330000000000000000e+02
1.330000000000000000e+02
1.330000000000000000e+02
1.330000000000000000e+02
1.330000000000000000e+02
1.330000000000000000e+02
1.330000000000000000e+02
1.330000000000000000e+02
1.330000000000000000e+02
1.330000000000000000e+02
1.330000000000000000e+02
1.330000000000000000e+02
1.360000000000000000e+02
1.370000000000000000e+02
1.370000000000000000e+02
1.370000000000000000e+02
1.390000000000000000e+02
1.410000000000000000e+02
1.410000000000000000e+02
1.420000000000000000e+02
1.470000000000000000e+02
1.470000000000000000e+02
1.480000000000000000e+02
1.530000000000000000e+02
1.560000000000000000e+02
1.640000000000000000e+02
1.690000000000000000e+02
1.730000000000000000e+02
1.820000000000000000e+02
1.820000000000000000e+02
1.940000000000000000e+02
1.990000000000000000e+02
2.100000000000000000e+02
2.250000000000000000e+02
2.750000000000000000e+02
2.790000000000000000e+02
2.810000000000000000e+02
3.000000000000000000e+02
3.260000000000000000e+02
4.040000000000000000e+02
4.260000000000000000e+02
4.970000000000000000e+02
5.520000000000000000e+02
5.880000000000000000e+02
6.290000000000000000e+02
6.860000000000000000e+02
7.670000000000000000e+02
8.640000000000000000e+02
9.300000000000000000e+02
1.007000000000000000e+03
1.099000000000000000e+03
1.252000000000000000e+03
1.411000000000000000e+03
1.429000000000000000e+03
1.554000000000000000e+03
1.645000000000000000e+03
1.683000000000000000e+03
1.759000000000000000e+03
1.797000000000000000e+03
1.920000000000000000e+03
1.984000000000000000e+03
2.040000000000000000e+03
2.230000000000000000e+03
2.250000000000000000e+03
2.277000000000000000e+03
2.391000000000000000e+03
2.588000000000000000e+03
2.698000000000000000e+03
2.825000000000000000e+03
2.993000000000000000e+03
3.042000000000000000e+03
3.141000000000000000e+03
3.223000000000000000e+03
3.327000000000000000e+03
3.434000000000000000e+03
3.651000000000000000e+03
3.853000000000000000e+03
3.901000000000000000e+03
3.945000000000000000e+03
4.026000000000000000e+03
4.136000000000000000e+03
4.235000000000000000e+03
4.277000000000000000e+03
4.312000000000000000e+03
4.362000000000000000e+03
4.386000000000000000e+03
4.463000000000000000e+03
4.531000000000000000e+03
4.570000000000000000e+03
4.629000000000000000e+03
4.715000000000000000e+03
4.763000000000000000e+03
4.767000000000000000e+03
4.846000000000000000e+03
4.887000000000000000e+03
4.963000000000000000e+03
5.021000000000000000e+03
5.043000000000000000e+03
5.043000000000000000e+03
5.116000000000000000e+03
5.127000000000000000e+03
5.154000000000000000e+03
5.194000000000000000e+03
5.241000000000000000e+03
5.281000000000000000e+03
5.297000000000000000e+03
5.298000000000000000e+03
5.333000000000000000e+03
5.392000000000000000e+03
5.446000000000000000e+03
5.487000000000000000e+03
5.503000000000000000e+03
5.511000000000000000e+03
5.535000000000000000e+03
5.568000000000000000e+03
5.594000000000000000e+03
5.636000000000000000e+03
5.668000000000000000e+03
5.692000000000000000e+03
5.704000000000000000e+03
5.704000000000000000e+03
5.754000000000000000e+03
5.764000000000000000e+03
5.774000000000000000e+03
5.798000000000000000e+03
5.838000000000000000e+03
5.849000000000000000e+03
5.849000000000000000e+03
5.880000000000000000e+03
5.904000000000000000e+03
5.930000000000000000e+03
5.980000000000000000e+03
6.077000000000000000e+03
6.080000000000000000e+03
6.096000000000000000e+03
6.135000000000000000e+03
6.180000000000000000e+03
6.233000000000000000e+03
6.261000000000000000e+03
6.324000000000000000e+03
6.450000000000000000e+03
6.475000000000000000e+03
6.488000000000000000e+03
6.503000000000000000e+03
6.570000000000000000e+03
6.586000000000000000e+03
6.630000000000000000e+03
6.660000000000000000e+03
6.669000000000000000e+03
6.685000000000000000e+03
6.704000000000000000e+03
6.725000000000000000e+03
6.735000000000000000e+03
6.751000000000000000e+03
6.767000000000000000e+03
6.775000000000000000e+03
6.782000000000000000e+03
6.808000000000000000e+03
6.833000000000000000e+03
6.852000000000000000e+03
6.864000000000000000e+03
6.879000000000000000e+03
6.885000000000000000e+03
6.900000000000000000e+03
6.917000000000000000e+03
6.940000000000000000e+03
6.955000000000000000e+03
6.974000000000000000e+03
7.000000000000000000e+03
7.012000000000000000e+03
7.024000000000000000e+03
7.071000000000000000e+03
7.089000000000000000e+03
7.097000000000000000e+03
7.104000000000000000e+03
7.112000000000000000e+03
7.115000000000000000e+03
7.127000000000000000e+03
7.132000000000000000e+03
7.150000000000000000e+03
7.158000000000000000e+03
7.162000000000000000e+03
7.168000000000000000e+03
7.178000000000000000e+03
7.186000000000000000e+03
7.196000000000000000e+03
7.210000000000000000e+03
7.219000000000000000e+03
7.244000000000000000e+03
7.265000000000000000e+03
7.273000000000000000e+03
7.286000000000000000e+03
7.305000000000000000e+03
7.320000000000000000e+03
7.343000000000000000e+03
7.370000000000000000e+03
7.393000000000000000e+03
7.399000000000000000e+03
7.415000000000000000e+03
7.430000000000000000e+03
7.450000000000000000e+03
7.456000000000000000e+03
7.462000000000000000e+03
7.473000000000000000e+03
7.490000000000000000e+03
7.496000000000000000e+03
7.509000000000000000e+03
7.520000000000000000e+03
7.533000000000000000e+03
7.542000000000000000e+03
7.564000000000000000e+03
7.566000000000000000e+03
7.578000000000000000e+03
7.586000000000000000e+03
7.607000000000000000e+03
7.607000000000000000e+03
7.612000000000000000e+03
7.616000000000000000e+03
7.616000000000000000e+03
7.617000000000000000e+03
7.631000000000000000e+03
7.632000000000000000e+03
7.637000000000000000e+03
7.642000000000000000e+03
7.642000000000000000e+03
7.646000000000000000e+03
7.656000000000000000e+03
7.663000000000000000e+03
7.666000000000000000e+03
7.666000000000000000e+03
7.676000000000000000e+03
7.680000000000000000e+03
7.682000000000000000e+03
7.686000000000000000e+03
7.690000000000000000e+03
7.697000000000000000e+03
7.704000000000000000e+03
7.705000000000000000e+03
7.713000000000000000e+03
7.716000000000000000e+03
7.717000000000000000e+03
7.723000000000000000e+03
7.727000000000000000e+03
7.729000000000000000e+03
7.732000000000000000e+03
7.736000000000000000e+03
7.736000000000000000e+03
7.736000000000000000e+03
7.743000000000000000e+03
7.753000000000000000e+03
7.759000000000000000e+03
7.769000000000000000e+03
7.783000000000000000e+03
7.788000000000000000e+03
7.790000000000000000e+03
7.807000000000000000e+03
7.812000000000000000e+03
7.821000000000000000e+03
7.839000000000000000e+03
7.855000000000000000e+03
7.861000000000000000e+03
7.865000000000000000e+03
7.903000000000000000e+03
7.924000000000000000e+03
7.939000000000000000e+03
7.954000000000000000e+03
7.977000000000000000e+03
7.986000000000000000e+03
8.004000000000000000e+03
8.026000000000000000e+03
8.072000000000000000e+03
8.116000000000000000e+03
8.136000000000000000e+03
8.178000000000000000e+03
8.192000000000000000e+03
8.214000000000000000e+03
8.235000000000000000e+03
8.276000000000000000e+03
8.323000000000000000e+03
8.382000000000000000e+03
8.404000000000000000e+03
8.441000000000000000e+03
8.511000000000000000e+03
8.596000000000000000e+03
8.678000000000000000e+03
8.678000000000000000e+03
8.806000000000000000e+03
8.940000000000000000e+03
8.964000000000000000e+03
9.135000000000000000e+03
9.216000000000000000e+03
9.383000000000000000e+03
9.383000000000000000e+03
9.487000000000000000e+03
9.676000000000000000e+03
9.796000000000000000e+03
9.947000000000000000e+03
1.017000000000000000e+04
1.049800000000000000e+04
1.082400000000000000e+04
1.107200000000000000e+04
1.131300000000000000e+04
1.147100000000000000e+04
1.170600000000000000e+04
1.210500000000000000e+04
1.239600000000000000e+04
1.272000000000000000e+04
1.312200000000000000e+04
1.335500000000000000e+04
1.345400000000000000e+04
1.380200000000000000e+04
1.441700000000000000e+04
1.481400000000000000e+04
1.537900000000000000e+04
1.589900000000000000e+04
1.625500000000000000e+04
1.654900000000000000e+04
1.715000000000000000e+04
1.766900000000000000e+04
1.822700000000000000e+04
1.893500000000000000e+04
1.944400000000000000e+04
2.001700000000000000e+04
2.026700000000000000e+04
2.087900000000000000e+04
2.146100000000000000e+04
2.198700000000000000e+04
2.262000000000000000e+04
2.300100000000000000e+04
2.363800000000000000e+04
2.390900000000000000e+04
2.431400000000000000e+04
2.472600000000000000e+04
2.527200000000000000e+04
2.580100000000000000e+04
2.619200000000000000e+04
2.641000000000000000e+04
2.679900000000000000e+04
2.707900000000000000e+04
2.753300000000000000e+04
2.780600000000000000e+04
2.810600000000000000e+04
2.842200000000000000e+04
2.872300000000000000e+04
2.898200000000000000e+04
2.930900000000000000e+04
2.960600000000000000e+04
2.995600000000000000e+04
3.018300000000000000e+04
3.051300000000000000e+04
3.061900000000000000e+04
3.076700000000000000e+04
3.098200000000000000e+04
3.120700000000000000e+04
3.142900000000000000e+04
3.177500000000000000e+04
3.206900000000000000e+04
3.219800000000000000e+04
3.234300000000000000e+04
3.252800000000000000e+04
3.279300000000000000e+04
3.302900000000000000e+04
3.315300000000000000e+04
3.331300000000000000e+04
3.342800000000000000e+04
3.355500000000000000e+04
3.380500000000000000e+04
3.392000000000000000e+04
3.424100000000000000e+04
3.440200000000000000e+04
3.457700000000000000e+04
3.476500000000000000e+04
3.482200000000000000e+04
3.504600000000000000e+04
3.523600000000000000e+04
3.542800000000000000e+04
3.567900000000000000e+04
3.591400000000000000e+04
3.601700000000000000e+04
3.619800000000000000e+04
3.635400000000000000e+04
3.662600000000000000e+04
3.688400000000000000e+04
3.706500000000000000e+04
3.736500000000000000e+04
3.755400000000000000e+04
3.766300000000000000e+04
3.777100000000000000e+04
3.801400000000000000e+04
3.824700000000000000e+04
3.855700000000000000e+04
3.881100000000000000e+04
3.893000000000000000e+04
