0.000000000000000000e+00
0.000000000000000000e+00
0.000000000000000000e+00
0.000000000000000000e+00
0.000000000000000000e+00
0.000000000000000000e+00
0.000000000000000000e+00
0.000000000000000000e+00
0.000000000000000000e+00
0.000000000000000000e+00
0.000000000000000000e+00
0.000000000000000000e+00
0.000000000000000000e+00
0.000000000000000000e+00
0.000000000000000000e+00
0.000000000000000000e+00
0.000000000000000000e+00
0.000000000000000000e+00
0.000000000000000000e+00
0.000000000000000000e+00
0.000000000000000000e+00
0.000000000000000000e+00
0.000000000000000000e+00
0.000000000000000000e+00
0.000000000000000000e+00
0.000000000000000000e+00
0.000000000000000000e+00
0.000000000000000000e+00
2.000000000000000000e+00
5.000000000000000000e+00
1.800000000000000000e+01
2.800000000000000000e+01
4.300000000000000000e+01
6.100000000000000000e+01
9.500000000000000000e+01
1.390000000000000000e+02
2.450000000000000000e+02
3.880000000000000000e+02
5.930000000000000000e+02
9.780000000000000000e+02
1.501000000000000000e+03
2.336000000000000000e+03
2.922000000000000000e+03
3.513000000000000000e+03
4.747000000000000000e+03
5.823000000000000000e+03
6.566000000000000000e+03
7.161000000000000000e+03
8.042000000000000000e+03
9.000000000000000000e+03
1.007500000000000000e+04
1.136400000000000000e+04
1.272900000000000000e+04
1.393800000000000000e+04
1.499100000000000000e+04
1.616900000000000000e+04
1.736100000000000000e+04
1.840700000000000000e+04
1.964400000000000000e+04
2.061000000000000000e+04
2.163800000000000000e+04
2.304900000000000000e+04
2.481100000000000000e+04
2.701700000000000000e+04
2.940600000000000000e+04
3.233200000000000000e+04
3.540800000000000000e+04
3.830900000000000000e+04
4.149500000000000000e+04
4.460500000000000000e+04
4.759300000000000000e+04
5.046800000000000000e+04
5.318300000000000000e+04
5.574300000000000000e+04
5.822600000000000000e+04
6.050000000000000000e+04
6.258900000000000000e+04
6.458600000000000000e+04
6.622000000000000000e+04
6.819200000000000000e+04
7.002900000000000000e+04
7.168600000000000000e+04
7.330300000000000000e+04
7.487700000000000000e+04
7.638900000000000000e+04
7.799500000000000000e+04
7.949400000000000000e+04
8.086800000000000000e+04
8.221100000000000000e+04
8.350500000000000000e+04
8.480200000000000000e+04
8.599600000000000000e+04
8.702600000000000000e+04
8.819400000000000000e+04
8.932800000000000000e+04
9.048100000000000000e+04
9.147200000000000000e+04
9.258400000000000000e+04
9.365700000000000000e+04
9.464000000000000000e+04
9.564600000000000000e+04
9.644800000000000000e+04
9.742400000000000000e+04
9.864700000000000000e+04
9.997000000000000000e+04
1.016500000000000000e+05
1.031350000000000000e+05
1.046910000000000000e+05
1.062200000000000000e+05
1.076030000000000000e+05
1.092860000000000000e+05
1.107670000000000000e+05
1.127250000000000000e+05
1.145330000000000000e+05
1.166350000000000000e+05
1.183920000000000000e+05
1.201980000000000000e+05
1.224920000000000000e+05
1.246030000000000000e+05
1.269490000000000000e+05
1.293410000000000000e+05
1.316520000000000000e+05
1.335210000000000000e+05
1.357010000000000000e+05
1.377240000000000000e+05
1.395110000000000000e+05
1.415910000000000000e+05
1.438490000000000000e+05
1.466680000000000000e+05
1.489500000000000000e+05
1.514660000000000000e+05
1.544450000000000000e+05
1.575620000000000000e+05
1.606960000000000000e+05
1.642700000000000000e+05
1.671560000000000000e+05
1.694250000000000000e+05
1.717890000000000000e+05
1.738320000000000000e+05
1.759270000000000000e+05
1.779380000000000000e+05
1.801560000000000000e+05
1.825250000000000000e+05
1.849550000000000000e+05
1.874270000000000000e+05
1.898760000000000000e+05
1.924390000000000000e+05
1.950510000000000000e+05
1.976470000000000000e+05
2.002620000000000000e+05
2.025840000000000000e+05
2.049520000000000000e+05
2.075250000000000000e+05
2.099700000000000000e+05
2.125010000000000000e+05
2.150960000000000000e+05
2.177240000000000000e+05
2.201800000000000000e+05
2.226690000000000000e+05
2.252050000000000000e+05
2.276620000000000000e+05
2.302110000000000000e+05
2.328630000000000000e+05
2.354290000000000000e+05
2.378780000000000000e+05
2.404380000000000000e+05
2.430510000000000000e+05
2.456880000000000000e+05
2.483790000000000000e+05
2.504580000000000000e+05
2.527200000000000000e+05
2.551170000000000000e+05
2.573030000000000000e+05
2.596520000000000000e+05
2.621730000000000000e+05
2.645610000000000000e+05
2.670610000000000000e+05
2.694400000000000000e+05
2.716060000000000000e+05
2.737880000000000000e+05
2.762020000000000000e+05
2.788270000000000000e+05
2.814130000000000000e+05
2.840340000000000000e+05
2.865230000000000000e+05
2.888390000000000000e+05
2.911720000000000000e+05
2.936060000000000000e+05
2.962730000000000000e+05
2.989090000000000000e+05
3.015300000000000000e+05
3.042040000000000000e+05
3.067520000000000000e+05
3.094370000000000000e+05
3.120350000000000000e+05
3.147860000000000000e+05
3.174830000000000000e+05
3.201170000000000000e+05
3.225670000000000000e+05
3.246920000000000000e+05
3.267120000000000000e+05
3.288440000000000000e+05
3.311890000000000000e+05
3.336990000000000000e+05
3.363240000000000000e+05
3.388250000000000000e+05
3.410700000000000000e+05
3.432030000000000000e+05
3.454500000000000000e+05
3.478350000000000000e+05
3.502790000000000000e+05
3.525580000000000000e+05
3.547640000000000000e+05
3.567920000000000000e+05
3.589050000000000000e+05
3.611500000000000000e+05
3.633630000000000000e+05
3.656060000000000000e+05
3.677960000000000000e+05
3.699110000000000000e+05
3.718160000000000000e+05
3.735700000000000000e+05
3.752120000000000000e+05
3.768940000000000000e+05
3.787520000000000000e+05
3.807460000000000000e+05
3.827720000000000000e+05
3.846660000000000000e+05
3.866580000000000000e+05
3.888100000000000000e+05
3.911120000000000000e+05
3.934250000000000000e+05
3.954880000000000000e+05
3.978010000000000000e+05
3.999400000000000000e+05
4.020290000000000000e+05
4.046480000000000000e+05
4.073530000000000000e+05
4.103340000000000000e+05
4.131490000000000000e+05
4.161980000000000000e+05
4.190430000000000000e+05
4.221400000000000000e+05
4.254810000000000000e+05
4.291930000000000000e+05
4.327980000000000000e+05
4.363190000000000000e+05
4.398820000000000000e+05
4.430860000000000000e+05
4.464480000000000000e+05
4.499600000000000000e+05
4.536370000000000000e+05
4.572190000000000000e+05
4.610440000000000000e+05
4.645960000000000000e+05
4.681190000000000000e+05
4.717720000000000000e+05
4.756740000000000000e+05
4.798250000000000000e+05
4.838440000000000000e+05
4.882360000000000000e+05
4.923780000000000000e+05
4.962530000000000000e+05
5.000750000000000000e+05
5.042810000000000000e+05
5.083890000000000000e+05
5.132190000000000000e+05
5.178350000000000000e+05
5.223870000000000000e+05
5.264900000000000000e+05
5.303800000000000000e+05
5.346310000000000000e+05
5.396700000000000000e+05
5.452860000000000000e+05
5.507570000000000000e+05
5.568910000000000000e+05
5.627050000000000000e+05
5.688960000000000000e+05
5.748560000000000000e+05
5.818240000000000000e+05
5.886480000000000000e+05
5.969410000000000000e+05
6.049520000000000000e+05
6.127720000000000000e+05
6.204910000000000000e+05
6.287800000000000000e+05
6.377120000000000000e+05
6.461640000000000000e+05
6.549360000000000000e+05
6.638000000000000000e+05
6.732500000000000000e+05
6.824860000000000000e+05
6.929490000000000000e+05
7.032880000000000000e+05
7.150680000000000000e+05
7.265850000000000000e+05
7.383220000000000000e+05
7.495250000000000000e+05
7.620680000000000000e+05
7.751210000000000000e+05
7.884730000000000000e+05
8.018940000000000000e+05
8.151170000000000000e+05
8.283770000000000000e+05
8.413080000000000000e+05
8.543610000000000000e+05
8.668210000000000000e+05
8.805420000000000000e+05
8.943850000000000000e+05
9.083460000000000000e+05
9.223970000000000000e+05
9.357990000000000000e+05
9.487490000000000000e+05
9.620700000000000000e+05
9.759510000000000000e+05
9.895720000000000000e+05
1.003494000000000000e+06
1.016835000000000000e+06
1.028986000000000000e+06
1.040547000000000000e+06
1.051374000000000000e+06
1.062397000000000000e+06
1.072620000000000000e+06
1.083023000000000000e+06
1.092407000000000000e+06
1.100818000000000000e+06
1.108269000000000000e+06
1.115770000000000000e+06
1.123474000000000000e+06
1.131077000000000000e+06
1.138530000000000000e+06
1.145651000000000000e+06
1.152072000000000000e+06
1.158384000000000000e+06
1.164535000000000000e+06
1.170743000000000000e+06
1.177004000000000000e+06
1.183182000000000000e+06
1.189203000000000000e+06
1.194963000000000000e+06
1.200465000000000000e+06
1.206373000000000000e+06
1.212481000000000000e+06
1.218753000000000000e+06
1.225142000000000000e+06
1.231429000000000000e+06
1.237474000000000000e+06
1.243434000000000000e+06
1.249507000000000000e+06
1.255620000000000000e+06
1.261903000000000000e+06
1.268263000000000000e+06
1.274514000000000000e+06
1.280438000000000000e+06
1.286406000000000000e+06
1.292614000000000000e+06
1.299022000000000000e+06
1.305339000000000000e+06
1.311810000000000000e+06
1.318295000000000000e+06
1.324395000000000000e+06
1.330411000000000000e+06
1.336217000000000000e+06
1.342134000000000000e+06
1.348316000000000000e+06
1.354520000000000000e+06
1.360852000000000000e+06
1.367032000000000000e+06
1.372977000000000000e+06
1.379286000000000000e+06
1.385706000000000000e+06
1.392314000000000000e+06
1.398841000000000000e+06
1.405414000000000000e+06
1.411731000000000000e+06
1.417999000000000000e+06
1.424596000000000000e+06
1.431416000000000000e+06
1.438286000000000000e+06
1.445326000000000000e+06
1.452380000000000000e+06
1.459370000000000000e+06
1.466435000000000000e+06
1.473756000000000000e+06
1.481396000000000000e+06
1.488981000000000000e+06
1.496455000000000000e+06
1.503753000000000000e+06
1.510873000000000000e+06
1.518263000000000000e+06
1.526023000000000000e+06
1.534034000000000000e+06
1.542076000000000000e+06
1.550142000000000000e+06
1.558159000000000000e+06
1.566081000000000000e+06
1.574012000000000000e+06
1.582275000000000000e+06
1.590605000000000000e+06
1.598875000000000000e+06
1.607081000000000000e+06
1.615184000000000000e+06
1.623159000000000000e+06
1.631169000000000000e+06
1.639679000000000000e+06
1.648174000000000000e+06
1.656699000000000000e+06
1.665103000000000000e+06
1.673470000000000000e+06
1.681682000000000000e+06
1.689692000000000000e+06
1.698005000000000000e+06
1.706559000000000000e+06
1.715162000000000000e+06
1.723470000000000000e+06
1.731558000000000000e+06
1.739360000000000000e+06
1.746953000000000000e+06
1.754933000000000000e+06
1.763313000000000000e+06
1.771115000000000000e+06
1.778645000000000000e+06
1.786265000000000000e+06
1.793805000000000000e+06
1.801065000000000000e+06
1.808422000000000000e+06
1.815712000000000000e+06
1.823317000000000000e+06
1.830823000000000000e+06
1.838803000000000000e+06
1.846923000000000000e+06
1.855674000000000000e+06
1.864984000000000000e+06
1.875234000000000000e+06
1.885564000000000000e+06
1.897314000000000000e+06
1.908974000000000000e+06
1.920394000000000000e+06
1.932074000000000000e+06
1.945964000000000000e+06
1.963394000000000000e+06
1.984348000000000000e+06
2.006934000000000000e+06
2.029412000000000000e+06
2.049078000000000000e+06
2.070141000000000000e+06
2.093452000000000000e+06
2.118212000000000000e+06
2.143794000000000000e+06
2.168872000000000000e+06
2.194133000000000000e+06
2.215445000000000000e+06
2.237089000000000000e+06
2.261435000000000000e+06
2.286927000000000000e+06
2.311813000000000000e+06
2.335905000000000000e+06
2.358809000000000000e+06
2.377039000000000000e+06
2.396204000000000000e+06
2.417230000000000000e+06
2.438193000000000000e+06
2.459906000000000000e+06
2.479805000000000000e+06
2.499077000000000000e+06
2.516157000000000000e+06
2.534855000000000000e+06
2.555587000000000000e+06
2.575737000000000000e+06
2.591609000000000000e+06
2.610018000000000000e+06
2.627094000000000000e+06
2.640670000000000000e+06
2.654811000000000000e+06
2.673219000000000000e+06
2.691352000000000000e+06
2.707761000000000000e+06
2.722007000000000000e+06
2.732152000000000000e+06
2.739875000000000000e+06
2.751166000000000000e+06
2.765485000000000000e+06
2.779415000000000000e+06
2.792204000000000000e+06
2.804632000000000000e+06
2.815882000000000000e+06
2.823887000000000000e+06
2.832518000000000000e+06
2.843523000000000000e+06
2.855396000000000000e+06
2.865864000000000000e+06
2.875858000000000000e+06
2.886111000000000000e+06
2.893218000000000000e+06
2.902094000000000000e+06
2.913136000000000000e+06
2.923823000000000000e+06
2.935443000000000000e+06
2.945100000000000000e+06
2.954309000000000000e+06
2.960751000000000000e+06
2.966363000000000000e+06
2.971270000000000000e+06
2.980116000000000000e+06
2.990714000000000000e+06
3.003112000000000000e+06
3.013078000000000000e+06
3.020522000000000000e+06
3.028717000000000000e+06
3.039432000000000000e+06
3.049648000000000000e+06
3.060135000000000000e+06
3.070426000000000000e+06
3.080526000000000000e+06
3.086974000000000000e+06
3.095135000000000000e+06
3.105620000000000000e+06
3.117336000000000000e+06
3.128395000000000000e+06
3.140129000000000000e+06
3.150949000000000000e+06
3.157983000000000000e+06
3.167741000000000000e+06
3.180092000000000000e+06
3.192809000000000000e+06
3.204557000000000000e+06
3.218860000000000000e+06
3.232696000000000000e+06
3.241037000000000000e+06
3.254818000000000000e+06
3.270843000000000000e+06
3.286923000000000000e+06
3.304135000000000000e+06
3.327526000000000000e+06
3.344122000000000000e+06
3.355786000000000000e+06
3.373450000000000000e+06
3.394279000000000000e+06
3.417029000000000000e+06
3.440400000000000000e+06
3.464055000000000000e+06
3.485940000000000000e+06
3.501079000000000000e+06
3.523263000000000000e+06
3.548704000000000000e+06
3.576148000000000000e+06
3.603527000000000000e+06
3.623840000000000000e+06
3.645654000000000000e+06
3.664286000000000000e+06
3.691432000000000000e+06
3.723246000000000000e+06
3.758197000000000000e+06
3.792014000000000000e+06
3.826447000000000000e+06
3.851162000000000000e+06
3.871008000000000000e+06
3.903519000000000000e+06
