0.000000000000000000e+00
0.000000000000000000e+00
0.000000000000000000e+00
0.000000000000000000e+00
0.000000000000000000e+00
0.000000000000000000e+00
0.000000000000000000e+00
0.000000000000000000e+00
0.000000000000000000e+00
0.000000000000000000e+00
0.000000000000000000e+00
0.000000000000000000e+00
0.000000000000000000e+00
0.000000000000000000e+00
0.000000000000000000e+00
0.000000000000000000e+00
0.000000000000000000e+00
0.000000000000000000e+00
0.000000000000000000e+00
0.000000000000000000e+00
0.000000000000000000e+00
0.000000000000000000e+00
0.000000000000000000e+00
0.000000000000000000e+00
0.000000000000000000e+00
0.000000000000000000e+00
0.000000000000000000e+00
0.000000000000000000e+00
2.000000000000000000e+00
3.000000000000000000e+00
1.300000000000000000e+01
1.000000000000000000e+01
1.500000000000000000e+01
1.800000000000000000e+01
3.400000000000000000e+01
4.400000000000000000e+01
1.060000000000000000e+02
1.430000000000000000e+02
2.050000000000000000e+02
3.850000000000000000e+02
5.230000000000000000e+02
8.350000000000000000e+02
5.860000000000000000e+02
5.910000000000000000e+02
1.234000000000000000e+03
1.076000000000000000e+03
7.430000000000000000e+02
5.950000000000000000e+02
8.810000000000000000e+02
9.580000000000000000e+02
1.075000000000000000e+03
1.289000000000000000e+03
1.365000000000000000e+03
1.209000000000000000e+03
1.053000000000000000e+03
1.178000000000000000e+03
1.192000000000000000e+03
1.046000000000000000e+03
1.237000000000000000e+03
9.660000000000000000e+02
1.028000000000000000e+03
1.411000000000000000e+03
1.762000000000000000e+03
2.206000000000000000e+03
2.389000000000000000e+03
2.926000000000000000e+03
3.076000000000000000e+03
2.901000000000000000e+03
3.186000000000000000e+03
3.110000000000000000e+03
2.988000000000000000e+03
2.875000000000000000e+03
2.715000000000000000e+03
2.560000000000000000e+03
2.483000000000000000e+03
2.274000000000000000e+03
2.089000000000000000e+03
1.997000000000000000e+03
1.634000000000000000e+03
1.972000000000000000e+03
1.837000000000000000e+03
1.657000000000000000e+03
1.617000000000000000e+03
1.574000000000000000e+03
1.512000000000000000e+03
1.606000000000000000e+03
1.499000000000000000e+03
1.374000000000000000e+03
1.343000000000000000e+03
1.294000000000000000e+03
1.297000000000000000e+03
1.194000000000000000e+03
1.030000000000000000e+03
1.168000000000000000e+03
1.134000000000000000e+03
1.153000000000000000e+03
9.910000000000000000e+02
1.112000000000000000e+03
1.073000000000000000e+03
9.830000000000000000e+02
1.006000000000000000e+03
8.020000000000000000e+02
9.760000000000000000e+02
1.223000000000000000e+03
1.323000000000000000e+03
1.680000000000000000e+03
1.485000000000000000e+03
1.556000000000000000e+03
1.529000000000000000e+03
1.383000000000000000e+03
1.683000000000000000e+03
1.481000000000000000e+03
1.958000000000000000e+03
1.808000000000000000e+03
2.102000000000000000e+03
1.757000000000000000e+03
1.806000000000000000e+03
2.294000000000000000e+03
2.111000000000000000e+03
2.346000000000000000e+03
2.392000000000000000e+03
2.311000000000000000e+03
1.869000000000000000e+03
2.180000000000000000e+03
2.023000000000000000e+03
1.787000000000000000e+03
2.080000000000000000e+03
2.258000000000000000e+03
2.819000000000000000e+03
2.282000000000000000e+03
2.516000000000000000e+03
2.979000000000000000e+03
3.117000000000000000e+03
3.134000000000000000e+03
3.574000000000000000e+03
2.886000000000000000e+03
2.269000000000000000e+03
2.364000000000000000e+03
2.043000000000000000e+03
2.095000000000000000e+03
2.011000000000000000e+03
2.218000000000000000e+03
2.369000000000000000e+03
2.430000000000000000e+03
2.472000000000000000e+03
2.449000000000000000e+03
2.563000000000000000e+03
2.612000000000000000e+03
2.596000000000000000e+03
2.615000000000000000e+03
2.322000000000000000e+03
2.368000000000000000e+03
2.573000000000000000e+03
2.445000000000000000e+03
2.531000000000000000e+03
2.595000000000000000e+03
2.628000000000000000e+03
2.456000000000000000e+03
2.489000000000000000e+03
2.536000000000000000e+03
2.457000000000000000e+03
2.549000000000000000e+03
2.652000000000000000e+03
2.566000000000000000e+03
2.449000000000000000e+03
2.560000000000000000e+03
2.613000000000000000e+03
2.637000000000000000e+03
2.691000000000000000e+03
2.079000000000000000e+03
2.262000000000000000e+03
2.397000000000000000e+03
2.186000000000000000e+03
2.349000000000000000e+03
2.521000000000000000e+03
2.388000000000000000e+03
2.500000000000000000e+03
2.379000000000000000e+03
2.166000000000000000e+03
2.182000000000000000e+03
2.414000000000000000e+03
2.625000000000000000e+03
2.586000000000000000e+03
2.621000000000000000e+03
2.489000000000000000e+03
2.316000000000000000e+03
2.333000000000000000e+03
2.434000000000000000e+03
2.667000000000000000e+03
2.636000000000000000e+03
2.621000000000000000e+03
2.674000000000000000e+03
2.548000000000000000e+03
2.685000000000000000e+03
2.598000000000000000e+03
2.751000000000000000e+03
2.697000000000000000e+03
2.634000000000000000e+03
2.450000000000000000e+03
2.125000000000000000e+03
2.020000000000000000e+03
2.132000000000000000e+03
2.345000000000000000e+03
2.510000000000000000e+03
2.625000000000000000e+03
2.501000000000000000e+03
2.245000000000000000e+03
2.133000000000000000e+03
2.247000000000000000e+03
2.385000000000000000e+03
2.444000000000000000e+03
2.279000000000000000e+03
2.206000000000000000e+03
2.028000000000000000e+03
2.113000000000000000e+03
2.245000000000000000e+03
2.213000000000000000e+03
2.243000000000000000e+03
2.190000000000000000e+03
2.115000000000000000e+03
1.905000000000000000e+03
1.754000000000000000e+03
1.642000000000000000e+03
1.682000000000000000e+03
1.858000000000000000e+03
1.994000000000000000e+03
2.026000000000000000e+03
1.894000000000000000e+03
1.992000000000000000e+03
2.152000000000000000e+03
2.302000000000000000e+03
2.313000000000000000e+03
2.063000000000000000e+03
2.313000000000000000e+03
2.139000000000000000e+03
2.089000000000000000e+03
2.619000000000000000e+03
2.705000000000000000e+03
2.981000000000000000e+03
2.815000000000000000e+03
3.049000000000000000e+03
2.845000000000000000e+03
3.097000000000000000e+03
3.341000000000000000e+03
3.712000000000000000e+03
3.605000000000000000e+03
3.521000000000000000e+03
3.563000000000000000e+03
3.204000000000000000e+03
3.362000000000000000e+03
3.512000000000000000e+03
3.677000000000000000e+03
3.582000000000000000e+03
3.825000000000000000e+03
3.552000000000000000e+03
3.523000000000000000e+03
3.653000000000000000e+03
3.902000000000000000e+03
4.151000000000000000e+03
4.019000000000000000e+03
4.392000000000000000e+03
4.142000000000000000e+03
3.875000000000000000e+03
3.822000000000000000e+03
4.206000000000000000e+03
4.108000000000000000e+03
4.830000000000000000e+03
4.616000000000000000e+03
4.552000000000000000e+03
4.103000000000000000e+03
3.890000000000000000e+03
4.251000000000000000e+03
5.039000000000000000e+03
5.616000000000000000e+03
5.471000000000000000e+03
6.134000000000000000e+03
5.814000000000000000e+03
6.191000000000000000e+03
5.960000000000000000e+03
6.968000000000000000e+03
6.824000000000000000e+03
8.293000000000000000e+03
8.011000000000000000e+03
7.820000000000000000e+03
7.719000000000000000e+03
8.289000000000000000e+03
8.932000000000000000e+03
8.452000000000000000e+03
8.772000000000000000e+03
8.864000000000000000e+03
9.450000000000000000e+03
9.236000000000000000e+03
1.046300000000000000e+04
1.033900000000000000e+04
1.178000000000000000e+04
1.151700000000000000e+04
1.173700000000000000e+04
1.120300000000000000e+04
1.254300000000000000e+04
1.305300000000000000e+04
1.335200000000000000e+04
1.342100000000000000e+04
1.322300000000000000e+04
1.326000000000000000e+04
1.293100000000000000e+04
1.305300000000000000e+04
1.246000000000000000e+04
1.372100000000000000e+04
1.384300000000000000e+04
1.396100000000000000e+04
1.405100000000000000e+04
1.340200000000000000e+04
1.295000000000000000e+04
1.332100000000000000e+04
1.388100000000000000e+04
1.362100000000000000e+04
1.392200000000000000e+04
1.334100000000000000e+04
1.215100000000000000e+04
1.156100000000000000e+04
1.082700000000000000e+04
1.102300000000000000e+04
1.022300000000000000e+04
1.040300000000000000e+04
9.384000000000000000e+03
8.411000000000000000e+03
7.451000000000000000e+03
7.501000000000000000e+03
7.704000000000000000e+03
7.603000000000000000e+03
7.453000000000000000e+03
7.121000000000000000e+03
6.421000000000000000e+03
6.312000000000000000e+03
6.151000000000000000e+03
6.208000000000000000e+03
6.261000000000000000e+03
6.178000000000000000e+03
6.021000000000000000e+03
5.760000000000000000e+03
5.502000000000000000e+03
5.908000000000000000e+03
6.108000000000000000e+03
6.272000000000000000e+03
6.389000000000000000e+03
6.287000000000000000e+03
6.045000000000000000e+03
5.960000000000000000e+03
6.073000000000000000e+03
6.113000000000000000e+03
6.283000000000000000e+03
6.360000000000000000e+03
6.251000000000000000e+03
5.924000000000000000e+03
5.968000000000000000e+03
6.208000000000000000e+03
6.408000000000000000e+03
6.317000000000000000e+03
6.471000000000000000e+03
6.485000000000000000e+03
6.100000000000000000e+03
6.016000000000000000e+03
5.806000000000000000e+03
5.917000000000000000e+03
6.182000000000000000e+03
6.204000000000000000e+03
6.332000000000000000e+03
6.180000000000000000e+03
5.945000000000000000e+03
6.309000000000000000e+03
6.420000000000000000e+03
6.608000000000000000e+03
6.527000000000000000e+03
6.573000000000000000e+03
6.317000000000000000e+03
6.268000000000000000e+03
6.597000000000000000e+03
6.820000000000000000e+03
6.870000000000000000e+03
7.040000000000000000e+03
7.054000000000000000e+03
6.990000000000000000e+03
7.065000000000000000e+03
7.321000000000000000e+03
7.640000000000000000e+03
7.585000000000000000e+03
7.474000000000000000e+03
7.298000000000000000e+03
7.120000000000000000e+03
7.390000000000000000e+03
7.760000000000000000e+03
8.011000000000000000e+03
8.042000000000000000e+03
8.066000000000000000e+03
8.017000000000000000e+03
7.922000000000000000e+03
7.931000000000000000e+03
8.263000000000000000e+03
8.330000000000000000e+03
8.270000000000000000e+03
8.206000000000000000e+03
8.103000000000000000e+03
7.975000000000000000e+03
8.010000000000000000e+03
8.510000000000000000e+03
8.495000000000000000e+03
8.525000000000000000e+03
8.404000000000000000e+03
8.367000000000000000e+03
8.212000000000000000e+03
8.010000000000000000e+03
8.313000000000000000e+03
8.554000000000000000e+03
8.603000000000000000e+03
8.308000000000000000e+03
8.088000000000000000e+03
7.802000000000000000e+03
7.593000000000000000e+03
7.980000000000000000e+03
8.380000000000000000e+03
7.802000000000000000e+03
7.530000000000000000e+03
7.620000000000000000e+03
7.540000000000000000e+03
7.260000000000000000e+03
7.357000000000000000e+03
7.290000000000000000e+03
7.605000000000000000e+03
7.506000000000000000e+03
7.980000000000000000e+03
8.120000000000000000e+03
8.751000000000000000e+03
9.310000000000000000e+03
1.025000000000000000e+04
1.033000000000000000e+04
1.175000000000000000e+04
1.166000000000000000e+04
1.142000000000000000e+04
1.168000000000000000e+04
1.389000000000000000e+04
1.743000000000000000e+04
2.095400000000000000e+04
2.258600000000000000e+04
2.247800000000000000e+04
1.966600000000000000e+04
2.106300000000000000e+04
2.331100000000000000e+04
2.476000000000000000e+04
2.558200000000000000e+04
2.507800000000000000e+04
2.526100000000000000e+04
2.131200000000000000e+04
2.164400000000000000e+04
2.434600000000000000e+04
2.549200000000000000e+04
2.488600000000000000e+04
2.409200000000000000e+04
2.290400000000000000e+04
1.823000000000000000e+04
1.916500000000000000e+04
2.102600000000000000e+04
2.096300000000000000e+04
2.171300000000000000e+04
1.989900000000000000e+04
1.927200000000000000e+04
1.708000000000000000e+04
1.869800000000000000e+04
2.073200000000000000e+04
2.015000000000000000e+04
1.587200000000000000e+04
1.840900000000000000e+04
1.707600000000000000e+04
1.357600000000000000e+04
1.414100000000000000e+04
1.840800000000000000e+04
1.813300000000000000e+04
1.640900000000000000e+04
1.424600000000000000e+04
1.014500000000000000e+04
7.723000000000000000e+03
1.129100000000000000e+04
1.431900000000000000e+04
1.393000000000000000e+04
1.278900000000000000e+04
1.242800000000000000e+04
1.125000000000000000e+04
8.005000000000000000e+03
8.631000000000000000e+03
1.100500000000000000e+04
1.187300000000000000e+04
1.046800000000000000e+04
9.994000000000000000e+03
1.025300000000000000e+04
7.107000000000000000e+03
8.876000000000000000e+03
1.104200000000000000e+04
1.068700000000000000e+04
1.162000000000000000e+04
9.657000000000000000e+03
9.209000000000000000e+03
6.442000000000000000e+03
5.612000000000000000e+03
4.907000000000000000e+03
8.846000000000000000e+03
1.059800000000000000e+04
1.239800000000000000e+04
9.966000000000000000e+03
7.444000000000000000e+03
8.195000000000000000e+03
1.071500000000000000e+04
1.021600000000000000e+04
1.048700000000000000e+04
1.029100000000000000e+04
1.010000000000000000e+04
6.448000000000000000e+03
8.161000000000000000e+03
1.048500000000000000e+04
1.171600000000000000e+04
1.105900000000000000e+04
1.173400000000000000e+04
1.082000000000000000e+04
7.034000000000000000e+03
9.758000000000000000e+03
1.235100000000000000e+04
1.271700000000000000e+04
1.174800000000000000e+04
1.430300000000000000e+04
1.383600000000000000e+04
8.341000000000000000e+03
1.378100000000000000e+04
1.602500000000000000e+04
1.608000000000000000e+04
1.721200000000000000e+04
2.339100000000000000e+04
1.659600000000000000e+04
1.166400000000000000e+04
1.766400000000000000e+04
2.082900000000000000e+04
2.275000000000000000e+04
2.337100000000000000e+04
2.365500000000000000e+04
2.188500000000000000e+04
1.513900000000000000e+04
2.218400000000000000e+04
2.544100000000000000e+04
2.744400000000000000e+04
2.737900000000000000e+04
2.031300000000000000e+04
2.181400000000000000e+04
1.863200000000000000e+04
2.714600000000000000e+04
3.181400000000000000e+04
3.495100000000000000e+04
3.381700000000000000e+04
3.443300000000000000e+04
2.471500000000000000e+04
1.984600000000000000e+04
3.251100000000000000e+04
