0.000000000000000000e+00
0.000000000000000000e+00
0.000000000000000000e+00
0.000000000000000000e+00
0.000000000000000000e+00
0.000000000000000000e+00
0.000000000000000000e+00
0.000000000000000000e+00
0.000000000000000000e+00
0.000000000000000000e+00
0.000000000000000000e+00
0.000000000000000000e+00
0.000000000000000000e+00
0.000000000000000000e+00
0.000000000000000000e+00
0.000000000000000000e+00
0.000000000000000000e+00
0.000000000000000000e+00
0.000000000000000000e+00
0.000000000000000000e+00
0.000000000000000000e+00
0.000000000000000000e+00
0.000000000000000000e+00
0.000000000000000000e+00
0.000000000000000000e+00
0.000000000000000000e+00
0.000000000000000000e+00
0.000000000000000000e+00
0.000000000000000000e+00
0.000000000000000000e+00
0.000000000000000000e+00
0.000000000000000000e+00
0.000000000000000000e+00
0.000000000000000000e+00
0.000000000000000000e+00
0.000000000000000000e+00
0.000000000000000000e+00
0.000000000000000000e+00
0.000000000000000000e+00
0.000000000000000000e+00
0.000000000000000000e+00
0.000000000000000000e+00
0.000000000000000000e+00
0.000000000000000000e+00
0.000000000000000000e+00
0.000000000000000000e+00
4.000000000000000000e+00
4.000000000000000000e+00
4.000000000000000000e+00
7.000000000000000000e+00
7.000000000000000000e+00
2.300000000000000000e+01
4.100000000000000000e+01
5.100000000000000000e+01
5.200000000000000000e+01
6.700000000000000000e+01
9.200000000000000000e+01
9.400000000000000000e+01
1.270000000000000000e+02
1.630000000000000000e+02
1.870000000000000000e+02
2.010000000000000000e+02
2.180000000000000000e+02
2.420000000000000000e+02
2.640000000000000000e+02
2.930000000000000000e+02
3.310000000000000000e+02
3.460000000000000000e+02
3.590000000000000000e+02
3.990000000000000000e+02
4.220000000000000000e+02
4.570000000000000000e+02
4.850000000000000000e+02
5.030000000000000000e+02
5.310000000000000000e+02
5.490000000000000000e+02
5.770000000000000000e+02
5.930000000000000000e+02
6.180000000000000000e+02
6.350000000000000000e+02
6.610000000000000000e+02
6.750000000000000000e+02
6.850000000000000000e+02
7.130000000000000000e+02
7.470000000000000000e+02
8.000000000000000000e+02
8.460000000000000000e+02
8.780000000000000000e+02
8.940000000000000000e+02
9.290000000000000000e+02
9.750000000000000000e+02
1.024000000000000000e+03
1.097000000000000000e+03
1.234000000000000000e+03
1.247000000000000000e+03
1.300000000000000000e+03
1.363000000000000000e+03
1.399000000000000000e+03
1.447000000000000000e+03
1.506000000000000000e+03
1.555000000000000000e+03
1.594000000000000000e+03
1.618000000000000000e+03
1.652000000000000000e+03
1.704000000000000000e+03
1.778000000000000000e+03
1.829000000000000000e+03
1.872000000000000000e+03
1.921000000000000000e+03
1.965000000000000000e+03
1.990000000000000000e+03
2.023000000000000000e+03
2.069000000000000000e+03
2.100000000000000000e+03
2.138000000000000000e+03
2.175000000000000000e+03
2.211000000000000000e+03
2.235000000000000000e+03
2.259000000000000000e+03
2.292000000000000000e+03
2.331000000000000000e+03
2.372000000000000000e+03
2.408000000000000000e+03
2.427000000000000000e+03
2.433000000000000000e+03
2.443000000000000000e+03
2.460000000000000000e+03
2.477000000000000000e+03
2.485000000000000000e+03
2.499000000000000000e+03
2.513000000000000000e+03
2.519000000000000000e+03
2.538000000000000000e+03
2.560000000000000000e+03
2.585000000000000000e+03
2.627000000000000000e+03
2.711000000000000000e+03
2.727000000000000000e+03
2.810000000000000000e+03
2.889000000000000000e+03
2.993000000000000000e+03
3.086000000000000000e+03
3.191000000000000000e+03
3.266000000000000000e+03
3.290000000000000000e+03
3.341000000000000000e+03
3.453000000000000000e+03
3.542000000000000000e+03
3.674000000000000000e+03
3.755000000000000000e+03
3.872000000000000000e+03
3.905000000000000000e+03
3.984000000000000000e+03
4.114000000000000000e+03
4.242000000000000000e+03
4.408000000000000000e+03
4.513000000000000000e+03
4.625000000000000000e+03
4.691000000000000000e+03
4.831000000000000000e+03
4.989000000000000000e+03
5.154000000000000000e+03
5.315000000000000000e+03
5.497000000000000000e+03
5.677000000000000000e+03
5.740000000000000000e+03
5.914000000000000000e+03
6.102000000000000000e+03
6.342000000000000000e+03
6.672000000000000000e+03
6.964000000000000000e+03
7.175000000000000000e+03
7.252000000000000000e+03
7.411000000000000000e+03
7.645000000000000000e+03
7.877000000000000000e+03
8.144000000000000000e+03
8.442000000000000000e+03
8.638000000000000000e+03
8.733000000000000000e+03
8.929000000000000000e+03
9.254000000000000000e+03
9.584000000000000000e+03
9.853000000000000000e+03
1.012300000000000000e+04
1.031200000000000000e+04
1.042700000000000000e+04
1.062100000000000000e+04
1.087100000000000000e+04
1.115500000000000000e+04
1.142000000000000000e+04
1.169000000000000000e+04
1.183600000000000000e+04
1.195500000000000000e+04
1.215900000000000000e+04
1.241400000000000000e+04
1.271700000000000000e+04
1.301400000000000000e+04
1.320900000000000000e+04
1.334300000000000000e+04
1.339600000000000000e+04
1.351200000000000000e+04
1.372200000000000000e+04
1.389300000000000000e+04
1.389300000000000000e+04
1.424300000000000000e+04
1.433300000000000000e+04
1.436500000000000000e+04
1.450000000000000000e+04
1.466900000000000000e+04
1.482000000000000000e+04
1.496200000000000000e+04
1.513100000000000000e+04
1.513100000000000000e+04
1.528700000000000000e+04
1.538600000000000000e+04
1.558900000000000000e+04
1.575100000000000000e+04
1.590800000000000000e+04
1.606500000000000000e+04
1.616400000000000000e+04
1.619000000000000000e+04
1.626600000000000000e+04
1.645400000000000000e+04
1.661700000000000000e+04
1.677500000000000000e+04
1.695400000000000000e+04
1.705000000000000000e+04
1.708900000000000000e+04
1.714600000000000000e+04
1.731300000000000000e+04
1.743500000000000000e+04
1.759800000000000000e+04
1.779900000000000000e+04
1.789100000000000000e+04
1.791800000000000000e+04
1.806100000000000000e+04
1.821600000000000000e+04
1.839000000000000000e+04
1.854400000000000000e+04
1.873300000000000000e+04
1.881900000000000000e+04
1.886300000000000000e+04
1.901400000000000000e+04
1.912300000000000000e+04
1.928300000000000000e+04
1.957300000000000000e+04
1.982800000000000000e+04
1.999700000000000000e+04
2.005500000000000000e+04
2.027100000000000000e+04
2.054700000000000000e+04
2.083300000000000000e+04
2.083300000000000000e+04
2.133600000000000000e+04
2.151800000000000000e+04
2.158700000000000000e+04
2.187000000000000000e+04
2.230600000000000000e+04
2.274300000000000000e+04
2.325900000000000000e+04
2.387100000000000000e+04
2.431900000000000000e+04
2.440200000000000000e+04
2.498900000000000000e+04
2.577400000000000000e+04
2.659300000000000000e+04
2.750700000000000000e+04
2.850500000000000000e+04
2.910800000000000000e+04
2.950300000000000000e+04
3.052700000000000000e+04
3.186300000000000000e+04
3.333500000000000000e+04
3.493000000000000000e+04
3.651900000000000000e+04
3.756200000000000000e+04
3.788900000000000000e+04
4.013200000000000000e+04
4.270100000000000000e+04
4.546100000000000000e+04
4.815000000000000000e+04
5.104100000000000000e+04
5.284400000000000000e+04
5.406900000000000000e+04
5.649600000000000000e+04
6.053700000000000000e+04
6.459100000000000000e+04
6.834500000000000000e+04
7.218400000000000000e+04
7.448500000000000000e+04
7.516000000000000000e+04
7.897600000000000000e+04
8.336600000000000000e+04
8.731100000000000000e+04
9.072500000000000000e+04
9.493700000000000000e+04
9.743500000000000000e+04
9.825100000000000000e+04
1.017700000000000000e+05
1.065980000000000000e+05
1.105360000000000000e+05
1.144350000000000000e+05
1.184180000000000000e+05
1.206970000000000000e+05
1.218200000000000000e+05
1.249660000000000000e+05
1.293480000000000000e+05
1.330600000000000000e+05
1.366280000000000000e+05
1.399550000000000000e+05
1.417470000000000000e+05
1.424860000000000000e+05
1.453000000000000000e+05
1.487750000000000000e+05
1.519130000000000000e+05
1.551930000000000000e+05
1.588070000000000000e+05
1.608440000000000000e+05
1.614210000000000000e+05
1.641850000000000000e+05
1.681650000000000000e+05
1.714930000000000000e+05
1.745680000000000000e+05
1.776650000000000000e+05
1.789520000000000000e+05
1.794490000000000000e+05
1.815440000000000000e+05
1.842870000000000000e+05
1.862460000000000000e+05
1.882880000000000000e+05
1.900270000000000000e+05
1.910290000000000000e+05
1.911950000000000000e+05
1.924720000000000000e+05
1.942710000000000000e+05
1.958860000000000000e+05
1.966580000000000000e+05
1.969150000000000000e+05
1.973840000000000000e+05
1.977160000000000000e+05
1.980530000000000000e+05
1.994910000000000000e+05
2.012200000000000000e+05
2.022660000000000000e+05
2.025400000000000000e+05
2.028800000000000000e+05
2.030510000000000000e+05
2.040800000000000000e+05
2.053900000000000000e+05
2.063920000000000000e+05
2.072590000000000000e+05
2.080120000000000000e+05
2.084060000000000000e+05
2.085110000000000000e+05
2.091310000000000000e+05
2.098810000000000000e+05
2.104160000000000000e+05
2.109510000000000000e+05
2.115030000000000000e+05
2.117360000000000000e+05
2.118130000000000000e+05
2.123830000000000000e+05
2.129270000000000000e+05
2.134090000000000000e+05
2.138640000000000000e+05
2.144300000000000000e+05
2.146960000000000000e+05
2.148170000000000000e+05
2.155890000000000000e+05
2.164160000000000000e+05
2.170140000000000000e+05
2.175740000000000000e+05
2.182690000000000000e+05
2.186180000000000000e+05
2.187480000000000000e+05
2.195800000000000000e+05
2.205470000000000000e+05
2.212660000000000000e+05
2.221490000000000000e+05
2.230590000000000000e+05
2.235520000000000000e+05
2.237340000000000000e+05
2.248490000000000000e+05
2.260610000000000000e+05
2.269740000000000000e+05
2.280440000000000000e+05
2.290100000000000000e+05
2.295160000000000000e+05
2.296790000000000000e+05
2.307470000000000000e+05
2.320960000000000000e+05
2.333420000000000000e+05
2.344280000000000000e+05
2.358910000000000000e+05
2.364390000000000000e+05
2.366660000000000000e+05
2.385910000000000000e+05
2.403910000000000000e+05
2.421240000000000000e+05
2.439460000000000000e+05
2.456270000000000000e+05
2.467060000000000000e+05
2.470380000000000000e+05
2.496260000000000000e+05
2.520290000000000000e+05
2.531830000000000000e+05
2.553810000000000000e+05
2.583850000000000000e+05
2.598110000000000000e+05
2.603080000000000000e+05
2.633030000000000000e+05
2.668050000000000000e+05
2.695790000000000000e+05
2.727000000000000000e+05
2.758590000000000000e+05
2.778780000000000000e+05
2.785570000000000000e+05
2.831940000000000000e+05
2.875680000000000000e+05
2.917690000000000000e+05
2.957770000000000000e+05
2.999390000000000000e+05
3.024800000000000000e+05
3.034230000000000000e+05
3.078900000000000000e+05
3.127410000000000000e+05
3.171160000000000000e+05
3.211040000000000000e+05
3.252330000000000000e+05
3.277700000000000000e+05
3.287530000000000000e+05
3.332500000000000000e+05
3.384260000000000000e+05
3.426330000000000000e+05
3.463270000000000000e+05
3.503400000000000000e+05
3.522590000000000000e+05
3.529990000000000000e+05
3.568590000000000000e+05
3.568590000000000000e+05
3.644190000000000000e+05
3.673760000000000000e+05
3.701790000000000000e+05
3.715310000000000000e+05
3.719930000000000000e+05
3.751150000000000000e+05
3.780590000000000000e+05
3.805760000000000000e+05
3.827610000000000000e+05
3.848870000000000000e+05
3.859630000000000000e+05
3.863810000000000000e+05
3.888150000000000000e+05
3.909110000000000000e+05
3.929130000000000000e+05
3.929130000000000000e+05
3.963020000000000000e+05
3.971000000000000000e+05
3.975000000000000000e+05
3.992590000000000000e+05
4.011090000000000000e+05
4.024910000000000000e+05
4.037280000000000000e+05
4.043800000000000000e+05
4.048460000000000000e+05
4.051940000000000000e+05
4.058250000000000000e+05
4.061920000000000000e+05
4.078270000000000000e+05
4.083720000000000000e+05
4.094950000000000000e+05
4.099610000000000000e+05
4.102020000000000000e+05
4.112800000000000000e+05
4.121570000000000000e+05
4.128140000000000000e+05
4.133200000000000000e+05
4.138380000000000000e+05
4.140410000000000000e+05
4.141920000000000000e+05
4.148690000000000000e+05
4.153260000000000000e+05
4.156870000000000000e+05
4.160550000000000000e+05
4.164170000000000000e+05
4.165650000000000000e+05
4.166460000000000000e+05
4.167270000000000000e+05
4.171330000000000000e+05
4.175260000000000000e+05
4.178190000000000000e+05
4.181060000000000000e+05
4.182210000000000000e+05
4.182740000000000000e+05
4.185770000000000000e+05
4.188130000000000000e+05
4.190100000000000000e+05
4.191800000000000000e+05
4.193370000000000000e+05
4.194260000000000000e+05
4.194730000000000000e+05
4.196810000000000000e+05
4.198590000000000000e+05
4.199900000000000000e+05
4.200900000000000000e+05
4.202130000000000000e+05
4.202940000000000000e+05
4.203360000000000000e+05
4.204930000000000000e+05
4.206540000000000000e+05
4.207490000000000000e+05
4.208590000000000000e+05
4.209640000000000000e+05
4.210050000000000000e+05
4.210320000000000000e+05
4.211520000000000000e+05
4.212460000000000000e+05
4.213390000000000000e+05
4.214010000000000000e+05
4.214870000000000000e+05
4.215150000000000000e+05
4.215310000000000000e+05
4.216460000000000000e+05
4.217510000000000000e+05
4.218290000000000000e+05
4.219020000000000000e+05
4.219830000000000000e+05
4.220340000000000000e+05
4.220340000000000000e+05
4.221510000000000000e+05
4.222380000000000000e+05
4.222980000000000000e+05
4.223530000000000000e+05
4.224140000000000000e+05
4.224460000000000000e+05
4.224620000000000000e+05
4.225450000000000000e+05
4.226190000000000000e+05
4.227030000000000000e+05
4.227970000000000000e+05
4.228730000000000000e+05
4.229300000000000000e+05
4.229650000000000000e+05
4.230780000000000000e+05
4.232230000000000000e+05
4.233190000000000000e+05
4.234400000000000000e+05
4.235750000000000000e+05
4.236290000000000000e+05
4.236860000000000000e+05
4.238790000000000000e+05
4.240790000000000000e+05
4.242950000000000000e+05
4.245260000000000000e+05
4.248720000000000000e+05
4.250540000000000000e+05
4.251480000000000000e+05
