0.000000000000000000e+00
0.000000000000000000e+00
0.000000000000000000e+00
0.000000000000000000e+00
0.000000000000000000e+00
0.000000000000000000e+00
0.000000000000000000e+00
0.000000000000000000e+00
0.000000000000000000e+00
0.000000000000000000e+00
0.000000000000000000e+00
0.000000000000000000e+00
0.000000000000000000e+00
0.000000000000000000e+00
0.000000000000000000e+00
0.000000000000000000e+00
0.000000000000000000e+00
0.000000000000000000e+00
0.000000000000000000e+00
0.000000000000000000e+00
0.000000000000000000e+00
0.000000000000000000e+00
0.000000000000000000e+00
0.000000000000000000e+00
0.000000000000000000e+00
0.000000000000000000e+00
0.000000000000000000e+00
0.000000000000000000e+00
0.000000000000000000e+00
0.000000000000000000e+00
0.000000000000000000e+00
0.000000000000000000e+00
0.000000000000000000e+00
0.000000000000000000e+00
0.000000000000000000e+00
0.000000000000000000e+00
0.000000000000000000e+00
0.000000000000000000e+00
0.000000000000000000e+00
0.000000000000000000e+00
0.000000000000000000e+00
0.000000000000000000e+00
0.000000000000000000e+00
0.000000000000000000e+00
0.000000000000000000e+00
0.000000000000000000e+00
0.000000000000000000e+00
0.000000000000000000e+00
0.000000000000000000e+00
0.000000000000000000e+00
0.000000000000000000e+00
0.000000000000000000e+00
1.000000000000000000e+00
1.000000000000000000e+00
2.000000000000000000e+00
6.000000000000000000e+00
6.000000000000000000e+00
9.000000000000000000e+00
1.200000000000000000e+01
1.700000000000000000e+01
1.900000000000000000e+01
2.000000000000000000e+01
2.100000000000000000e+01
2.400000000000000000e+01
2.500000000000000000e+01
2.800000000000000000e+01
3.400000000000000000e+01
3.400000000000000000e+01
3.600000000000000000e+01
3.800000000000000000e+01
3.900000000000000000e+01
4.700000000000000000e+01
5.000000000000000000e+01
6.100000000000000000e+01
6.100000000000000000e+01
7.000000000000000000e+01
7.700000000000000000e+01
8.700000000000000000e+01
9.500000000000000000e+01
1.260000000000000000e+02
1.370000000000000000e+02
1.550000000000000000e+02
1.560000000000000000e+02
1.670000000000000000e+02
1.800000000000000000e+02
1.960000000000000000e+02
2.140000000000000000e+02
2.350000000000000000e+02
2.570000000000000000e+02
2.890000000000000000e+02
2.940000000000000000e+02
3.160000000000000000e+02
3.840000000000000000e+02
4.300000000000000000e+02
4.730000000000000000e+02
5.000000000000000000e+02
5.300000000000000000e+02
5.300000000000000000e+02
5.570000000000000000e+02
5.990000000000000000e+02
6.440000000000000000e+02
6.880000000000000000e+02
7.030000000000000000e+02
7.300000000000000000e+02
7.630000000000000000e+02
7.980000000000000000e+02
8.320000000000000000e+02
9.000000000000000000e+02
9.670000000000000000e+02
1.052000000000000000e+03
1.114000000000000000e+03
1.199000000000000000e+03
1.342000000000000000e+03
1.518000000000000000e+03
1.643000000000000000e+03
1.763000000000000000e+03
1.763000000000000000e+03
1.912000000000000000e+03
2.133000000000000000e+03
2.265000000000000000e+03
2.512000000000000000e+03
2.743000000000000000e+03
3.054000000000000000e+03
3.424000000000000000e+03
3.760000000000000000e+03
3.954000000000000000e+03
4.145000000000000000e+03
4.348000000000000000e+03
4.607000000000000000e+03
4.739000000000000000e+03
5.087000000000000000e+03
5.336000000000000000e+03
5.586000000000000000e+03
5.760000000000000000e+03
6.154000000000000000e+03
6.485000000000000000e+03
6.792000000000000000e+03
7.055000000000000000e+03
7.502000000000000000e+03
7.866000000000000000e+03
8.221000000000000000e+03
8.561000000000000000e+03
8.982000000000000000e+03
9.491000000000000000e+03
9.845000000000000000e+03
1.027200000000000000e+04
1.070600000000000000e+04
1.125100000000000000e+04
1.186800000000000000e+04
1.250900000000000000e+04
1.275500000000000000e+04
1.314500000000000000e+04
1.376900000000000000e+04
1.454000000000000000e+04
1.481900000000000000e+04
1.561900000000000000e+04
1.582800000000000000e+04
1.639700000000000000e+04
1.693000000000000000e+04
1.740900000000000000e+04
1.809600000000000000e+04
1.901100000000000000e+04
2.007200000000000000e+04
2.129300000000000000e+04
2.250100000000000000e+04
2.324800000000000000e+04
2.397200000000000000e+04
2.478700000000000000e+04
2.541100000000000000e+04
2.665800000000000000e+04
2.761900000000000000e+04
2.859800000000000000e+04
2.935500000000000000e+04
2.974200000000000000e+04
3.087200000000000000e+04
3.207400000000000000e+04
3.293900000000000000e+04
3.380900000000000000e+04
3.804200000000000000e+04
3.867700000000000000e+04
3.903900000000000000e+04
4.022900000000000000e+04
4.113500000000000000e+04
4.219200000000000000e+04
4.328300000000000000e+04
4.449200000000000000e+04
4.505300000000000000e+04
4.530900000000000000e+04
4.645100000000000000e+04
4.760500000000000000e+04
4.882600000000000000e+04
4.978900000000000000e+04
5.097900000000000000e+04
5.130600000000000000e+04
5.154200000000000000e+04
5.236500000000000000e+04
5.350900000000000000e+04
5.433900000000000000e+04
5.527000000000000000e+04
5.618900000000000000e+04
5.660500000000000000e+04
5.698700000000000000e+04
5.796600000000000000e+04
5.908900000000000000e+04
6.028400000000000000e+04
6.142800000000000000e+04
6.231300000000000000e+04
6.256200000000000000e+04
6.294400000000000000e+04
6.384700000000000000e+04
6.488100000000000000e+04
6.598300000000000000e+04
6.694100000000000000e+04
6.785600000000000000e+04
6.818800000000000000e+04
6.853300000000000000e+04
6.965100000000000000e+04
7.071400000000000000e+04
7.185600000000000000e+04
7.292100000000000000e+04
7.367900000000000000e+04
7.391200000000000000e+04
7.407400000000000000e+04
7.489300000000000000e+04
7.564400000000000000e+04
7.635800000000000000e+04
7.704000000000000000e+04
7.748100000000000000e+04
7.768300000000000000e+04
7.782800000000000000e+04
7.872100000000000000e+04
7.962200000000000000e+04
8.030600000000000000e+04
8.100900000000000000e+04
8.165800000000000000e+04
8.190900000000000000e+04
8.217200000000000000e+04
8.268400000000000000e+04
8.292400000000000000e+04
8.366400000000000000e+04
8.434400000000000000e+04
8.515200000000000000e+04
8.544400000000000000e+04
8.568100000000000000e+04
8.662300000000000000e+04
8.744200000000000000e+04
8.793300000000000000e+04
8.887800000000000000e+04
8.970200000000000000e+04
9.009200000000000000e+04
9.026300000000000000e+04
9.096800000000000000e+04
9.174600000000000000e+04
9.240900000000000000e+04
9.309000000000000000e+04
9.374800000000000000e+04
9.396300000000000000e+04
9.418200000000000000e+04
9.487000000000000000e+04
9.570400000000000000e+04
9.648000000000000000e+04
9.693500000000000000e+04
9.754400000000000000e+04
9.771500000000000000e+04
9.782600000000000000e+04
9.838000000000000000e+04
9.909400000000000000e+04
9.976500000000000000e+04
1.004310000000000000e+05
1.010280000000000000e+05
1.013600000000000000e+05
1.015990000000000000e+05
1.022190000000000000e+05
1.024150000000000000e+05
1.031720000000000000e+05
1.039020000000000000e+05
1.046320000000000000e+05
1.047870000000000000e+05
1.048940000000000000e+05
1.055710000000000000e+05
1.063200000000000000e+05
1.067900000000000000e+05
1.073390000000000000e+05
1.079390000000000000e+05
1.081040000000000000e+05
1.081040000000000000e+05
1.084830000000000000e+05
1.091470000000000000e+05
1.098490000000000000e+05
1.105020000000000000e+05
1.110500000000000000e+05
1.112620000000000000e+05
1.113600000000000000e+05
1.121290000000000000e+05
1.128110000000000000e+05
1.135430000000000000e+05
1.141230000000000000e+05
1.147190000000000000e+05
1.148850000000000000e+05
1.150320000000000000e+05
1.157300000000000000e+05
1.163810000000000000e+05
1.170660000000000000e+05
1.177570000000000000e+05
1.184170000000000000e+05
1.186290000000000000e+05
1.187220000000000000e+05
1.193490000000000000e+05
1.199890000000000000e+05
1.206850000000000000e+05
1.211320000000000000e+05
1.217980000000000000e+05
1.219710000000000000e+05
1.220620000000000000e+05
1.227740000000000000e+05
1.234600000000000000e+05
1.240530000000000000e+05
1.248050000000000000e+05
1.253520000000000000e+05
1.255500000000000000e+05
1.256740000000000000e+05
1.264730000000000000e+05
1.271270000000000000e+05
1.277860000000000000e+05
1.285410000000000000e+05
1.290990000000000000e+05
1.292820000000000000e+05
1.294050000000000000e+05
1.300820000000000000e+05
1.308280000000000000e+05
1.314350000000000000e+05
1.320620000000000000e+05
1.325950000000000000e+05
1.327650000000000000e+05
1.328670000000000000e+05
1.336010000000000000e+05
1.342560000000000000e+05
1.348940000000000000e+05
1.350800000000000000e+05
1.351710000000000000e+05
1.353090000000000000e+05
1.354410000000000000e+05
1.362870000000000000e+05
1.371660000000000000e+05
1.380120000000000000e+05
1.382360000000000000e+05
1.383160000000000000e+05
1.384750000000000000e+05
1.386560000000000000e+05
1.394190000000000000e+05
1.402020000000000000e+05
1.410740000000000000e+05
1.420640000000000000e+05
1.431270000000000000e+05
1.432430000000000000e+05
1.432430000000000000e+05
1.449820000000000000e+05
1.459860000000000000e+05
1.469370000000000000e+05
1.475600000000000000e+05
1.485980000000000000e+05
1.488880000000000000e+05
1.491460000000000000e+05
1.502770000000000000e+05
1.513240000000000000e+05
1.523950000000000000e+05
1.529560000000000000e+05
1.538900000000000000e+05
1.542120000000000000e+05
1.544300000000000000e+05
1.554590000000000000e+05
1.564970000000000000e+05
1.575950000000000000e+05
1.583360000000000000e+05
1.591180000000000000e+05
1.595040000000000000e+05
1.596320000000000000e+05
1.602990000000000000e+05
1.609660000000000000e+05
1.616650000000000000e+05
1.622950000000000000e+05
1.629370000000000000e+05
1.631370000000000000e+05
1.632470000000000000e+05
1.639930000000000000e+05
1.647460000000000000e+05
1.655320000000000000e+05
1.662830000000000000e+05
1.670710000000000000e+05
1.672790000000000000e+05
1.673830000000000000e+05
1.681030000000000000e+05
1.688800000000000000e+05
1.696100000000000000e+05
1.702750000000000000e+05
1.709310000000000000e+05
1.711700000000000000e+05
1.712890000000000000e+05
1.720720000000000000e+05
1.727640000000000000e+05
1.731420000000000000e+05
1.738140000000000000e+05
1.743350000000000000e+05
1.745420000000000000e+05
1.746530000000000000e+05
1.754110000000000000e+05
1.762500000000000000e+05
1.768760000000000000e+05
1.777160000000000000e+05
1.783370000000000000e+05
1.785600000000000000e+05
1.787700000000000000e+05
1.795630000000000000e+05
1.803930000000000000e+05
1.811430000000000000e+05
1.819740000000000000e+05
1.826790000000000000e+05
1.828810000000000000e+05
1.830140000000000000e+05
1.839850000000000000e+05
1.849340000000000000e+05
1.858320000000000000e+05
1.867400000000000000e+05
1.876590000000000000e+05
1.879110000000000000e+05
1.881190000000000000e+05
1.890670000000000000e+05
1.902080000000000000e+05
1.912070000000000000e+05
1.921330000000000000e+05
1.930500000000000000e+05
1.933770000000000000e+05
1.935560000000000000e+05
1.938340000000000000e+05
1.938340000000000000e+05
1.947560000000000000e+05
1.950360000000000000e+05
1.952390000000000000e+05
1.954710000000000000e+05
1.956800000000000000e+05
1.970200000000000000e+05
1.983740000000000000e+05
1.999640000000000000e+05
2.012950000000000000e+05
2.026400000000000000e+05
2.030710000000000000e+05
2.033090000000000000e+05
2.053220000000000000e+05
2.071270000000000000e+05
2.086940000000000000e+05
2.106670000000000000e+05
2.123070000000000000e+05
2.127340000000000000e+05
2.130490000000000000e+05
2.147000000000000000e+05
2.163290000000000000e+05
2.181450000000000000e+05
2.197890000000000000e+05
2.213070000000000000e+05
2.216980000000000000e+05
2.219390000000000000e+05
2.230250000000000000e+05
2.246210000000000000e+05
2.262470000000000000e+05
2.276710000000000000e+05
2.284770000000000000e+05
2.286840000000000000e+05
2.288710000000000000e+05
2.300950000000000000e+05
2.312890000000000000e+05
2.324390000000000000e+05
2.336960000000000000e+05
2.348830000000000000e+05
2.350980000000000000e+05
2.353040000000000000e+05
2.362660000000000000e+05
2.376820000000000000e+05
2.387870000000000000e+05
2.401700000000000000e+05
2.411170000000000000e+05
2.413690000000000000e+05
2.415280000000000000e+05
2.427840000000000000e+05
2.438330000000000000e+05
2.452470000000000000e+05
2.461560000000000000e+05
2.471060000000000000e+05
2.474540000000000000e+05
2.476440000000000000e+05
2.488240000000000000e+05
2.502960000000000000e+05
2.513360000000000000e+05
2.529290000000000000e+05
2.538370000000000000e+05
2.542250000000000000e+05
2.544170000000000000e+05
2.558330000000000000e+05
2.571670000000000000e+05
2.586330000000000000e+05
2.599540000000000000e+05
2.613920000000000000e+05
2.619580000000000000e+05
2.622550000000000000e+05
2.638360000000000000e+05
2.656620000000000000e+05
2.674470000000000000e+05
2.693080000000000000e+05
2.711310000000000000e+05
2.717030000000000000e+05
2.719900000000000000e+05
2.737300000000000000e+05
2.752020000000000000e+05
2.769270000000000000e+05
2.784090000000000000e+05
2.799470000000000000e+05
2.805070000000000000e+05
2.808540000000000000e+05
2.827130000000000000e+05
2.847410000000000000e+05
2.867080000000000000e+05
2.889870000000000000e+05
2.908520000000000000e+05
2.915950000000000000e+05
2.919770000000000000e+05
2.926740000000000000e+05
2.935830000000000000e+05
2.964380000000000000e+05
2.989040000000000000e+05
3.011890000000000000e+05
3.020120000000000000e+05
3.025340000000000000e+05
3.053190000000000000e+05
3.082730000000000000e+05
3.113420000000000000e+05
3.143020000000000000e+05
3.173110000000000000e+05
3.185410000000000000e+05
3.191570000000000000e+05
3.221200000000000000e+05
3.250240000000000000e+05
3.277550000000000000e+05
3.306510000000000000e+05
3.331260000000000000e+05
3.338270000000000000e+05
3.343750000000000000e+05
3.377620000000000000e+05
3.408570000000000000e+05
3.442210000000000000e+05
3.474960000000000000e+05
3.508160000000000000e+05
3.520880000000000000e+05
3.525840000000000000e+05
3.552230000000000000e+05
3.587980000000000000e+05
3.621340000000000000e+05
3.655280000000000000e+05
3.684840000000000000e+05
3.696260000000000000e+05
