0.000000000000000000e+00
0.000000000000000000e+00
0.000000000000000000e+00
0.000000000000000000e+00
0.000000000000000000e+00
0.000000000000000000e+00
0.000000000000000000e+00
0.000000000000000000e+00
0.000000000000000000e+00
0.000000000000000000e+00
0.000000000000000000e+00
0.000000000000000000e+00
0.000000000000000000e+00
0.000000000000000000e+00
0.000000000000000000e+00
0.000000000000000000e+00
0.000000000000000000e+00
0.000000000000000000e+00
0.000000000000000000e+00
0.000000000000000000e+00
0.000000000000000000e+00
0.000000000000000000e+00
0.000000000000000000e+00
0.000000000000000000e+00
0.000000000000000000e+00
0.000000000000000000e+00
0.000000000000000000e+00
0.000000000000000000e+00
0.000000000000000000e+00
0.000000000000000000e+00
0.000000000000000000e+00
0.000000000000000000e+00
0.000000000000000000e+00
0.000000000000000000e+00
0.000000000000000000e+00
0.000000000000000000e+00
0.000000000000000000e+00
0.000000000000000000e+00
0.000000000000000000e+00
0.000000000000000000e+00
0.000000000000000000e+00
0.000000000000000000e+00
0.000000000000000000e+00
0.000000000000000000e+00
0.000000000000000000e+00
0.000000000000000000e+00
0.000000000000000000e+00
0.000000000000000000e+00
0.000000000000000000e+00
0.000000000000000000e+00
0.000000000000000000e+00
0.000000000000000000e+00
1.000000000000000000e+00
0.000000000000000000e+00
1.000000000000000000e+00
4.000000000000000000e+00
0.000000000000000000e+00
3.000000000000000000e+00
3.000000000000000000e+00
5.000000000000000000e+00
2.000000000000000000e+00
1.000000000000000000e+00
1.000000000000000000e+00
3.000000000000000000e+00
1.000000000000000000e+00
3.000000000000000000e+00
6.000000000000000000e+00
0.000000000000000000e+00
2.000000000000000000e+00
2.000000000000000000e+00
1.000000000000000000e+00
8.000000000000000000e+00
3.000000000000000000e+00
1.100000000000000000e+01
0.000000000000000000e+00
9.000000000000000000e+00
7.000000000000000000e+00
1.000000000000000000e+01
8.000000000000000000e+00
3.100000000000000000e+01
1.100000000000000000e+01
1.800000000000000000e+01
1.000000000000000000e+00
1.100000000000000000e+01
1.300000000000000000e+01
1.600000000000000000e+01
1.800000000000000000e+01
2.100000000000000000e+01
2.200000000000000000e+01
3.200000000000000000e+01
5.000000000000000000e+00
2.200000000000000000e+01
6.800000000000000000e+01
4.600000000000000000e+01
4.300000000000000000e+01
2.700000000000000000e+01
3.000000000000000000e+01
0.000000000000000000e+00
2.700000000000000000e+01
4.200000000000000000e+01
4.500000000000000000e+01
4.400000000000000000e+01
1.500000000000000000e+01
2.700000000000000000e+01
3.300000000000000000e+01
3.500000000000000000e+01
3.400000000000000000e+01
6.800000000000000000e+01
6.700000000000000000e+01
8.500000000000000000e+01
6.200000000000000000e+01
8.500000000000000000e+01
1.430000000000000000e+02
1.760000000000000000e+02
1.250000000000000000e+02
1.200000000000000000e+02
0.000000000000000000e+00
1.490000000000000000e+02
2.210000000000000000e+02
1.320000000000000000e+02
2.470000000000000000e+02
2.310000000000000000e+02
3.110000000000000000e+02
3.700000000000000000e+02
3.360000000000000000e+02
1.940000000000000000e+02
1.910000000000000000e+02
2.030000000000000000e+02
2.590000000000000000e+02
1.320000000000000000e+02
3.480000000000000000e+02
2.490000000000000000e+02
2.500000000000000000e+02
1.740000000000000000e+02
3.940000000000000000e+02
3.310000000000000000e+02
3.070000000000000000e+02
2.630000000000000000e+02
4.470000000000000000e+02
3.640000000000000000e+02
3.550000000000000000e+02
3.400000000000000000e+02
4.210000000000000000e+02
5.090000000000000000e+02
3.540000000000000000e+02
4.270000000000000000e+02
4.340000000000000000e+02
5.450000000000000000e+02
6.170000000000000000e+02
6.410000000000000000e+02
2.460000000000000000e+02
3.900000000000000000e+02
6.240000000000000000e+02
7.710000000000000000e+02
2.790000000000000000e+02
8.000000000000000000e+02
2.090000000000000000e+02
5.690000000000000000e+02
5.330000000000000000e+02
4.790000000000000000e+02
6.870000000000000000e+02
9.150000000000000000e+02
1.061000000000000000e+03
1.221000000000000000e+03
1.208000000000000000e+03
7.470000000000000000e+02
7.240000000000000000e+02
8.150000000000000000e+02
6.240000000000000000e+02
1.247000000000000000e+03
9.610000000000000000e+02
9.790000000000000000e+02
7.570000000000000000e+02
3.870000000000000000e+02
1.130000000000000000e+03
1.202000000000000000e+03
8.650000000000000000e+02
8.700000000000000000e+02
4.233000000000000000e+03
6.350000000000000000e+02
3.620000000000000000e+02
1.190000000000000000e+03
9.060000000000000000e+02
1.057000000000000000e+03
1.091000000000000000e+03
1.209000000000000000e+03
5.610000000000000000e+02
2.560000000000000000e+02
1.142000000000000000e+03
1.154000000000000000e+03
1.221000000000000000e+03
9.630000000000000000e+02
1.190000000000000000e+03
3.270000000000000000e+02
2.360000000000000000e+02
8.230000000000000000e+02
1.144000000000000000e+03
8.300000000000000000e+02
9.310000000000000000e+02
9.190000000000000000e+02
4.160000000000000000e+02
3.820000000000000000e+02
9.790000000000000000e+02
1.123000000000000000e+03
1.195000000000000000e+03
1.144000000000000000e+03
8.850000000000000000e+02
2.490000000000000000e+02
3.820000000000000000e+02
9.030000000000000000e+02
1.034000000000000000e+03
1.102000000000000000e+03
9.580000000000000000e+02
9.150000000000000000e+02
3.320000000000000000e+02
3.450000000000000000e+02
1.118000000000000000e+03
1.063000000000000000e+03
1.142000000000000000e+03
1.065000000000000000e+03
7.580000000000000000e+02
2.330000000000000000e+02
1.620000000000000000e+02
8.190000000000000000e+02
7.510000000000000000e+02
7.140000000000000000e+02
6.820000000000000000e+02
4.410000000000000000e+02
2.020000000000000000e+02
1.450000000000000000e+02
8.930000000000000000e+02
9.010000000000000000e+02
6.840000000000000000e+02
7.030000000000000000e+02
6.490000000000000000e+02
2.510000000000000000e+02
2.630000000000000000e+02
5.120000000000000000e+02
2.400000000000000000e+02
7.400000000000000000e+02
6.800000000000000000e+02
8.080000000000000000e+02
2.920000000000000000e+02
2.370000000000000000e+02
9.420000000000000000e+02
8.190000000000000000e+02
4.910000000000000000e+02
9.450000000000000000e+02
8.240000000000000000e+02
3.900000000000000000e+02
1.710000000000000000e+02
7.050000000000000000e+02
7.780000000000000000e+02
6.630000000000000000e+02
6.810000000000000000e+02
6.580000000000000000e+02
2.150000000000000000e+02
2.190000000000000000e+02
6.880000000000000000e+02
8.340000000000000000e+02
7.760000000000000000e+02
4.550000000000000000e+02
6.090000000000000000e+02
1.710000000000000000e+02
1.110000000000000000e+02
5.540000000000000000e+02
7.140000000000000000e+02
6.710000000000000000e+02
6.660000000000000000e+02
5.970000000000000000e+02
3.320000000000000000e+02
2.390000000000000000e+02
6.200000000000000000e+02
1.960000000000000000e+02
7.570000000000000000e+02
7.300000000000000000e+02
7.300000000000000000e+02
1.550000000000000000e+02
1.070000000000000000e+02
6.770000000000000000e+02
7.490000000000000000e+02
4.700000000000000000e+02
5.490000000000000000e+02
6.000000000000000000e+02
1.650000000000000000e+02
0.000000000000000000e+00
3.790000000000000000e+02
6.640000000000000000e+02
7.020000000000000000e+02
6.530000000000000000e+02
5.480000000000000000e+02
2.120000000000000000e+02
9.800000000000000000e+01
7.690000000000000000e+02
6.820000000000000000e+02
7.320000000000000000e+02
5.800000000000000000e+02
5.960000000000000000e+02
1.660000000000000000e+02
1.470000000000000000e+02
6.980000000000000000e+02
6.510000000000000000e+02
6.850000000000000000e+02
6.910000000000000000e+02
6.600000000000000000e+02
2.120000000000000000e+02
9.300000000000000000e+01
6.270000000000000000e+02
6.400000000000000000e+02
6.960000000000000000e+02
4.470000000000000000e+02
6.660000000000000000e+02
1.730000000000000000e+02
9.100000000000000000e+01
7.120000000000000000e+02
6.860000000000000000e+02
5.930000000000000000e+02
7.520000000000000000e+02
5.470000000000000000e+02
1.980000000000000000e+02
1.240000000000000000e+02
7.990000000000000000e+02
6.540000000000000000e+02
6.590000000000000000e+02
7.550000000000000000e+02
5.580000000000000000e+02
1.830000000000000000e+02
1.230000000000000000e+02
6.770000000000000000e+02
7.460000000000000000e+02
6.070000000000000000e+02
6.270000000000000000e+02
5.330000000000000000e+02
1.700000000000000000e+02
1.020000000000000000e+02
7.340000000000000000e+02
6.550000000000000000e+02
6.380000000000000000e+02
1.860000000000000000e+02
9.100000000000000000e+01
1.380000000000000000e+02
1.320000000000000000e+02
8.460000000000000000e+02
8.790000000000000000e+02
8.460000000000000000e+02
2.240000000000000000e+02
8.000000000000000000e+01
1.590000000000000000e+02
1.810000000000000000e+02
7.630000000000000000e+02
7.830000000000000000e+02
8.720000000000000000e+02
9.900000000000000000e+02
1.063000000000000000e+03
1.160000000000000000e+02
0.000000000000000000e+00
1.739000000000000000e+03
1.004000000000000000e+03
9.510000000000000000e+02
6.230000000000000000e+02
1.038000000000000000e+03
2.900000000000000000e+02
2.580000000000000000e+02
1.131000000000000000e+03
1.047000000000000000e+03
1.071000000000000000e+03
5.610000000000000000e+02
9.340000000000000000e+02
3.220000000000000000e+02
2.180000000000000000e+02
1.029000000000000000e+03
1.038000000000000000e+03
1.098000000000000000e+03
7.410000000000000000e+02
7.820000000000000000e+02
3.860000000000000000e+02
1.280000000000000000e+02
6.670000000000000000e+02
6.670000000000000000e+02
6.990000000000000000e+02
6.300000000000000000e+02
6.420000000000000000e+02
2.000000000000000000e+02
1.100000000000000000e+02
7.460000000000000000e+02
7.530000000000000000e+02
7.860000000000000000e+02
7.510000000000000000e+02
7.880000000000000000e+02
2.080000000000000000e+02
1.040000000000000000e+02
7.200000000000000000e+02
7.770000000000000000e+02
7.300000000000000000e+02
6.650000000000000000e+02
6.560000000000000000e+02
2.390000000000000000e+02
1.190000000000000000e+02
7.830000000000000000e+02
6.920000000000000000e+02
3.780000000000000000e+02
6.720000000000000000e+02
5.210000000000000000e+02
2.070000000000000000e+02
1.110000000000000000e+02
7.580000000000000000e+02
8.390000000000000000e+02
6.260000000000000000e+02
8.400000000000000000e+02
6.210000000000000000e+02
2.230000000000000000e+02
2.100000000000000000e+02
7.930000000000000000e+02
8.300000000000000000e+02
7.500000000000000000e+02
8.310000000000000000e+02
7.050000000000000000e+02
2.020000000000000000e+02
1.330000000000000000e+02
9.710000000000000000e+02
9.490000000000000000e+02
8.980000000000000000e+02
9.080000000000000000e+02
9.190000000000000000e+02
2.520000000000000000e+02
2.080000000000000000e+02
9.480000000000000000e+02
1.141000000000000000e+03
9.990000000000000000e+02
9.260000000000000000e+02
9.170000000000000000e+02
3.270000000000000000e+02
1.790000000000000000e+02
2.780000000000000000e+02
0.000000000000000000e+00
9.220000000000000000e+02
2.800000000000000000e+02
2.030000000000000000e+02
2.320000000000000000e+02
2.090000000000000000e+02
1.340000000000000000e+03
1.354000000000000000e+03
1.590000000000000000e+03
1.331000000000000000e+03
1.345000000000000000e+03
4.310000000000000000e+02
2.380000000000000000e+02
2.013000000000000000e+03
1.805000000000000000e+03
1.567000000000000000e+03
1.973000000000000000e+03
1.640000000000000000e+03
4.270000000000000000e+02
3.150000000000000000e+02
1.651000000000000000e+03
1.629000000000000000e+03
1.816000000000000000e+03
1.644000000000000000e+03
1.518000000000000000e+03
3.910000000000000000e+02
2.410000000000000000e+02
1.086000000000000000e+03
1.596000000000000000e+03
1.626000000000000000e+03
1.424000000000000000e+03
8.060000000000000000e+02
2.070000000000000000e+02
1.870000000000000000e+02
1.224000000000000000e+03
1.194000000000000000e+03
1.150000000000000000e+03
1.257000000000000000e+03
1.187000000000000000e+03
2.150000000000000000e+02
2.060000000000000000e+02
9.620000000000000000e+02
1.416000000000000000e+03
1.105000000000000000e+03
1.383000000000000000e+03
9.470000000000000000e+02
2.520000000000000000e+02
1.590000000000000000e+02
1.256000000000000000e+03
1.049000000000000000e+03
1.414000000000000000e+03
9.090000000000000000e+02
9.500000000000000000e+02
3.480000000000000000e+02
1.900000000000000000e+02
1.180000000000000000e+03
1.472000000000000000e+03
1.040000000000000000e+03
1.593000000000000000e+03
9.080000000000000000e+02
3.880000000000000000e+02
1.920000000000000000e+02
1.416000000000000000e+03
1.334000000000000000e+03
1.466000000000000000e+03
1.321000000000000000e+03
1.438000000000000000e+03
5.660000000000000000e+02
2.970000000000000000e+02
1.581000000000000000e+03
1.826000000000000000e+03
1.785000000000000000e+03
1.861000000000000000e+03
1.823000000000000000e+03
5.720000000000000000e+02
2.870000000000000000e+02
1.740000000000000000e+03
1.472000000000000000e+03
1.725000000000000000e+03
1.482000000000000000e+03
1.538000000000000000e+03
5.600000000000000000e+02
3.470000000000000000e+02
1.859000000000000000e+03
2.028000000000000000e+03
1.967000000000000000e+03
2.279000000000000000e+03
1.865000000000000000e+03
7.430000000000000000e+02
3.820000000000000000e+02
6.970000000000000000e+02
9.090000000000000000e+02
2.855000000000000000e+03
2.466000000000000000e+03
2.285000000000000000e+03
8.230000000000000000e+02
5.220000000000000000e+02
2.785000000000000000e+03
2.954000000000000000e+03
3.069000000000000000e+03
2.960000000000000000e+03
3.009000000000000000e+03
1.230000000000000000e+03
6.160000000000000000e+02
2.963000000000000000e+03
2.904000000000000000e+03
2.731000000000000000e+03
2.896000000000000000e+03
2.475000000000000000e+03
7.010000000000000000e+02
5.480000000000000000e+02
3.387000000000000000e+03
3.095000000000000000e+03
3.364000000000000000e+03
3.275000000000000000e+03
3.320000000000000000e+03
1.272000000000000000e+03
4.960000000000000000e+02
2.639000000000000000e+03
3.575000000000000000e+03
3.336000000000000000e+03
3.394000000000000000e+03
2.956000000000000000e+03
1.142000000000000000e+03
