0.000000000000000000e+00
0.000000000000000000e+00
0.000000000000000000e+00
0.000000000000000000e+00
0.000000000000000000e+00
0.000000000000000000e+00
0.000000000000000000e+00
0.000000000000000000e+00
0.000000000000000000e+00
0.000000000000000000e+00
0.000000000000000000e+00
0.000000000000000000e+00
0.000000000000000000e+00
0.000000000000000000e+00
0.000000000000000000e+00
0.000000000000000000e+00
0.000000000000000000e+00
0.000000000000000000e+00
0.000000000000000000e+00
0.000000000000000000e+00
0.000000000000000000e+00
0.000000000000000000e+00
0.000000000000000000e+00
0.000000000000000000e+00
0.000000000000000000e+00
0.000000000000000000e+00
0.000000000000000000e+00
0.000000000000000000e+00
0.000000000000000000e+00
0.000000000000000000e+00
0.000000000000000000e+00
0.000000000000000000e+00
0.000000000000000000e+00
0.000000000000000000e+00
0.000000000000000000e+00
0.000000000000000000e+00
0.000000000000000000e+00
0.000000000000000000e+00
0.000000000000000000e+00
0.000000000000000000e+00
0.000000000000000000e+00
0.000000000000000000e+00
0.000000000000000000e+00
0.000000000000000000e+00
0.000000000000000000e+00
0.000000000000000000e+00
0.000000000000000000e+00
0.000000000000000000e+00
0.000000000000000000e+00
0.000000000000000000e+00
0.000000000000000000e+00
0.000000000000000000e+00
0.000000000000000000e+00
0.000000000000000000e+00
0.000000000000000000e+00
1.000000000000000000e+00
1.000000000000000000e+00
1.000000000000000000e+00
1.000000000000000000e+00
1.000000000000000000e+00
1.000000000000000000e+00
2.000000000000000000e+00
3.000000000000000000e+00
3.000000000000000000e+00
3.000000000000000000e+00
3.000000000000000000e+00
3.000000000000000000e+00
4.000000000000000000e+00
4.000000000000000000e+00
4.000000000000000000e+00
4.000000000000000000e+00
4.000000000000000000e+00
4.000000000000000000e+00
4.000000000000000000e+00
4.000000000000000000e+00
4.000000000000000000e+00
4.000000000000000000e+00
4.000000000000000000e+00
4.000000000000000000e+00
4.000000000000000000e+00
9.000000000000000000e+00
9.000000000000000000e+00
9.000000000000000000e+00
9.000000000000000000e+00
9.000000000000000000e+00
9.000000000000000000e+00
9.000000000000000000e+00
9.000000000000000000e+00
1.000000000000000000e+01
1.000000000000000000e+01
1.000000000000000000e+01
1.000000000000000000e+01
1.000000000000000000e+01
1.000000000000000000e+01
1.000000000000000000e+01
1.000000000000000000e+01
1.000000000000000000e+01
1.000000000000000000e+01
1.000000000000000000e+01
1.100000000000000000e+01
1.200000000000000000e+01
1.700000000000000000e+01
1.700000000000000000e+01
1.700000000000000000e+01
1.700000000000000000e+01
1.700000000000000000e+01
1.800000000000000000e+01
2.000000000000000000e+01
2.000000000000000000e+01
2.000000000000000000e+01
2.200000000000000000e+01
2.200000000000000000e+01
2.300000000000000000e+01
2.300000000000000000e+01
2.300000000000000000e+01
2.300000000000000000e+01
2.300000000000000000e+01
2.400000000000000000e+01
2.400000000000000000e+01
2.400000000000000000e+01
2.400000000000000000e+01
2.500000000000000000e+01
2.500000000000000000e+01
2.500000000000000000e+01
2.500000000000000000e+01
2.500000000000000000e+01
2.500000000000000000e+01
2.500000000000000000e+01
2.500000000000000000e+01
2.500000000000000000e+01
2.500000000000000000e+01
2.500000000000000000e+01
2.500000000000000000e+01
2.600000000000000000e+01
2.600000000000000000e+01
2.600000000000000000e+01
2.600000000000000000e+01
2.600000000000000000e+01
2.800000000000000000e+01
2.800000000000000000e+01
2.800000000000000000e+01
2.800000000000000000e+01
2.800000000000000000e+01
2.800000000000000000e+01
2.800000000000000000e+01
3.000000000000000000e+01
3.400000000000000000e+01
3.400000000000000000e+01
3.600000000000000000e+01
3.600000000000000000e+01
3.700000000000000000e+01
3.700000000000000000e+01
4.100000000000000000e+01
4.200000000000000000e+01
4.200000000000000000e+01
4.300000000000000000e+01
4.300000000000000000e+01
4.400000000000000000e+01
4.500000000000000000e+01
4.700000000000000000e+01
4.900000000000000000e+01
4.900000000000000000e+01
5.500000000000000000e+01
5.500000000000000000e+01
5.700000000000000000e+01
5.700000000000000000e+01
6.100000000000000000e+01
6.100000000000000000e+01
6.100000000000000000e+01
6.300000000000000000e+01
6.400000000000000000e+01
6.400000000000000000e+01
6.400000000000000000e+01
6.400000000000000000e+01
6.400000000000000000e+01
6.400000000000000000e+01
7.800000000000000000e+01
7.800000000000000000e+01
9.300000000000000000e+01
9.300000000000000000e+01
1.120000000000000000e+02
1.120000000000000000e+02
1.460000000000000000e+02
1.700000000000000000e+02
2.160000000000000000e+02
2.770000000000000000e+02
2.770000000000000000e+02
3.260000000000000000e+02
3.260000000000000000e+02
3.260000000000000000e+02
4.030000000000000000e+02
4.980000000000000000e+02
4.980000000000000000e+02
4.980000000000000000e+02
4.980000000000000000e+02
6.710000000000000000e+02
7.990000000000000000e+02
9.350000000000000000e+02
1.090000000000000000e+03
1.090000000000000000e+03
1.235000000000000000e+03
1.235000000000000000e+03
1.346000000000000000e+03
1.477000000000000000e+03
1.556000000000000000e+03
1.623000000000000000e+03
1.689000000000000000e+03
1.872000000000000000e+03
1.872000000000000000e+03
2.116000000000000000e+03
2.288000000000000000e+03
2.401000000000000000e+03
2.437000000000000000e+03
2.437000000000000000e+03
2.685000000000000000e+03
2.585000000000000000e+03
2.686000000000000000e+03
2.708000000000000000e+03
2.743000000000000000e+03
2.797000000000000000e+03
2.895000000000000000e+03
2.963000000000000000e+03
2.963000000000000000e+03
3.029000000000000000e+03
3.067000000000000000e+03
3.101000000000000000e+03
3.120000000000000000e+03
3.150000000000000000e+03
3.197000000000000000e+03
3.197000000000000000e+03
3.275000000000000000e+03
3.293000000000000000e+03
3.330000000000000000e+03
3.362000000000000000e+03
3.376000000000000000e+03
3.405000000000000000e+03
3.405000000000000000e+03
3.428000000000000000e+03
3.440000000000000000e+03
3.473000000000000000e+03
3.485000000000000000e+03
3.504000000000000000e+03
3.526000000000000000e+03
3.526000000000000000e+03
3.540000000000000000e+03
3.542000000000000000e+03
3.552000000000000000e+03
3.555000000000000000e+03
3.555000000000000000e+03
3.569000000000000000e+03
3.569000000000000000e+03
3.579000000000000000e+03
3.579000000000000000e+03
3.584000000000000000e+03
3.585000000000000000e+03
3.590000000000000000e+03
3.594000000000000000e+03
3.594000000000000000e+03
3.613000000000000000e+03
3.613000000000000000e+03
3.617000000000000000e+03
3.621000000000000000e+03
3.628000000000000000e+03
3.632000000000000000e+03
3.636000000000000000e+03
3.636000000000000000e+03
3.642000000000000000e+03
3.644000000000000000e+03
3.649000000000000000e+03
3.649000000000000000e+03
3.649000000000000000e+03
3.649000000000000000e+03
3.655000000000000000e+03
3.657000000000000000e+03
3.659000000000000000e+03
3.659000000000000000e+03
3.659000000000000000e+03
3.660000000000000000e+03
3.665000000000000000e+03
3.666000000000000000e+03
3.666000000000000000e+03
3.666000000000000000e+03
3.670000000000000000e+03
3.672000000000000000e+03
3.672000000000000000e+03
3.672000000000000000e+03
3.679000000000000000e+03
3.680000000000000000e+03
3.681000000000000000e+03
3.684000000000000000e+03
3.684000000000000000e+03
3.684000000000000000e+03
3.696000000000000000e+03
3.696000000000000000e+03
3.697000000000000000e+03
3.697000000000000000e+03
3.698000000000000000e+03
3.702000000000000000e+03
3.702000000000000000e+03
3.705000000000000000e+03
3.705000000000000000e+03
3.705000000000000000e+03
3.705000000000000000e+03
3.706000000000000000e+03
3.726000000000000000e+03
3.726000000000000000e+03
3.726000000000000000e+03
3.726000000000000000e+03
3.727000000000000000e+03
3.728000000000000000e+03
3.731000000000000000e+03
3.731000000000000000e+03
3.734000000000000000e+03
3.742000000000000000e+03
3.743000000000000000e+03
3.765000000000000000e+03
3.767000000000000000e+03
3.768000000000000000e+03
3.770000000000000000e+03
3.770000000000000000e+03
3.770000000000000000e+03
3.776000000000000000e+03
3.776000000000000000e+03
3.777000000000000000e+03
3.779000000000000000e+03
3.779000000000000000e+03
3.782000000000000000e+03
3.782000000000000000e+03
3.785000000000000000e+03
3.786000000000000000e+03
3.786000000000000000e+03
3.786000000000000000e+03
3.786000000000000000e+03
3.786000000000000000e+03
3.786000000000000000e+03
3.791000000000000000e+03
3.791000000000000000e+03
3.791000000000000000e+03
3.791000000000000000e+03
3.791000000000000000e+03
3.793000000000000000e+03
3.793000000000000000e+03
3.797000000000000000e+03
3.797000000000000000e+03
3.797000000000000000e+03
3.800000000000000000e+03
3.800000000000000000e+03
3.800000000000000000e+03
3.800000000000000000e+03
3.812000000000000000e+03
3.812000000000000000e+03
3.833000000000000000e+03
3.838000000000000000e+03
3.841000000000000000e+03
3.857000000000000000e+03
3.857000000000000000e+03
3.876000000000000000e+03
3.885000000000000000e+03
3.893000000000000000e+03
3.897000000000000000e+03
3.897000000000000000e+03
3.910000000000000000e+03
3.933000000000000000e+03
3.938000000000000000e+03
3.938000000000000000e+03
3.950000000000000000e+03
3.958000000000000000e+03
3.958000000000000000e+03
3.972000000000000000e+03
4.008000000000000000e+03
4.012000000000000000e+03
4.019000000000000000e+03
4.019000000000000000e+03
4.019000000000000000e+03
4.090000000000000000e+03
4.090000000000000000e+03
4.139000000000000000e+03
4.139000000000000000e+03
4.184000000000000000e+03
4.184000000000000000e+03
4.184000000000000000e+03
4.237000000000000000e+03
4.237000000000000000e+03
4.302000000000000000e+03
4.302000000000000000e+03
4.302000000000000000e+03
4.302000000000000000e+03
4.302000000000000000e+03
4.302000000000000000e+03
4.414000000000000000e+03
4.414000000000000000e+03
4.469000000000000000e+03
4.469000000000000000e+03
4.510000000000000000e+03
4.543000000000000000e+03
4.554000000000000000e+03
4.554000000000000000e+03
4.554000000000000000e+03
4.612000000000000000e+03
4.640000000000000000e+03
4.671000000000000000e+03
4.691000000000000000e+03
4.691000000000000000e+03
4.712000000000000000e+03
4.712000000000000000e+03
4.712000000000000000e+03
4.735000000000000000e+03
4.759000000000000000e+03
4.759000000000000000e+03
4.759000000000000000e+03
4.759000000000000000e+03
4.792000000000000000e+03
4.792000000000000000e+03
4.792000000000000000e+03
4.792000000000000000e+03
4.939000000000000000e+03
4.985000000000000000e+03
4.985000000000000000e+03
5.019000000000000000e+03
5.019000000000000000e+03
5.085000000000000000e+03
5.122000000000000000e+03
5.153000000000000000e+03
5.153000000000000000e+03
5.255000000000000000e+03
5.255000000000000000e+03
5.255000000000000000e+03
5.303000000000000000e+03
5.303000000000000000e+03
5.365000000000000000e+03
5.365000000000000000e+03
5.401000000000000000e+03
5.420000000000000000e+03
5.447000000000000000e+03
5.459000000000000000e+03
5.459000000000000000e+03
5.459000000000000000e+03
5.505000000000000000e+03
5.505000000000000000e+03
5.505000000000000000e+03
5.564000000000000000e+03
5.564000000000000000e+03
5.564000000000000000e+03
5.564000000000000000e+03
5.602000000000000000e+03
5.602000000000000000e+03
5.602000000000000000e+03
5.602000000000000000e+03
5.682000000000000000e+03
5.694000000000000000e+03
5.720000000000000000e+03
5.720000000000000000e+03
5.720000000000000000e+03
5.720000000000000000e+03
5.784000000000000000e+03
5.788000000000000000e+03
5.820000000000000000e+03
5.820000000000000000e+03
5.857000000000000000e+03
5.857000000000000000e+03
5.857000000000000000e+03
5.882000000000000000e+03
5.885000000000000000e+03
5.887000000000000000e+03
5.898000000000000000e+03
5.898000000000000000e+03
5.901000000000000000e+03
5.901000000000000000e+03
5.914000000000000000e+03
5.914000000000000000e+03
5.925000000000000000e+03
5.925000000000000000e+03
5.925000000000000000e+03
5.929000000000000000e+03
5.929000000000000000e+03
5.934000000000000000e+03
5.934000000000000000e+03
5.934000000000000000e+03
5.940000000000000000e+03
5.940000000000000000e+03
5.940000000000000000e+03
5.957000000000000000e+03
5.957000000000000000e+03
5.966000000000000000e+03
5.968000000000000000e+03
5.968000000000000000e+03
5.968000000000000000e+03
5.968000000000000000e+03
5.978000000000000000e+03
5.978000000000000000e+03
5.978000000000000000e+03
5.990000000000000000e+03
5.990000000000000000e+03
5.990000000000000000e+03
5.990000000000000000e+03
5.993000000000000000e+03
5.993000000000000000e+03
5.993000000000000000e+03
5.995000000000000000e+03
5.999000000000000000e+03
5.999000000000000000e+03
5.999000000000000000e+03
6.002000000000000000e+03
6.002000000000000000e+03
6.002000000000000000e+03
6.002000000000000000e+03
6.008000000000000000e+03
6.008000000000000000e+03
6.008000000000000000e+03
6.016000000000000000e+03
6.016000000000000000e+03
6.024000000000000000e+03
6.024000000000000000e+03
6.024000000000000000e+03
6.024000000000000000e+03
6.024000000000000000e+03
6.045000000000000000e+03
6.045000000000000000e+03
6.045000000000000000e+03
6.054000000000000000e+03
6.065000000000000000e+03
6.069000000000000000e+03
6.069000000000000000e+03
6.069000000000000000e+03
6.079000000000000000e+03
6.079000000000000000e+03
6.079000000000000000e+03
6.079000000000000000e+03
6.079000000000000000e+03
6.079000000000000000e+03
6.116000000000000000e+03
6.116000000000000000e+03
6.116000000000000000e+03
6.183000000000000000e+03
6.183000000000000000e+03
6.282000000000000000e+03
6.282000000000000000e+03
6.328000000000000000e+03
6.414000000000000000e+03
6.521000000000000000e+03
6.610000000000000000e+03
6.610000000000000000e+03
6.610000000000000000e+03
6.920000000000000000e+03
6.920000000000000000e+03
6.920000000000000000e+03
6.920000000000000000e+03
7.161000000000000000e+03
7.161000000000000000e+03
7.333000000000000000e+03
7.333000000000000000e+03
7.333000000000000000e+03
7.333000000000000000e+03
7.709000000000000000e+03
7.709000000000000000e+03
7.709000000000000000e+03
7.709000000000000000e+03
7.709000000000000000e+03
