0.000000000000000000e+00
0.000000000000000000e+00
0.000000000000000000e+00
0.000000000000000000e+00
0.000000000000000000e+00
0.000000000000000000e+00
0.000000000000000000e+00
0.000000000000000000e+00
0.000000000000000000e+00
0.000000000000000000e+00
0.000000000000000000e+00
0.000000000000000000e+00
0.000000000000000000e+00
0.000000000000000000e+00
0.000000000000000000e+00
0.000000000000000000e+00
0.000000000000000000e+00
0.000000000000000000e+00
0.000000000000000000e+00
0.000000000000000000e+00
0.000000000000000000e+00
0.000000000000000000e+00
0.000000000000000000e+00
0.000000000000000000e+00
0.000000000000000000e+00
0.000000000000000000e+00
0.000000000000000000e+00
0.000000000000000000e+00
0.000000000000000000e+00
0.000000000000000000e+00
0.000000000000000000e+00
0.000000000000000000e+00
0.000000000000000000e+00
0.000000000000000000e+00
0.000000000000000000e+00
0.000000000000000000e+00
0.000000000000000000e+00
0.000000000000000000e+00
0.000000000000000000e+00
0.000000000000000000e+00
0.000000000000000000e+00
0.000000000000000000e+00
0.000000000000000000e+00
0.000000000000000000e+00
0.000000000000000000e+00
0.000000000000000000e+00
0.000000000000000000e+00
0.000000000000000000e+00
0.000000000000000000e+00
0.000000000000000000e+00
0.000000000000000000e+00
0.000000000000000000e+00
0.000000000000000000e+00
0.000000000000000000e+00
0.000000000000000000e+00
0.000000000000000000e+00
0.000000000000000000e+00
0.000000000000000000e+00
0.000000000000000000e+00
0.000000000000000000e+00
0.000000000000000000e+00
1.000000000000000000e+00
1.000000000000000000e+00
2.000000000000000000e+00
2.000000000000000000e+00
2.000000000000000000e+00
2.000000000000000000e+00
2.000000000000000000e+00
3.000000000000000000e+00
3.000000000000000000e+00
3.000000000000000000e+00
3.000000000000000000e+00
4.000000000000000000e+00
4.000000000000000000e+00
5.000000000000000000e+00
7.000000000000000000e+00
7.000000000000000000e+00
8.000000000000000000e+00
9.000000000000000000e+00
1.000000000000000000e+01
1.300000000000000000e+01
1.400000000000000000e+01
1.800000000000000000e+01
1.800000000000000000e+01
1.800000000000000000e+01
1.800000000000000000e+01
1.800000000000000000e+01
1.800000000000000000e+01
1.800000000000000000e+01
1.800000000000000000e+01
1.800000000000000000e+01
1.800000000000000000e+01
1.800000000000000000e+01
1.800000000000000000e+01
1.800000000000000000e+01
1.800000000000000000e+01
1.800000000000000000e+01
1.800000000000000000e+01
1.800000000000000000e+01
1.800000000000000000e+01
1.800000000000000000e+01
1.800000000000000000e+01
1.800000000000000000e+01
1.800000000000000000e+01
1.800000000000000000e+01
1.800000000000000000e+01
1.800000000000000000e+01
1.800000000000000000e+01
1.800000000000000000e+01
1.800000000000000000e+01
1.800000000000000000e+01
1.800000000000000000e+01
1.800000000000000000e+01
1.800000000000000000e+01
1.800000000000000000e+01
1.800000000000000000e+01
1.800000000000000000e+01
1.800000000000000000e+01
1.800000000000000000e+01
1.800000000000000000e+01
1.800000000000000000e+01
1.800000000000000000e+01
1.800000000000000000e+01
1.800000000000000000e+01
1.800000000000000000e+01
1.800000000000000000e+01
1.800000000000000000e+01
1.800000000000000000e+01
1.800000000000000000e+01
1.800000000000000000e+01
1.800000000000000000e+01
1.800000000000000000e+01
1.800000000000000000e+01
1.800000000000000000e+01
1.800000000000000000e+01
1.900000000000000000e+01
1.900000000000000000e+01
1.900000000000000000e+01
1.900000000000000000e+01
2.000000000000000000e+01
2.000000000000000000e+01
2.000000000000000000e+01
2.000000000000000000e+01
2.000000000000000000e+01
2.000000000000000000e+01
2.100000000000000000e+01
2.200000000000000000e+01
2.200000000000000000e+01
2.200000000000000000e+01
2.200000000000000000e+01
2.200000000000000000e+01
2.200000000000000000e+01
2.300000000000000000e+01
2.300000000000000000e+01
2.300000000000000000e+01
2.300000000000000000e+01
2.400000000000000000e+01
2.400000000000000000e+01
2.400000000000000000e+01
2.400000000000000000e+01
2.400000000000000000e+01
2.800000000000000000e+01
2.800000000000000000e+01
3.000000000000000000e+01
3.000000000000000000e+01
3.000000000000000000e+01
3.000000000000000000e+01
3.000000000000000000e+01
3.000000000000000000e+01
3.000000000000000000e+01
3.700000000000000000e+01
3.700000000000000000e+01
3.700000000000000000e+01
3.700000000000000000e+01
3.900000000000000000e+01
3.900000000000000000e+01
4.000000000000000000e+01
4.000000000000000000e+01
4.000000000000000000e+01
4.000000000000000000e+01
4.000000000000000000e+01
4.200000000000000000e+01
4.300000000000000000e+01
4.700000000000000000e+01
4.800000000000000000e+01
4.800000000000000000e+01
4.800000000000000000e+01
4.800000000000000000e+01
4.800000000000000000e+01
4.800000000000000000e+01
4.800000000000000000e+01
4.800000000000000000e+01
5.600000000000000000e+01
5.700000000000000000e+01
5.700000000000000000e+01
5.700000000000000000e+01
8.600000000000000000e+01
1.140000000000000000e+02
1.140000000000000000e+02
1.460000000000000000e+02
1.530000000000000000e+02
1.770000000000000000e+02
1.770000000000000000e+02
2.100000000000000000e+02
2.960000000000000000e+02
3.560000000000000000e+02
3.880000000000000000e+02
4.520000000000000000e+02
4.750000000000000000e+02
4.750000000000000000e+02
5.530000000000000000e+02
6.050000000000000000e+02
6.480000000000000000e+02
6.680000000000000000e+02
6.860000000000000000e+02
7.130000000000000000e+02
7.300000000000000000e+02
7.600000000000000000e+02
8.180000000000000000e+02
8.700000000000000000e+02
9.640000000000000000e+02
9.930000000000000000e+02
1.007000000000000000e+03
1.050000000000000000e+03
1.101000000000000000e+03
1.101000000000000000e+03
1.152000000000000000e+03
1.194000000000000000e+03
1.194000000000000000e+03
1.307000000000000000e+03
1.361000000000000000e+03
1.365000000000000000e+03
1.365000000000000000e+03
1.435000000000000000e+03
1.458000000000000000e+03
1.480000000000000000e+03
1.501000000000000000e+03
1.528000000000000000e+03
1.536000000000000000e+03
1.567000000000000000e+03
1.590000000000000000e+03
1.606000000000000000e+03
1.627000000000000000e+03
1.635000000000000000e+03
1.635000000000000000e+03
1.706000000000000000e+03
1.706000000000000000e+03
1.808000000000000000e+03
1.825000000000000000e+03
1.825000000000000000e+03
1.891000000000000000e+03
1.891000000000000000e+03
1.992000000000000000e+03
1.992000000000000000e+03
2.080000000000000000e+03
2.080000000000000000e+03
2.131000000000000000e+03
2.196000000000000000e+03
2.243000000000000000e+03
2.310000000000000000e+03
2.373000000000000000e+03
2.427000000000000000e+03
2.427000000000000000e+03
2.531000000000000000e+03
2.569000000000000000e+03
2.585000000000000000e+03
2.619000000000000000e+03
2.682000000000000000e+03
2.728000000000000000e+03
2.775000000000000000e+03
2.813000000000000000e+03
2.833000000000000000e+03
2.886000000000000000e+03
2.937000000000000000e+03
2.995000000000000000e+03
3.050000000000000000e+03
3.106000000000000000e+03
3.145000000000000000e+03
3.145000000000000000e+03
3.200000000000000000e+03
3.261000000000000000e+03
3.261000000000000000e+03
3.462000000000000000e+03
3.487000000000000000e+03
3.577000000000000000e+03
3.624000000000000000e+03
3.790000000000000000e+03
3.905000000000000000e+03
3.977000000000000000e+03
4.016000000000000000e+03
4.076000000000000000e+03
4.176000000000000000e+03
4.230000000000000000e+03
4.414000000000000000e+03
4.520000000000000000e+03
4.596000000000000000e+03
4.715000000000000000e+03
4.783000000000000000e+03
4.861000000000000000e+03
4.883000000000000000e+03
4.920000000000000000e+03
4.958000000000000000e+03
5.018000000000000000e+03
5.056000000000000000e+03
5.110000000000000000e+03
5.183000000000000000e+03
5.249000000000000000e+03
5.335000000000000000e+03
5.423000000000000000e+03
5.515000000000000000e+03
5.587000000000000000e+03
5.647000000000000000e+03
5.743000000000000000e+03
5.854000000000000000e+03
5.854000000000000000e+03
5.854000000000000000e+03
7.236000000000000000e+03
7.383000000000000000e+03
7.601000000000000000e+03
7.769000000000000000e+03
7.953000000000000000e+03
8.013000000000000000e+03
8.519000000000000000e+03
8.805000000000000000e+03
8.965000000000000000e+03
9.173000000000000000e+03
9.295000000000000000e+03
9.377000000000000000e+03
9.511000000000000000e+03
9.672000000000000000e+03
9.791000000000000000e+03
9.791000000000000000e+03
9.791000000000000000e+03
9.791000000000000000e+03
1.014500000000000000e+04
1.025700000000000000e+04
1.037000000000000000e+04
1.049000000000000000e+04
1.049000000000000000e+04
1.049000000000000000e+04
1.056100000000000000e+04
1.059100000000000000e+04
1.066800000000000000e+04
1.072400000000000000e+04
1.077600000000000000e+04
1.077600000000000000e+04
1.080700000000000000e+04
1.090100000000000000e+04
1.093800000000000000e+04
1.101800000000000000e+04
1.110800000000000000e+04
1.115200000000000000e+04
1.120200000000000000e+04
1.126600000000000000e+04
1.130300000000000000e+04
1.133200000000000000e+04
1.136600000000000000e+04
1.141900000000000000e+04
1.145600000000000000e+04
1.152900000000000000e+04
1.152900000000000000e+04
1.158000000000000000e+04
1.159200000000000000e+04
1.161500000000000000e+04
1.164200000000000000e+04
1.167600000000000000e+04
1.170000000000000000e+04
1.172200000000000000e+04
1.175000000000000000e+04
1.177000000000000000e+04
1.178800000000000000e+04
1.181600000000000000e+04
1.184500000000000000e+04
1.187700000000000000e+04
1.190800000000000000e+04
1.190800000000000000e+04
1.194500000000000000e+04
1.195700000000000000e+04
1.197800000000000000e+04
1.200800000000000000e+04
1.201300000000000000e+04
1.203700000000000000e+04
1.203700000000000000e+04
1.207000000000000000e+04
1.207900000000000000e+04
1.210700000000000000e+04
1.211400000000000000e+04
1.213400000000000000e+04
1.214500000000000000e+04
1.214500000000000000e+04
1.217500000000000000e+04
1.218800000000000000e+04
1.219500000000000000e+04
1.220700000000000000e+04
1.222700000000000000e+04
1.224400000000000000e+04
1.224400000000000000e+04
1.225500000000000000e+04
1.226400000000000000e+04
1.227100000000000000e+04
1.228000000000000000e+04
1.229300000000000000e+04
1.229300000000000000e+04
1.229300000000000000e+04
1.231300000000000000e+04
1.232000000000000000e+04
1.232800000000000000e+04
1.232900000000000000e+04
1.233500000000000000e+04
1.233500000000000000e+04
1.233500000000000000e+04
1.233500000000000000e+04
1.234500000000000000e+04
1.235500000000000000e+04
1.235900000000000000e+04
1.237000000000000000e+04
1.237000000000000000e+04
1.237000000000000000e+04
1.238300000000000000e+04
1.238900000000000000e+04
1.239600000000000000e+04
1.239900000000000000e+04
1.240000000000000000e+04
1.240000000000000000e+04
1.240000000000000000e+04
1.240700000000000000e+04
1.241000000000000000e+04
1.241000000000000000e+04
1.241100000000000000e+04
1.241500000000000000e+04
1.241500000000000000e+04
1.241500000000000000e+04
1.241500000000000000e+04
1.241500000000000000e+04
1.245600000000000000e+04
1.245600000000000000e+04
1.245600000000000000e+04
1.245600000000000000e+04
1.245600000000000000e+04
1.245600000000000000e+04
1.247700000000000000e+04
1.248500000000000000e+04
1.248500000000000000e+04
1.248500000000000000e+04
1.248500000000000000e+04
1.248500000000000000e+04
1.250300000000000000e+04
1.251300000000000000e+04
1.252200000000000000e+04
1.252900000000000000e+04
1.253800000000000000e+04
1.253800000000000000e+04
1.253800000000000000e+04
1.255800000000000000e+04
1.256800000000000000e+04
1.258500000000000000e+04
1.259600000000000000e+04
1.259900000000000000e+04
1.259900000000000000e+04
1.259900000000000000e+04
1.262400000000000000e+04
1.263100000000000000e+04
1.263900000000000000e+04
1.264600000000000000e+04
1.266800000000000000e+04
1.266800000000000000e+04
1.266800000000000000e+04
1.267400000000000000e+04
1.267500000000000000e+04
1.268000000000000000e+04
1.268200000000000000e+04
1.268600000000000000e+04
1.268600000000000000e+04
1.268600000000000000e+04
1.270000000000000000e+04
1.270400000000000000e+04
1.270700000000000000e+04
1.270900000000000000e+04
1.271400000000000000e+04
1.271400000000000000e+04
1.271400000000000000e+04
1.274200000000000000e+04
1.274500000000000000e+04
1.275300000000000000e+04
1.276100000000000000e+04
1.276400000000000000e+04
1.276400000000000000e+04
1.276400000000000000e+04
1.276400000000000000e+04
1.277700000000000000e+04
1.278400000000000000e+04
1.278900000000000000e+04
1.279100000000000000e+04
1.279100000000000000e+04
1.279100000000000000e+04
1.280900000000000000e+04
1.281900000000000000e+04
1.283300000000000000e+04
1.284000000000000000e+04
1.286100000000000000e+04
1.286100000000000000e+04
1.286100000000000000e+04
1.289900000000000000e+04
1.290900000000000000e+04
1.291600000000000000e+04
1.292400000000000000e+04
1.293800000000000000e+04
1.293800000000000000e+04
1.293800000000000000e+04
1.297100000000000000e+04
1.298900000000000000e+04
1.299400000000000000e+04
1.299400000000000000e+04
1.300400000000000000e+04
1.300400000000000000e+04
1.300400000000000000e+04
1.303900000000000000e+04
1.305900000000000000e+04
1.308300000000000000e+04
1.310400000000000000e+04
1.313700000000000000e+04
1.313700000000000000e+04
1.313700000000000000e+04
1.318900000000000000e+04
1.322700000000000000e+04
1.325100000000000000e+04
1.330000000000000000e+04
1.334300000000000000e+04
1.334300000000000000e+04
1.334300000000000000e+04
1.339100000000000000e+04
1.340900000000000000e+04
1.344400000000000000e+04
1.347600000000000000e+04
1.351800000000000000e+04
1.351800000000000000e+04
1.351800000000000000e+04
1.356100000000000000e+04
1.358700000000000000e+04
1.361300000000000000e+04
1.364400000000000000e+04
1.368300000000000000e+04
1.368300000000000000e+04
1.368300000000000000e+04
1.377200000000000000e+04
1.381600000000000000e+04
1.386500000000000000e+04
1.389300000000000000e+04
1.391700000000000000e+04
1.391700000000000000e+04
1.391700000000000000e+04
1.398300000000000000e+04
1.398300000000000000e+04
1.406900000000000000e+04
1.411400000000000000e+04
1.416300000000000000e+04
1.416300000000000000e+04
1.416300000000000000e+04
