0.000000000000000000e+00
0.000000000000000000e+00
0.000000000000000000e+00
0.000000000000000000e+00
0.000000000000000000e+00
0.000000000000000000e+00
0.000000000000000000e+00
0.000000000000000000e+00
0.000000000000000000e+00
0.000000000000000000e+00
0.000000000000000000e+00
0.000000000000000000e+00
0.000000000000000000e+00
0.000000000000000000e+00
0.000000000000000000e+00
0.000000000000000000e+00
0.000000000000000000e+00
0.000000000000000000e+00
0.000000000000000000e+00
0.000000000000000000e+00
0.000000000000000000e+00
0.000000000000000000e+00
0.000000000000000000e+00
0.000000000000000000e+00
0.000000000000000000e+00
0.000000000000000000e+00
0.000000000000000000e+00
0.000000000000000000e+00
0.000000000000000000e+00
0.000000000000000000e+00
0.000000000000000000e+00
0.000000000000000000e+00
0.000000000000000000e+00
0.000000000000000000e+00
1.000000000000000000e+00
1.000000000000000000e+00
1.000000000000000000e+00
1.000000000000000000e+00
1.000000000000000000e+00
1.000000000000000000e+00
3.000000000000000000e+00
5.000000000000000000e+00
1.200000000000000000e+01
1.200000000000000000e+01
1.700000000000000000e+01
1.700000000000000000e+01
1.900000000000000000e+01
2.000000000000000000e+01
2.000000000000000000e+01
2.000000000000000000e+01
2.400000000000000000e+01
2.600000000000000000e+01
3.700000000000000000e+01
4.800000000000000000e+01
5.400000000000000000e+01
6.000000000000000000e+01
7.400000000000000000e+01
8.700000000000000000e+01
9.000000000000000000e+01
1.390000000000000000e+02
2.010000000000000000e+02
2.300000000000000000e+02
2.640000000000000000e+02
3.020000000000000000e+02
3.670000000000000000e+02
4.090000000000000000e+02
4.540000000000000000e+02
5.110000000000000000e+02
5.840000000000000000e+02
7.160000000000000000e+02
8.470000000000000000e+02
9.860000000000000000e+02
1.171000000000000000e+03
1.251000000000000000e+03
1.320000000000000000e+03
1.423000000000000000e+03
1.468000000000000000e+03
1.572000000000000000e+03
1.666000000000000000e+03
1.761000000000000000e+03
1.825000000000000000e+03
1.914000000000000000e+03
1.983000000000000000e+03
2.070000000000000000e+03
2.160000000000000000e+03
2.268000000000000000e+03
2.418000000000000000e+03
2.534000000000000000e+03
2.629000000000000000e+03
2.718000000000000000e+03
2.811000000000000000e+03
2.910000000000000000e+03
3.007000000000000000e+03
3.127000000000000000e+03
3.256000000000000000e+03
3.382000000000000000e+03
3.517000000000000000e+03
3.649000000000000000e+03
3.848000000000000000e+03
4.006000000000000000e+03
4.154000000000000000e+03
4.295000000000000000e+03
4.474000000000000000e+03
4.648000000000000000e+03
4.838000000000000000e+03
4.997000000000000000e+03
5.182000000000000000e+03
5.369000000000000000e+03
5.558000000000000000e+03
5.723000000000000000e+03
5.891000000000000000e+03
6.067000000000000000e+03
6.253000000000000000e+03
6.442000000000000000e+03
6.629000000000000000e+03
6.821000000000000000e+03
7.019000000000000000e+03
7.201000000000000000e+03
7.377000000000000000e+03
7.542000000000000000e+03
7.728000000000000000e+03
7.918000000000000000e+03
8.113000000000000000e+03
8.306000000000000000e+03
8.503000000000000000e+03
8.697000000000000000e+03
8.857000000000000000e+03
8.997000000000000000e+03
9.134000000000000000e+03
9.267000000000000000e+03
9.394000000000000000e+03
9.513000000000000000e+03
9.626000000000000000e+03
9.733000000000000000e+03
9.831000000000000000e+03
9.935000000000000000e+03
1.005000000000000000e+04
1.015400000000000000e+04
1.026500000000000000e+04
1.038200000000000000e+04
1.048400000000000000e+04
1.058900000000000000e+04
1.069800000000000000e+04
1.081000000000000000e+04
1.091900000000000000e+04
1.103100000000000000e+04
1.114700000000000000e+04
1.126800000000000000e+04
1.138500000000000000e+04
1.150400000000000000e+04
1.163100000000000000e+04
1.177100000000000000e+04
1.192000000000000000e+04
1.207600000000000000e+04
1.224800000000000000e+04
1.244500000000000000e+04
1.268500000000000000e+04
1.296800000000000000e+04
1.327300000000000000e+04
1.357100000000000000e+04
1.390700000000000000e+04
1.427200000000000000e+04
1.465700000000000000e+04
1.507000000000000000e+04
1.550000000000000000e+04
1.594100000000000000e+04
1.640400000000000000e+04
1.687900000000000000e+04
1.734800000000000000e+04
1.780800000000000000e+04
1.824200000000000000e+04
1.871200000000000000e+04
1.919500000000000000e+04
1.968900000000000000e+04
2.021600000000000000e+04
2.077000000000000000e+04
2.135500000000000000e+04
2.194800000000000000e+04
2.254900000000000000e+04
2.308400000000000000e+04
2.369100000000000000e+04
2.427800000000000000e+04
2.487200000000000000e+04
2.548400000000000000e+04
2.615900000000000000e+04
2.676400000000000000e+04
2.735700000000000000e+04
2.797300000000000000e+04
2.861500000000000000e+04
2.922900000000000000e+04
2.983100000000000000e+04
3.039400000000000000e+04
3.095000000000000000e+04
3.146500000000000000e+04
3.197200000000000000e+04
3.250400000000000000e+04
3.305500000000000000e+04
3.362600000000000000e+04
3.415500000000000000e+04
3.469300000000000000e+04
3.516000000000000000e+04
3.571200000000000000e+04
3.620400000000000000e+04
3.669900000000000000e+04
3.718700000000000000e+04
3.766400000000000000e+04
3.813300000000000000e+04
3.858300000000000000e+04
3.902500000000000000e+04
3.944400000000000000e+04
3.984700000000000000e+04
4.025800000000000000e+04
4.066700000000000000e+04
4.106800000000000000e+04
4.146000000000000000e+04
4.185800000000000000e+04
4.222800000000000000e+04
4.261900000000000000e+04
4.301600000000000000e+04
4.340300000000000000e+04
4.378100000000000000e+04
4.414600000000000000e+04
4.449400000000000000e+04
4.483300000000000000e+04
4.515800000000000000e+04
4.546900000000000000e+04
4.577300000000000000e+04
4.607100000000000000e+04
4.636400000000000000e+04
4.665300000000000000e+04
4.693800000000000000e+04
4.721600000000000000e+04
4.748800000000000000e+04
4.775200000000000000e+04
4.800700000000000000e+04
4.825400000000000000e+04
4.849600000000000000e+04
4.873400000000000000e+04
4.896600000000000000e+04
4.919400000000000000e+04
4.941300000000000000e+04
4.962300000000000000e+04
4.982600000000000000e+04
5.002300000000000000e+04
5.021400000000000000e+04
5.040000000000000000e+04
5.057900000000000000e+04
5.075400000000000000e+04
5.091400000000000000e+04
5.106700000000000000e+04
5.121300000000000000e+04
5.136800000000000000e+04
5.153000000000000000e+04
5.169000000000000000e+04
5.184700000000000000e+04
5.199500000000000000e+04
5.213600000000000000e+04
5.227000000000000000e+04
5.239900000000000000e+04
5.252000000000000000e+04
5.265800000000000000e+04
5.280400000000000000e+04
5.294000000000000000e+04
5.307200000000000000e+04
5.332500000000000000e+04
5.339900000000000000e+04
5.358400000000000000e+04
5.377700000000000000e+04
5.399800000000000000e+04
5.420300000000000000e+04
5.440200000000000000e+04
5.461600000000000000e+04
5.482900000000000000e+04
5.508100000000000000e+04
5.535700000000000000e+04
5.563000000000000000e+04
5.588000000000000000e+04
5.614300000000000000e+04
5.641900000000000000e+04
5.670600000000000000e+04
5.702600000000000000e+04
5.733200000000000000e+04
5.765100000000000000e+04
5.794200000000000000e+04
5.827200000000000000e+04
5.857400000000000000e+04
5.897900000000000000e+04
5.952700000000000000e+04
6.016900000000000000e+04
6.080000000000000000e+04
6.138100000000000000e+04
6.205100000000000000e+04
6.269300000000000000e+04
6.344600000000000000e+04
6.425700000000000000e+04
6.510800000000000000e+04
6.597500000000000000e+04
6.681900000000000000e+04
6.767900000000000000e+04
6.858900000000000000e+04
6.959100000000000000e+04
7.062900000000000000e+04
7.165200000000000000e+04
7.275500000000000000e+04
7.377400000000000000e+04
7.486200000000000000e+04
7.586700000000000000e+04
7.700000000000000000e+04
7.802500000000000000e+04
7.911000000000000000e+04
8.016800000000000000e+04
8.121200000000000000e+04
8.222100000000000000e+04
8.319900000000000000e+04
8.415200000000000000e+04
8.508400000000000000e+04
8.592700000000000000e+04
8.673000000000000000e+04
8.750200000000000000e+04
8.825200000000000000e+04
8.882500000000000000e+04
8.941600000000000000e+04
9.001400000000000000e+04
9.057900000000000000e+04
9.112100000000000000e+04
9.163800000000000000e+04
9.210200000000000000e+04
9.259700000000000000e+04
9.306500000000000000e+04
9.350700000000000000e+04
9.393300000000000000e+04
9.437100000000000000e+04
9.478100000000000000e+04
9.520300000000000000e+04
9.565900000000000000e+04
9.606900000000000000e+04
9.654900000000000000e+04
9.700700000000000000e+04
9.744100000000000000e+04
9.785700000000000000e+04
9.824900000000000000e+04
9.863100000000000000e+04
9.898800000000000000e+04
9.931100000000000000e+04
9.961000000000000000e+04
9.989700000000000000e+04
1.001590000000000000e+05
1.004080000000000000e+05
1.006450000000000000e+05
1.008730000000000000e+05
1.011200000000000000e+05
1.013820000000000000e+05
1.016570000000000000e+05
1.019130000000000000e+05
1.021440000000000000e+05
1.023690000000000000e+05
1.026410000000000000e+05
1.028600000000000000e+05
1.031270000000000000e+05
1.033810000000000000e+05
1.036110000000000000e+05
1.038330000000000000e+05
1.040920000000000000e+05
1.043410000000000000e+05
1.046060000000000000e+05
1.048520000000000000e+05
1.051240000000000000e+05
1.053690000000000000e+05
1.055960000000000000e+05
1.058540000000000000e+05
1.060970000000000000e+05
1.063590000000000000e+05
1.066100000000000000e+05
1.068870000000000000e+05
1.071220000000000000e+05
1.073390000000000000e+05
1.075780000000000000e+05
1.078410000000000000e+05
1.081160000000000000e+05
1.083810000000000000e+05
1.086290000000000000e+05
1.086290000000000000e+05
1.090880000000000000e+05
1.093130000000000000e+05
1.095590000000000000e+05
1.097820000000000000e+05
1.100490000000000000e+05
1.103030000000000000e+05
1.105130000000000000e+05
1.107110000000000000e+05
1.108940000000000000e+05
1.110690000000000000e+05
1.112470000000000000e+05
1.114180000000000000e+05
1.116000000000000000e+05
1.117640000000000000e+05
1.119170000000000000e+05
1.120940000000000000e+05
1.122790000000000000e+05
1.124610000000000000e+05
1.126220000000000000e+05
1.128050000000000000e+05
1.129600000000000000e+05
1.130920000000000000e+05
1.132550000000000000e+05
1.134300000000000000e+05
1.135930000000000000e+05
1.137610000000000000e+05
1.139480000000000000e+05
1.141040000000000000e+05
1.142340000000000000e+05
1.143820000000000000e+05
1.145430000000000000e+05
1.146810000000000000e+05
1.148510000000000000e+05
1.150080000000000000e+05
1.151430000000000000e+05
1.152650000000000000e+05
1.154100000000000000e+05
1.155400000000000000e+05
1.156880000000000000e+05
1.158420000000000000e+05
1.159700000000000000e+05
1.160660000000000000e+05
1.161570000000000000e+05
1.162550000000000000e+05
1.163490000000000000e+05
1.164380000000000000e+05
1.165430000000000000e+05
1.166570000000000000e+05
1.167500000000000000e+05
1.168360000000000000e+05
1.169460000000000000e+05
1.170610000000000000e+05
1.171920000000000000e+05
1.173040000000000000e+05
1.174290000000000000e+05
1.175240000000000000e+05
1.176220000000000000e+05
1.177390000000000000e+05
1.178790000000000000e+05
1.180040000000000000e+05
1.181160000000000000e+05
1.182510000000000000e+05
1.183780000000000000e+05
1.185160000000000000e+05
1.186450000000000000e+05
1.187990000000000000e+05
1.189750000000000000e+05
1.191420000000000000e+05
1.193230000000000000e+05
1.194860000000000000e+05
1.196420000000000000e+05
1.198050000000000000e+05
1.199920000000000000e+05
1.201740000000000000e+05
1.203630000000000000e+05
1.205620000000000000e+05
1.207360000000000000e+05
1.209220000000000000e+05
1.211120000000000000e+05
1.213440000000000000e+05
1.215800000000000000e+05
1.218660000000000000e+05
1.221080000000000000e+05
1.223110000000000000e+05
1.225220000000000000e+05
1.227170000000000000e+05
1.229990000000000000e+05
1.232720000000000000e+05
1.234730000000000000e+05
1.236920000000000000e+05
1.239000000000000000e+05
1.241040000000000000e+05
1.242880000000000000e+05
1.244830000000000000e+05
1.246820000000000000e+05
1.248890000000000000e+05
1.250590000000000000e+05
1.251940000000000000e+05
1.253110000000000000e+05
1.254850000000000000e+05
1.256930000000000000e+05
1.258960000000000000e+05
1.261560000000000000e+05
1.264340000000000000e+05
1.266510000000000000e+05
1.268600000000000000e+05
1.271070000000000000e+05
1.273610000000000000e+05
1.276460000000000000e+05
1.279260000000000000e+05
1.281980000000000000e+05
1.284560000000000000e+05
1.287250000000000000e+05
1.289130000000000000e+05
1.292180000000000000e+05
1.296400000000000000e+05
1.299760000000000000e+05
1.303610000000000000e+05
1.306810000000000000e+05
1.309580000000000000e+05
1.312830000000000000e+05
1.316470000000000000e+05
1.320340000000000000e+05
1.323550000000000000e+05
1.327270000000000000e+05
1.330700000000000000e+05
1.333880000000000000e+05
1.337420000000000000e+05
1.341150000000000000e+05
1.344580000000000000e+05
1.348400000000000000e+05
1.352190000000000000e+05
1.355860000000000000e+05
1.358210000000000000e+05
1.362940000000000000e+05
1.366790000000000000e+05
1.370490000000000000e+05
1.374030000000000000e+05
1.377720000000000000e+05
1.381130000000000000e+05
1.384650000000000000e+05
1.388400000000000000e+05
1.392290000000000000e+05
1.396260000000000000e+05
1.400750000000000000e+05
1.405500000000000000e+05
1.410070000000000000e+05
1.414710000000000000e+05
1.419660000000000000e+05
1.424470000000000000e+05
1.430320000000000000e+05
1.436520000000000000e+05
1.444830000000000000e+05
1.452960000000000000e+05
1.460640000000000000e+05
1.469420000000000000e+05
1.478830000000000000e+05
1.487970000000000000e+05
1.499060000000000000e+05
1.511030000000000000e+05
1.522100000000000000e+05
1.533090000000000000e+05
1.544860000000000000e+05
1.557840000000000000e+05
1.570050000000000000e+05
1.582130000000000000e+05
1.595630000000000000e+05
1.608680000000000000e+05
1.621550000000000000e+05
1.636600000000000000e+05
1.652040000000000000e+05
1.671310000000000000e+05
1.686680000000000000e+05
1.701890000000000000e+05
1.713920000000000000e+05
1.725640000000000000e+05
