0.000000000000000000e+00
0.000000000000000000e+00
0.000000000000000000e+00
0.000000000000000000e+00
0.000000000000000000e+00
0.000000000000000000e+00
0.000000000000000000e+00
0.000000000000000000e+00
0.000000000000000000e+00
0.000000000000000000e+00
0.000000000000000000e+00
0.000000000000000000e+00
0.000000000000000000e+00
0.000000000000000000e+00
0.000000000000000000e+00
0.000000000000000000e+00
0.000000000000000000e+00
0.000000000000000000e+00
0.000000000000000000e+00
0.000000000000000000e+00
0.000000000000000000e+00
0.000000000000000000e+00
0.000000000000000000e+00
0.000000000000000000e+00
0.000000000000000000e+00
0.000000000000000000e+00
0.000000000000000000e+00
0.000000000000000000e+00
0.000000000000000000e+00
0.000000000000000000e+00
0.000000000000000000e+00
0.000000000000000000e+00
0.000000000000000000e+00
0.000000000000000000e+00
0.000000000000000000e+00
0.000000000000000000e+00
0.000000000000000000e+00
0.000000000000000000e+00
0.000000000000000000e+00
0.000000000000000000e+00
1.000000000000000000e+00
2.000000000000000000e+00
4.000000000000000000e+00
4.000000000000000000e+00
4.000000000000000000e+00
4.000000000000000000e+00
4.000000000000000000e+00
4.000000000000000000e+00
4.000000000000000000e+00
4.000000000000000000e+00
4.000000000000000000e+00
1.000000000000000000e+01
1.000000000000000000e+01
2.400000000000000000e+01
2.400000000000000000e+01
2.600000000000000000e+01
3.100000000000000000e+01
3.100000000000000000e+01
3.800000000000000000e+01
4.700000000000000000e+01
6.700000000000000000e+01
7.900000000000000000e+01
8.600000000000000000e+01
9.900000000000000000e+01
1.050000000000000000e+02
1.190000000000000000e+02
1.300000000000000000e+02
1.420000000000000000e+02
1.620000000000000000e+02
1.750000000000000000e+02
1.900000000000000000e+02
1.950000000000000000e+02
2.070000000000000000e+02
2.190000000000000000e+02
2.220000000000000000e+02
2.260000000000000000e+02
2.370000000000000000e+02
2.440000000000000000e+02
2.500000000000000000e+02
2.650000000000000000e+02
2.780000000000000000e+02
2.800000000000000000e+02
2.910000000000000000e+02
2.990000000000000000e+02
3.140000000000000000e+02
3.350000000000000000e+02
3.420000000000000000e+02
3.500000000000000000e+02
3.670000000000000000e+02
3.770000000000000000e+02
4.120000000000000000e+02
4.420000000000000000e+02
4.790000000000000000e+02
5.450000000000000000e+02
6.140000000000000000e+02
6.710000000000000000e+02
7.360000000000000000e+02
8.230000000000000000e+02
8.820000000000000000e+02
9.330000000000000000e+02
1.024000000000000000e+03
1.115000000000000000e+03
1.182000000000000000e+03
1.271000000000000000e+03
1.329000000000000000e+03
1.433000000000000000e+03
1.492000000000000000e+03
1.551000000000000000e+03
1.634000000000000000e+03
1.709000000000000000e+03
1.886000000000000000e+03
1.995000000000000000e+03
2.105000000000000000e+03
2.189000000000000000e+03
2.310000000000000000e+03
2.429000000000000000e+03
2.480000000000000000e+03
2.544000000000000000e+03
2.617000000000000000e+03
2.714000000000000000e+03
2.812000000000000000e+03
2.909000000000000000e+03
2.976000000000000000e+03
3.047000000000000000e+03
3.130000000000000000e+03
3.161000000000000000e+03
3.253000000000000000e+03
3.348000000000000000e+03
3.429000000000000000e+03
3.535000000000000000e+03
3.645000000000000000e+03
3.739000000000000000e+03
3.836000000000000000e+03
3.932000000000000000e+03
4.021000000000000000e+03
4.155000000000000000e+03
4.249000000000000000e+03
4.328000000000000000e+03
4.427000000000000000e+03
4.516000000000000000e+03
4.640000000000000000e+03
4.759000000000000000e+03
4.851000000000000000e+03
4.996000000000000000e+03
5.090000000000000000e+03
5.173000000000000000e+03
5.247000000000000000e+03
5.369000000000000000e+03
5.475000000000000000e+03
5.639000000000000000e+03
5.783000000000000000e+03
5.888000000000000000e+03
5.970000000000000000e+03
6.034000000000000000e+03
6.129000000000000000e+03
6.233000000000000000e+03
6.354000000000000000e+03
6.459000000000000000e+03
6.586000000000000000e+03
6.698000000000000000e+03
6.793000000000000000e+03
6.925000000000000000e+03
7.054000000000000000e+03
7.164000000000000000e+03
7.272000000000000000e+03
7.400000000000000000e+03
7.478000000000000000e+03
7.547000000000000000e+03
7.657000000000000000e+03
7.784000000000000000e+03
7.882000000000000000e+03
8.014000000000000000e+03
8.135000000000000000e+03
8.198000000000000000e+03
8.243000000000000000e+03
8.369000000000000000e+03
8.481000000000000000e+03
8.544000000000000000e+03
8.669000000000000000e+03
8.810000000000000000e+03
8.948000000000000000e+03
8.985000000000000000e+03
9.121000000000000000e+03
9.266000000000000000e+03
9.422000000000000000e+03
9.552000000000000000e+03
9.681000000000000000e+03
9.764000000000000000e+03
9.805000000000000000e+03
9.961000000000000000e+03
1.010600000000000000e+04
1.023200000000000000e+04
1.028400000000000000e+04
1.034400000000000000e+04
1.038600000000000000e+04
1.043200000000000000e+04
1.053800000000000000e+04
1.071500000000000000e+04
1.088700000000000000e+04
1.100300000000000000e+04
1.117500000000000000e+04
1.131200000000000000e+04
1.138000000000000000e+04
1.158700000000000000e+04
1.174000000000000000e+04
1.187200000000000000e+04
1.203200000000000000e+04
1.216200000000000000e+04
1.223700000000000000e+04
1.230500000000000000e+04
1.244600000000000000e+04
1.255900000000000000e+04
1.268900000000000000e+04
1.285000000000000000e+04
1.294900000000000000e+04
1.301300000000000000e+04
1.305600000000000000e+04
1.318600000000000000e+04
1.329400000000000000e+04
1.338400000000000000e+04
1.345600000000000000e+04
1.355600000000000000e+04
1.361100000000000000e+04
1.365500000000000000e+04
1.374300000000000000e+04
1.382600000000000000e+04
1.388100000000000000e+04
1.394800000000000000e+04
1.398700000000000000e+04
1.401400000000000000e+04
1.404400000000000000e+04
1.410200000000000000e+04
1.415000000000000000e+04
1.419300000000000000e+04
1.423700000000000000e+04
1.428000000000000000e+04
1.430600000000000000e+04
1.452900000000000000e+04
1.456800000000000000e+04
1.461800000000000000e+04
1.464500000000000000e+04
1.468800000000000000e+04
1.471400000000000000e+04
1.473800000000000000e+04
1.475900000000000000e+04
1.479500000000000000e+04
1.481600000000000000e+04
1.483900000000000000e+04
1.486900000000000000e+04
1.490900000000000000e+04
1.491900000000000000e+04
1.494500000000000000e+04
1.498200000000000000e+04
1.501900000000000000e+04
1.505100000000000000e+04
1.506800000000000000e+04
1.509400000000000000e+04
1.512200000000000000e+04
1.514100000000000000e+04
1.517400000000000000e+04
1.519000000000000000e+04
1.521300000000000000e+04
1.524400000000000000e+04
1.526800000000000000e+04
1.529200000000000000e+04
1.530700000000000000e+04
1.533100000000000000e+04
1.534800000000000000e+04
1.536800000000000000e+04
1.539200000000000000e+04
1.541800000000000000e+04
1.543200000000000000e+04
1.545900000000000000e+04
1.548400000000000000e+04
1.550800000000000000e+04
1.552500000000000000e+04
1.554300000000000000e+04
1.555100000000000000e+04
1.556500000000000000e+04
1.557100000000000000e+04
1.558200000000000000e+04
1.559300000000000000e+04
1.560500000000000000e+04
1.561600000000000000e+04
1.563000000000000000e+04
1.563700000000000000e+04
1.564000000000000000e+04
1.565000000000000000e+04
1.566800000000000000e+04
1.567600000000000000e+04
1.569300000000000000e+04
1.570800000000000000e+04
1.571100000000000000e+04
1.572000000000000000e+04
1.573500000000000000e+04
1.574400000000000000e+04
1.575500000000000000e+04
1.577900000000000000e+04
1.579300000000000000e+04
1.580100000000000000e+04
1.580600000000000000e+04
1.582300000000000000e+04
1.583500000000000000e+04
1.584800000000000000e+04
1.586500000000000000e+04
1.588200000000000000e+04
1.589700000000000000e+04
1.590800000000000000e+04
1.592700000000000000e+04
1.596000000000000000e+04
1.598100000000000000e+04
1.602700000000000000e+04
1.607500000000000000e+04
1.608900000000000000e+04
1.610700000000000000e+04
1.617300000000000000e+04
1.621700000000000000e+04
1.629700000000000000e+04
1.639700000000000000e+04
1.647700000000000000e+04
1.655300000000000000e+04
1.659600000000000000e+04
1.666500000000000000e+04
1.676600000000000000e+04
1.689300000000000000e+04
1.706100000000000000e+04
1.707500000000000000e+04
1.714600000000000000e+04
1.721600000000000000e+04
1.733600000000000000e+04
1.745100000000000000e+04
1.755900000000000000e+04
1.767000000000000000e+04
1.775800000000000000e+04
1.787900000000000000e+04
1.794500000000000000e+04
1.804300000000000000e+04
1.820000000000000000e+04
1.836900000000000000e+04
1.852300000000000000e+04
1.860900000000000000e+04
1.872800000000000000e+04
1.880600000000000000e+04
1.894500000000000000e+04
1.914000000000000000e+04
1.936400000000000000e+04
1.951100000000000000e+04
1.969700000000000000e+04
1.980300000000000000e+04
1.996400000000000000e+04
2.015600000000000000e+04
2.037600000000000000e+04
2.067200000000000000e+04
2.100000000000000000e+04
2.124500000000000000e+04
2.153300000000000000e+04
2.168500000000000000e+04
2.188300000000000000e+04
2.217800000000000000e+04
2.239600000000000000e+04
2.273800000000000000e+04
2.302800000000000000e+04
2.322400000000000000e+04
2.339200000000000000e+04
2.364200000000000000e+04
2.390900000000000000e+04
2.420900000000000000e+04
2.445900000000000000e+04
2.472700000000000000e+04
2.499300000000000000e+04
2.512700000000000000e+04
2.540700000000000000e+04
2.571100000000000000e+04
2.589500000000000000e+04
2.621300000000000000e+04
2.652300000000000000e+04
2.692700000000000000e+04
2.708000000000000000e+04
2.736500000000000000e+04
2.773300000000000000e+04
2.810600000000000000e+04
2.848900000000000000e+04
2.876000000000000000e+04
2.905700000000000000e+04
2.924500000000000000e+04
2.952100000000000000e+04
2.991400000000000000e+04
3.037600000000000000e+04
3.064100000000000000e+04
3.100700000000000000e+04
3.127500000000000000e+04
3.147600000000000000e+04
3.177100000000000000e+04
3.209900000000000000e+04
3.237800000000000000e+04
3.263000000000000000e+04
3.292700000000000000e+04
3.309900000000000000e+04
3.324200000000000000e+04
3.345300000000000000e+04
3.374100000000000000e+04
3.403100000000000000e+04
3.425500000000000000e+04
3.452000000000000000e+04
3.473200000000000000e+04
3.483200000000000000e+04
3.503700000000000000e+04
3.524700000000000000e+04
3.546800000000000000e+04
3.563200000000000000e+04
3.585700000000000000e+04
3.595900000000000000e+04
3.603900000000000000e+04
3.619500000000000000e+04
3.637100000000000000e+04
3.656900000000000000e+04
3.672600000000000000e+04
3.689200000000000000e+04
3.699600000000000000e+04
3.706200000000000000e+04
3.725400000000000000e+04
3.742800000000000000e+04
3.754100000000000000e+04
3.769300000000000000e+04
3.783300000000000000e+04
3.792000000000000000e+04
3.795800000000000000e+04
3.813400000000000000e+04
3.825500000000000000e+04
3.835400000000000000e+04
3.845600000000000000e+04
3.852000000000000000e+04
3.856600000000000000e+04
3.861800000000000000e+04
3.870500000000000000e+04
3.878200000000000000e+04
3.888900000000000000e+04
3.895300000000000000e+04
3.902400000000000000e+04
3.909300000000000000e+04
3.912700000000000000e+04
3.916400000000000000e+04
3.923700000000000000e+04
3.930700000000000000e+04
3.936400000000000000e+04
3.943100000000000000e+04
3.946500000000000000e+04
3.949500000000000000e+04
3.956000000000000000e+04
3.960600000000000000e+04
3.966400000000000000e+04
3.973100000000000000e+04
3.978200000000000000e+04
3.982100000000000000e+04
3.983600000000000000e+04
3.991000000000000000e+04
3.997500000000000000e+04
4.002200000000000000e+04
4.008200000000000000e+04
4.013500000000000000e+04
4.016600000000000000e+04
4.019300000000000000e+04
4.024900000000000000e+04
4.029500000000000000e+04
4.034400000000000000e+04
4.038800000000000000e+04
4.043300000000000000e+04
4.046400000000000000e+04
4.049200000000000000e+04
4.054400000000000000e+04
4.057800000000000000e+04
4.062100000000000000e+04
4.066500000000000000e+04
4.069200000000000000e+04
4.071400000000000000e+04
4.072900000000000000e+04
4.076200000000000000e+04
4.079000000000000000e+04
4.080600000000000000e+04
4.082800000000000000e+04
4.085000000000000000e+04
4.087200000000000000e+04
4.089600000000000000e+04
4.092500000000000000e+04
4.096100000000000000e+04
4.102300000000000000e+04
4.106200000000000000e+04
4.109000000000000000e+04
4.114200000000000000e+04
4.115800000000000000e+04
4.118100000000000000e+04
4.124800000000000000e+04
4.129600000000000000e+04
4.133100000000000000e+04
4.138700000000000000e+04
4.141600000000000000e+04
4.143300000000000000e+04
4.149400000000000000e+04
4.153900000000000000e+04
4.158100000000000000e+04
4.163100000000000000e+04
4.168000000000000000e+04
4.171300000000000000e+04
4.172500000000000000e+04
4.179600000000000000e+04
4.185000000000000000e+04
4.190000000000000000e+04
4.195200000000000000e+04
4.199800000000000000e+04
4.202300000000000000e+04
4.205000000000000000e+04
4.211800000000000000e+04
4.220600000000000000e+04
4.225900000000000000e+04
4.233300000000000000e+04
4.240400000000000000e+04
4.243700000000000000e+04
4.247200000000000000e+04
4.259000000000000000e+04
4.267700000000000000e+04
4.274700000000000000e+04
4.285100000000000000e+04
4.290400000000000000e+04
4.292900000000000000e+04
4.295700000000000000e+04
4.312800000000000000e+04
4.326800000000000000e+04
4.342700000000000000e+04
4.362700000000000000e+04
4.376800000000000000e+04
4.395900000000000000e+04
4.408000000000000000e+04
4.443600000000000000e+04
4.479000000000000000e+04
4.526600000000000000e+04
4.564600000000000000e+04
4.617500000000000000e+04
4.650900000000000000e+04
4.686300000000000000e+04
4.759600000000000000e+04
4.827000000000000000e+04
4.900800000000000000e+04
5.037400000000000000e+04
5.209600000000000000e+04
5.267100000000000000e+04
5.357300000000000000e+04
5.429700000000000000e+04
5.482000000000000000e+04
5.586100000000000000e+04
5.657300000000000000e+04
5.726300000000000000e+04
5.788100000000000000e+04
5.852300000000000000e+04
5.928600000000000000e+04
6.017000000000000000e+04
6.124500000000000000e+04
6.229000000000000000e+04
6.300200000000000000e+04
