0.000000000000000000e+00
0.000000000000000000e+00
0.000000000000000000e+00
0.000000000000000000e+00
0.000000000000000000e+00
0.000000000000000000e+00
0.000000000000000000e+00
0.000000000000000000e+00
0.000000000000000000e+00
0.000000000000000000e+00
0.000000000000000000e+00
0.000000000000000000e+00
0.000000000000000000e+00
0.000000000000000000e+00
0.000000000000000000e+00
0.000000000000000000e+00
0.000000000000000000e+00
0.000000000000000000e+00
0.000000000000000000e+00
0.000000000000000000e+00
0.000000000000000000e+00
0.000000000000000000e+00
0.000000000000000000e+00
0.000000000000000000e+00
0.000000000000000000e+00
0.000000000000000000e+00
0.000000000000000000e+00
0.000000000000000000e+00
0.000000000000000000e+00
0.000000000000000000e+00
0.000000000000000000e+00
0.000000000000000000e+00
0.000000000000000000e+00
0.000000000000000000e+00
0.000000000000000000e+00
0.000000000000000000e+00
0.000000000000000000e+00
0.000000000000000000e+00
0.000000000000000000e+00
0.000000000000000000e+00
0.000000000000000000e+00
0.000000000000000000e+00
0.000000000000000000e+00
0.000000000000000000e+00
0.000000000000000000e+00
0.000000000000000000e+00
0.000000000000000000e+00
0.000000000000000000e+00
0.000000000000000000e+00
0.000000000000000000e+00
0.000000000000000000e+00
0.000000000000000000e+00
0.000000000000000000e+00
0.000000000000000000e+00
1.000000000000000000e+00
1.000000000000000000e+00
1.000000000000000000e+00
3.000000000000000000e+00
3.000000000000000000e+00
4.000000000000000000e+00
4.000000000000000000e+00
4.000000000000000000e+00
5.000000000000000000e+00
5.000000000000000000e+00
9.000000000000000000e+00
1.000000000000000000e+01
1.000000000000000000e+01
1.100000000000000000e+01
1.400000000000000000e+01
1.400000000000000000e+01
2.100000000000000000e+01
2.400000000000000000e+01
2.400000000000000000e+01
2.800000000000000000e+01
2.800000000000000000e+01
2.900000000000000000e+01
3.300000000000000000e+01
4.000000000000000000e+01
4.100000000000000000e+01
4.200000000000000000e+01
4.600000000000000000e+01
4.600000000000000000e+01
4.700000000000000000e+01
4.900000000000000000e+01
4.900000000000000000e+01
5.300000000000000000e+01
5.400000000000000000e+01
5.500000000000000000e+01
5.500000000000000000e+01
6.000000000000000000e+01
6.500000000000000000e+01
6.500000000000000000e+01
7.200000000000000000e+01
7.300000000000000000e+01
7.800000000000000000e+01
8.000000000000000000e+01
8.000000000000000000e+01
8.000000000000000000e+01
8.000000000000000000e+01
8.100000000000000000e+01
8.100000000000000000e+01
8.300000000000000000e+01
8.300000000000000000e+01
8.300000000000000000e+01
8.900000000000000000e+01
9.200000000000000000e+01
9.200000000000000000e+01
9.200000000000000000e+01
9.200000000000000000e+01
9.200000000000000000e+01
9.300000000000000000e+01
9.300000000000000000e+01
9.400000000000000000e+01
9.600000000000000000e+01
9.600000000000000000e+01
9.600000000000000000e+01
9.600000000000000000e+01
9.600000000000000000e+01
9.600000000000000000e+01
9.700000000000000000e+01
9.700000000000000000e+01
9.700000000000000000e+01
1.000000000000000000e+02
1.000000000000000000e+02
1.000000000000000000e+02
1.000000000000000000e+02
1.000000000000000000e+02
1.010000000000000000e+02
1.020000000000000000e+02
1.020000000000000000e+02
1.020000000000000000e+02
1.020000000000000000e+02
1.020000000000000000e+02
1.020000000000000000e+02
1.020000000000000000e+02
1.020000000000000000e+02
1.030000000000000000e+02
1.030000000000000000e+02
1.030000000000000000e+02
1.030000000000000000e+02
1.030000000000000000e+02
1.030000000000000000e+02
1.030000000000000000e+02
1.030000000000000000e+02
1.030000000000000000e+02
1.030000000000000000e+02
1.040000000000000000e+02
1.040000000000000000e+02
1.040000000000000000e+02
1.040000000000000000e+02
1.040000000000000000e+02
1.040000000000000000e+02
1.040000000000000000e+02
1.040000000000000000e+02
1.040000000000000000e+02
1.040000000000000000e+02
1.040000000000000000e+02
1.040000000000000000e+02
1.040000000000000000e+02
1.040000000000000000e+02
1.040000000000000000e+02
1.040000000000000000e+02
1.040000000000000000e+02
1.040000000000000000e+02
1.040000000000000000e+02
1.040000000000000000e+02
1.040000000000000000e+02
1.040000000000000000e+02
1.060000000000000000e+02
1.070000000000000000e+02
1.080000000000000000e+02
1.110000000000000000e+02
1.110000000000000000e+02
1.130000000000000000e+02
1.160000000000000000e+02
1.190000000000000000e+02
1.240000000000000000e+02
1.290000000000000000e+02
1.380000000000000000e+02
1.530000000000000000e+02
1.740000000000000000e+02
1.940000000000000000e+02
2.190000000000000000e+02
2.740000000000000000e+02
3.160000000000000000e+02
3.260000000000000000e+02
3.420000000000000000e+02
3.820000000000000000e+02
4.470000000000000000e+02
4.840000000000000000e+02
5.080000000000000000e+02
5.740000000000000000e+02
5.990000000000000000e+02
6.480000000000000000e+02
6.790000000000000000e+02
7.150000000000000000e+02
7.510000000000000000e+02
7.610000000000000000e+02
8.300000000000000000e+02
8.780000000000000000e+02
8.980000000000000000e+02
9.450000000000000000e+02
9.890000000000000000e+02
1.036000000000000000e+03
1.089000000000000000e+03
1.119000000000000000e+03
1.252000000000000000e+03
1.315000000000000000e+03
1.329000000000000000e+03
1.424000000000000000e+03
1.531000000000000000e+03
1.610000000000000000e+03
1.703000000000000000e+03
1.765000000000000000e+03
1.784000000000000000e+03
1.798000000000000000e+03
1.813000000000000000e+03
1.923000000000000000e+03
2.020000000000000000e+03
2.057000000000000000e+03
2.135000000000000000e+03
2.167000000000000000e+03
2.217000000000000000e+03
2.276000000000000000e+03
2.337000000000000000e+03
2.386000000000000000e+03
2.386000000000000000e+03
2.476000000000000000e+03
2.506000000000000000e+03
2.546000000000000000e+03
2.585000000000000000e+03
2.721000000000000000e+03
2.721000000000000000e+03
2.814000000000000000e+03
2.928000000000000000e+03
2.928000000000000000e+03
3.008000000000000000e+03
3.032000000000000000e+03
3.087000000000000000e+03
3.177000000000000000e+03
3.177000000000000000e+03
3.214000000000000000e+03
3.315000000000000000e+03
3.418000000000000000e+03
3.467000000000000000e+03
3.618000000000000000e+03
3.699000000000000000e+03
3.790000000000000000e+03
3.790000000000000000e+03
3.838000000000000000e+03
3.838000000000000000e+03
3.903000000000000000e+03
4.123000000000000000e+03
4.123000000000000000e+03
4.220000000000000000e+03
4.332000000000000000e+03
4.409000000000000000e+03
4.452000000000000000e+03
4.559000000000000000e+03
4.713000000000000000e+03
4.713000000000000000e+03
4.713000000000000000e+03
5.023000000000000000e+03
5.078000000000000000e+03
5.163000000000000000e+03
5.163000000000000000e+03
5.191000000000000000e+03
5.385000000000000000e+03
5.517000000000000000e+03
5.628000000000000000e+03
5.703000000000000000e+03
5.773000000000000000e+03
5.923000000000000000e+03
6.051000000000000000e+03
6.135000000000000000e+03
6.268000000000000000e+03
6.268000000000000000e+03
6.410000000000000000e+03
6.410000000000000000e+03
6.502000000000000000e+03
6.549000000000000000e+03
6.607000000000000000e+03
6.644000000000000000e+03
6.714000000000000000e+03
6.714000000000000000e+03
6.735000000000000000e+03
6.790000000000000000e+03
6.843000000000000000e+03
6.882000000000000000e+03
6.882000000000000000e+03
6.947000000000000000e+03
6.947000000000000000e+03
6.964000000000000000e+03
7.012000000000000000e+03
7.060000000000000000e+03
7.124000000000000000e+03
7.163000000000000000e+03
7.163000000000000000e+03
7.186000000000000000e+03
7.256000000000000000e+03
7.312000000000000000e+03
7.323000000000000000e+03
7.348000000000000000e+03
7.367000000000000000e+03
7.395000000000000000e+03
7.413000000000000000e+03
7.431000000000000000e+03
7.460000000000000000e+03
7.469000000000000000e+03
7.482000000000000000e+03
7.496000000000000000e+03
7.496000000000000000e+03
7.517000000000000000e+03
7.541000000000000000e+03
7.543000000000000000e+03
7.543000000000000000e+03
7.549000000000000000e+03
7.565000000000000000e+03
7.570000000000000000e+03
7.570000000000000000e+03
7.579000000000000000e+03
7.579000000000000000e+03
7.585000000000000000e+03
7.585000000000000000e+03
7.623000000000000000e+03
7.648000000000000000e+03
7.659000000000000000e+03
7.674000000000000000e+03
7.698000000000000000e+03
7.714000000000000000e+03
7.725000000000000000e+03
7.733000000000000000e+03
7.733000000000000000e+03
7.746000000000000000e+03
7.765000000000000000e+03
7.772000000000000000e+03
7.788000000000000000e+03
7.788000000000000000e+03
7.788000000000000000e+03
7.788000000000000000e+03
7.834000000000000000e+03
7.834000000000000000e+03
7.846000000000000000e+03
7.857000000000000000e+03
7.871000000000000000e+03
7.887000000000000000e+03
7.887000000000000000e+03
7.914000000000000000e+03
7.924000000000000000e+03
7.928000000000000000e+03
7.945000000000000000e+03
7.959000000000000000e+03
7.969000000000000000e+03
7.969000000000000000e+03
7.969000000000000000e+03
8.004000000000000000e+03
8.004000000000000000e+03
8.011000000000000000e+03
8.011000000000000000e+03
8.021000000000000000e+03
8.032000000000000000e+03
8.032000000000000000e+03
8.067000000000000000e+03
8.068000000000000000e+03
8.075000000000000000e+03
8.088000000000000000e+03
8.101000000000000000e+03
8.101000000000000000e+03
8.101000000000000000e+03
8.133000000000000000e+03
8.140000000000000000e+03
8.161000000000000000e+03
8.161000000000000000e+03
8.167000000000000000e+03
8.174000000000000000e+03
8.174000000000000000e+03
8.174000000000000000e+03
8.223000000000000000e+03
8.231000000000000000e+03
8.247000000000000000e+03
8.256000000000000000e+03
8.256000000000000000e+03
8.256000000000000000e+03
8.289000000000000000e+03
8.289000000000000000e+03
8.289000000000000000e+03
8.311000000000000000e+03
8.311000000000000000e+03
8.311000000000000000e+03
8.311000000000000000e+03
8.311000000000000000e+03
8.383000000000000000e+03
8.383000000000000000e+03
8.403000000000000000e+03
8.403000000000000000e+03
8.403000000000000000e+03
8.403000000000000000e+03
8.471000000000000000e+03
8.477000000000000000e+03
8.496000000000000000e+03
8.496000000000000000e+03
8.519000000000000000e+03
8.519000000000000000e+03
8.519000000000000000e+03
8.519000000000000000e+03
8.519000000000000000e+03
8.573000000000000000e+03
8.573000000000000000e+03
8.600000000000000000e+03
8.600000000000000000e+03
8.600000000000000000e+03
8.600000000000000000e+03
8.642000000000000000e+03
8.642000000000000000e+03
8.642000000000000000e+03
8.658000000000000000e+03
8.658000000000000000e+03
8.658000000000000000e+03
8.765000000000000000e+03
8.776000000000000000e+03
8.800000000000000000e+03
8.800000000000000000e+03
8.800000000000000000e+03
8.800000000000000000e+03
8.800000000000000000e+03
8.923000000000000000e+03
8.935000000000000000e+03
8.935000000000000000e+03
8.935000000000000000e+03
8.935000000000000000e+03
8.935000000000000000e+03
8.935000000000000000e+03
9.000000000000000000e+03
9.119000000000000000e+03
9.119000000000000000e+03
9.171000000000000000e+03
9.171000000000000000e+03
9.171000000000000000e+03
9.171000000000000000e+03
9.171000000000000000e+03
9.270000000000000000e+03
9.296000000000000000e+03
9.339000000000000000e+03
9.364000000000000000e+03
9.364000000000000000e+03
9.364000000000000000e+03
9.460000000000000000e+03
9.505000000000000000e+03
9.505000000000000000e+03
9.505000000000000000e+03
9.634000000000000000e+03
9.634000000000000000e+03
9.634000000000000000e+03
9.791000000000000000e+03
9.791000000000000000e+03
9.868000000000000000e+03
9.868000000000000000e+03
9.976000000000000000e+03
9.976000000000000000e+03
1.005000000000000000e+04
1.022000000000000000e+04
1.022000000000000000e+04
1.034900000000000000e+04
1.034900000000000000e+04
1.045300000000000000e+04
1.045300000000000000e+04
1.051900000000000000e+04
1.057600000000000000e+04
1.057600000000000000e+04
1.057600000000000000e+04
1.071100000000000000e+04
1.077300000000000000e+04
1.077300000000000000e+04
1.077300000000000000e+04
1.090800000000000000e+04
1.090800000000000000e+04
1.096600000000000000e+04
1.102400000000000000e+04
1.102400000000000000e+04
1.102400000000000000e+04
1.102400000000000000e+04
1.122500000000000000e+04
1.127800000000000000e+04
1.132100000000000000e+04
1.139600000000000000e+04
1.139600000000000000e+04
1.139600000000000000e+04
1.139600000000000000e+04
1.149900000000000000e+04
1.159700000000000000e+04
1.159700000000000000e+04
1.162200000000000000e+04
1.168400000000000000e+04
1.174500000000000000e+04
1.174500000000000000e+04
1.179600000000000000e+04
1.179600000000000000e+04
1.186400000000000000e+04
1.193000000000000000e+04
1.193000000000000000e+04
1.193000000000000000e+04
1.193000000000000000e+04
1.202400000000000000e+04
1.202400000000000000e+04
1.202700000000000000e+04
1.205200000000000000e+04
1.209200000000000000e+04
1.209200000000000000e+04
1.209200000000000000e+04
1.219900000000000000e+04
1.222500000000000000e+04
1.224200000000000000e+04
1.224200000000000000e+04
1.224200000000000000e+04
1.229500000000000000e+04
1.229500000000000000e+04
1.236400000000000000e+04
1.237900000000000000e+04
1.240700000000000000e+04
1.240700000000000000e+04
1.246700000000000000e+04
1.246700000000000000e+04
1.246700000000000000e+04
1.246700000000000000e+04
1.258600000000000000e+04
1.258600000000000000e+04
1.273500000000000000e+04
1.273500000000000000e+04
1.273500000000000000e+04
1.273500000000000000e+04
1.280800000000000000e+04
1.288900000000000000e+04
1.296500000000000000e+04
1.302400000000000000e+04
1.302400000000000000e+04
1.302400000000000000e+04
1.302400000000000000e+04
1.302400000000000000e+04
1.323300000000000000e+04
1.327400000000000000e+04
1.327400000000000000e+04
1.340400000000000000e+04
1.340400000000000000e+04
1.340400000000000000e+04
1.356600000000000000e+04
1.360400000000000000e+04
1.378100000000000000e+04
1.378100000000000000e+04
1.378100000000000000e+04
1.378100000000000000e+04
1.378100000000000000e+04
1.425200000000000000e+04
1.425200000000000000e+04
1.445700000000000000e+04
1.454500000000000000e+04
1.467700000000000000e+04
1.484000000000000000e+04
1.484000000000000000e+04
