0.000000000000000000e+00
0.000000000000000000e+00
0.000000000000000000e+00
0.000000000000000000e+00
0.000000000000000000e+00
0.000000000000000000e+00
0.000000000000000000e+00
0.000000000000000000e+00
0.000000000000000000e+00
0.000000000000000000e+00
0.000000000000000000e+00
0.000000000000000000e+00
0.000000000000000000e+00
0.000000000000000000e+00
0.000000000000000000e+00
0.000000000000000000e+00
0.000000000000000000e+00
0.000000000000000000e+00
0.000000000000000000e+00
0.000000000000000000e+00
0.000000000000000000e+00
0.000000000000000000e+00
0.000000000000000000e+00
0.000000000000000000e+00
0.000000000000000000e+00
0.000000000000000000e+00
0.000000000000000000e+00
0.000000000000000000e+00
0.000000000000000000e+00
0.000000000000000000e+00
0.000000000000000000e+00
0.000000000000000000e+00
0.000000000000000000e+00
0.000000000000000000e+00
0.000000000000000000e+00
0.000000000000000000e+00
1.000000000000000000e+00
1.000000000000000000e+00
1.000000000000000000e+00
1.000000000000000000e+00
8.000000000000000000e+00
1.000000000000000000e+01
1.600000000000000000e+01
2.100000000000000000e+01
2.100000000000000000e+01
2.300000000000000000e+01
3.600000000000000000e+01
3.600000000000000000e+01
5.100000000000000000e+01
6.200000000000000000e+01
6.900000000000000000e+01
8.000000000000000000e+01
8.000000000000000000e+01
1.010000000000000000e+02
1.090000000000000000e+02
1.090000000000000000e+02
1.190000000000000000e+02
1.190000000000000000e+02
1.440000000000000000e+02
1.440000000000000000e+02
1.750000000000000000e+02
1.870000000000000000e+02
1.870000000000000000e+02
2.080000000000000000e+02
2.080000000000000000e+02
2.230000000000000000e+02
2.240000000000000000e+02
2.240000000000000000e+02
2.300000000000000000e+02
2.360000000000000000e+02
2.360000000000000000e+02
2.450000000000000000e+02
2.450000000000000000e+02
2.590000000000000000e+02
2.660000000000000000e+02
2.660000000000000000e+02
2.790000000000000000e+02
2.790000000000000000e+02
3.330000000000000000e+02
3.440000000000000000e+02
3.560000000000000000e+02
3.560000000000000000e+02
3.560000000000000000e+02
3.710000000000000000e+02
3.720000000000000000e+02
4.260000000000000000e+02
4.350000000000000000e+02
4.550000000000000000e+02
4.610000000000000000e+02
4.620000000000000000e+02
4.760000000000000000e+02
4.880000000000000000e+02
5.010000000000000000e+02
5.130000000000000000e+02
5.130000000000000000e+02
5.380000000000000000e+02
5.380000000000000000e+02
5.530000000000000000e+02
5.630000000000000000e+02
5.690000000000000000e+02
5.800000000000000000e+02
5.800000000000000000e+02
5.820000000000000000e+02
5.820000000000000000e+02
5.890000000000000000e+02
6.080000000000000000e+02
6.220000000000000000e+02
6.230000000000000000e+02
6.370000000000000000e+02
6.280000000000000000e+02
6.280000000000000000e+02
6.380000000000000000e+02
6.430000000000000000e+02
6.480000000000000000e+02
6.520000000000000000e+02
6.530000000000000000e+02
6.540000000000000000e+02
6.540000000000000000e+02
6.550000000000000000e+02
6.560000000000000000e+02
6.580000000000000000e+02
6.610000000000000000e+02
6.650000000000000000e+02
6.650000000000000000e+02
6.660000000000000000e+02
6.660000000000000000e+02
6.670000000000000000e+02
6.700000000000000000e+02
6.710000000000000000e+02
6.710000000000000000e+02
6.710000000000000000e+02
6.710000000000000000e+02
6.720000000000000000e+02
6.740000000000000000e+02
6.780000000000000000e+02
6.800000000000000000e+02
6.800000000000000000e+02
6.800000000000000000e+02
6.870000000000000000e+02
6.880000000000000000e+02
6.910000000000000000e+02
6.910000000000000000e+02
6.940000000000000000e+02
6.940000000000000000e+02
6.940000000000000000e+02
6.940000000000000000e+02
6.940000000000000000e+02
6.960000000000000000e+02
6.960000000000000000e+02
6.960000000000000000e+02
6.960000000000000000e+02
6.960000000000000000e+02
6.970000000000000000e+02
6.980000000000000000e+02
6.980000000000000000e+02
6.980000000000000000e+02
6.980000000000000000e+02
6.980000000000000000e+02
6.980000000000000000e+02
6.980000000000000000e+02
6.980000000000000000e+02
6.980000000000000000e+02
6.980000000000000000e+02
6.980000000000000000e+02
6.980000000000000000e+02
6.980000000000000000e+02
6.980000000000000000e+02
6.980000000000000000e+02
6.980000000000000000e+02
6.990000000000000000e+02
6.990000000000000000e+02
6.990000000000000000e+02
6.990000000000000000e+02
6.990000000000000000e+02
6.990000000000000000e+02
6.990000000000000000e+02
6.990000000000000000e+02
6.990000000000000000e+02
6.990000000000000000e+02
6.990000000000000000e+02
6.990000000000000000e+02
6.990000000000000000e+02
6.990000000000000000e+02
6.990000000000000000e+02
6.990000000000000000e+02
6.990000000000000000e+02
6.990000000000000000e+02
6.990000000000000000e+02
6.990000000000000000e+02
6.990000000000000000e+02
6.990000000000000000e+02
6.990000000000000000e+02
6.990000000000000000e+02
6.990000000000000000e+02
6.990000000000000000e+02
6.990000000000000000e+02
6.990000000000000000e+02
6.990000000000000000e+02
6.990000000000000000e+02
6.990000000000000000e+02
6.990000000000000000e+02
6.990000000000000000e+02
6.990000000000000000e+02
6.990000000000000000e+02
6.990000000000000000e+02
6.990000000000000000e+02
6.990000000000000000e+02
6.990000000000000000e+02
6.990000000000000000e+02
7.020000000000000000e+02
7.040000000000000000e+02
7.040000000000000000e+02
7.040000000000000000e+02
7.040000000000000000e+02
7.040000000000000000e+02
7.040000000000000000e+02
7.100000000000000000e+02
7.100000000000000000e+02
7.100000000000000000e+02
7.100000000000000000e+02
7.100000000000000000e+02
7.100000000000000000e+02
7.150000000000000000e+02
7.150000000000000000e+02
7.350000000000000000e+02
7.350000000000000000e+02
7.350000000000000000e+02
7.160000000000000000e+02
7.160000000000000000e+02
7.160000000000000000e+02
7.160000000000000000e+02
7.220000000000000000e+02
7.220000000000000000e+02
7.220000000000000000e+02
7.220000000000000000e+02
7.220000000000000000e+02
7.220000000000000000e+02
7.230000000000000000e+02
7.230000000000000000e+02
7.230000000000000000e+02
7.230000000000000000e+02
7.230000000000000000e+02
7.230000000000000000e+02
7.230000000000000000e+02
7.230000000000000000e+02
7.230000000000000000e+02
7.270000000000000000e+02
7.270000000000000000e+02
7.270000000000000000e+02
7.270000000000000000e+02
7.270000000000000000e+02
7.270000000000000000e+02
7.320000000000000000e+02
7.320000000000000000e+02
7.320000000000000000e+02
7.320000000000000000e+02
7.320000000000000000e+02
7.320000000000000000e+02
7.320000000000000000e+02
7.320000000000000000e+02
7.410000000000000000e+02
7.410000000000000000e+02
7.410000000000000000e+02
7.410000000000000000e+02
7.410000000000000000e+02
7.410000000000000000e+02
7.410000000000000000e+02
7.590000000000000000e+02
7.590000000000000000e+02
7.590000000000000000e+02
7.590000000000000000e+02
7.660000000000000000e+02
7.660000000000000000e+02
7.740000000000000000e+02
8.020000000000000000e+02
8.190000000000000000e+02
8.190000000000000000e+02
8.190000000000000000e+02
8.520000000000000000e+02
8.520000000000000000e+02
8.520000000000000000e+02
9.280000000000000000e+02
9.280000000000000000e+02
9.280000000000000000e+02
9.280000000000000000e+02
9.280000000000000000e+02
9.940000000000000000e+02
9.940000000000000000e+02
1.043000000000000000e+03
1.043000000000000000e+03
1.043000000000000000e+03
1.043000000000000000e+03
1.114000000000000000e+03
1.114000000000000000e+03
1.190000000000000000e+03
1.190000000000000000e+03
1.253000000000000000e+03
1.253000000000000000e+03
1.253000000000000000e+03
1.290000000000000000e+03
1.290000000000000000e+03
1.358000000000000000e+03
1.358000000000000000e+03
1.395000000000000000e+03
1.395000000000000000e+03
1.395000000000000000e+03
1.428000000000000000e+03
1.428000000000000000e+03
1.492000000000000000e+03
1.514000000000000000e+03
1.554000000000000000e+03
1.586000000000000000e+03
1.586000000000000000e+03
1.612000000000000000e+03
1.650000000000000000e+03
1.687000000000000000e+03
1.714000000000000000e+03
1.756000000000000000e+03
1.789000000000000000e+03
1.789000000000000000e+03
1.800000000000000000e+03
1.800000000000000000e+03
1.834000000000000000e+03
1.868000000000000000e+03
1.908000000000000000e+03
1.932000000000000000e+03
1.932000000000000000e+03
1.934000000000000000e+03
1.982000000000000000e+03
2.025000000000000000e+03
2.049000000000000000e+03
2.072000000000000000e+03
2.107000000000000000e+03
2.107000000000000000e+03
2.135000000000000000e+03
2.176000000000000000e+03
2.205000000000000000e+03
2.231000000000000000e+03
2.231000000000000000e+03
2.231000000000000000e+03
2.231000000000000000e+03
2.275000000000000000e+03
2.333000000000000000e+03
2.384000000000000000e+03
2.428000000000000000e+03
2.428000000000000000e+03
2.428000000000000000e+03
2.428000000000000000e+03
2.493000000000000000e+03
2.549000000000000000e+03
2.549000000000000000e+03
2.583000000000000000e+03
2.628000000000000000e+03
2.628000000000000000e+03
2.628000000000000000e+03
2.667000000000000000e+03
2.706000000000000000e+03
2.723000000000000000e+03
2.737000000000000000e+03
2.767000000000000000e+03
2.778000000000000000e+03
2.778000000000000000e+03
2.787000000000000000e+03
2.803000000000000000e+03
2.815000000000000000e+03
2.833000000000000000e+03
2.861000000000000000e+03
2.874000000000000000e+03
2.874000000000000000e+03
2.889000000000000000e+03
2.915000000000000000e+03
2.941000000000000000e+03
2.969000000000000000e+03
2.996000000000000000e+03
2.996000000000000000e+03
3.025000000000000000e+03
3.025000000000000000e+03
3.066000000000000000e+03
3.094000000000000000e+03
3.111000000000000000e+03
3.111000000000000000e+03
3.127000000000000000e+03
3.127000000000000000e+03
3.137000000000000000e+03
3.187000000000000000e+03
3.213000000000000000e+03
3.247000000000000000e+03
3.278000000000000000e+03
3.278000000000000000e+03
3.278000000000000000e+03
3.317000000000000000e+03
3.352000000000000000e+03
3.394000000000000000e+03
3.420000000000000000e+03
3.440000000000000000e+03
3.472000000000000000e+03
3.472000000000000000e+03
3.494000000000000000e+03
3.538000000000000000e+03
3.585000000000000000e+03
3.621000000000000000e+03
3.671000000000000000e+03
3.716000000000000000e+03
3.716000000000000000e+03
3.746000000000000000e+03
3.791000000000000000e+03
3.829000000000000000e+03
3.867000000000000000e+03
3.896000000000000000e+03
3.922000000000000000e+03
3.922000000000000000e+03
3.935000000000000000e+03
3.984000000000000000e+03
4.030000000000000000e+03
4.062000000000000000e+03
4.096000000000000000e+03
4.126000000000000000e+03
4.126000000000000000e+03
4.151000000000000000e+03
4.204000000000000000e+03
4.249000000000000000e+03
4.292000000000000000e+03
4.328000000000000000e+03
4.356000000000000000e+03
4.356000000000000000e+03
4.388000000000000000e+03
4.432000000000000000e+03
4.484000000000000000e+03
4.484000000000000000e+03
4.547000000000000000e+03
4.603000000000000000e+03
4.603000000000000000e+03
4.631000000000000000e+03
4.678000000000000000e+03
4.730000000000000000e+03
4.730000000000000000e+03
4.775000000000000000e+03
4.775000000000000000e+03
4.775000000000000000e+03
4.775000000000000000e+03
4.864000000000000000e+03
4.904000000000000000e+03
4.932000000000000000e+03
4.944000000000000000e+03
4.956000000000000000e+03
4.956000000000000000e+03
4.962000000000000000e+03
4.985000000000000000e+03
5.004000000000000000e+03
5.010000000000000000e+03
5.016000000000000000e+03
5.026000000000000000e+03
5.026000000000000000e+03
5.030000000000000000e+03
5.040000000000000000e+03
5.044000000000000000e+03
5.045000000000000000e+03
5.047000000000000000e+03
5.047000000000000000e+03
5.047000000000000000e+03
5.055000000000000000e+03
5.058000000000000000e+03
5.059000000000000000e+03
5.060000000000000000e+03
5.066000000000000000e+03
5.066000000000000000e+03
5.066000000000000000e+03
5.067000000000000000e+03
5.067000000000000000e+03
5.067000000000000000e+03
5.067000000000000000e+03
5.067000000000000000e+03
5.067000000000000000e+03
5.067000000000000000e+03
5.083000000000000000e+03
5.083000000000000000e+03
5.083000000000000000e+03
5.083000000000000000e+03
5.083000000000000000e+03
5.083000000000000000e+03
5.083000000000000000e+03
5.087000000000000000e+03
5.087000000000000000e+03
5.087000000000000000e+03
5.087000000000000000e+03
5.087000000000000000e+03
5.087000000000000000e+03
5.087000000000000000e+03
5.089000000000000000e+03
5.089000000000000000e+03
5.089000000000000000e+03
5.089000000000000000e+03
5.089000000000000000e+03
5.089000000000000000e+03
5.089000000000000000e+03
5.090000000000000000e+03
5.090000000000000000e+03
5.090000000000000000e+03
5.090000000000000000e+03
5.090000000000000000e+03
5.090000000000000000e+03
5.090000000000000000e+03
5.090000000000000000e+03
5.090000000000000000e+03
5.090000000000000000e+03
5.090000000000000000e+03
5.090000000000000000e+03
5.090000000000000000e+03
5.090000000000000000e+03
5.090000000000000000e+03
5.090000000000000000e+03
5.090000000000000000e+03
5.090000000000000000e+03
5.090000000000000000e+03
5.090000000000000000e+03
5.090000000000000000e+03
5.090000000000000000e+03
5.090000000000000000e+03
5.090000000000000000e+03
5.090000000000000000e+03
5.090000000000000000e+03
5.090000000000000000e+03
5.090000000000000000e+03
5.091000000000000000e+03
5.091000000000000000e+03
5.091000000000000000e+03
5.091000000000000000e+03
5.091000000000000000e+03
5.091000000000000000e+03
5.091000000000000000e+03
5.092000000000000000e+03
5.092000000000000000e+03
5.092000000000000000e+03
5.092000000000000000e+03
5.092000000000000000e+03
5.092000000000000000e+03
5.092000000000000000e+03
5.092000000000000000e+03
5.094000000000000000e+03
5.094000000000000000e+03
5.094000000000000000e+03
5.094000000000000000e+03
5.094000000000000000e+03
5.094000000000000000e+03
5.099000000000000000e+03
5.099000000000000000e+03
5.099000000000000000e+03
5.099000000000000000e+03
5.099000000000000000e+03
5.099000000000000000e+03
5.099000000000000000e+03
5.130000000000000000e+03
5.130000000000000000e+03
5.130000000000000000e+03
5.130000000000000000e+03
5.130000000000000000e+03
5.130000000000000000e+03
5.130000000000000000e+03
