0.000000000000000000e+00
0.000000000000000000e+00
0.000000000000000000e+00
0.000000000000000000e+00
0.000000000000000000e+00
0.000000000000000000e+00
0.000000000000000000e+00
0.000000000000000000e+00
0.000000000000000000e+00
0.000000000000000000e+00
0.000000000000000000e+00
0.000000000000000000e+00
0.000000000000000000e+00
0.000000000000000000e+00
0.000000000000000000e+00
0.000000000000000000e+00
0.000000000000000000e+00
0.000000000000000000e+00
0.000000000000000000e+00
0.000000000000000000e+00
0.000000000000000000e+00
0.000000000000000000e+00
0.000000000000000000e+00
0.000000000000000000e+00
0.000000000000000000e+00
0.000000000000000000e+00
0.000000000000000000e+00
0.000000000000000000e+00
0.000000000000000000e+00
0.000000000000000000e+00
0.000000000000000000e+00
0.000000000000000000e+00
0.000000000000000000e+00
0.000000000000000000e+00
0.000000000000000000e+00
0.000000000000000000e+00
0.000000000000000000e+00
0.000000000000000000e+00
1.000000000000000000e+00
1.000000000000000000e+00
1.000000000000000000e+00
2.000000000000000000e+00
6.000000000000000000e+00
6.000000000000000000e+00
1.800000000000000000e+01
1.800000000000000000e+01
1.900000000000000000e+01
2.100000000000000000e+01
3.400000000000000000e+01
4.300000000000000000e+01
4.300000000000000000e+01
9.000000000000000000e+01
1.290000000000000000e+02
1.290000000000000000e+02
1.690000000000000000e+02
2.230000000000000000e+02
2.920000000000000000e+02
5.570000000000000000e+02
6.830000000000000000e+02
7.850000000000000000e+02
9.060000000000000000e+02
1.125000000000000000e+03
1.329000000000000000e+03
1.564000000000000000e+03
1.819000000000000000e+03
2.121000000000000000e+03
2.415000000000000000e+03
2.615000000000000000e+03
2.910000000000000000e+03
3.235000000000000000e+03
3.447000000000000000e+03
3.849000000000000000e+03
4.273000000000000000e+03
4.604000000000000000e+03
4.994000000000000000e+03
5.364000000000000000e+03
5.709000000000000000e+03
6.074000000000000000e+03
6.574000000000000000e+03
8.089000000000000000e+03
8.928000000000000000e+03
9.655000000000000000e+03
1.064700000000000000e+04
1.147900000000000000e+04
1.254700000000000000e+04
1.327100000000000000e+04
1.398000000000000000e+04
1.475800000000000000e+04
1.525100000000000000e+04
1.565200000000000000e+04
1.604000000000000000e+04
1.667100000000000000e+04
1.760700000000000000e+04
1.818400000000000000e+04
1.856100000000000000e+04
1.926200000000000000e+04
1.964800000000000000e+04
1.987700000000000000e+04
2.025300000000000000e+04
2.061200000000000000e+04
2.083300000000000000e+04
2.117600000000000000e+04
2.150600000000000000e+04
2.177200000000000000e+04
2.198300000000000000e+04
2.224800000000000000e+04
2.238500000000000000e+04
2.254100000000000000e+04
2.276000000000000000e+04
2.299600000000000000e+04
2.313500000000000000e+04
2.324200000000000000e+04
2.340100000000000000e+04
2.382700000000000000e+04
2.395600000000000000e+04
2.404800000000000000e+04
2.411200000000000000e+04
2.420000000000000000e+04
2.425100000000000000e+04
2.431500000000000000e+04
2.439100000000000000e+04
2.450600000000000000e+04
2.458200000000000000e+04
2.463900000000000000e+04
2.469800000000000000e+04
2.473500000000000000e+04
2.480300000000000000e+04
2.484100000000000000e+04
2.487600000000000000e+04
2.492900000000000000e+04
2.499000000000000000e+04
2.506200000000000000e+04
2.506600000000000000e+04
2.511100000000000000e+04
2.514200000000000000e+04
2.516300000000000000e+04
2.518300000000000000e+04
2.520100000000000000e+04
2.520700000000000000e+04
2.521500000000000000e+04
2.523100000000000000e+04
2.523800000000000000e+04
2.525000000000000000e+04
2.529500000000000000e+04
2.530300000000000000e+04
2.532100000000000000e+04
2.533400000000000000e+04
2.534100000000000000e+04
2.535500000000000000e+04
2.536800000000000000e+04
2.537400000000000000e+04
2.537900000000000000e+04
2.538300000000000000e+04
2.539100000000000000e+04
2.539600000000000000e+04
2.540500000000000000e+04
2.541400000000000000e+04
2.543700000000000000e+04
2.543900000000000000e+04
2.546200000000000000e+04
2.547300000000000000e+04
2.547700000000000000e+04
2.548900000000000000e+04
2.549800000000000000e+04
2.550900000000000000e+04
2.552700000000000000e+04
2.553100000000000000e+04
2.553800000000000000e+04
2.554200000000000000e+04
2.556500000000000000e+04
2.558900000000000000e+04
2.561100000000000000e+04
2.562800000000000000e+04
2.563800000000000000e+04
2.567000000000000000e+04
2.568300000000000000e+04
2.569800000000000000e+04
2.573000000000000000e+04
2.575000000000000000e+04
2.576000000000000000e+04
2.576600000000000000e+04
2.580200000000000000e+04
2.581900000000000000e+04
2.582600000000000000e+04
2.584500000000000000e+04
2.586900000000000000e+04
2.588100000000000000e+04
2.589200000000000000e+04
2.592900000000000000e+04
2.594200000000000000e+04
2.602700000000000000e+04
2.606500000000000000e+04
2.610900000000000000e+04
2.616200000000000000e+04
2.620800000000000000e+04
2.625300000000000000e+04
2.630300000000000000e+04
2.637200000000000000e+04
2.647000000000000000e+04
2.664400000000000000e+04
2.671200000000000000e+04
2.676800000000000000e+04
2.680100000000000000e+04
2.683800000000000000e+04
2.692900000000000000e+04
2.699500000000000000e+04
2.719100000000000000e+04
2.725700000000000000e+04
2.731300000000000000e+04
2.749900000000000000e+04
2.754700000000000000e+04
2.767600000000000000e+04
2.775500000000000000e+04
2.790800000000000000e+04
2.796900000000000000e+04
2.811600000000000000e+04
2.820100000000000000e+04
2.836300000000000000e+04
2.845300000000000000e+04
2.857800000000000000e+04
2.872000000000000000e+04
2.876000000000000000e+04
2.881100000000000000e+04
2.902500000000000000e+04
2.911400000000000000e+04
2.920600000000000000e+04
2.930300000000000000e+04
2.953400000000000000e+04
2.967200000000000000e+04
2.977400000000000000e+04
3.008000000000000000e+04
3.016400000000000000e+04
3.036000000000000000e+04
3.057100000000000000e+04
3.073000000000000000e+04
3.098500000000000000e+04
3.119200000000000000e+04
3.154900000000000000e+04
3.179900000000000000e+04
3.202300000000000000e+04
3.227100000000000000e+04
3.253800000000000000e+04
3.293300000000000000e+04
3.312100000000000000e+04
3.344400000000000000e+04
3.367500000000000000e+04
3.399400000000000000e+04
3.431500000000000000e+04
3.456000000000000000e+04
3.499000000000000000e+04
3.537700000000000000e+04
3.574000000000000000e+04
3.615500000000000000e+04
3.659700000000000000e+04
3.706300000000000000e+04
3.766800000000000000e+04
3.803200000000000000e+04
3.854900000000000000e+04
3.897300000000000000e+04
3.958400000000000000e+04
4.008600000000000000e+04
4.070300000000000000e+04
4.171400000000000000e+04
4.252800000000000000e+04
4.335100000000000000e+04
4.415900000000000000e+04
4.524300000000000000e+04
4.642900000000000000e+04
4.742700000000000000e+04
4.867800000000000000e+04
4.996200000000000000e+04
5.099300000000000000e+04
5.225600000000000000e+04
5.342200000000000000e+04
5.447600000000000000e+04
5.526100000000000000e+04
5.610800000000000000e+04
5.712800000000000000e+04
5.806700000000000000e+04
5.876700000000000000e+04
5.943400000000000000e+04
6.029700000000000000e+04
6.105900000000000000e+04
6.145600000000000000e+04
6.200200000000000000e+04
6.275000000000000000e+04
6.304800000000000000e+04
6.348300000000000000e+04
6.404600000000000000e+04
6.453800000000000000e+04
6.485500000000000000e+04
6.539400000000000000e+04
6.565900000000000000e+04
6.588900000000000000e+04
6.624700000000000000e+04
6.663200000000000000e+04
6.709900000000000000e+04
6.752600000000000000e+04
6.790300000000000000e+04
6.835600000000000000e+04
6.868600000000000000e+04
6.905800000000000000e+04
6.947300000000000000e+04
6.980200000000000000e+04
7.014300000000000000e+04
7.046100000000000000e+04
7.071100000000000000e+04
7.093000000000000000e+04
7.118700000000000000e+04
7.149400000000000000e+04
7.169900000000000000e+04
7.194200000000000000e+04
7.224100000000000000e+04
7.254400000000000000e+04
7.279800000000000000e+04
7.306600000000000000e+04
7.322800000000000000e+04
7.349100000000000000e+04
7.394800000000000000e+04
7.424600000000000000e+04
7.446800000000000000e+04
7.468200000000000000e+04
7.490000000000000000e+04
7.520300000000000000e+04
7.550700000000000000e+04
7.575600000000000000e+04
7.618500000000000000e+04
7.644900000000000000e+04
7.677600000000000000e+04
7.719700000000000000e+04
7.767800000000000000e+04
7.825400000000000000e+04
7.877600000000000000e+04
7.954200000000000000e+04
8.026700000000000000e+04
8.122800000000000000e+04
8.215500000000000000e+04
8.307300000000000000e+04
8.409800000000000000e+04
8.539400000000000000e+04
8.612900000000000000e+04
8.689400000000000000e+04
8.843900000000000000e+04
9.015700000000000000e+04
9.177900000000000000e+04
9.353200000000000000e+04
9.692600000000000000e+04
1.018870000000000000e+05
1.079970000000000000e+05
1.133220000000000000e+05
1.211540000000000000e+05
1.276570000000000000e+05
1.358840000000000000e+05
1.407270000000000000e+05
1.476130000000000000e+05
1.525390000000000000e+05
1.555910000000000000e+05
1.591440000000000000e+05
1.630570000000000000e+05
1.665480000000000000e+05
1.697800000000000000e+05
1.727260000000000000e+05
1.748430000000000000e+05
1.768390000000000000e+05
1.793240000000000000e+05
1.819220000000000000e+05
1.842790000000000000e+05
1.861840000000000000e+05
1.875540000000000000e+05
1.889230000000000000e+05
1.898510000000000000e+05
1.911820000000000000e+05
1.926450000000000000e+05
1.938920000000000000e+05
1.953030000000000000e+05
1.965470000000000000e+05
1.975530000000000000e+05
1.984240000000000000e+05
1.994300000000000000e+05
2.007440000000000000e+05
2.017630000000000000e+05
2.025480000000000000e+05
2.035680000000000000e+05
2.043970000000000000e+05
2.049400000000000000e+05
2.059390000000000000e+05
2.068010000000000000e+05
2.077200000000000000e+05
2.087960000000000000e+05
2.095820000000000000e+05
2.104020000000000000e+05
2.111130000000000000e+05
2.117510000000000000e+05
2.126470000000000000e+05
2.134000000000000000e+05
2.143780000000000000e+05
2.150570000000000000e+05
2.157430000000000000e+05
2.163000000000000000e+05
2.168400000000000000e+05
2.174780000000000000e+05
2.182510000000000000e+05
2.189800000000000000e+05
2.195920000000000000e+05
2.202730000000000000e+05
2.206300000000000000e+05
2.211890000000000000e+05
2.216490000000000000e+05
2.221690000000000000e+05
2.226990000000000000e+05
2.232190000000000000e+05
2.236510000000000000e+05
2.239570000000000000e+05
2.245880000000000000e+05
2.251790000000000000e+05
2.258200000000000000e+05
2.263580000000000000e+05
2.267410000000000000e+05
2.273160000000000000e+05
2.276630000000000000e+05
2.282150000000000000e+05
2.287960000000000000e+05
2.293060000000000000e+05
2.298310000000000000e+05
2.305990000000000000e+05
2.311190000000000000e+05
2.314840000000000000e+05
2.321640000000000000e+05
2.327580000000000000e+05
2.333270000000000000e+05
2.339370000000000000e+05
2.345410000000000000e+05
2.350780000000000000e+05
2.354440000000000000e+05
2.358540000000000000e+05
2.366000000000000000e+05
2.371870000000000000e+05
2.376950000000000000e+05
2.381480000000000000e+05
2.384660000000000000e+05
2.389070000000000000e+05
2.393250000000000000e+05
2.397230000000000000e+05
2.401920000000000000e+05
2.406430000000000000e+05
2.409450000000000000e+05
2.413300000000000000e+05
2.416840000000000000e+05
2.421050000000000000e+05
2.424020000000000000e+05
2.428190000000000000e+05
2.432380000000000000e+05
2.435080000000000000e+05
2.439110000000000000e+05
2.442970000000000000e+05
2.446950000000000000e+05
2.453100000000000000e+05
2.457430000000000000e+05
2.462040000000000000e+05
2.466330000000000000e+05
2.470690000000000000e+05
2.474890000000000000e+05
2.478570000000000000e+05
2.483260000000000000e+05
2.488700000000000000e+05
2.494370000000000000e+05
2.498380000000000000e+05
2.502900000000000000e+05
2.506720000000000000e+05
2.510870000000000000e+05
2.514740000000000000e+05
2.519040000000000000e+05
2.523030000000000000e+05
2.528090000000000000e+05
2.531890000000000000e+05
2.535670000000000000e+05
2.540130000000000000e+05
2.544500000000000000e+05
2.548700000000000000e+05
2.553310000000000000e+05
2.557060000000000000e+05
2.560850000000000000e+05
2.564500000000000000e+05
2.569760000000000000e+05
2.574460000000000000e+05
2.579790000000000000e+05
2.583630000000000000e+05
2.588100000000000000e+05
2.591590000000000000e+05
2.595120000000000000e+05
2.599570000000000000e+05
2.603890000000000000e+05
2.608500000000000000e+05
2.613060000000000000e+05
2.616730000000000000e+05
2.620430000000000000e+05
2.623800000000000000e+05
2.627870000000000000e+05
2.632520000000000000e+05
2.637690000000000000e+05
2.641850000000000000e+05
2.644980000000000000e+05
2.648750000000000000e+05
2.651140000000000000e+05
2.653410000000000000e+05
2.657390000000000000e+05
2.660580000000000000e+05
2.664890000000000000e+05
2.668040000000000000e+05
2.670060000000000000e+05
2.672890000000000000e+05
2.675760000000000000e+05
2.679490000000000000e+05
2.682510000000000000e+05
2.686440000000000000e+05
2.690370000000000000e+05
2.693210000000000000e+05
2.694950000000000000e+05
2.697930000000000000e+05
2.700970000000000000e+05
2.704770000000000000e+05
2.709200000000000000e+05
2.712600000000000000e+05
2.715890000000000000e+05
2.719310000000000000e+05
2.719080000000000000e+05
2.727840000000000000e+05
2.732960000000000000e+05
2.737440000000000000e+05
2.743060000000000000e+05
2.746410000000000000e+05
2.750380000000000000e+05
2.755710000000000000e+05
2.761040000000000000e+05
2.767350000000000000e+05
2.773160000000000000e+05
2.778920000000000000e+05
2.784640000000000000e+05
2.790530000000000000e+05
2.797900000000000000e+05
2.807840000000000000e+05
2.819540000000000000e+05
2.833310000000000000e+05
2.845100000000000000e+05
2.855810000000000000e+05
2.866910000000000000e+05
2.879510000000000000e+05
2.891390000000000000e+05
2.905250000000000000e+05
2.918700000000000000e+05
2.929960000000000000e+05
2.942720000000000000e+05
2.953860000000000000e+05
2.966870000000000000e+05
2.980480000000000000e+05
2.995490000000000000e+05
3.009760000000000000e+05
3.020740000000000000e+05
