0.000000000000000000e+00
0.000000000000000000e+00
0.000000000000000000e+00
0.000000000000000000e+00
0.000000000000000000e+00
0.000000000000000000e+00
0.000000000000000000e+00
0.000000000000000000e+00
0.000000000000000000e+00
0.000000000000000000e+00
0.000000000000000000e+00
0.000000000000000000e+00
0.000000000000000000e+00
0.000000000000000000e+00
0.000000000000000000e+00
0.000000000000000000e+00
0.000000000000000000e+00
0.000000000000000000e+00
0.000000000000000000e+00
0.000000000000000000e+00
0.000000000000000000e+00
0.000000000000000000e+00
0.000000000000000000e+00
0.000000000000000000e+00
0.000000000000000000e+00
0.000000000000000000e+00
0.000000000000000000e+00
0.000000000000000000e+00
0.000000000000000000e+00
0.000000000000000000e+00
0.000000000000000000e+00
0.000000000000000000e+00
0.000000000000000000e+00
0.000000000000000000e+00
0.000000000000000000e+00
0.000000000000000000e+00
0.000000000000000000e+00
0.000000000000000000e+00
0.000000000000000000e+00
0.000000000000000000e+00
0.000000000000000000e+00
0.000000000000000000e+00
0.000000000000000000e+00
2.000000000000000000e+00
2.000000000000000000e+00
3.000000000000000000e+00
3.000000000000000000e+00
3.000000000000000000e+00
5.000000000000000000e+00
7.000000000000000000e+00
1.100000000000000000e+01
1.300000000000000000e+01
1.800000000000000000e+01
2.400000000000000000e+01
2.500000000000000000e+01
2.600000000000000000e+01
3.800000000000000000e+01
6.300000000000000000e+01
8.900000000000000000e+01
9.300000000000000000e+01
1.260000000000000000e+02
1.360000000000000000e+02
1.660000000000000000e+02
1.760000000000000000e+02
1.910000000000000000e+02
2.370000000000000000e+02
2.580000000000000000e+02
3.230000000000000000e+02
3.680000000000000000e+02
4.200000000000000000e+02
4.590000000000000000e+02
5.330000000000000000e+02
5.790000000000000000e+02
6.240000000000000000e+02
6.540000000000000000e+02
6.740000000000000000e+02
7.640000000000000000e+02
8.040000000000000000e+02
8.580000000000000000e+02
9.010000000000000000e+02
9.460000000000000000e+02
1.009000000000000000e+03
1.037000000000000000e+03
1.083000000000000000e+03
1.110000000000000000e+03
1.167000000000000000e+03
1.214000000000000000e+03
1.268000000000000000e+03
1.285000000000000000e+03
1.309000000000000000e+03
1.342000000000000000e+03
1.368000000000000000e+03
1.413000000000000000e+03
1.421000000000000000e+03
1.486000000000000000e+03
1.516000000000000000e+03
1.565000000000000000e+03
1.585000000000000000e+03
1.677000000000000000e+03
1.757000000000000000e+03
1.781000000000000000e+03
1.839000000000000000e+03
1.857000000000000000e+03
1.926000000000000000e+03
1.946000000000000000e+03
1.987000000000000000e+03
2.027000000000000000e+03
2.070000000000000000e+03
2.090000000000000000e+03
2.117000000000000000e+03
2.141000000000000000e+03
2.158000000000000000e+03
2.181000000000000000e+03
2.218000000000000000e+03
2.236000000000000000e+03
2.267000000000000000e+03
2.290000000000000000e+03
2.304000000000000000e+03
2.321000000000000000e+03
2.338000000000000000e+03
2.350000000000000000e+03
2.372000000000000000e+03
2.391000000000000000e+03
2.401000000000000000e+03
2.406000000000000000e+03
2.416000000000000000e+03
2.435000000000000000e+03
2.462000000000000000e+03
2.485000000000000000e+03
2.494000000000000000e+03
2.510000000000000000e+03
2.524000000000000000e+03
2.535000000000000000e+03
2.551000000000000000e+03
2.594000000000000000e+03
2.606000000000000000e+03
2.606000000000000000e+03
2.606000000000000000e+03
2.704000000000000000e+03
2.728000000000000000e+03
2.775000000000000000e+03
2.832000000000000000e+03
2.893000000000000000e+03
2.893000000000000000e+03
2.893000000000000000e+03
3.040000000000000000e+03
3.085000000000000000e+03
3.141000000000000000e+03
3.174000000000000000e+03
3.273000000000000000e+03
3.273000000000000000e+03
3.273000000000000000e+03
3.525000000000000000e+03
3.588000000000000000e+03
3.676000000000000000e+03
3.796000000000000000e+03
3.935000000000000000e+03
3.935000000000000000e+03
3.935000000000000000e+03
4.325000000000000000e+03
4.453000000000000000e+03
4.606000000000000000e+03
4.788000000000000000e+03
4.962000000000000000e+03
4.962000000000000000e+03
4.962000000000000000e+03
5.458000000000000000e+03
5.621000000000000000e+03
5.869000000000000000e+03
6.086000000000000000e+03
6.402000000000000000e+03
6.719000000000000000e+03
6.877000000000000000e+03
6.981000000000000000e+03
6.981000000000000000e+03
7.411000000000000000e+03
7.681000000000000000e+03
7.908000000000000000e+03
8.161000000000000000e+03
8.340000000000000000e+03
8.479000000000000000e+03
8.787000000000000000e+03
9.115000000000000000e+03
9.462000000000000000e+03
9.767000000000000000e+03
9.767000000000000000e+03
9.767000000000000000e+03
1.049800000000000000e+04
1.076600000000000000e+04
1.112700000000000000e+04
1.144400000000000000e+04
1.187600000000000000e+04
1.187600000000000000e+04
1.229600000000000000e+04
1.246200000000000000e+04
1.285600000000000000e+04
1.313800000000000000e+04
1.339600000000000000e+04
1.368700000000000000e+04
1.368700000000000000e+04
1.368700000000000000e+04
1.449800000000000000e+04
1.470800000000000000e+04
1.496100000000000000e+04
1.518400000000000000e+04
1.553500000000000000e+04
1.580100000000000000e+04
1.580100000000000000e+04
1.611100000000000000e+04
1.635100000000000000e+04
1.669100000000000000e+04
1.702900000000000000e+04
1.739600000000000000e+04
1.771500000000000000e+04
1.771500000000000000e+04
1.802900000000000000e+04
1.832600000000000000e+04
1.860900000000000000e+04
1.892000000000000000e+04
1.921400000000000000e+04
1.955000000000000000e+04
1.979300000000000000e+04
1.996400000000000000e+04
2.023400000000000000e+04
2.051700000000000000e+04
2.080400000000000000e+04
2.114200000000000000e+04
2.143900000000000000e+04
2.156000000000000000e+04
2.166000000000000000e+04
2.196100000000000000e+04
2.225800000000000000e+04
2.254400000000000000e+04
2.283400000000000000e+04
2.313800000000000000e+04
2.346500000000000000e+04
2.363500000000000000e+04
2.392900000000000000e+04
2.421100000000000000e+04
2.460500000000000000e+04
2.489700000000000000e+04
2.521700000000000000e+04
2.542800000000000000e+04
2.552100000000000000e+04
2.573700000000000000e+04
2.608100000000000000e+04
2.631600000000000000e+04
2.656400000000000000e+04
2.679700000000000000e+04
2.692000000000000000e+04
2.700100000000000000e+04
2.722600000000000000e+04
2.746900000000000000e+04
2.774900000000000000e+04
2.797500000000000000e+04
2.797500000000000000e+04
2.835400000000000000e+04
2.844900000000000000e+04
2.871000000000000000e+04
2.907500000000000000e+04
2.952800000000000000e+04
2.991700000000000000e+04
3.034500000000000000e+04
3.064700000000000000e+04
3.083700000000000000e+04
3.117300000000000000e+04
3.165500000000000000e+04
3.222400000000000000e+04
3.284500000000000000e+04
3.356100000000000000e+04
3.411200000000000000e+04
3.466100000000000000e+04
3.538900000000000000e+04
3.631500000000000000e+04
3.731400000000000000e+04
3.849300000000000000e+04
3.975800000000000000e+04
4.089300000000000000e+04
4.159600000000000000e+04
4.315100000000000000e+04
4.473700000000000000e+04
4.663900000000000000e+04
4.813700000000000000e+04
5.009000000000000000e+04
5.150500000000000000e+04
5.226900000000000000e+04
5.382200000000000000e+04
5.559800000000000000e+04
5.750600000000000000e+04
5.942700000000000000e+04
6.121200000000000000e+04
6.242300000000000000e+04
6.341900000000000000e+04
6.502400000000000000e+04
6.656500000000000000e+04
6.829300000000000000e+04
6.962500000000000000e+04
7.090000000000000000e+04
7.195600000000000000e+04
7.268900000000000000e+04
7.394400000000000000e+04
7.557700000000000000e+04
7.675700000000000000e+04
7.799400000000000000e+04
7.930900000000000000e+04
8.000600000000000000e+04
8.055300000000000000e+04
8.173900000000000000e+04
8.332800000000000000e+04
8.425200000000000000e+04
8.543100000000000000e+04
8.671000000000000000e+04
8.737400000000000000e+04
8.790100000000000000e+04
8.908500000000000000e+04
9.037800000000000000e+04
9.153900000000000000e+04
9.279300000000000000e+04
9.376800000000000000e+04
9.450700000000000000e+04
9.494400000000000000e+04
9.602100000000000000e+04
9.731700000000000000e+04
9.860300000000000000e+04
9.954300000000000000e+04
1.003060000000000000e+05
1.011170000000000000e+05
1.014610000000000000e+05
1.023300000000000000e+05
1.032320000000000000e+05
1.040870000000000000e+05
1.048810000000000000e+05
1.055240000000000000e+05
1.055240000000000000e+05
1.062220000000000000e+05
1.069860000000000000e+05
1.075700000000000000e+05
1.082980000000000000e+05
1.088910000000000000e+05
1.093300000000000000e+05
1.096910000000000000e+05
1.099110000000000000e+05
1.104540000000000000e+05
1.109850000000000000e+05
1.109850000000000000e+05
1.121430000000000000e+05
1.121430000000000000e+05
1.126450000000000000e+05
1.126450000000000000e+05
1.133920000000000000e+05
1.133920000000000000e+05
1.133920000000000000e+05
1.149200000000000000e+05
1.153790000000000000e+05
1.156330000000000000e+05
1.156330000000000000e+05
1.162000000000000000e+05
1.166680000000000000e+05
1.170110000000000000e+05
1.170110000000000000e+05
1.170110000000000000e+05
1.170110000000000000e+05
1.180830000000000000e+05
1.183830000000000000e+05
1.187170000000000000e+05
1.192060000000000000e+05
1.194200000000000000e+05
1.194200000000000000e+05
1.194200000000000000e+05
1.201430000000000000e+05
1.205320000000000000e+05
1.208640000000000000e+05
1.211940000000000000e+05
1.214970000000000000e+05
1.214970000000000000e+05
1.214970000000000000e+05
1.221990000000000000e+05
1.224610000000000000e+05
1.228280000000000000e+05
1.228280000000000000e+05
1.234340000000000000e+05
1.234340000000000000e+05
1.234340000000000000e+05
1.241010000000000000e+05
1.244430000000000000e+05
1.246960000000000000e+05
1.251230000000000000e+05
1.254020000000000000e+05
1.254020000000000000e+05
1.254020000000000000e+05
1.261390000000000000e+05
1.264130000000000000e+05
1.267810000000000000e+05
1.271350000000000000e+05
1.275370000000000000e+05
1.275370000000000000e+05
1.275370000000000000e+05
1.286610000000000000e+05
1.291760000000000000e+05
1.297530000000000000e+05
1.305100000000000000e+05
1.309790000000000000e+05
1.309790000000000000e+05
1.309790000000000000e+05
1.309790000000000000e+05
1.330880000000000000e+05
1.339820000000000000e+05
1.348920000000000000e+05
1.355130000000000000e+05
1.355130000000000000e+05
1.355130000000000000e+05
1.372910000000000000e+05
1.385420000000000000e+05
1.396520000000000000e+05
1.409900000000000000e+05
1.421600000000000000e+05
1.421600000000000000e+05
1.421600000000000000e+05
1.448310000000000000e+05
1.464370000000000000e+05
1.481630000000000000e+05
1.498910000000000000e+05
1.513370000000000000e+05
1.513370000000000000e+05
1.513370000000000000e+05
1.546270000000000000e+05
1.563460000000000000e+05
1.581980000000000000e+05
1.601630000000000000e+05
1.620320000000000000e+05
1.620320000000000000e+05
1.620320000000000000e+05
1.657870000000000000e+05
1.676540000000000000e+05
1.696260000000000000e+05
1.713240000000000000e+05
1.734780000000000000e+05
1.734780000000000000e+05
1.734780000000000000e+05
1.764130000000000000e+05
1.775060000000000000e+05
1.792480000000000000e+05
1.808310000000000000e+05
1.819270000000000000e+05
1.819270000000000000e+05
1.819270000000000000e+05
1.846980000000000000e+05
1.846980000000000000e+05
1.863720000000000000e+05
1.877150000000000000e+05
1.889940000000000000e+05
1.889940000000000000e+05
1.889940000000000000e+05
1.911540000000000000e+05
1.918760000000000000e+05
1.931150000000000000e+05
1.943710000000000000e+05
1.947330000000000000e+05
1.947330000000000000e+05
1.947330000000000000e+05
1.959710000000000000e+05
1.967320000000000000e+05
1.973780000000000000e+05
1.978660000000000000e+05
1.984610000000000000e+05
1.984610000000000000e+05
1.984610000000000000e+05
1.984610000000000000e+05
1.994630000000000000e+05
1.998820000000000000e+05
2.003530000000000000e+05
2.006930000000000000e+05
2.006930000000000000e+05
2.006930000000000000e+05
2.012170000000000000e+05
2.015120000000000000e+05
2.017960000000000000e+05
2.020030000000000000e+05
2.021430000000000000e+05
2.021430000000000000e+05
2.021430000000000000e+05
2.024900000000000000e+05
2.026750000000000000e+05
2.028470000000000000e+05
2.030180000000000000e+05
2.031500000000000000e+05
2.031500000000000000e+05
2.031500000000000000e+05
2.033910000000000000e+05
2.035130000000000000e+05
2.036580000000000000e+05
2.037620000000000000e+05
2.038390000000000000e+05
2.038390000000000000e+05
2.038390000000000000e+05
2.040120000000000000e+05
2.040930000000000000e+05
2.041720000000000000e+05
2.042520000000000000e+05
2.043040000000000000e+05
2.043040000000000000e+05
2.043040000000000000e+05
2.044100000000000000e+05
2.044550000000000000e+05
2.045120000000000000e+05
2.045670000000000000e+05
2.045970000000000000e+05
2.045970000000000000e+05
2.045970000000000000e+05
2.046680000000000000e+05
2.046970000000000000e+05
2.047300000000000000e+05
2.047910000000000000e+05
2.048140000000000000e+05
2.048140000000000000e+05
2.048140000000000000e+05
2.048600000000000000e+05
2.048860000000000000e+05
2.049100000000000000e+05
2.049360000000000000e+05
2.049450000000000000e+05
2.049450000000000000e+05
2.049450000000000000e+05
2.049910000000000000e+05
2.050040000000000000e+05
2.050220000000000000e+05
2.050320000000000000e+05
2.050470000000000000e+05
2.050470000000000000e+05
2.050470000000000000e+05
2.050470000000000000e+05
2.050470000000000000e+05
2.050470000000000000e+05
2.050470000000000000e+05
2.050470000000000000e+05
2.051450000000000000e+05
2.051450000000000000e+05
2.051810000000000000e+05
2.052140000000000000e+05
2.052380000000000000e+05
2.052670000000000000e+05
2.052850000000000000e+05
2.052850000000000000e+05
2.052850000000000000e+05
2.053130000000000000e+05
2.053400000000000000e+05
2.053450000000000000e+05
2.053840000000000000e+05
2.054200000000000000e+05
2.054200000000000000e+05
2.054200000000000000e+05
2.054950000000000000e+05
2.055230000000000000e+05
2.055660000000000000e+05
2.056100000000000000e+05
2.056550000000000000e+05
2.056550000000000000e+05
2.056550000000000000e+05
