0.000000000000000000e+00
0.000000000000000000e+00
0.000000000000000000e+00
0.000000000000000000e+00
0.000000000000000000e+00
0.000000000000000000e+00
0.000000000000000000e+00
0.000000000000000000e+00
0.000000000000000000e+00
0.000000000000000000e+00
0.000000000000000000e+00
0.000000000000000000e+00
0.000000000000000000e+00
0.000000000000000000e+00
0.000000000000000000e+00
0.000000000000000000e+00
0.000000000000000000e+00
0.000000000000000000e+00
0.000000000000000000e+00
0.000000000000000000e+00
0.000000000000000000e+00
0.000000000000000000e+00
0.000000000000000000e+00
0.000000000000000000e+00
0.000000000000000000e+00
0.000000000000000000e+00
0.000000000000000000e+00
0.000000000000000000e+00
0.000000000000000000e+00
0.000000000000000000e+00
0.000000000000000000e+00
0.000000000000000000e+00
0.000000000000000000e+00
0.000000000000000000e+00
0.000000000000000000e+00
0.000000000000000000e+00
0.000000000000000000e+00
0.000000000000000000e+00
0.000000000000000000e+00
0.000000000000000000e+00
0.000000000000000000e+00
0.000000000000000000e+00
0.000000000000000000e+00
2.000000000000000000e+00
0.000000000000000000e+00
1.000000000000000000e+00
0.000000000000000000e+00
0.000000000000000000e+00
2.000000000000000000e+00
2.000000000000000000e+00
4.000000000000000000e+00
2.000000000000000000e+00
5.000000000000000000e+00
6.000000000000000000e+00
1.000000000000000000e+00
1.000000000000000000e+00
1.200000000000000000e+01
2.500000000000000000e+01
2.600000000000000000e+01
4.000000000000000000e+00
3.300000000000000000e+01
1.000000000000000000e+01
3.000000000000000000e+01
1.000000000000000000e+01
1.500000000000000000e+01
4.600000000000000000e+01
2.100000000000000000e+01
6.500000000000000000e+01
4.500000000000000000e+01
5.200000000000000000e+01
3.900000000000000000e+01
7.400000000000000000e+01
4.600000000000000000e+01
4.500000000000000000e+01
3.000000000000000000e+01
2.000000000000000000e+01
9.000000000000000000e+01
4.000000000000000000e+01
5.400000000000000000e+01
4.300000000000000000e+01
4.500000000000000000e+01
6.300000000000000000e+01
2.800000000000000000e+01
4.600000000000000000e+01
2.700000000000000000e+01
5.700000000000000000e+01
4.700000000000000000e+01
5.400000000000000000e+01
1.700000000000000000e+01
2.400000000000000000e+01
3.300000000000000000e+01
2.600000000000000000e+01
4.500000000000000000e+01
8.000000000000000000e+00
6.500000000000000000e+01
3.000000000000000000e+01
4.900000000000000000e+01
2.000000000000000000e+01
9.200000000000000000e+01
8.000000000000000000e+01
2.400000000000000000e+01
5.800000000000000000e+01
1.800000000000000000e+01
6.900000000000000000e+01
2.000000000000000000e+01
4.100000000000000000e+01
4.000000000000000000e+01
4.300000000000000000e+01
2.000000000000000000e+01
2.700000000000000000e+01
2.400000000000000000e+01
1.700000000000000000e+01
2.300000000000000000e+01
3.700000000000000000e+01
1.800000000000000000e+01
3.100000000000000000e+01
2.300000000000000000e+01
1.400000000000000000e+01
1.700000000000000000e+01
1.700000000000000000e+01
1.200000000000000000e+01
2.200000000000000000e+01
1.900000000000000000e+01
1.000000000000000000e+01
5.000000000000000000e+00
1.000000000000000000e+01
1.900000000000000000e+01
2.700000000000000000e+01
2.300000000000000000e+01
9.000000000000000000e+00
1.600000000000000000e+01
1.400000000000000000e+01
1.100000000000000000e+01
1.600000000000000000e+01
4.300000000000000000e+01
1.200000000000000000e+01
0.000000000000000000e+00
0.000000000000000000e+00
9.800000000000000000e+01
2.400000000000000000e+01
4.700000000000000000e+01
5.700000000000000000e+01
6.100000000000000000e+01
0.000000000000000000e+00
0.000000000000000000e+00
1.470000000000000000e+02
4.500000000000000000e+01
5.600000000000000000e+01
3.300000000000000000e+01
9.900000000000000000e+01
0.000000000000000000e+00
0.000000000000000000e+00
2.520000000000000000e+02
6.300000000000000000e+01
8.800000000000000000e+01
1.200000000000000000e+02
1.390000000000000000e+02
0.000000000000000000e+00
0.000000000000000000e+00
3.900000000000000000e+02
1.280000000000000000e+02
1.530000000000000000e+02
1.820000000000000000e+02
1.740000000000000000e+02
0.000000000000000000e+00
0.000000000000000000e+00
4.960000000000000000e+02
1.630000000000000000e+02
2.480000000000000000e+02
2.170000000000000000e+02
3.160000000000000000e+02
3.170000000000000000e+02
1.580000000000000000e+02
1.040000000000000000e+02
0.000000000000000000e+00
4.300000000000000000e+02
2.700000000000000000e+02
2.270000000000000000e+02
2.530000000000000000e+02
1.790000000000000000e+02
1.390000000000000000e+02
3.080000000000000000e+02
3.280000000000000000e+02
3.470000000000000000e+02
3.050000000000000000e+02
0.000000000000000000e+00
0.000000000000000000e+00
7.310000000000000000e+02
2.680000000000000000e+02
3.610000000000000000e+02
3.170000000000000000e+02
4.320000000000000000e+02
0.000000000000000000e+00
4.200000000000000000e+02
1.660000000000000000e+02
3.940000000000000000e+02
2.820000000000000000e+02
2.580000000000000000e+02
2.910000000000000000e+02
0.000000000000000000e+00
0.000000000000000000e+00
8.110000000000000000e+02
2.100000000000000000e+02
2.530000000000000000e+02
2.230000000000000000e+02
3.510000000000000000e+02
2.660000000000000000e+02
0.000000000000000000e+00
3.100000000000000000e+02
2.400000000000000000e+02
3.400000000000000000e+02
3.380000000000000000e+02
3.670000000000000000e+02
3.190000000000000000e+02
0.000000000000000000e+00
3.140000000000000000e+02
2.970000000000000000e+02
2.830000000000000000e+02
3.110000000000000000e+02
2.940000000000000000e+02
3.360000000000000000e+02
2.430000000000000000e+02
1.710000000000000000e+02
2.700000000000000000e+02
2.830000000000000000e+02
2.870000000000000000e+02
3.380000000000000000e+02
2.970000000000000000e+02
1.210000000000000000e+02
1.000000000000000000e+02
3.010000000000000000e+02
2.970000000000000000e+02
2.860000000000000000e+02
2.900000000000000000e+02
3.040000000000000000e+02
3.270000000000000000e+02
1.700000000000000000e+02
2.940000000000000000e+02
2.820000000000000000e+02
3.940000000000000000e+02
2.920000000000000000e+02
3.200000000000000000e+02
2.110000000000000000e+02
9.300000000000000000e+01
2.160000000000000000e+02
3.440000000000000000e+02
2.350000000000000000e+02
2.480000000000000000e+02
2.330000000000000000e+02
1.230000000000000000e+02
8.100000000000000000e+01
2.250000000000000000e+02
2.430000000000000000e+02
2.800000000000000000e+02
2.260000000000000000e+02
0.000000000000000000e+00
3.790000000000000000e+02
9.500000000000000000e+01
2.610000000000000000e+02
3.650000000000000000e+02
4.530000000000000000e+02
3.890000000000000000e+02
4.280000000000000000e+02
3.020000000000000000e+02
1.900000000000000000e+02
3.360000000000000000e+02
4.820000000000000000e+02
5.690000000000000000e+02
6.210000000000000000e+02
7.160000000000000000e+02
5.510000000000000000e+02
5.490000000000000000e+02
7.280000000000000000e+02
9.260000000000000000e+02
9.990000000000000000e+02
1.179000000000000000e+03
1.265000000000000000e+03
1.135000000000000000e+03
7.030000000000000000e+02
1.555000000000000000e+03
1.586000000000000000e+03
1.902000000000000000e+03
1.498000000000000000e+03
1.953000000000000000e+03
1.415000000000000000e+03
7.640000000000000000e+02
1.553000000000000000e+03
1.776000000000000000e+03
1.908000000000000000e+03
1.921000000000000000e+03
1.785000000000000000e+03
1.211000000000000000e+03
9.960000000000000000e+02
1.605000000000000000e+03
1.541000000000000000e+03
1.728000000000000000e+03
1.332000000000000000e+03
1.275000000000000000e+03
1.056000000000000000e+03
7.330000000000000000e+02
1.255000000000000000e+03
1.633000000000000000e+03
1.180000000000000000e+03
1.237000000000000000e+03
1.315000000000000000e+03
6.970000000000000000e+02
5.470000000000000000e+02
1.186000000000000000e+03
1.589000000000000000e+03
9.240000000000000000e+02
1.179000000000000000e+03
1.279000000000000000e+03
6.640000000000000000e+02
5.270000000000000000e+02
1.184000000000000000e+03
1.293000000000000000e+03
1.161000000000000000e+03
1.254000000000000000e+03
9.750000000000000000e+02
7.390000000000000000e+02
4.370000000000000000e+02
1.077000000000000000e+03
1.296000000000000000e+03
1.286000000000000000e+03
9.400000000000000000e+02
7.630000000000000000e+02
8.110000000000000000e+02
3.440000000000000000e+02
8.690000000000000000e+02
9.020000000000000000e+02
8.550000000000000000e+02
7.940000000000000000e+02
6.430000000000000000e+02
0.000000000000000000e+00
6.980000000000000000e+02
7.640000000000000000e+02
5.840000000000000000e+02
7.280000000000000000e+02
5.930000000000000000e+02
4.390000000000000000e+02
3.610000000000000000e+02
2.200000000000000000e+02
5.430000000000000000e+02
5.310000000000000000e+02
0.000000000000000000e+00
1.158000000000000000e+03
0.000000000000000000e+00
5.020000000000000000e+02
0.000000000000000000e+00
7.470000000000000000e+02
0.000000000000000000e+00
0.000000000000000000e+00
1.528000000000000000e+03
4.590000000000000000e+02
2.540000000000000000e+02
0.000000000000000000e+00
5.670000000000000000e+02
4.680000000000000000e+02
3.430000000000000000e+02
0.000000000000000000e+00
0.000000000000000000e+00
0.000000000000000000e+00
1.072000000000000000e+03
3.000000000000000000e+02
3.340000000000000000e+02
4.890000000000000000e+02
2.140000000000000000e+02
0.000000000000000000e+00
0.000000000000000000e+00
7.230000000000000000e+02
3.890000000000000000e+02
3.320000000000000000e+02
3.300000000000000000e+02
3.030000000000000000e+02
0.000000000000000000e+00
0.000000000000000000e+00
7.020000000000000000e+02
2.620000000000000000e+02
3.670000000000000000e+02
0.000000000000000000e+00
6.060000000000000000e+02
0.000000000000000000e+00
0.000000000000000000e+00
6.670000000000000000e+02
3.420000000000000000e+02
2.530000000000000000e+02
4.270000000000000000e+02
2.790000000000000000e+02
0.000000000000000000e+00
0.000000000000000000e+00
7.370000000000000000e+02
2.740000000000000000e+02
3.680000000000000000e+02
3.540000000000000000e+02
4.020000000000000000e+02
0.000000000000000000e+00
0.000000000000000000e+00
1.124000000000000000e+03
5.150000000000000000e+02
5.770000000000000000e+02
7.570000000000000000e+02
4.690000000000000000e+02
0.000000000000000000e+00
0.000000000000000000e+00
0.000000000000000000e+00
2.109000000000000000e+03
8.940000000000000000e+02
9.100000000000000000e+02
6.210000000000000000e+02
0.000000000000000000e+00
0.000000000000000000e+00
1.778000000000000000e+03
1.251000000000000000e+03
1.110000000000000000e+03
1.338000000000000000e+03
1.170000000000000000e+03
0.000000000000000000e+00
0.000000000000000000e+00
2.671000000000000000e+03
1.606000000000000000e+03
1.726000000000000000e+03
1.728000000000000000e+03
1.446000000000000000e+03
0.000000000000000000e+00
0.000000000000000000e+00
3.290000000000000000e+03
1.719000000000000000e+03
1.852000000000000000e+03
1.965000000000000000e+03
1.869000000000000000e+03
0.000000000000000000e+00
0.000000000000000000e+00
3.755000000000000000e+03
1.867000000000000000e+03
1.972000000000000000e+03
1.698000000000000000e+03
2.154000000000000000e+03
0.000000000000000000e+00
0.000000000000000000e+00
2.935000000000000000e+03
1.093000000000000000e+03
1.742000000000000000e+03
1.583000000000000000e+03
1.096000000000000000e+03
0.000000000000000000e+00
0.000000000000000000e+00
2.771000000000000000e+03
0.000000000000000000e+00
1.674000000000000000e+03
1.343000000000000000e+03
1.279000000000000000e+03
0.000000000000000000e+00
0.000000000000000000e+00
2.160000000000000000e+03
7.220000000000000000e+02
1.239000000000000000e+03
1.256000000000000000e+03
3.620000000000000000e+02
0.000000000000000000e+00
0.000000000000000000e+00
1.238000000000000000e+03
7.610000000000000000e+02
6.460000000000000000e+02
4.880000000000000000e+02
5.950000000000000000e+02
0.000000000000000000e+00
0.000000000000000000e+00
0.000000000000000000e+00
1.002000000000000000e+03
4.190000000000000000e+02
4.710000000000000000e+02
3.400000000000000000e+02
0.000000000000000000e+00
0.000000000000000000e+00
5.240000000000000000e+02
2.950000000000000000e+02
2.840000000000000000e+02
2.070000000000000000e+02
1.400000000000000000e+02
0.000000000000000000e+00
0.000000000000000000e+00
3.470000000000000000e+02
1.850000000000000000e+02
1.720000000000000000e+02
1.710000000000000000e+02
1.320000000000000000e+02
0.000000000000000000e+00
0.000000000000000000e+00
2.410000000000000000e+02
1.220000000000000000e+02
1.450000000000000000e+02
1.040000000000000000e+02
7.700000000000000000e+01
0.000000000000000000e+00
0.000000000000000000e+00
1.730000000000000000e+02
8.100000000000000000e+01
7.900000000000000000e+01
8.000000000000000000e+01
5.200000000000000000e+01
0.000000000000000000e+00
0.000000000000000000e+00
1.060000000000000000e+02
4.500000000000000000e+01
5.700000000000000000e+01
5.500000000000000000e+01
3.000000000000000000e+01
0.000000000000000000e+00
0.000000000000000000e+00
7.100000000000000000e+01
2.900000000000000000e+01
3.300000000000000000e+01
6.100000000000000000e+01
2.300000000000000000e+01
0.000000000000000000e+00
0.000000000000000000e+00
4.600000000000000000e+01
2.600000000000000000e+01
2.400000000000000000e+01
2.600000000000000000e+01
9.000000000000000000e+00
0.000000000000000000e+00
0.000000000000000000e+00
4.600000000000000000e+01
1.300000000000000000e+01
1.800000000000000000e+01
1.000000000000000000e+01
1.500000000000000000e+01
0.000000000000000000e+00
0.000000000000000000e+00
0.000000000000000000e+00
0.000000000000000000e+00
0.000000000000000000e+00
0.000000000000000000e+00
0.000000000000000000e+00
9.800000000000000000e+01
0.000000000000000000e+00
3.600000000000000000e+01
3.300000000000000000e+01
2.400000000000000000e+01
2.900000000000000000e+01
1.800000000000000000e+01
0.000000000000000000e+00
0.000000000000000000e+00
2.800000000000000000e+01
2.700000000000000000e+01
5.000000000000000000e+00
3.900000000000000000e+01
3.600000000000000000e+01
0.000000000000000000e+00
0.000000000000000000e+00
7.500000000000000000e+01
2.800000000000000000e+01
4.300000000000000000e+01
4.400000000000000000e+01
4.500000000000000000e+01
0.000000000000000000e+00
0.000000000000000000e+00
