0.000000000000000000e+00
0.000000000000000000e+00
0.000000000000000000e+00
0.000000000000000000e+00
0.000000000000000000e+00
0.000000000000000000e+00
0.000000000000000000e+00
0.000000000000000000e+00
0.000000000000000000e+00
0.000000000000000000e+00
0.000000000000000000e+00
0.000000000000000000e+00
0.000000000000000000e+00
0.000000000000000000e+00
0.000000000000000000e+00
0.000000000000000000e+00
0.000000000000000000e+00
0.000000000000000000e+00
0.000000000000000000e+00
0.000000000000000000e+00
0.000000000000000000e+00
0.000000000000000000e+00
0.000000000000000000e+00
0.000000000000000000e+00
0.000000000000000000e+00
0.000000000000000000e+00
0.000000000000000000e+00
0.000000000000000000e+00
0.000000000000000000e+00
0.000000000000000000e+00
0.000000000000000000e+00
0.000000000000000000e+00
0.000000000000000000e+00
0.000000000000000000e+00
0.000000000000000000e+00
1.000000000000000000e+00
1.000000000000000000e+00
1.000000000000000000e+00
1.000000000000000000e+00
1.000000000000000000e+00
1.000000000000000000e+00
1.000000000000000000e+00
1.000000000000000000e+00
1.000000000000000000e+00
3.000000000000000000e+00
3.000000000000000000e+00
3.000000000000000000e+00
3.000000000000000000e+00
7.000000000000000000e+00
7.000000000000000000e+00
7.000000000000000000e+00
1.400000000000000000e+01
1.400000000000000000e+01
1.400000000000000000e+01
1.800000000000000000e+01
2.600000000000000000e+01
3.500000000000000000e+01
4.800000000000000000e+01
6.700000000000000000e+01
8.500000000000000000e+01
1.150000000000000000e+02
1.360000000000000000e+02
1.480000000000000000e+02
1.770000000000000000e+02
2.010000000000000000e+02
2.190000000000000000e+02
2.410000000000000000e+02
2.590000000000000000e+02
2.850000000000000000e+02
3.290000000000000000e+02
3.540000000000000000e+02
3.840000000000000000e+02
4.300000000000000000e+02
4.830000000000000000e+02
5.550000000000000000e+02
5.700000000000000000e+02
5.990000000000000000e+02
6.170000000000000000e+02
6.630000000000000000e+02
7.110000000000000000e+02
7.600000000000000000e+02
8.280000000000000000e+02
8.540000000000000000e+02
9.080000000000000000e+02
9.740000000000000000e+02
1.081000000000000000e+03
1.117000000000000000e+03
1.170000000000000000e+03
1.207000000000000000e+03
1.225000000000000000e+03
1.231000000000000000e+03
1.259000000000000000e+03
1.300000000000000000e+03
1.326000000000000000e+03
1.367000000000000000e+03
1.386000000000000000e+03
1.399000000000000000e+03
1.421000000000000000e+03
1.442000000000000000e+03
1.465000000000000000e+03
1.494000000000000000e+03
1.506000000000000000e+03
1.511000000000000000e+03
1.518000000000000000e+03
1.526000000000000000e+03
1.539000000000000000e+03
1.572000000000000000e+03
1.586000000000000000e+03
1.622000000000000000e+03
1.642000000000000000e+03
1.664000000000000000e+03
1.674000000000000000e+03
1.694000000000000000e+03
1.723000000000000000e+03
1.740000000000000000e+03
1.762000000000000000e+03
1.792000000000000000e+03
1.817000000000000000e+03
1.839000000000000000e+03
1.858000000000000000e+03
1.898000000000000000e+03
1.921000000000000000e+03
1.941000000000000000e+03
1.978000000000000000e+03
1.999000000000000000e+03
2.014000000000000000e+03
2.039000000000000000e+03
2.077000000000000000e+03
2.129000000000000000e+03
2.164000000000000000e+03
2.226000000000000000e+03
2.315000000000000000e+03
2.391000000000000000e+03
2.492000000000000000e+03
2.611000000000000000e+03
2.790000000000000000e+03
2.915000000000000000e+03
3.025000000000000000e+03
3.152000000000000000e+03
3.239000000000000000e+03
3.364000000000000000e+03
3.538000000000000000e+03
3.701000000000000000e+03
3.895000000000000000e+03
4.057000000000000000e+03
4.157000000000000000e+03
4.299000000000000000e+03
4.482000000000000000e+03
4.664000000000000000e+03
4.820000000000000000e+03
5.005000000000000000e+03
5.106000000000000000e+03
5.196000000000000000e+03
5.311000000000000000e+03
5.445000000000000000e+03
5.595000000000000000e+03
5.758000000000000000e+03
5.906000000000000000e+03
6.080000000000000000e+03
6.209000000000000000e+03
6.334000000000000000e+03
6.454000000000000000e+03
6.625000000000000000e+03
6.787000000000000000e+03
6.932000000000000000e+03
7.046000000000000000e+03
7.124000000000000000e+03
7.244000000000000000e+03
7.406000000000000000e+03
7.572000000000000000e+03
7.777000000000000000e+03
7.975000000000000000e+03
8.111000000000000000e+03
8.197000000000000000e+03
8.332000000000000000e+03
8.530000000000000000e+03
8.623000000000000000e+03
8.786000000000000000e+03
9.026000000000000000e+03
9.153000000000000000e+03
9.249000000000000000e+03
9.412000000000000000e+03
9.547000000000000000e+03
9.669000000000000000e+03
9.797000000000000000e+03
9.934000000000000000e+03
1.008600000000000000e+04
1.021300000000000000e+04
1.031500000000000000e+04
1.050300000000000000e+04
1.061700000000000000e+04
1.075400000000000000e+04
1.089100000000000000e+04
1.105400000000000000e+04
1.112800000000000000e+04
1.120200000000000000e+04
1.128900000000000000e+04
1.139900000000000000e+04
1.155400000000000000e+04
1.175400000000000000e+04
1.183900000000000000e+04
1.194200000000000000e+04
1.208300000000000000e+04
1.221700000000000000e+04
1.235700000000000000e+04
1.251500000000000000e+04
1.265300000000000000e+04
1.273900000000000000e+04
1.284000000000000000e+04
1.297000000000000000e+04
1.307600000000000000e+04
1.319400000000000000e+04
1.330800000000000000e+04
1.345800000000000000e+04
1.359500000000000000e+04
1.367300000000000000e+04
1.379900000000000000e+04
1.391400000000000000e+04
1.400400000000000000e+04
1.416300000000000000e+04
1.429300000000000000e+04
1.433000000000000000e+04
1.434100000000000000e+04
1.445500000000000000e+04
1.460000000000000000e+04
1.476200000000000000e+04
1.487100000000000000e+04
1.499800000000000000e+04
1.509000000000000000e+04
1.512700000000000000e+04
1.522600000000000000e+04
1.529300000000000000e+04
1.541400000000000000e+04
1.555500000000000000e+04
1.569400000000000000e+04
1.579100000000000000e+04
1.582700000000000000e+04
1.592500000000000000e+04
1.608800000000000000e+04
1.627400000000000000e+04
1.641700000000000000e+04
1.655700000000000000e+04
1.673500000000000000e+04
1.678000000000000000e+04
1.686700000000000000e+04
1.704900000000000000e+04
1.720000000000000000e+04
1.734300000000000000e+04
1.748300000000000000e+04
1.762900000000000000e+04
1.767400000000000000e+04
1.778600000000000000e+04
1.797700000000000000e+04
1.813800000000000000e+04
1.836300000000000000e+04
1.860200000000000000e+04
1.879000000000000000e+04
1.887300000000000000e+04
1.909600000000000000e+04
1.941300000000000000e+04
1.977700000000000000e+04
2.016300000000000000e+04
2.055500000000000000e+04
2.093700000000000000e+04
2.111300000000000000e+04
2.119300000000000000e+04
2.163600000000000000e+04
2.217000000000000000e+04
2.260700000000000000e+04
2.320100000000000000e+04
2.362800000000000000e+04
2.378800000000000000e+04
2.419600000000000000e+04
2.483600000000000000e+04
2.547300000000000000e+04
2.599100000000000000e+04
2.639400000000000000e+04
2.695400000000000000e+04
2.719900000000000000e+04
2.782700000000000000e+04
2.869700000000000000e+04
2.955800000000000000e+04
3.048800000000000000e+04
3.157200000000000000e+04
3.243600000000000000e+04
3.299700000000000000e+04
3.390800000000000000e+04
3.509700000000000000e+04
3.637200000000000000e+04
3.749900000000000000e+04
3.878200000000000000e+04
3.976000000000000000e+04
4.027500000000000000e+04
4.122200000000000000e+04
4.254000000000000000e+04
4.383500000000000000e+04
4.489800000000000000e+04
4.606200000000000000e+04
4.705000000000000000e+04
4.763600000000000000e+04
4.861300000000000000e+04
5.001500000000000000e+04
5.121300000000000000e+04
5.244900000000000000e+04
5.363100000000000000e+04
5.474300000000000000e+04
5.512700000000000000e+04
5.616400000000000000e+04
5.745100000000000000e+04
5.860800000000000000e+04
5.970100000000000000e+04
6.072300000000000000e+04
6.154300000000000000e+04
6.187800000000000000e+04
6.294500000000000000e+04
6.389000000000000000e+04
6.523100000000000000e+04
6.633000000000000000e+04
6.731100000000000000e+04
6.796800000000000000e+04
6.833200000000000000e+04
6.945200000000000000e+04
6.995400000000000000e+04
7.088300000000000000e+04
7.204400000000000000e+04
7.302500000000000000e+04
7.363800000000000000e+04
7.385100000000000000e+04
7.473200000000000000e+04
7.559700000000000000e+04
7.625100000000000000e+04
7.713400000000000000e+04
7.794900000000000000e+04
7.830500000000000000e+04
7.843400000000000000e+04
7.919000000000000000e+04
7.981500000000000000e+04
8.040700000000000000e+04
8.089600000000000000e+04
8.142500000000000000e+04
8.172100000000000000e+04
8.180400000000000000e+04
8.230100000000000000e+04
8.279400000000000000e+04
8.332900000000000000e+04
8.374300000000000000e+04
8.378900000000000000e+04
8.402400000000000000e+04
8.412900000000000000e+04
8.470900000000000000e+04
8.532800000000000000e+04
8.549400000000000000e+04
8.559400000000000000e+04
8.615000000000000000e+04
8.649400000000000000e+04
8.659700000000000000e+04
8.711700000000000000e+04
8.759000000000000000e+04
8.798600000000000000e+04
8.838900000000000000e+04
8.874900000000000000e+04
8.893800000000000000e+04
8.899200000000000000e+04
8.939200000000000000e+04
8.946300000000000000e+04
8.981700000000000000e+04
9.012400000000000000e+04
9.047100000000000000e+04
9.065400000000000000e+04
9.071700000000000000e+04
9.116100000000000000e+04
9.155500000000000000e+04
9.189100000000000000e+04
9.219300000000000000e+04
9.251800000000000000e+04
9.269300000000000000e+04
9.275300000000000000e+04
9.316000000000000000e+04
9.351000000000000000e+04
9.388200000000000000e+04
9.419600000000000000e+04
9.459900000000000000e+04
9.479800000000000000e+04
9.487100000000000000e+04
9.534700000000000000e+04
9.573600000000000000e+04
9.615200000000000000e+04
9.651800000000000000e+04
9.687200000000000000e+04
9.705200000000000000e+04
9.710100000000000000e+04
9.745600000000000000e+04
9.780300000000000000e+04
9.817400000000000000e+04
9.858400000000000000e+04
9.903100000000000000e+04
9.928500000000000000e+04
9.940800000000000000e+04
9.991700000000000000e+04
1.006320000000000000e+05
1.012140000000000000e+05
1.017620000000000000e+05
1.024820000000000000e+05
1.027870000000000000e+05
1.030200000000000000e+05
1.037460000000000000e+05
1.045480000000000000e+05
1.052690000000000000e+05
1.061100000000000000e+05
1.068320000000000000e+05
1.071630000000000000e+05
1.074790000000000000e+05
1.083500000000000000e+05
1.092620000000000000e+05
1.102090000000000000e+05
1.110770000000000000e+05
1.121070000000000000e+05
1.126460000000000000e+05
1.129300000000000000e+05
1.139290000000000000e+05
1.152220000000000000e+05
1.164380000000000000e+05
1.174370000000000000e+05
1.187360000000000000e+05
1.193780000000000000e+05
1.198280000000000000e+05
1.208820000000000000e+05
1.222270000000000000e+05
1.234910000000000000e+05
1.249100000000000000e+05
1.262300000000000000e+05
1.269380000000000000e+05
1.272400000000000000e+05
1.285110000000000000e+05
1.300220000000000000e+05
1.314240000000000000e+05
1.327400000000000000e+05
1.341340000000000000e+05
1.348670000000000000e+05
1.351670000000000000e+05
1.364260000000000000e+05
1.377280000000000000e+05
1.388910000000000000e+05
1.400650000000000000e+05
1.411570000000000000e+05
1.418440000000000000e+05
1.420340000000000000e+05
1.431620000000000000e+05
1.441110000000000000e+05
1.450010000000000000e+05
1.459090000000000000e+05
1.467330000000000000e+05
1.470940000000000000e+05
1.472290000000000000e+05
1.479950000000000000e+05
1.486180000000000000e+05
1.492210000000000000e+05
1.497100000000000000e+05
1.502740000000000000e+05
1.505880000000000000e+05
1.506720000000000000e+05
1.511220000000000000e+05
1.515690000000000000e+05
1.520020000000000000e+05
1.523670000000000000e+05
1.525810000000000000e+05
1.526850000000000000e+05
1.527470000000000000e+05
1.528140000000000000e+05
1.531370000000000000e+05
1.534610000000000000e+05
1.536940000000000000e+05
1.538910000000000000e+05
1.540260000000000000e+05
1.540510000000000000e+05
1.542220000000000000e+05
1.543720000000000000e+05
1.544940000000000000e+05
1.545240000000000000e+05
1.546360000000000000e+05
1.546980000000000000e+05
1.547250000000000000e+05
1.548040000000000000e+05
1.548910000000000000e+05
1.549370000000000000e+05
1.549820000000000000e+05
1.550280000000000000e+05
1.550630000000000000e+05
1.550670000000000000e+05
1.550710000000000000e+05
1.551170000000000000e+05
1.551690000000000000e+05
1.552170000000000000e+05
1.552460000000000000e+05
1.552690000000000000e+05
1.552720000000000000e+05
1.553040000000000000e+05
1.553450000000000000e+05
1.553640000000000000e+05
1.553790000000000000e+05
1.554070000000000000e+05
1.554170000000000000e+05
1.554180000000000000e+05
1.554410000000000000e+05
1.554690000000000000e+05
1.554870000000000000e+05
1.555070000000000000e+05
1.555280000000000000e+05
1.555360000000000000e+05
1.555400000000000000e+05
1.555680000000000000e+05
1.555830000000000000e+05
1.555930000000000000e+05
1.556120000000000000e+05
1.556160000000000000e+05
1.556240000000000000e+05
1.556270000000000000e+05
1.556400000000000000e+05
1.556450000000000000e+05
1.556550000000000000e+05
1.556630000000000000e+05
1.556690000000000000e+05
1.556730000000000000e+05
1.556760000000000000e+05
1.556820000000000000e+05
1.556840000000000000e+05
1.556890000000000000e+05
1.557000000000000000e+05
1.557060000000000000e+05
1.557100000000000000e+05
1.557160000000000000e+05
1.557320000000000000e+05
1.557410000000000000e+05
1.557600000000000000e+05
1.557700000000000000e+05
1.557830000000000000e+05
1.557970000000000000e+05
1.558020000000000000e+05
1.558230000000000000e+05
1.558400000000000000e+05
1.558660000000000000e+05
1.558820000000000000e+05
1.559010000000000000e+05
1.559220000000000000e+05
1.559310000000000000e+05
1.559310000000000000e+05
1.559650000000000000e+05
1.559810000000000000e+05
1.560170000000000000e+05
1.560540000000000000e+05
1.560780000000000000e+05
1.560860000000000000e+05
1.561240000000000000e+05
1.561710000000000000e+05
1.562250000000000000e+05
1.562990000000000000e+05
1.563800000000000000e+05
1.564520000000000000e+05
