0.000000000000000000e+00
0.000000000000000000e+00
0.000000000000000000e+00
0.000000000000000000e+00
0.000000000000000000e+00
0.000000000000000000e+00
0.000000000000000000e+00
0.000000000000000000e+00
0.000000000000000000e+00
0.000000000000000000e+00
0.000000000000000000e+00
0.000000000000000000e+00
0.000000000000000000e+00
0.000000000000000000e+00
0.000000000000000000e+00
0.000000000000000000e+00
0.000000000000000000e+00
0.000000000000000000e+00
0.000000000000000000e+00
0.000000000000000000e+00
0.000000000000000000e+00
0.000000000000000000e+00
0.000000000000000000e+00
0.000000000000000000e+00
0.000000000000000000e+00
0.000000000000000000e+00
0.000000000000000000e+00
0.000000000000000000e+00
0.000000000000000000e+00
0.000000000000000000e+00
0.000000000000000000e+00
0.000000000000000000e+00
0.000000000000000000e+00
0.000000000000000000e+00
0.000000000000000000e+00
0.000000000000000000e+00
1.000000000000000000e+00
1.000000000000000000e+00
6.000000000000000000e+00
1.000000000000000000e+01
1.800000000000000000e+01
2.400000000000000000e+01
3.800000000000000000e+01
8.200000000000000000e+01
1.280000000000000000e+02
1.880000000000000000e+02
2.650000000000000000e+02
3.210000000000000000e+02
3.820000000000000000e+02
5.030000000000000000e+02
5.030000000000000000e+02
8.060000000000000000e+02
9.620000000000000000e+02
1.138000000000000000e+03
1.416000000000000000e+03
1.711000000000000000e+03
2.058000000000000000e+03
2.467000000000000000e+03
3.003000000000000000e+03
3.640000000000000000e+03
4.217000000000000000e+03
4.764000000000000000e+03
5.580000000000000000e+03
6.438000000000000000e+03
7.468000000000000000e+03
8.647000000000000000e+03
9.819000000000000000e+03
1.093000000000000000e+04
1.181700000000000000e+04
1.266700000000000000e+04
1.369600000000000000e+04
1.478800000000000000e+04
1.582100000000000000e+04
1.672700000000000000e+04
1.795300000000000000e+04
1.892600000000000000e+04
1.970900000000000000e+04
2.068200000000000000e+04
2.190300000000000000e+04
2.324900000000000000e+04
2.457100000000000000e+04
2.574600000000000000e+04
2.671000000000000000e+04
2.758000000000000000e+04
2.831600000000000000e+04
2.938300000000000000e+04
3.061900000000000000e+04
3.176600000000000000e+04
3.283800000000000000e+04
3.358800000000000000e+04
3.431700000000000000e+04
3.503200000000000000e+04
3.592100000000000000e+04
3.672900000000000000e+04
3.738400000000000000e+04
3.804000000000000000e+04
3.844000000000000000e+04
3.861200000000000000e+04
3.899800000000000000e+04
3.951200000000000000e+04
3.998900000000000000e+04
4.043400000000000000e+04
4.076900000000000000e+04
4.096800000000000000e+04
4.128600000000000000e+04
4.151800000000000000e+04
4.197300000000000000e+04
4.229200000000000000e+04
4.258100000000000000e+04
4.282600000000000000e+04
4.298700000000000000e+04
4.318300000000000000e+04
4.341000000000000000e+04
4.368000000000000000e+04
4.388000000000000000e+04
4.407000000000000000e+04
4.419500000000000000e+04
4.434100000000000000e+04
4.444900000000000000e+04
4.464700000000000000e+04
4.490000000000000000e+04
4.508800000000000000e+04
4.526500000000000000e+04
4.543700000000000000e+04
4.564700000000000000e+04
4.578000000000000000e+04
4.597000000000000000e+04
4.615200000000000000e+04
4.632800000000000000e+04
4.646000000000000000e+04
4.664500000000000000e+04
4.674900000000000000e+04
4.685200000000000000e+04
4.693900000000000000e+04
4.714800000000000000e+04
4.735800000000000000e+04
4.754100000000000000e+04
4.778000000000000000e+04
4.794500000000000000e+04
4.810900000000000000e+04
4.829400000000000000e+04
4.845800000000000000e+04
4.866800000000000000e+04
4.884700000000000000e+04
4.899000000000000000e+04
4.915500000000000000e+04
4.929500000000000000e+04
4.941200000000000000e+04
4.952700000000000000e+04
4.963400000000000000e+04
4.971000000000000000e+04
4.980100000000000000e+04
4.986600000000000000e+04
4.993000000000000000e+04
5.001200000000000000e+04
5.012200000000000000e+04
5.021300000000000000e+04
5.028200000000000000e+04
5.035500000000000000e+04
5.043300000000000000e+04
5.048300000000000000e+04
5.054500000000000000e+04
5.062300000000000000e+04
5.069800000000000000e+04
5.076100000000000000e+04
5.083400000000000000e+04
5.087000000000000000e+04
5.090700000000000000e+04
5.095900000000000000e+04
5.101300000000000000e+04
5.105500000000000000e+04
5.113600000000000000e+04
5.123700000000000000e+04
5.130800000000000000e+04
5.136200000000000000e+04
5.147100000000000000e+04
5.157200000000000000e+04
5.168200000000000000e+04
5.180900000000000000e+04
5.195500000000000000e+04
5.214200000000000000e+04
5.230700000000000000e+04
5.247500000000000000e+04
5.264000000000000000e+04
5.283700000000000000e+04
5.298400000000000000e+04
5.327800000000000000e+04
5.342400000000000000e+04
5.364700000000000000e+04
5.389500000000000000e+04
5.424900000000000000e+04
5.459000000000000000e+04
5.502100000000000000e+04
5.540800000000000000e+04
5.578600000000000000e+04
5.627900000000000000e+04
5.675000000000000000e+04
5.746500000000000000e+04
5.811700000000000000e+04
5.871700000000000000e+04
5.936000000000000000e+04
6.005800000000000000e+04
6.039100000000000000e+04
6.171800000000000000e+04
6.240600000000000000e+04
6.312700000000000000e+04
6.388900000000000000e+04
6.446800000000000000e+04
6.498000000000000000e+04
6.556000000000000000e+04
6.621800000000000000e+04
6.684300000000000000e+04
6.745600000000000000e+04
6.805100000000000000e+04
6.857000000000000000e+04
6.922400000000000000e+04
6.968300000000000000e+04
7.038200000000000000e+04
7.098400000000000000e+04
7.155700000000000000e+04
7.212800000000000000e+04
7.267900000000000000e+04
7.323200000000000000e+04
7.380200000000000000e+04
7.466000000000000000e+04
7.535600000000000000e+04
7.617300000000000000e+04
7.690700000000000000e+04
7.785700000000000000e+04
7.870200000000000000e+04
7.979200000000000000e+04
8.108500000000000000e+04
8.201600000000000000e+04
8.337000000000000000e+04
8.470900000000000000e+04
8.587600000000000000e+04
8.719400000000000000e+04
8.867300000000000000e+04
9.042500000000000000e+04
9.226200000000000000e+04
9.434500000000000000e+04
9.626100000000000000e+04
9.821700000000000000e+04
1.004910000000000000e+05
1.028440000000000000e+05
1.053040000000000000e+05
1.078990000000000000e+05
1.107580000000000000e+05
1.135180000000000000e+05
1.165590000000000000e+05
1.195090000000000000e+05
1.226200000000000000e+05
1.259880000000000000e+05
1.292830000000000000e+05
1.331660000000000000e+05
1.371940000000000000e+05
1.412260000000000000e+05
1.458370000000000000e+05
1.504130000000000000e+05
1.554650000000000000e+05
1.613320000000000000e+05
1.673480000000000000e+05
1.738940000000000000e+05
1.802880000000000000e+05
1.871380000000000000e+05
1.945910000000000000e+05
2.019420000000000000e+05
2.097990000000000000e+05
2.178210000000000000e+05
2.259700000000000000e+05
2.342030000000000000e+05
2.422170000000000000e+05
2.504110000000000000e+05
2.592070000000000000e+05
2.685170000000000000e+05
2.785460000000000000e+05
2.872290000000000000e+05
2.974660000000000000e+05
3.078310000000000000e+05
3.181520000000000000e+05
3.263080000000000000e+05
3.366290000000000000e+05
3.478010000000000000e+05
3.576400000000000000e+05
3.663510000000000000e+05
3.746630000000000000e+05
3.824400000000000000e+05
3.901200000000000000e+05
3.971120000000000000e+05
4.043920000000000000e+05
4.111070000000000000e+05
4.168060000000000000e+05
4.215030000000000000e+05
4.262270000000000000e+05
4.316960000000000000e+05
4.373760000000000000e+05
4.435330000000000000e+05
4.495010000000000000e+05
4.549610000000000000e+05
4.598370000000000000e+05
4.642050000000000000e+05
4.689000000000000000e+05
4.746410000000000000e+05
4.806490000000000000e+05
4.868200000000000000e+05
4.922930000000000000e+05
4.975010000000000000e+05
5.015030000000000000e+05
5.065570000000000000e+05
5.111620000000000000e+05
5.170450000000000000e+05
5.216390000000000000e+05
5.273360000000000000e+05
5.319300000000000000e+05
5.361290000000000000e+05
5.412380000000000000e+05
5.469820000000000000e+05
5.530400000000000000e+05
5.597160000000000000e+05
5.666280000000000000e+05
5.737500000000000000e+05
5.799970000000000000e+05
5.866430000000000000e+05
5.954730000000000000e+05
6.044520000000000000e+05
6.136300000000000000e+05
6.235670000000000000e+05
6.320850000000000000e+05
6.388010000000000000e+05
6.500720000000000000e+05
6.629430000000000000e+05
6.749670000000000000e+05
6.872500000000000000e+05
7.003220000000000000e+05
7.115400000000000000e+05
7.214290000000000000e+05
7.319020000000000000e+05
7.434930000000000000e+05
7.550380000000000000e+05
7.649070000000000000e+05
7.740090000000000000e+05
7.814670000000000000e+05
7.890590000000000000e+05
7.985920000000000000e+05
8.083820000000000000e+05
8.166160000000000000e+05
8.252490000000000000e+05
8.327020000000000000e+05
8.393160000000000000e+05
8.458220000000000000e+05
8.530600000000000000e+05
8.628050000000000000e+05
8.710630000000000000e+05
8.784430000000000000e+05
8.850980000000000000e+05
8.905660000000000000e+05
8.955430000000000000e+05
9.017400000000000000e+05
9.083060000000000000e+05
9.143880000000000000e+05
9.197120000000000000e+05
9.253550000000000000e+05
9.301470000000000000e+05
9.345030000000000000e+05
9.401060000000000000e+05
9.459480000000000000e+05
9.517470000000000000e+05
9.572130000000000000e+05
9.621530000000000000e+05
9.661940000000000000e+05
9.701560000000000000e+05
9.749720000000000000e+05
9.797020000000000000e+05
9.841200000000000000e+05
9.883500000000000000e+05
9.920750000000000000e+05
9.953000000000000000e+05
9.989240000000000000e+05
1.003010000000000000e+06
1.007268000000000000e+06
1.011636000000000000e+06
1.015757000000000000e+06
1.019720000000000000e+06
1.021966000000000000e+06
1.023779000000000000e+06
1.027023000000000000e+06
1.031454000000000000e+06
1.035841000000000000e+06
1.040070000000000000e+06
1.043541000000000000e+06
1.046381000000000000e+06
1.049120000000000000e+06
1.052544000000000000e+06
1.057116000000000000e+06
1.061903000000000000e+06
1.066522000000000000e+06
1.071223000000000000e+06
1.075425000000000000e+06
1.079272000000000000e+06
1.083686000000000000e+06
1.088730000000000000e+06
1.093899000000000000e+06
1.098875000000000000e+06
1.103564000000000000e+06
1.107347000000000000e+06
1.111364000000000000e+06
1.116404000000000000e+06
1.120566000000000000e+06
1.125299000000000000e+06
1.130694000000000000e+06
1.135258000000000000e+06
1.139102000000000000e+06
1.143481000000000000e+06
1.148836000000000000e+06
1.154257000000000000e+06
1.160380000000000000e+06
1.166923000000000000e+06
1.172975000000000000e+06
1.178501000000000000e+06
1.183567000000000000e+06
1.189707000000000000e+06
1.196045000000000000e+06
1.203622000000000000e+06
1.211447000000000000e+06
1.218610000000000000e+06
1.224947000000000000e+06
1.230746000000000000e+06
1.238664000000000000e+06
1.246682000000000000e+06
1.254722000000000000e+06
1.263882000000000000e+06
1.271580000000000000e+06
1.278519000000000000e+06
1.284585000000000000e+06
1.292806000000000000e+06
1.301127000000000000e+06
1.308774000000000000e+06
1.316913000000000000e+06
1.324021000000000000e+06
1.329560000000000000e+06
1.335312000000000000e+06
1.341742000000000000e+06
1.350034000000000000e+06
1.358016000000000000e+06
1.366024000000000000e+06
1.374451000000000000e+06
1.381182000000000000e+06
1.387961000000000000e+06
1.393543000000000000e+06
1.402433000000000000e+06
1.411474000000000000e+06
1.419871000000000000e+06
1.428440000000000000e+06
1.435601000000000000e+06
1.442481000000000000e+06
1.451071000000000000e+06
1.460753000000000000e+06
1.470037000000000000e+06
1.478144000000000000e+06
1.486205000000000000e+06
1.492437000000000000e+06
1.497806000000000000e+06
1.506476000000000000e+06
1.515165000000000000e+06
1.522973000000000000e+06
1.528753000000000000e+06
1.534264000000000000e+06
1.543494000000000000e+06
1.551248000000000000e+06
1.558549000000000000e+06
1.565352000000000000e+06
1.572861000000000000e+06
1.580300000000000000e+06
1.586868000000000000e+06
1.592742000000000000e+06
1.598280000000000000e+06
1.604659000000000000e+06
1.610699000000000000e+06
1.616234000000000000e+06
1.620702000000000000e+06
1.625151000000000000e+06
1.627997000000000000e+06
1.633356000000000000e+06
1.637940000000000000e+06
1.642610000000000000e+06
1.646781000000000000e+06
1.649960000000000000e+06
1.653395000000000000e+06
1.656090000000000000e+06
1.658587000000000000e+06
1.661364000000000000e+06
1.664708000000000000e+06
1.668581000000000000e+06
1.671967000000000000e+06
1.674694000000000000e+06
1.676744000000000000e+06
1.679093000000000000e+06
1.681609000000000000e+06
1.684374000000000000e+06
1.686778000000000000e+06
1.688925000000000000e+06
1.690481000000000000e+06
1.691866000000000000e+06
1.693302000000000000e+06
1.695034000000000000e+06
1.696609000000000000e+06
1.697999000000000000e+06
1.699213000000000000e+06
1.700260000000000000e+06
1.701124000000000000e+06
1.702174000000000000e+06
1.703218000000000000e+06
1.704305000000000000e+06
1.705206000000000000e+06
1.705905000000000000e+06
1.706611000000000000e+06
1.707181000000000000e+06
1.707881000000000000e+06
1.708539000000000000e+06
1.709261000000000000e+06
1.709911000000000000e+06
1.710474000000000000e+06
1.710973000000000000e+06
1.711545000000000000e+06
1.712100000000000000e+06
1.712747000000000000e+06
1.713576000000000000e+06
1.714524000000000000e+06
1.715655000000000000e+06
1.716870000000000000e+06
1.718397000000000000e+06
1.720610000000000000e+06
1.724262000000000000e+06
1.729706000000000000e+06
1.736666000000000000e+06
1.746965000000000000e+06
1.756293000000000000e+06
1.764744000000000000e+06
1.772609000000000000e+06
1.783082000000000000e+06
1.794158000000000000e+06
1.805526000000000000e+06
1.816689000000000000e+06
1.826916000000000000e+06
1.835841000000000000e+06
1.842653000000000000e+06
1.849652000000000000e+06
1.855992000000000000e+06
1.862517000000000000e+06
1.867907000000000000e+06
1.872555000000000000e+06
1.876493000000000000e+06
1.880593000000000000e+06
1.884198000000000000e+06
1.888741000000000000e+06
1.892281000000000000e+06
1.895343000000000000e+06
1.897729000000000000e+06
