0.000000000000000000e+00
0.000000000000000000e+00
0.000000000000000000e+00
0.000000000000000000e+00
0.000000000000000000e+00
0.000000000000000000e+00
0.000000000000000000e+00
0.000000000000000000e+00
0.000000000000000000e+00
0.000000000000000000e+00
0.000000000000000000e+00
0.000000000000000000e+00
0.000000000000000000e+00
0.000000000000000000e+00
0.000000000000000000e+00
0.000000000000000000e+00
0.000000000000000000e+00
0.000000000000000000e+00
0.000000000000000000e+00
0.000000000000000000e+00
0.000000000000000000e+00
0.000000000000000000e+00
0.000000000000000000e+00
0.000000000000000000e+00
0.000000000000000000e+00
0.000000000000000000e+00
0.000000000000000000e+00
0.000000000000000000e+00
0.000000000000000000e+00
0.000000000000000000e+00
0.000000000000000000e+00
0.000000000000000000e+00
0.000000000000000000e+00
0.000000000000000000e+00
0.000000000000000000e+00
0.000000000000000000e+00
1.000000000000000000e+00
0.000000000000000000e+00
5.000000000000000000e+00
4.000000000000000000e+00
8.000000000000000000e+00
6.000000000000000000e+00
1.400000000000000000e+01
4.400000000000000000e+01
4.600000000000000000e+01
6.000000000000000000e+01
7.700000000000000000e+01
5.600000000000000000e+01
6.100000000000000000e+01
1.210000000000000000e+02
0.000000000000000000e+00
3.030000000000000000e+02
1.560000000000000000e+02
1.760000000000000000e+02
2.780000000000000000e+02
2.950000000000000000e+02
3.470000000000000000e+02
4.090000000000000000e+02
5.360000000000000000e+02
6.370000000000000000e+02
5.770000000000000000e+02
5.470000000000000000e+02
8.160000000000000000e+02
8.580000000000000000e+02
1.030000000000000000e+03
1.179000000000000000e+03
1.172000000000000000e+03
1.111000000000000000e+03
8.870000000000000000e+02
8.500000000000000000e+02
1.029000000000000000e+03
1.092000000000000000e+03
1.033000000000000000e+03
9.060000000000000000e+02
1.226000000000000000e+03
9.730000000000000000e+02
7.830000000000000000e+02
9.730000000000000000e+02
1.221000000000000000e+03
1.346000000000000000e+03
1.322000000000000000e+03
1.175000000000000000e+03
9.640000000000000000e+02
8.700000000000000000e+02
7.360000000000000000e+02
1.067000000000000000e+03
1.236000000000000000e+03
1.147000000000000000e+03
1.072000000000000000e+03
7.500000000000000000e+02
7.290000000000000000e+02
7.150000000000000000e+02
8.890000000000000000e+02
8.080000000000000000e+02
6.550000000000000000e+02
6.560000000000000000e+02
4.000000000000000000e+02
1.720000000000000000e+02
3.860000000000000000e+02
5.140000000000000000e+02
4.770000000000000000e+02
4.450000000000000000e+02
3.350000000000000000e+02
1.990000000000000000e+02
3.180000000000000000e+02
2.320000000000000000e+02
4.550000000000000000e+02
3.190000000000000000e+02
2.890000000000000000e+02
2.450000000000000000e+02
1.610000000000000000e+02
1.960000000000000000e+02
2.270000000000000000e+02
2.700000000000000000e+02
2.000000000000000000e+02
1.900000000000000000e+02
1.250000000000000000e+02
1.460000000000000000e+02
1.080000000000000000e+02
1.980000000000000000e+02
2.530000000000000000e+02
1.880000000000000000e+02
1.770000000000000000e+02
1.720000000000000000e+02
2.100000000000000000e+02
1.330000000000000000e+02
1.900000000000000000e+02
1.820000000000000000e+02
1.760000000000000000e+02
1.320000000000000000e+02
1.850000000000000000e+02
1.040000000000000000e+02
1.030000000000000000e+02
8.700000000000000000e+01
2.090000000000000000e+02
2.100000000000000000e+02
1.830000000000000000e+02
2.390000000000000000e+02
1.650000000000000000e+02
1.640000000000000000e+02
1.850000000000000000e+02
1.640000000000000000e+02
2.100000000000000000e+02
1.790000000000000000e+02
1.430000000000000000e+02
1.650000000000000000e+02
1.400000000000000000e+02
1.170000000000000000e+02
1.150000000000000000e+02
1.070000000000000000e+02
7.600000000000000000e+01
9.100000000000000000e+01
6.500000000000000000e+01
6.400000000000000000e+01
8.200000000000000000e+01
1.100000000000000000e+02
9.100000000000000000e+01
6.900000000000000000e+01
7.300000000000000000e+01
7.800000000000000000e+01
5.000000000000000000e+01
6.200000000000000000e+01
7.800000000000000000e+01
7.500000000000000000e+01
6.300000000000000000e+01
7.300000000000000000e+01
3.600000000000000000e+01
3.700000000000000000e+01
5.200000000000000000e+01
5.400000000000000000e+01
4.200000000000000000e+01
8.100000000000000000e+01
1.010000000000000000e+02
7.100000000000000000e+01
5.400000000000000000e+01
1.090000000000000000e+02
1.010000000000000000e+02
1.100000000000000000e+02
1.270000000000000000e+02
1.460000000000000000e+02
1.870000000000000000e+02
1.650000000000000000e+02
1.680000000000000000e+02
1.650000000000000000e+02
1.970000000000000000e+02
1.470000000000000000e+02
2.940000000000000000e+02
1.460000000000000000e+02
2.230000000000000000e+02
2.480000000000000000e+02
3.540000000000000000e+02
3.410000000000000000e+02
4.310000000000000000e+02
3.870000000000000000e+02
3.780000000000000000e+02
4.930000000000000000e+02
4.710000000000000000e+02
7.150000000000000000e+02
6.520000000000000000e+02
6.000000000000000000e+02
6.430000000000000000e+02
6.980000000000000000e+02
3.330000000000000000e+02
1.327000000000000000e+03
6.880000000000000000e+02
7.210000000000000000e+02
7.620000000000000000e+02
5.790000000000000000e+02
5.120000000000000000e+02
5.800000000000000000e+02
6.580000000000000000e+02
6.250000000000000000e+02
6.130000000000000000e+02
5.950000000000000000e+02
5.190000000000000000e+02
6.540000000000000000e+02
4.590000000000000000e+02
6.990000000000000000e+02
6.020000000000000000e+02
5.730000000000000000e+02
5.710000000000000000e+02
5.510000000000000000e+02
5.530000000000000000e+02
5.700000000000000000e+02
8.580000000000000000e+02
6.960000000000000000e+02
8.170000000000000000e+02
7.340000000000000000e+02
9.500000000000000000e+02
8.450000000000000000e+02
1.090000000000000000e+03
1.293000000000000000e+03
9.310000000000000000e+02
1.354000000000000000e+03
1.339000000000000000e+03
1.167000000000000000e+03
1.318000000000000000e+03
1.479000000000000000e+03
1.752000000000000000e+03
1.837000000000000000e+03
2.083000000000000000e+03
1.916000000000000000e+03
1.956000000000000000e+03
2.274000000000000000e+03
2.353000000000000000e+03
2.460000000000000000e+03
2.595000000000000000e+03
2.859000000000000000e+03
2.760000000000000000e+03
3.041000000000000000e+03
2.950000000000000000e+03
3.111000000000000000e+03
3.368000000000000000e+03
3.295000000000000000e+03
3.883000000000000000e+03
4.028000000000000000e+03
4.032000000000000000e+03
4.611000000000000000e+03
4.576000000000000000e+03
5.052000000000000000e+03
5.867000000000000000e+03
6.016000000000000000e+03
6.546000000000000000e+03
6.394000000000000000e+03
6.850000000000000000e+03
7.453000000000000000e+03
7.351000000000000000e+03
7.857000000000000000e+03
8.022000000000000000e+03
8.149000000000000000e+03
8.233000000000000000e+03
8.014000000000000000e+03
8.194000000000000000e+03
8.796000000000000000e+03
9.310000000000000000e+03
1.002900000000000000e+04
8.683000000000000000e+03
1.023700000000000000e+04
1.036500000000000000e+04
1.032100000000000000e+04
8.156000000000000000e+03
1.032100000000000000e+04
1.117200000000000000e+04
9.839000000000000000e+03
8.711000000000000000e+03
8.312000000000000000e+03
7.777000000000000000e+03
7.680000000000000000e+03
6.992000000000000000e+03
7.280000000000000000e+03
6.715000000000000000e+03
5.699000000000000000e+03
4.697000000000000000e+03
4.724000000000000000e+03
5.469000000000000000e+03
5.680000000000000000e+03
6.157000000000000000e+03
5.968000000000000000e+03
5.460000000000000000e+03
4.876000000000000000e+03
4.368000000000000000e+03
4.695000000000000000e+03
5.741000000000000000e+03
6.008000000000000000e+03
6.171000000000000000e+03
5.473000000000000000e+03
5.208000000000000000e+03
4.002000000000000000e+03
5.054000000000000000e+03
4.605000000000000000e+03
5.883000000000000000e+03
4.594000000000000000e+03
5.697000000000000000e+03
4.594000000000000000e+03
4.199000000000000000e+03
5.109000000000000000e+03
5.744000000000000000e+03
6.058000000000000000e+03
6.676000000000000000e+03
6.912000000000000000e+03
7.122000000000000000e+03
6.247000000000000000e+03
6.646000000000000000e+03
8.830000000000000000e+03
8.979000000000000000e+03
9.178000000000000000e+03
9.937000000000000000e+03
8.518000000000000000e+03
6.716000000000000000e+03
1.127100000000000000e+04
1.287100000000000000e+04
1.202400000000000000e+04
1.228300000000000000e+04
1.307200000000000000e+04
1.121800000000000000e+04
9.889000000000000000e+03
1.047300000000000000e+04
1.159100000000000000e+04
1.154500000000000000e+04
9.869000000000000000e+03
9.102000000000000000e+03
7.458000000000000000e+03
7.592000000000000000e+03
9.533000000000000000e+03
9.790000000000000000e+03
8.234000000000000000e+03
8.633000000000000000e+03
7.453000000000000000e+03
6.614000000000000000e+03
6.506000000000000000e+03
7.238000000000000000e+03
9.745000000000000000e+03
8.258000000000000000e+03
7.380000000000000000e+03
6.655000000000000000e+03
5.468000000000000000e+03
4.977000000000000000e+03
6.197000000000000000e+03
6.566000000000000000e+03
6.082000000000000000e+03
5.324000000000000000e+03
5.643000000000000000e+03
4.792000000000000000e+03
4.356000000000000000e+03
5.603000000000000000e+03
5.842000000000000000e+03
5.799000000000000000e+03
5.466000000000000000e+03
4.940000000000000000e+03
4.041000000000000000e+03
3.962000000000000000e+03
4.816000000000000000e+03
4.730000000000000000e+03
4.418000000000000000e+03
4.230000000000000000e+03
3.725000000000000000e+03
3.225000000000000000e+03
3.624000000000000000e+03
4.086000000000000000e+03
4.258000000000000000e+03
4.368000000000000000e+03
4.121000000000000000e+03
3.963000000000000000e+03
2.246000000000000000e+03
1.813000000000000000e+03
3.244000000000000000e+03
4.431000000000000000e+03
4.387000000000000000e+03
4.229000000000000000e+03
3.471000000000000000e+03
2.840000000000000000e+03
2.739000000000000000e+03
3.424000000000000000e+03
4.572000000000000000e+03
4.787000000000000000e+03
4.619000000000000000e+03
4.701000000000000000e+03
4.202000000000000000e+03
3.847000000000000000e+03
4.414000000000000000e+03
5.044000000000000000e+03
5.169000000000000000e+03
4.976000000000000000e+03
4.689000000000000000e+03
3.783000000000000000e+03
4.017000000000000000e+03
5.040000000000000000e+03
4.162000000000000000e+03
4.733000000000000000e+03
5.395000000000000000e+03
4.564000000000000000e+03
3.844000000000000000e+03
4.379000000000000000e+03
5.355000000000000000e+03
5.421000000000000000e+03
6.123000000000000000e+03
6.543000000000000000e+03
6.052000000000000000e+03
5.526000000000000000e+03
5.066000000000000000e+03
6.140000000000000000e+03
6.338000000000000000e+03
7.577000000000000000e+03
7.825000000000000000e+03
7.163000000000000000e+03
6.337000000000000000e+03
5.799000000000000000e+03
7.918000000000000000e+03
8.018000000000000000e+03
8.040000000000000000e+03
9.160000000000000000e+03
7.698000000000000000e+03
6.939000000000000000e+03
6.066000000000000000e+03
8.221000000000000000e+03
8.321000000000000000e+03
7.647000000000000000e+03
8.139000000000000000e+03
7.108000000000000000e+03
5.539000000000000000e+03
5.752000000000000000e+03
6.430000000000000000e+03
8.292000000000000000e+03
7.982000000000000000e+03
8.008000000000000000e+03
8.427000000000000000e+03
6.731000000000000000e+03
6.779000000000000000e+03
5.582000000000000000e+03
8.890000000000000000e+03
9.041000000000000000e+03
8.397000000000000000e+03
8.569000000000000000e+03
7.161000000000000000e+03
6.880000000000000000e+03
8.590000000000000000e+03
9.682000000000000000e+03
9.284000000000000000e+03
8.107000000000000000e+03
8.061000000000000000e+03
6.232000000000000000e+03
5.369000000000000000e+03
8.670000000000000000e+03
8.689000000000000000e+03
7.808000000000000000e+03
5.780000000000000000e+03
5.511000000000000000e+03
9.230000000000000000e+03
7.754000000000000000e+03
7.301000000000000000e+03
6.803000000000000000e+03
7.509000000000000000e+03
7.439000000000000000e+03
6.568000000000000000e+03
5.874000000000000000e+03
5.538000000000000000e+03
6.379000000000000000e+03
6.040000000000000000e+03
5.535000000000000000e+03
4.468000000000000000e+03
4.449000000000000000e+03
2.846000000000000000e+03
5.359000000000000000e+03
4.584000000000000000e+03
4.670000000000000000e+03
4.171000000000000000e+03
3.179000000000000000e+03
3.435000000000000000e+03
2.695000000000000000e+03
2.497000000000000000e+03
2.777000000000000000e+03
3.344000000000000000e+03
3.873000000000000000e+03
3.386000000000000000e+03
2.727000000000000000e+03
2.050000000000000000e+03
2.349000000000000000e+03
2.516000000000000000e+03
2.765000000000000000e+03
2.404000000000000000e+03
2.147000000000000000e+03
1.556000000000000000e+03
1.385000000000000000e+03
1.436000000000000000e+03
1.732000000000000000e+03
1.575000000000000000e+03
1.390000000000000000e+03
1.214000000000000000e+03
1.047000000000000000e+03
8.640000000000000000e+02
1.050000000000000000e+03
1.044000000000000000e+03
1.087000000000000000e+03
9.010000000000000000e+02
6.990000000000000000e+02
7.060000000000000000e+02
5.700000000000000000e+02
7.000000000000000000e+02
6.580000000000000000e+02
7.220000000000000000e+02
6.500000000000000000e+02
5.630000000000000000e+02
4.990000000000000000e+02
5.720000000000000000e+02
5.550000000000000000e+02
6.470000000000000000e+02
8.290000000000000000e+02
9.480000000000000000e+02
1.131000000000000000e+03
1.215000000000000000e+03
1.527000000000000000e+03
2.213000000000000000e+03
3.652000000000000000e+03
5.444000000000000000e+03
6.960000000000000000e+03
1.029900000000000000e+04
9.328000000000000000e+03
8.451000000000000000e+03
7.865000000000000000e+03
1.047300000000000000e+04
1.107600000000000000e+04
1.136800000000000000e+04
1.116300000000000000e+04
1.022700000000000000e+04
8.925000000000000000e+03
6.812000000000000000e+03
6.999000000000000000e+03
6.340000000000000000e+03
6.525000000000000000e+03
5.390000000000000000e+03
4.648000000000000000e+03
3.938000000000000000e+03
4.100000000000000000e+03
3.605000000000000000e+03
4.543000000000000000e+03
3.540000000000000000e+03
3.062000000000000000e+03
2.386000000000000000e+03
