0.000000000000000000e+00
0.000000000000000000e+00
0.000000000000000000e+00
0.000000000000000000e+00
0.000000000000000000e+00
0.000000000000000000e+00
0.000000000000000000e+00
0.000000000000000000e+00
0.000000000000000000e+00
0.000000000000000000e+00
0.000000000000000000e+00
0.000000000000000000e+00
0.000000000000000000e+00
0.000000000000000000e+00
0.000000000000000000e+00
0.000000000000000000e+00
0.000000000000000000e+00
0.000000000000000000e+00
0.000000000000000000e+00
0.000000000000000000e+00
0.000000000000000000e+00
0.000000000000000000e+00
0.000000000000000000e+00
0.000000000000000000e+00
0.000000000000000000e+00
0.000000000000000000e+00
0.000000000000000000e+00
0.000000000000000000e+00
0.000000000000000000e+00
0.000000000000000000e+00
0.000000000000000000e+00
0.000000000000000000e+00
0.000000000000000000e+00
0.000000000000000000e+00
0.000000000000000000e+00
0.000000000000000000e+00
0.000000000000000000e+00
1.000000000000000000e+00
1.000000000000000000e+00
1.000000000000000000e+00
1.000000000000000000e+00
1.000000000000000000e+00
3.000000000000000000e+00
3.000000000000000000e+00
4.000000000000000000e+00
5.000000000000000000e+00
5.000000000000000000e+00
5.000000000000000000e+00
5.000000000000000000e+00
5.000000000000000000e+00
5.000000000000000000e+00
5.000000000000000000e+00
6.000000000000000000e+00
8.000000000000000000e+00
8.000000000000000000e+00
1.200000000000000000e+01
2.000000000000000000e+01
2.800000000000000000e+01
3.900000000000000000e+01
5.200000000000000000e+01
1.020000000000000000e+02
1.020000000000000000e+02
1.550000000000000000e+02
2.050000000000000000e+02
2.830000000000000000e+02
3.680000000000000000e+02
4.510000000000000000e+02
5.140000000000000000e+02
5.890000000000000000e+02
6.470000000000000000e+02
7.080000000000000000e+02
7.970000000000000000e+02
8.680000000000000000e+02
9.500000000000000000e+02
1.039000000000000000e+03
1.106000000000000000e+03
1.160000000000000000e+03
1.210000000000000000e+03
1.239000000000000000e+03
1.283000000000000000e+03
1.312000000000000000e+03
1.330000000000000000e+03
1.349000000000000000e+03
1.366000000000000000e+03
1.386000000000000000e+03
1.401000000000000000e+03
1.409000000000000000e+03
1.422000000000000000e+03
1.431000000000000000e+03
1.440000000000000000e+03
1.445000000000000000e+03
1.451000000000000000e+03
1.456000000000000000e+03
1.461000000000000000e+03
1.470000000000000000e+03
1.469000000000000000e+03
1.472000000000000000e+03
1.474000000000000000e+03
1.476000000000000000e+03
1.479000000000000000e+03
1.485000000000000000e+03
1.487000000000000000e+03
1.487000000000000000e+03
1.486000000000000000e+03
1.488000000000000000e+03
1.489000000000000000e+03
1.490000000000000000e+03
1.492000000000000000e+03
1.494000000000000000e+03
1.497000000000000000e+03
1.497000000000000000e+03
1.497000000000000000e+03
1.497000000000000000e+03
1.498000000000000000e+03
1.498000000000000000e+03
1.499000000000000000e+03
1.499000000000000000e+03
1.499000000000000000e+03
1.503000000000000000e+03
1.503000000000000000e+03
1.504000000000000000e+03
1.504000000000000000e+03
1.504000000000000000e+03
1.504000000000000000e+03
1.504000000000000000e+03
1.504000000000000000e+03
1.504000000000000000e+03
1.504000000000000000e+03
1.504000000000000000e+03
1.504000000000000000e+03
1.504000000000000000e+03
1.504000000000000000e+03
1.504000000000000000e+03
1.504000000000000000e+03
1.504000000000000000e+03
1.504000000000000000e+03
1.504000000000000000e+03
1.504000000000000000e+03
1.504000000000000000e+03
1.504000000000000000e+03
1.504000000000000000e+03
1.504000000000000000e+03
1.504000000000000000e+03
1.504000000000000000e+03
1.504000000000000000e+03
1.506000000000000000e+03
1.506000000000000000e+03
1.507000000000000000e+03
1.507000000000000000e+03
1.509000000000000000e+03
1.511000000000000000e+03
1.513000000000000000e+03
1.515000000000000000e+03
1.516000000000000000e+03
1.519000000000000000e+03
1.520000000000000000e+03
1.522000000000000000e+03
1.526000000000000000e+03
1.528000000000000000e+03
1.528000000000000000e+03
1.528000000000000000e+03
1.530000000000000000e+03
1.530000000000000000e+03
1.530000000000000000e+03
1.533000000000000000e+03
1.534000000000000000e+03
1.536000000000000000e+03
1.537000000000000000e+03
1.540000000000000000e+03
1.542000000000000000e+03
1.543000000000000000e+03
1.544000000000000000e+03
1.544000000000000000e+03
1.545000000000000000e+03
1.547000000000000000e+03
1.548000000000000000e+03
1.549000000000000000e+03
1.550000000000000000e+03
1.553000000000000000e+03
1.554000000000000000e+03
1.555000000000000000e+03
1.555000000000000000e+03
1.555000000000000000e+03
1.556000000000000000e+03
1.556000000000000000e+03
1.556000000000000000e+03
1.556000000000000000e+03
1.557000000000000000e+03
1.559000000000000000e+03
1.560000000000000000e+03
1.560000000000000000e+03
1.562000000000000000e+03
1.565000000000000000e+03
1.567000000000000000e+03
1.567000000000000000e+03
1.569000000000000000e+03
1.569000000000000000e+03
1.569000000000000000e+03
1.569000000000000000e+03
1.569000000000000000e+03
1.569000000000000000e+03
1.570000000000000000e+03
1.570000000000000000e+03
1.589000000000000000e+03
1.602000000000000000e+03
1.609000000000000000e+03
1.622000000000000000e+03
1.631000000000000000e+03
1.643000000000000000e+03
1.649000000000000000e+03
1.654000000000000000e+03
1.665000000000000000e+03
1.671000000000000000e+03
1.674000000000000000e+03
1.683000000000000000e+03
1.690000000000000000e+03
1.695000000000000000e+03
1.702000000000000000e+03
1.714000000000000000e+03
1.727000000000000000e+03
1.729000000000000000e+03
1.738000000000000000e+03
1.752000000000000000e+03
1.757000000000000000e+03
1.759000000000000000e+03
1.764000000000000000e+03
1.767000000000000000e+03
1.772000000000000000e+03
1.776000000000000000e+03
1.782000000000000000e+03
1.788000000000000000e+03
1.792000000000000000e+03
1.793000000000000000e+03
1.795000000000000000e+03
1.797000000000000000e+03
1.798000000000000000e+03
1.801000000000000000e+03
1.802000000000000000e+03
1.809000000000000000e+03
1.809000000000000000e+03
1.811000000000000000e+03
1.815000000000000000e+03
1.815000000000000000e+03
1.815000000000000000e+03
1.824000000000000000e+03
1.827000000000000000e+03
1.829000000000000000e+03
1.831000000000000000e+03
1.833000000000000000e+03
1.833000000000000000e+03
1.835000000000000000e+03
1.836000000000000000e+03
1.848000000000000000e+03
1.848000000000000000e+03
1.849000000000000000e+03
1.854000000000000000e+03
1.855000000000000000e+03
1.858000000000000000e+03
1.861000000000000000e+03
1.864000000000000000e+03
1.866000000000000000e+03
1.870000000000000000e+03
1.871000000000000000e+03
1.871000000000000000e+03
1.872000000000000000e+03
1.874000000000000000e+03
1.876000000000000000e+03
1.880000000000000000e+03
1.883000000000000000e+03
1.886000000000000000e+03
1.886000000000000000e+03
1.887000000000000000e+03
1.912000000000000000e+03
1.914000000000000000e+03
1.923000000000000000e+03
1.934000000000000000e+03
1.935000000000000000e+03
1.940000000000000000e+03
1.941000000000000000e+03
1.943000000000000000e+03
1.949000000000000000e+03
1.950000000000000000e+03
1.957000000000000000e+03
1.959000000000000000e+03
1.963000000000000000e+03
1.968000000000000000e+03
1.971000000000000000e+03
1.973000000000000000e+03
1.974000000000000000e+03
1.976000000000000000e+03
1.982000000000000000e+03
1.986000000000000000e+03
1.987000000000000000e+03
1.988000000000000000e+03
1.991000000000000000e+03
1.995000000000000000e+03
1.998000000000000000e+03
2.001000000000000000e+03
2.001000000000000000e+03
2.005000000000000000e+03
2.008000000000000000e+03
2.010000000000000000e+03
2.013000000000000000e+03
2.019000000000000000e+03
2.028000000000000000e+03
2.030000000000000000e+03
2.031000000000000000e+03
2.039000000000000000e+03
2.040000000000000000e+03
2.047000000000000000e+03
2.050000000000000000e+03
2.050000000000000000e+03
2.056000000000000000e+03
2.059000000000000000e+03
2.060000000000000000e+03
2.069000000000000000e+03
2.069000000000000000e+03
2.078000000000000000e+03
2.078000000000000000e+03
2.079000000000000000e+03
2.085000000000000000e+03
2.088000000000000000e+03
2.088000000000000000e+03
2.092000000000000000e+03
2.092000000000000000e+03
2.096000000000000000e+03
2.096000000000000000e+03
2.096000000000000000e+03
2.100000000000000000e+03
2.100000000000000000e+03
2.110000000000000000e+03
2.110000000000000000e+03
2.116000000000000000e+03
2.121000000000000000e+03
2.121000000000000000e+03
2.128000000000000000e+03
2.128000000000000000e+03
2.128000000000000000e+03
2.128000000000000000e+03
2.144000000000000000e+03
2.144000000000000000e+03
2.151000000000000000e+03
2.151000000000000000e+03
2.162000000000000000e+03
2.162000000000000000e+03
2.162000000000000000e+03
2.181000000000000000e+03
2.181000000000000000e+03
2.186000000000000000e+03
2.186000000000000000e+03
2.188000000000000000e+03
2.188000000000000000e+03
2.188000000000000000e+03
2.219000000000000000e+03
2.222000000000000000e+03
2.222000000000000000e+03
2.228000000000000000e+03
2.228000000000000000e+03
2.246000000000000000e+03
2.246000000000000000e+03
2.256000000000000000e+03
2.262000000000000000e+03
2.262000000000000000e+03
2.267000000000000000e+03
2.267000000000000000e+03
2.276000000000000000e+03
2.276000000000000000e+03
2.283000000000000000e+03
2.288000000000000000e+03
2.290000000000000000e+03
2.295000000000000000e+03
2.299000000000000000e+03
2.305000000000000000e+03
2.303000000000000000e+03
2.304000000000000000e+03
2.304000000000000000e+03
2.307000000000000000e+03
2.308000000000000000e+03
2.313000000000000000e+03
2.315000000000000000e+03
2.315000000000000000e+03
2.320000000000000000e+03
2.320000000000000000e+03
2.322000000000000000e+03
2.324000000000000000e+03
2.324000000000000000e+03
2.326000000000000000e+03
2.328000000000000000e+03
2.330000000000000000e+03
2.336000000000000000e+03
2.337000000000000000e+03
2.340000000000000000e+03
2.344000000000000000e+03
2.348000000000000000e+03
2.350000000000000000e+03
2.350000000000000000e+03
2.357000000000000000e+03
2.363000000000000000e+03
2.365000000000000000e+03
2.368000000000000000e+03
2.371000000000000000e+03
2.372000000000000000e+03
2.376000000000000000e+03
2.378000000000000000e+03
2.382000000000000000e+03
2.384000000000000000e+03
2.389000000000000000e+03
2.389000000000000000e+03
2.398000000000000000e+03
2.399000000000000000e+03
2.405000000000000000e+03
2.409000000000000000e+03
2.410000000000000000e+03
2.416000000000000000e+03
2.417000000000000000e+03
2.422000000000000000e+03
2.423000000000000000e+03
2.430000000000000000e+03
2.432000000000000000e+03
2.434000000000000000e+03
2.434000000000000000e+03
2.444000000000000000e+03
2.444000000000000000e+03
2.453000000000000000e+03
2.462000000000000000e+03
2.462000000000000000e+03
2.470000000000000000e+03
2.476000000000000000e+03
2.479000000000000000e+03
2.481000000000000000e+03
2.482000000000000000e+03
2.493000000000000000e+03
2.495000000000000000e+03
2.497000000000000000e+03
2.501000000000000000e+03
2.501000000000000000e+03
2.501000000000000000e+03
2.501000000000000000e+03
2.507000000000000000e+03
2.524000000000000000e+03
2.531000000000000000e+03
2.555000000000000000e+03
2.561000000000000000e+03
2.571000000000000000e+03
2.574000000000000000e+03
2.583000000000000000e+03
2.587000000000000000e+03
2.589000000000000000e+03
2.591000000000000000e+03
2.591000000000000000e+03
2.591000000000000000e+03
2.595000000000000000e+03
2.596000000000000000e+03
2.597000000000000000e+03
2.599000000000000000e+03
2.600000000000000000e+03
2.600000000000000000e+03
2.600000000000000000e+03
2.601000000000000000e+03
2.601000000000000000e+03
2.609000000000000000e+03
2.609000000000000000e+03
2.613000000000000000e+03
2.613000000000000000e+03
2.613000000000000000e+03
2.618000000000000000e+03
2.622000000000000000e+03
2.623000000000000000e+03
2.629000000000000000e+03
2.633000000000000000e+03
2.634000000000000000e+03
2.634000000000000000e+03
2.642000000000000000e+03
2.644000000000000000e+03
2.644000000000000000e+03
2.643000000000000000e+03
2.644000000000000000e+03
2.645000000000000000e+03
2.645000000000000000e+03
2.646000000000000000e+03
2.651000000000000000e+03
2.653000000000000000e+03
2.658000000000000000e+03
2.659000000000000000e+03
2.662000000000000000e+03
2.663000000000000000e+03
2.669000000000000000e+03
2.669000000000000000e+03
2.670000000000000000e+03
2.670000000000000000e+03
2.671000000000000000e+03
2.671000000000000000e+03
2.671000000000000000e+03
2.673000000000000000e+03
2.674000000000000000e+03
2.674000000000000000e+03
2.680000000000000000e+03
2.682000000000000000e+03
2.683000000000000000e+03
2.683000000000000000e+03
2.683000000000000000e+03
2.683000000000000000e+03
2.693000000000000000e+03
2.697000000000000000e+03
2.698000000000000000e+03
2.703000000000000000e+03
2.703000000000000000e+03
2.709000000000000000e+03
2.710000000000000000e+03
2.710000000000000000e+03
2.712000000000000000e+03
2.714000000000000000e+03
2.715000000000000000e+03
2.715000000000000000e+03
2.719000000000000000e+03
2.721000000000000000e+03
2.721000000000000000e+03
2.724000000000000000e+03
2.724000000000000000e+03
2.726000000000000000e+03
2.730000000000000000e+03
2.730000000000000000e+03
2.739000000000000000e+03
2.742000000000000000e+03
2.743000000000000000e+03
2.743000000000000000e+03
2.743000000000000000e+03
2.743000000000000000e+03
2.752000000000000000e+03
2.759000000000000000e+03
2.759000000000000000e+03
2.764000000000000000e+03
2.765000000000000000e+03
2.766000000000000000e+03
2.766000000000000000e+03
2.768000000000000000e+03
2.769000000000000000e+03
2.787000000000000000e+03
2.791000000000000000e+03
2.795000000000000000e+03
2.804000000000000000e+03
2.804000000000000000e+03
2.815000000000000000e+03
2.818000000000000000e+03
2.823000000000000000e+03
2.829000000000000000e+03
2.836000000000000000e+03
2.856000000000000000e+03
2.856000000000000000e+03
2.863000000000000000e+03
2.864000000000000000e+03
2.864000000000000000e+03
2.865000000000000000e+03
2.868000000000000000e+03
2.871000000000000000e+03
2.871000000000000000e+03
2.874000000000000000e+03
2.878000000000000000e+03
