0.000000000000000000e+00
0.000000000000000000e+00
0.000000000000000000e+00
0.000000000000000000e+00
0.000000000000000000e+00
1.000000000000000000e+00
1.000000000000000000e+00
1.000000000000000000e+00
1.000000000000000000e+00
1.000000000000000000e+00
1.000000000000000000e+00
1.000000000000000000e+00
1.000000000000000000e+00
1.000000000000000000e+00
1.000000000000000000e+00
1.000000000000000000e+00
1.000000000000000000e+00
1.000000000000000000e+00
1.000000000000000000e+00
1.000000000000000000e+00
1.000000000000000000e+00
1.000000000000000000e+00
1.000000000000000000e+00
1.000000000000000000e+00
1.000000000000000000e+00
1.000000000000000000e+00
1.000000000000000000e+00
1.000000000000000000e+00
1.000000000000000000e+00
1.000000000000000000e+00
1.000000000000000000e+00
1.000000000000000000e+00
1.000000000000000000e+00
1.000000000000000000e+00
1.000000000000000000e+00
1.000000000000000000e+00
1.000000000000000000e+00
1.000000000000000000e+00
1.000000000000000000e+00
1.000000000000000000e+00
1.000000000000000000e+00
1.000000000000000000e+00
1.000000000000000000e+00
1.000000000000000000e+00
1.000000000000000000e+00
1.000000000000000000e+00
1.000000000000000000e+00
1.000000000000000000e+00
1.000000000000000000e+00
2.000000000000000000e+00
2.000000000000000000e+00
6.000000000000000000e+00
1.000000000000000000e+01
1.800000000000000000e+01
2.800000000000000000e+01
4.400000000000000000e+01
5.100000000000000000e+01
6.000000000000000000e+01
7.300000000000000000e+01
7.700000000000000000e+01
8.200000000000000000e+01
9.700000000000000000e+01
1.020000000000000000e+02
1.020000000000000000e+02
1.060000000000000000e+02
1.060000000000000000e+02
1.130000000000000000e+02
1.170000000000000000e+02
1.220000000000000000e+02
1.430000000000000000e+02
1.460000000000000000e+02
1.510000000000000000e+02
1.590000000000000000e+02
1.660000000000000000e+02
1.760000000000000000e+02
1.780000000000000000e+02
1.850000000000000000e+02
1.890000000000000000e+02
1.900000000000000000e+02
1.900000000000000000e+02
1.980000000000000000e+02
2.100000000000000000e+02
2.170000000000000000e+02
2.330000000000000000e+02
2.380000000000000000e+02
2.380000000000000000e+02
2.440000000000000000e+02
2.540000000000000000e+02
2.710000000000000000e+02
3.040000000000000000e+02
3.100000000000000000e+02
3.300000000000000000e+02
3.680000000000000000e+02
4.200000000000000000e+02
4.600000000000000000e+02
5.230000000000000000e+02
5.880000000000000000e+02
6.190000000000000000e+02
6.490000000000000000e+02
6.630000000000000000e+02
6.900000000000000000e+02
7.050000000000000000e+02
7.180000000000000000e+02
7.510000000000000000e+02
7.710000000000000000e+02
7.970000000000000000e+02
8.240000000000000000e+02
8.350000000000000000e+02
8.470000000000000000e+02
8.630000000000000000e+02
8.690000000000000000e+02
8.890000000000000000e+02
9.150000000000000000e+02
9.250000000000000000e+02
9.350000000000000000e+02
9.600000000000000000e+02
9.810000000000000000e+02
9.920000000000000000e+02
1.027000000000000000e+03
1.028000000000000000e+03
1.055000000000000000e+03
1.068000000000000000e+03
1.089000000000000000e+03
1.141000000000000000e+03
1.182000000000000000e+03
1.319000000000000000e+03
1.469000000000000000e+03
1.530000000000000000e+03
1.558000000000000000e+03
1.620000000000000000e+03
1.633000000000000000e+03
1.643000000000000000e+03
1.683000000000000000e+03
1.749000000000000000e+03
1.797000000000000000e+03
1.801000000000000000e+03
1.814000000000000000e+03
1.835000000000000000e+03
1.857000000000000000e+03
1.859000000000000000e+03
1.869000000000000000e+03
1.877000000000000000e+03
1.880000000000000000e+03
1.884000000000000000e+03
1.889000000000000000e+03
1.905000000000000000e+03
1.915000000000000000e+03
1.924000000000000000e+03
1.947000000000000000e+03
1.950000000000000000e+03
1.950000000000000000e+03
1.950000000000000000e+03
1.951000000000000000e+03
1.991000000000000000e+03
2.001000000000000000e+03
2.010000000000000000e+03
2.014000000000000000e+03
2.033000000000000000e+03
2.037000000000000000e+03
2.039000000000000000e+03
2.047000000000000000e+03
2.054000000000000000e+03
2.066000000000000000e+03
2.069000000000000000e+03
2.074000000000000000e+03
2.076000000000000000e+03
2.077000000000000000e+03
2.081000000000000000e+03
2.094000000000000000e+03
2.154000000000000000e+03
2.454000000000000000e+03
2.511000000000000000e+03
2.617000000000000000e+03
2.646000000000000000e+03
2.665000000000000000e+03
2.671000000000000000e+03
2.687000000000000000e+03
2.697000000000000000e+03
2.703000000000000000e+03
2.724000000000000000e+03
2.730000000000000000e+03
2.730000000000000000e+03
2.752000000000000000e+03
2.753000000000000000e+03
2.764000000000000000e+03
2.770000000000000000e+03
2.782000000000000000e+03
2.805000000000000000e+03
2.810000000000000000e+03
2.810000000000000000e+03
2.814000000000000000e+03
2.815000000000000000e+03
2.815000000000000000e+03
2.823000000000000000e+03
2.828000000000000000e+03
2.834000000000000000e+03
2.839000000000000000e+03
2.839000000000000000e+03
2.839000000000000000e+03
2.841000000000000000e+03
2.844000000000000000e+03
2.871000000000000000e+03
2.880000000000000000e+03
2.881000000000000000e+03
2.882000000000000000e+03
2.886000000000000000e+03
2.890000000000000000e+03
2.893000000000000000e+03
2.900000000000000000e+03
2.902000000000000000e+03
2.902000000000000000e+03
2.918000000000000000e+03
2.941000000000000000e+03
2.947000000000000000e+03
2.953000000000000000e+03
2.959000000000000000e+03
2.971000000000000000e+03
2.984000000000000000e+03
2.986000000000000000e+03
2.989000000000000000e+03
2.995000000000000000e+03
3.012000000000000000e+03
3.049000000000000000e+03
3.092000000000000000e+03
3.101000000000000000e+03
3.111000000000000000e+03
3.115000000000000000e+03
3.121000000000000000e+03
3.123000000000000000e+03
3.123000000000000000e+03
3.140000000000000000e+03
3.147000000000000000e+03
3.155000000000000000e+03
3.169000000000000000e+03
3.195000000000000000e+03
3.234000000000000000e+03
3.262000000000000000e+03
3.271000000000000000e+03
3.271000000000000000e+03
3.276000000000000000e+03
3.281000000000000000e+03
3.283000000000000000e+03
3.287000000000000000e+03
3.299000000000000000e+03
3.313000000000000000e+03
3.324000000000000000e+03
3.333000000000000000e+03
3.345000000000000000e+03
3.349000000000000000e+03
3.360000000000000000e+03
3.363000000000000000e+03
3.374000000000000000e+03
3.380000000000000000e+03
3.382000000000000000e+03
3.388000000000000000e+03
3.395000000000000000e+03
3.402000000000000000e+03
3.513000000000000000e+03
4.252000000000000000e+03
4.459000000000000000e+03
4.488000000000000000e+03
4.523000000000000000e+03
4.628000000000000000e+03
4.752000000000000000e+03
4.844000000000000000e+03
5.038000000000000000e+03
5.170000000000000000e+03
5.244000000000000000e+03
5.354000000000000000e+03
5.475000000000000000e+03
5.538000000000000000e+03
5.625000000000000000e+03
5.811000000000000000e+03
5.978000000000000000e+03
6.287000000000000000e+03
7.153000000000000000e+03
7.521000000000000000e+03
7.872000000000000000e+03
8.413000000000000000e+03
8.870000000000000000e+03
9.205000000000000000e+03
9.791000000000000000e+03
1.042400000000000000e+04
1.066300000000000000e+04
1.106000000000000000e+04
1.133500000000000000e+04
1.174400000000000000e+04
1.218700000000000000e+04
1.257000000000000000e+04
1.297000000000000000e+04
1.341900000000000000e+04
1.392900000000000000e+04
1.428500000000000000e+04
1.471500000000000000e+04
1.535000000000000000e+04
1.572300000000000000e+04
1.619100000000000000e+04
1.658300000000000000e+04
1.728700000000000000e+04
1.767400000000000000e+04
1.807500000000000000e+04
1.840200000000000000e+04
1.884100000000000000e+04
1.928000000000000000e+04
1.977100000000000000e+04
2.017100000000000000e+04
2.050800000000000000e+04
2.096700000000000000e+04
2.146900000000000000e+04
2.202800000000000000e+04
2.250100000000000000e+04
2.298800000000000000e+04
2.348400000000000000e+04
2.398700000000000000e+04
2.453200000000000000e+04
2.541000000000000000e+04
2.603800000000000000e+04
2.655900000000000000e+04
2.722800000000000000e+04
2.787700000000000000e+04
2.858000000000000000e+04
2.937800000000000000e+04
3.007200000000000000e+04
3.061300000000000000e+04
3.137500000000000000e+04
3.213500000000000000e+04
3.279000000000000000e+04
3.347800000000000000e+04
3.412100000000000000e+04
3.473700000000000000e+04
3.538700000000000000e+04
3.604900000000000000e+04
3.666700000000000000e+04
3.726100000000000000e+04
3.763100000000000000e+04
3.805900000000000000e+04
3.863900000000000000e+04
3.923100000000000000e+04
3.978200000000000000e+04
4.038000000000000000e+04
4.105400000000000000e+04
4.160300000000000000e+04
4.205600000000000000e+04
4.270200000000000000e+04
4.329900000000000000e+04
4.385600000000000000e+04
4.437100000000000000e+04
4.477400000000000000e+04
4.524200000000000000e+04
4.572600000000000000e+04
4.624800000000000000e+04
4.678000000000000000e+04
4.730500000000000000e+04
4.784000000000000000e+04
4.838000000000000000e+04
4.894900000000000000e+04
4.953700000000000000e+04
5.022900000000000000e+04
5.089900000000000000e+04
5.159400000000000000e+04
5.231300000000000000e+04
5.306200000000000000e+04
5.375000000000000000e+04
5.441900000000000000e+04
5.518900000000000000e+04
5.607600000000000000e+04
5.686300000000000000e+04
5.758700000000000000e+04
5.843000000000000000e+04
5.916700000000000000e+04
5.992200000000000000e+04
6.069400000000000000e+04
6.158600000000000000e+04
6.244500000000000000e+04
6.329300000000000000e+04
6.415700000000000000e+04
6.498300000000000000e+04
6.569800000000000000e+04
6.640900000000000000e+04
6.711500000000000000e+04
6.785000000000000000e+04
6.857600000000000000e+04
6.934800000000000000e+04
7.023500000000000000e+04
7.121100000000000000e+04
7.217400000000000000e+04
7.311600000000000000e+04
7.405600000000000000e+04
7.485200000000000000e+04
7.565400000000000000e+04
7.642800000000000000e+04
7.718400000000000000e+04
7.790600000000000000e+04
7.842000000000000000e+04
7.893700000000000000e+04
7.948000000000000000e+04
7.999900000000000000e+04
8.051700000000000000e+04
8.100900000000000000e+04
8.146700000000000000e+04
8.193300000000000000e+04
8.243000000000000000e+04
8.289000000000000000e+04
8.309400000000000000e+04
8.355200000000000000e+04
8.387000000000000000e+04
8.422600000000000000e+04
8.461000000000000000e+04
8.496000000000000000e+04
8.515000000000000000e+04
8.569500000000000000e+04
8.603900000000000000e+04
8.634300000000000000e+04
8.668500000000000000e+04
8.698900000000000000e+04
8.728600000000000000e+04
8.760000000000000000e+04
8.790700000000000000e+04
8.823800000000000000e+04
8.839200000000000000e+04
8.886200000000000000e+04
8.902400000000000000e+04
8.949700000000000000e+04
8.965500000000000000e+04
9.020000000000000000e+04
9.051400000000000000e+04
9.076500000000000000e+04
9.101800000000000000e+04
9.128900000000000000e+04
9.156100000000000000e+04
9.183900000000000000e+04
9.208800000000000000e+04
9.230300000000000000e+04
9.244200000000000000e+04
9.270600000000000000e+04
9.291700000000000000e+04
9.312800000000000000e+04
9.329500000000000000e+04
9.343600000000000000e+04
9.359500000000000000e+04
9.369000000000000000e+04
9.391000000000000000e+04
9.425300000000000000e+04
9.456400000000000000e+04
9.484800000000000000e+04
9.513100000000000000e+04
9.539400000000000000e+04
9.562000000000000000e+04
9.571900000000000000e+04
9.594900000000000000e+04
9.618600000000000000e+04
9.635400000000000000e+04
9.679600000000000000e+04
9.710500000000000000e+04
9.747200000000000000e+04
9.805000000000000000e+04
9.872200000000000000e+04
9.951800000000000000e+04
1.005860000000000000e+05
1.013790000000000000e+05
1.023760000000000000e+05
1.034870000000000000e+05
1.049530000000000000e+05
1.064840000000000000e+05
1.081460000000000000e+05
1.098620000000000000e+05
1.117530000000000000e+05
1.136760000000000000e+05
1.155900000000000000e+05
1.175290000000000000e+05
1.194240000000000000e+05
1.213380000000000000e+05
1.232340000000000000e+05
1.259060000000000000e+05
1.285300000000000000e+05
1.310980000000000000e+05
1.335270000000000000e+05
1.357960000000000000e+05
1.380850000000000000e+05
1.404710000000000000e+05
1.427460000000000000e+05
1.452020000000000000e+05
1.477200000000000000e+05
1.513430000000000000e+05
1.547860000000000000e+05
1.583330000000000000e+05
1.612420000000000000e+05
1.642010000000000000e+05
1.671720000000000000e+05
1.699000000000000000e+05
1.722770000000000000e+05
1.748610000000000000e+05
1.777110000000000000e+05
1.805930000000000000e+05
1.834520000000000000e+05
1.863640000000000000e+05
1.892410000000000000e+05
1.925470000000000000e+05
1.958440000000000000e+05
1.992540000000000000e+05
2.023570000000000000e+05
2.053330000000000000e+05
2.079790000000000000e+05
2.106610000000000000e+05
2.133960000000000000e+05
2.161340000000000000e+05
2.183660000000000000e+05
2.212770000000000000e+05
2.236380000000000000e+05
2.259220000000000000e+05
2.282560000000000000e+05
2.306920000000000000e+05
2.330640000000000000e+05
2.354130000000000000e+05
2.376610000000000000e+05
2.396890000000000000e+05
2.418200000000000000e+05
2.439130000000000000e+05
2.461090000000000000e+05
2.480500000000000000e+05
2.499260000000000000e+05
2.517510000000000000e+05
2.536180000000000000e+05
2.555080000000000000e+05
2.572250000000000000e+05
2.590890000000000000e+05
2.609720000000000000e+05
2.627950000000000000e+05
2.640570000000000000e+05
2.656300000000000000e+05
2.664990000000000000e+05
2.674330000000000000e+05
2.686760000000000000e+05
2.699460000000000000e+05
2.714830000000000000e+05
2.730310000000000000e+05
2.745380000000000000e+05
2.761060000000000000e+05
2.775190000000000000e+05
2.790590000000000000e+05
2.805430000000000000e+05
2.820600000000000000e+05
2.835120000000000000e+05
2.849320000000000000e+05
2.864190000000000000e+05
2.879730000000000000e+05
2.895770000000000000e+05
2.912980000000000000e+05
2.926080000000000000e+05
2.948500000000000000e+05
2.965160000000000000e+05
2.981810000000000000e+05
2.998920000000000000e+05
3.018320000000000000e+05
3.042020000000000000e+05
3.066620000000000000e+05
3.088120000000000000e+05
3.113490000000000000e+05
