0.000000000000000000e+00
0.000000000000000000e+00
0.000000000000000000e+00
0.000000000000000000e+00
0.000000000000000000e+00
1.000000000000000000e+00
0.000000000000000000e+00
0.000000000000000000e+00
0.000000000000000000e+00
0.000000000000000000e+00
0.000000000000000000e+00
0.000000000000000000e+00
0.000000000000000000e+00
0.000000000000000000e+00
0.000000000000000000e+00
0.000000000000000000e+00
0.000000000000000000e+00
0.000000000000000000e+00
0.000000000000000000e+00
0.000000000000000000e+00
0.000000000000000000e+00
0.000000000000000000e+00
0.000000000000000000e+00
0.000000000000000000e+00
0.000000000000000000e+00
0.000000000000000000e+00
0.000000000000000000e+00
0.000000000000000000e+00
0.000000000000000000e+00
0.000000000000000000e+00
0.000000000000000000e+00
0.000000000000000000e+00
0.000000000000000000e+00
0.000000000000000000e+00
0.000000000000000000e+00
0.000000000000000000e+00
0.000000000000000000e+00
0.000000000000000000e+00
0.000000000000000000e+00
0.000000000000000000e+00
0.000000000000000000e+00
0.000000000000000000e+00
0.000000000000000000e+00
0.000000000000000000e+00
0.000000000000000000e+00
0.000000000000000000e+00
0.000000000000000000e+00
0.000000000000000000e+00
0.000000000000000000e+00
1.000000000000000000e+00
0.000000000000000000e+00
4.000000000000000000e+00
4.000000000000000000e+00
8.000000000000000000e+00
1.000000000000000000e+01
1.600000000000000000e+01
7.000000000000000000e+00
9.000000000000000000e+00
1.300000000000000000e+01
4.000000000000000000e+00
5.000000000000000000e+00
1.500000000000000000e+01
5.000000000000000000e+00
0.000000000000000000e+00
4.000000000000000000e+00
0.000000000000000000e+00
7.000000000000000000e+00
4.000000000000000000e+00
5.000000000000000000e+00
2.100000000000000000e+01
3.000000000000000000e+00
5.000000000000000000e+00
8.000000000000000000e+00
7.000000000000000000e+00
1.000000000000000000e+01
2.000000000000000000e+00
7.000000000000000000e+00
4.000000000000000000e+00
1.000000000000000000e+00
0.000000000000000000e+00
8.000000000000000000e+00
1.200000000000000000e+01
7.000000000000000000e+00
1.600000000000000000e+01
5.000000000000000000e+00
0.000000000000000000e+00
6.000000000000000000e+00
1.000000000000000000e+01
1.700000000000000000e+01
3.300000000000000000e+01
6.000000000000000000e+00
2.000000000000000000e+01
3.800000000000000000e+01
5.200000000000000000e+01
4.000000000000000000e+01
6.300000000000000000e+01
6.500000000000000000e+01
3.100000000000000000e+01
3.000000000000000000e+01
1.400000000000000000e+01
2.700000000000000000e+01
1.500000000000000000e+01
1.300000000000000000e+01
3.300000000000000000e+01
2.000000000000000000e+01
2.600000000000000000e+01
2.700000000000000000e+01
1.100000000000000000e+01
1.200000000000000000e+01
1.600000000000000000e+01
6.000000000000000000e+00
2.000000000000000000e+01
2.600000000000000000e+01
1.000000000000000000e+01
1.000000000000000000e+01
2.500000000000000000e+01
2.100000000000000000e+01
1.100000000000000000e+01
3.500000000000000000e+01
1.000000000000000000e+00
2.700000000000000000e+01
1.300000000000000000e+01
2.100000000000000000e+01
5.200000000000000000e+01
4.100000000000000000e+01
1.370000000000000000e+02
1.500000000000000000e+02
6.100000000000000000e+01
2.800000000000000000e+01
6.200000000000000000e+01
1.300000000000000000e+01
1.000000000000000000e+01
4.000000000000000000e+01
6.600000000000000000e+01
4.800000000000000000e+01
4.000000000000000000e+00
1.300000000000000000e+01
2.100000000000000000e+01
2.200000000000000000e+01
2.000000000000000000e+00
1.000000000000000000e+01
8.000000000000000000e+00
3.000000000000000000e+00
4.000000000000000000e+00
5.000000000000000000e+00
1.600000000000000000e+01
1.000000000000000000e+01
9.000000000000000000e+00
2.300000000000000000e+01
3.000000000000000000e+00
0.000000000000000000e+00
0.000000000000000000e+00
1.000000000000000000e+00
4.000000000000000000e+01
1.000000000000000000e+01
9.000000000000000000e+00
4.000000000000000000e+00
1.900000000000000000e+01
4.000000000000000000e+00
2.000000000000000000e+00
8.000000000000000000e+00
7.000000000000000000e+00
1.200000000000000000e+01
3.000000000000000000e+00
5.000000000000000000e+00
2.000000000000000000e+00
1.000000000000000000e+00
4.000000000000000000e+00
1.300000000000000000e+01
6.000000000000000000e+01
3.000000000000000000e+02
5.700000000000000000e+01
1.060000000000000000e+02
2.900000000000000000e+01
1.900000000000000000e+01
6.000000000000000000e+00
1.600000000000000000e+01
1.000000000000000000e+01
6.000000000000000000e+00
2.100000000000000000e+01
6.000000000000000000e+00
0.000000000000000000e+00
2.200000000000000000e+01
1.000000000000000000e+00
1.100000000000000000e+01
6.000000000000000000e+00
1.200000000000000000e+01
2.300000000000000000e+01
5.000000000000000000e+00
0.000000000000000000e+00
4.000000000000000000e+00
1.000000000000000000e+00
0.000000000000000000e+00
8.000000000000000000e+00
5.000000000000000000e+00
6.000000000000000000e+00
5.000000000000000000e+00
0.000000000000000000e+00
0.000000000000000000e+00
2.000000000000000000e+00
3.000000000000000000e+00
2.700000000000000000e+01
9.000000000000000000e+00
1.000000000000000000e+00
1.000000000000000000e+00
4.000000000000000000e+00
4.000000000000000000e+00
3.000000000000000000e+00
7.000000000000000000e+00
2.000000000000000000e+00
0.000000000000000000e+00
1.600000000000000000e+01
2.300000000000000000e+01
6.000000000000000000e+00
6.000000000000000000e+00
6.000000000000000000e+00
1.200000000000000000e+01
1.300000000000000000e+01
2.000000000000000000e+00
3.000000000000000000e+00
6.000000000000000000e+00
1.700000000000000000e+01
3.700000000000000000e+01
4.300000000000000000e+01
9.000000000000000000e+00
1.000000000000000000e+01
4.000000000000000000e+00
6.000000000000000000e+00
2.000000000000000000e+00
0.000000000000000000e+00
1.700000000000000000e+01
7.000000000000000000e+00
8.000000000000000000e+00
1.400000000000000000e+01
2.600000000000000000e+01
3.900000000000000000e+01
2.800000000000000000e+01
9.000000000000000000e+00
0.000000000000000000e+00
5.000000000000000000e+00
5.000000000000000000e+00
2.000000000000000000e+00
4.000000000000000000e+00
1.200000000000000000e+01
1.400000000000000000e+01
1.100000000000000000e+01
9.000000000000000000e+00
1.200000000000000000e+01
4.000000000000000000e+00
1.100000000000000000e+01
3.000000000000000000e+00
1.100000000000000000e+01
6.000000000000000000e+00
2.000000000000000000e+00
6.000000000000000000e+00
7.000000000000000000e+00
7.000000000000000000e+00
1.110000000000000000e+02
7.390000000000000000e+02
2.070000000000000000e+02
2.900000000000000000e+01
3.500000000000000000e+01
1.050000000000000000e+02
1.240000000000000000e+02
9.200000000000000000e+01
1.940000000000000000e+02
1.320000000000000000e+02
7.400000000000000000e+01
1.100000000000000000e+02
1.210000000000000000e+02
6.300000000000000000e+01
8.700000000000000000e+01
1.860000000000000000e+02
1.670000000000000000e+02
3.090000000000000000e+02
8.660000000000000000e+02
3.680000000000000000e+02
3.510000000000000000e+02
5.410000000000000000e+02
4.570000000000000000e+02
3.350000000000000000e+02
5.860000000000000000e+02
6.330000000000000000e+02
2.390000000000000000e+02
3.970000000000000000e+02
2.750000000000000000e+02
4.090000000000000000e+02
4.430000000000000000e+02
3.830000000000000000e+02
4.000000000000000000e+02
4.490000000000000000e+02
5.100000000000000000e+02
3.560000000000000000e+02
4.300000000000000000e+02
6.350000000000000000e+02
3.730000000000000000e+02
4.680000000000000000e+02
3.920000000000000000e+02
7.040000000000000000e+02
3.870000000000000000e+02
4.010000000000000000e+02
3.270000000000000000e+02
4.390000000000000000e+02
4.390000000000000000e+02
4.910000000000000000e+02
4.000000000000000000e+02
3.370000000000000000e+02
4.590000000000000000e+02
5.020000000000000000e+02
5.590000000000000000e+02
4.730000000000000000e+02
4.870000000000000000e+02
4.960000000000000000e+02
5.030000000000000000e+02
5.450000000000000000e+02
8.780000000000000000e+02
6.280000000000000000e+02
5.210000000000000000e+02
6.690000000000000000e+02
6.490000000000000000e+02
7.030000000000000000e+02
7.980000000000000000e+02
6.940000000000000000e+02
5.410000000000000000e+02
7.620000000000000000e+02
7.600000000000000000e+02
6.550000000000000000e+02
6.880000000000000000e+02
6.430000000000000000e+02
6.160000000000000000e+02
6.500000000000000000e+02
6.620000000000000000e+02
6.180000000000000000e+02
5.940000000000000000e+02
3.700000000000000000e+02
4.280000000000000000e+02
5.800000000000000000e+02
5.920000000000000000e+02
5.510000000000000000e+02
5.980000000000000000e+02
6.740000000000000000e+02
5.490000000000000000e+02
4.530000000000000000e+02
6.460000000000000000e+02
5.970000000000000000e+02
5.570000000000000000e+02
5.150000000000000000e+02
4.030000000000000000e+02
4.680000000000000000e+02
4.840000000000000000e+02
5.220000000000000000e+02
5.320000000000000000e+02
5.250000000000000000e+02
5.350000000000000000e+02
5.400000000000000000e+02
5.690000000000000000e+02
5.880000000000000000e+02
6.920000000000000000e+02
6.700000000000000000e+02
6.950000000000000000e+02
7.190000000000000000e+02
7.490000000000000000e+02
6.880000000000000000e+02
6.690000000000000000e+02
7.700000000000000000e+02
8.870000000000000000e+02
7.870000000000000000e+02
7.240000000000000000e+02
8.430000000000000000e+02
7.370000000000000000e+02
7.550000000000000000e+02
7.720000000000000000e+02
8.920000000000000000e+02
8.590000000000000000e+02
8.480000000000000000e+02
8.640000000000000000e+02
8.260000000000000000e+02
7.150000000000000000e+02
7.110000000000000000e+02
7.060000000000000000e+02
7.350000000000000000e+02
7.260000000000000000e+02
7.720000000000000000e+02
8.870000000000000000e+02
9.760000000000000000e+02
9.630000000000000000e+02
9.420000000000000000e+02
9.400000000000000000e+02
7.960000000000000000e+02
8.020000000000000000e+02
7.740000000000000000e+02
7.560000000000000000e+02
7.220000000000000000e+02
5.140000000000000000e+02
5.170000000000000000e+02
5.430000000000000000e+02
5.190000000000000000e+02
5.180000000000000000e+02
4.920000000000000000e+02
4.580000000000000000e+02
4.660000000000000000e+02
4.970000000000000000e+02
4.600000000000000000e+02
2.040000000000000000e+02
4.580000000000000000e+02
3.180000000000000000e+02
3.560000000000000000e+02
3.840000000000000000e+02
3.500000000000000000e+02
1.900000000000000000e+02
5.450000000000000000e+02
3.440000000000000000e+02
3.040000000000000000e+02
3.420000000000000000e+02
3.040000000000000000e+02
2.970000000000000000e+02
3.140000000000000000e+02
3.070000000000000000e+02
3.310000000000000000e+02
1.540000000000000000e+02
4.700000000000000000e+02
1.620000000000000000e+02
4.730000000000000000e+02
1.580000000000000000e+02
5.450000000000000000e+02
3.140000000000000000e+02
2.510000000000000000e+02
2.530000000000000000e+02
2.710000000000000000e+02
2.720000000000000000e+02
2.780000000000000000e+02
2.490000000000000000e+02
2.150000000000000000e+02
1.390000000000000000e+02
2.640000000000000000e+02
2.110000000000000000e+02
2.110000000000000000e+02
1.670000000000000000e+02
1.410000000000000000e+02
1.590000000000000000e+02
9.500000000000000000e+01
2.200000000000000000e+02
3.430000000000000000e+02
3.110000000000000000e+02
2.840000000000000000e+02
2.830000000000000000e+02
2.630000000000000000e+02
2.260000000000000000e+02
9.900000000000000000e+01
2.300000000000000000e+02
2.370000000000000000e+02
1.680000000000000000e+02
4.420000000000000000e+02
3.090000000000000000e+02
3.670000000000000000e+02
5.780000000000000000e+02
6.720000000000000000e+02
7.960000000000000000e+02
1.068000000000000000e+03
7.930000000000000000e+02
9.970000000000000000e+02
1.111000000000000000e+03
1.466000000000000000e+03
1.531000000000000000e+03
1.662000000000000000e+03
1.716000000000000000e+03
1.891000000000000000e+03
1.923000000000000000e+03
1.914000000000000000e+03
1.939000000000000000e+03
1.895000000000000000e+03
1.914000000000000000e+03
1.896000000000000000e+03
2.672000000000000000e+03
2.624000000000000000e+03
2.568000000000000000e+03
2.429000000000000000e+03
2.269000000000000000e+03
2.289000000000000000e+03
2.386000000000000000e+03
2.275000000000000000e+03
2.456000000000000000e+03
2.518000000000000000e+03
3.623000000000000000e+03
3.443000000000000000e+03
3.547000000000000000e+03
2.909000000000000000e+03
2.959000000000000000e+03
2.971000000000000000e+03
2.728000000000000000e+03
2.377000000000000000e+03
2.584000000000000000e+03
2.850000000000000000e+03
2.882000000000000000e+03
2.859000000000000000e+03
2.912000000000000000e+03
2.877000000000000000e+03
3.306000000000000000e+03
3.297000000000000000e+03
3.410000000000000000e+03
3.103000000000000000e+03
2.976000000000000000e+03
2.646000000000000000e+03
2.682000000000000000e+03
2.735000000000000000e+03
2.738000000000000000e+03
2.232000000000000000e+03
2.911000000000000000e+03
2.361000000000000000e+03
2.284000000000000000e+03
2.334000000000000000e+03
2.436000000000000000e+03
2.372000000000000000e+03
2.349000000000000000e+03
2.248000000000000000e+03
2.028000000000000000e+03
2.131000000000000000e+03
2.093000000000000000e+03
2.196000000000000000e+03
1.941000000000000000e+03
1.876000000000000000e+03
1.825000000000000000e+03
1.867000000000000000e+03
1.890000000000000000e+03
1.717000000000000000e+03
1.864000000000000000e+03
1.883000000000000000e+03
1.823000000000000000e+03
1.262000000000000000e+03
1.573000000000000000e+03
8.690000000000000000e+02
9.340000000000000000e+02
1.243000000000000000e+03
1.270000000000000000e+03
1.537000000000000000e+03
1.548000000000000000e+03
1.507000000000000000e+03
1.568000000000000000e+03
1.413000000000000000e+03
1.540000000000000000e+03
1.484000000000000000e+03
1.517000000000000000e+03
1.452000000000000000e+03
1.420000000000000000e+03
1.487000000000000000e+03
1.554000000000000000e+03
1.604000000000000000e+03
1.721000000000000000e+03
1.310000000000000000e+03
2.242000000000000000e+03
1.666000000000000000e+03
1.665000000000000000e+03
1.711000000000000000e+03
1.940000000000000000e+03
2.370000000000000000e+03
2.460000000000000000e+03
2.150000000000000000e+03
2.537000000000000000e+03
