0.000000000000000000e+00
0.000000000000000000e+00
0.000000000000000000e+00
0.000000000000000000e+00
0.000000000000000000e+00
0.000000000000000000e+00
0.000000000000000000e+00
0.000000000000000000e+00
0.000000000000000000e+00
0.000000000000000000e+00
0.000000000000000000e+00
0.000000000000000000e+00
0.000000000000000000e+00
0.000000000000000000e+00
0.000000000000000000e+00
0.000000000000000000e+00
0.000000000000000000e+00
0.000000000000000000e+00
0.000000000000000000e+00
0.000000000000000000e+00
0.000000000000000000e+00
0.000000000000000000e+00
0.000000000000000000e+00
0.000000000000000000e+00
0.000000000000000000e+00
0.000000000000000000e+00
0.000000000000000000e+00
0.000000000000000000e+00
0.000000000000000000e+00
0.000000000000000000e+00
0.000000000000000000e+00
0.000000000000000000e+00
0.000000000000000000e+00
0.000000000000000000e+00
0.000000000000000000e+00
1.000000000000000000e+00
1.000000000000000000e+00
6.000000000000000000e+00
1.500000000000000000e+01
1.900000000000000000e+01
2.500000000000000000e+01
3.200000000000000000e+01
5.600000000000000000e+01
8.700000000000000000e+01
1.080000000000000000e+02
1.470000000000000000e+02
1.760000000000000000e+02
2.050000000000000000e+02
4.000000000000000000e+02
5.980000000000000000e+02
7.020000000000000000e+02
9.960000000000000000e+02
1.090000000000000000e+03
1.221000000000000000e+03
1.333000000000000000e+03
1.463000000000000000e+03
1.550000000000000000e+03
1.746000000000000000e+03
1.914000000000000000e+03
2.118000000000000000e+03
2.385000000000000000e+03
2.621000000000000000e+03
2.863000000000000000e+03
3.084000000000000000e+03
3.369000000000000000e+03
3.755000000000000000e+03
4.015000000000000000e+03
4.284000000000000000e+03
4.445000000000000000e+03
4.641000000000000000e+03
4.863000000000000000e+03
5.147000000000000000e+03
5.370000000000000000e+03
5.550000000000000000e+03
5.687000000000000000e+03
5.865000000000000000e+03
6.086000000000000000e+03
6.086000000000000000e+03
6.211000000000000000e+03
6.314000000000000000e+03
6.409000000000000000e+03
6.525000000000000000e+03
6.603000000000000000e+03
6.623000000000000000e+03
6.740000000000000000e+03
6.896000000000000000e+03
6.937000000000000000e+03
7.036000000000000000e+03
7.078000000000000000e+03
7.156000000000000000e+03
7.191000000000000000e+03
7.338000000000000000e+03
7.401000000000000000e+03
7.463000000000000000e+03
7.499000000000000000e+03
7.527000000000000000e+03
7.599000000000000000e+03
7.660000000000000000e+03
7.710000000000000000e+03
7.738000000000000000e+03
7.783000000000000000e+03
7.809000000000000000e+03
7.847000000000000000e+03
7.904000000000000000e+03
7.955000000000000000e+03
7.996000000000000000e+03
8.034000000000000000e+03
8.070000000000000000e+03
8.099000000000000000e+03
8.105000000000000000e+03
8.132000000000000000e+03
8.157000000000000000e+03
8.175000000000000000e+03
8.196000000000000000e+03
8.219000000000000000e+03
8.237000000000000000e+03
8.249000000000000000e+03
8.257000000000000000e+03
8.267000000000000000e+03
8.281000000000000000e+03
8.309000000000000000e+03
8.332000000000000000e+03
8.346000000000000000e+03
8.352000000000000000e+03
8.364000000000000000e+03
8.383000000000000000e+03
8.401000000000000000e+03
8.411000000000000000e+03
8.422000000000000000e+03
8.437000000000000000e+03
8.440000000000000000e+03
8.446000000000000000e+03
8.455000000000000000e+03
8.477000000000000000e+03
8.504000000000000000e+03
8.522000000000000000e+03
8.531000000000000000e+03
8.547000000000000000e+03
8.561000000000000000e+03
8.576000000000000000e+03
8.594000000000000000e+03
8.608000000000000000e+03
8.620000000000000000e+03
8.628000000000000000e+03
8.631000000000000000e+03
8.647000000000000000e+03
8.660000000000000000e+03
8.692000000000000000e+03
8.708000000000000000e+03
8.726000000000000000e+03
8.742000000000000000e+03
8.745000000000000000e+03
8.751000000000000000e+03
8.772000000000000000e+03
8.788000000000000000e+03
8.788000000000000000e+03
8.832000000000000000e+03
8.846000000000000000e+03
8.855000000000000000e+03
8.862000000000000000e+03
8.879000000000000000e+03
8.896000000000000000e+03
8.902000000000000000e+03
8.921000000000000000e+03
8.926000000000000000e+03
8.930000000000000000e+03
8.936000000000000000e+03
8.947000000000000000e+03
8.950000000000000000e+03
8.965000000000000000e+03
8.974000000000000000e+03
8.977000000000000000e+03
8.981000000000000000e+03
8.984000000000000000e+03
9.001000000000000000e+03
9.011000000000000000e+03
9.015000000000000000e+03
9.025000000000000000e+03
9.028000000000000000e+03
9.028000000000000000e+03
9.034000000000000000e+03
9.053000000000000000e+03
9.059000000000000000e+03
9.085000000000000000e+03
9.092000000000000000e+03
9.111000000000000000e+03
9.117000000000000000e+03
9.132000000000000000e+03
9.150000000000000000e+03
9.172000000000000000e+03
9.208000000000000000e+03
9.240000000000000000e+03
9.253000000000000000e+03
9.268000000000000000e+03
9.334000000000000000e+03
9.362000000000000000e+03
9.409000000000000000e+03
9.468000000000000000e+03
9.551000000000000000e+03
9.599000000000000000e+03
9.638000000000000000e+03
9.684000000000000000e+03
9.751000000000000000e+03
9.783000000000000000e+03
9.851000000000000000e+03
9.908000000000000000e+03
9.965000000000000000e+03
1.000500000000000000e+04
1.006000000000000000e+04
1.011100000000000000e+04
1.016200000000000000e+04
1.019700000000000000e+04
1.027500000000000000e+04
1.029900000000000000e+04
1.032300000000000000e+04
1.039500000000000000e+04
1.045400000000000000e+04
1.050400000000000000e+04
1.054200000000000000e+04
1.058200000000000000e+04
1.061100000000000000e+04
1.064300000000000000e+04
1.078200000000000000e+04
1.087100000000000000e+04
1.103400000000000000e+04
1.112000000000000000e+04
1.123100000000000000e+04
1.129600000000000000e+04
1.138800000000000000e+04
1.152100000000000000e+04
1.162300000000000000e+04
1.174600000000000000e+04
1.186700000000000000e+04
1.200300000000000000e+04
1.207900000000000000e+04
1.215400000000000000e+04
1.227600000000000000e+04
1.239300000000000000e+04
1.249800000000000000e+04
1.264400000000000000e+04
1.276900000000000000e+04
1.285800000000000000e+04
1.289700000000000000e+04
1.300500000000000000e+04
1.315300000000000000e+04
1.327700000000000000e+04
1.340600000000000000e+04
1.354500000000000000e+04
1.362700000000000000e+04
1.369800000000000000e+04
1.378800000000000000e+04
1.391500000000000000e+04
1.402700000000000000e+04
1.414900000000000000e+04
1.428400000000000000e+04
1.436200000000000000e+04
1.445700000000000000e+04
1.460500000000000000e+04
1.478400000000000000e+04
1.501300000000000000e+04
1.522100000000000000e+04
1.538800000000000000e+04
1.546600000000000000e+04
1.552400000000000000e+04
1.563900000000000000e+04
1.579300000000000000e+04
1.595300000000000000e+04
1.613700000000000000e+04
1.627200000000000000e+04
1.636900000000000000e+04
1.645700000000000000e+04
1.660300000000000000e+04
1.677200000000000000e+04
1.696400000000000000e+04
1.723400000000000000e+04
1.753200000000000000e+04
1.774900000000000000e+04
1.790900000000000000e+04
1.834200000000000000e+04
1.866600000000000000e+04
1.906900000000000000e+04
1.956400000000000000e+04
2.006200000000000000e+04
2.033100000000000000e+04
2.063500000000000000e+04
2.133900000000000000e+04
2.195600000000000000e+04
2.257800000000000000e+04
2.322900000000000000e+04
2.383500000000000000e+04
2.424300000000000000e+04
2.473200000000000000e+04
2.532500000000000000e+04
2.588700000000000000e+04
2.651100000000000000e+04
2.722800000000000000e+04
2.791600000000000000e+04
2.843400000000000000e+04
2.843400000000000000e+04
2.843400000000000000e+04
3.011400000000000000e+04
3.077000000000000000e+04
3.144100000000000000e+04
3.201400000000000000e+04
3.235200000000000000e+04
3.276500000000000000e+04
3.318300000000000000e+04
3.371700000000000000e+04
3.426800000000000000e+04
3.474800000000000000e+04
3.519300000000000000e+04
3.554600000000000000e+04
3.582800000000000000e+04
3.615000000000000000e+04
3.659100000000000000e+04
3.696900000000000000e+04
3.737100000000000000e+04
3.780100000000000000e+04
3.807300000000000000e+04
3.832300000000000000e+04
3.870300000000000000e+04
3.916300000000000000e+04
3.952500000000000000e+04
4.002300000000000000e+04
4.043900000000000000e+04
4.080300000000000000e+04
4.100300000000000000e+04
4.133400000000000000e+04
4.185200000000000000e+04
4.231200000000000000e+04
4.277600000000000000e+04
4.320700000000000000e+04
4.358200000000000000e+04
4.390500000000000000e+04
4.433600000000000000e+04
4.493200000000000000e+04
4.545500000000000000e+04
4.593100000000000000e+04
4.624800000000000000e+04
4.667800000000000000e+04
4.705900000000000000e+04
4.758500000000000000e+04
4.827800000000000000e+04
4.901000000000000000e+04
4.956700000000000000e+04
4.980300000000000000e+04
5.026600000000000000e+04
5.071600000000000000e+04
5.124500000000000000e+04
5.218000000000000000e+04
5.296700000000000000e+04
5.379200000000000000e+04
5.447600000000000000e+04
5.491900000000000000e+04
5.547400000000000000e+04
5.590300000000000000e+04
5.661500000000000000e+04
5.728200000000000000e+04
5.773600000000000000e+04
5.820200000000000000e+04
5.844500000000000000e+04
5.865100000000000000e+04
5.903400000000000000e+04
5.945600000000000000e+04
5.988700000000000000e+04
6.025900000000000000e+04
6.056500000000000000e+04
6.080300000000000000e+04
6.108200000000000000e+04
6.131500000000000000e+04
6.159400000000000000e+04
6.196100000000000000e+04
6.227600000000000000e+04
6.257500000000000000e+04
6.279300000000000000e+04
6.296600000000000000e+04
6.326200000000000000e+04
6.355300000000000000e+04
6.383900000000000000e+04
6.421200000000000000e+04
6.448300000000000000e+04
6.465300000000000000e+04
6.477200000000000000e+04
6.511800000000000000e+04
6.533800000000000000e+04
6.554700000000000000e+04
6.581100000000000000e+04
6.623600000000000000e+04
6.639200000000000000e+04
6.650100000000000000e+04
6.685400000000000000e+04
6.714000000000000000e+04
6.749800000000000000e+04
6.782400000000000000e+04
6.810700000000000000e+04
6.831500000000000000e+04
6.853200000000000000e+04
6.875800000000000000e+04
6.914800000000000000e+04
6.948900000000000000e+04
7.004000000000000000e+04
7.056400000000000000e+04
7.082600000000000000e+04
7.100600000000000000e+04
7.173500000000000000e+04
7.223400000000000000e+04
7.292300000000000000e+04
7.349300000000000000e+04
7.418300000000000000e+04
7.454600000000000000e+04
7.494200000000000000e+04
7.577000000000000000e+04
7.648400000000000000e+04
7.716900000000000000e+04
7.804100000000000000e+04
7.894600000000000000e+04
7.980000000000000000e+04
8.044000000000000000e+04
8.130500000000000000e+04
8.245500000000000000e+04
8.351900000000000000e+04
8.455300000000000000e+04
8.554200000000000000e+04
8.636200000000000000e+04
8.693900000000000000e+04
8.803500000000000000e+04
8.912000000000000000e+04
9.010400000000000000e+04
9.093500000000000000e+04
9.200700000000000000e+04
9.246900000000000000e+04
9.315000000000000000e+04
9.413900000000000000e+04
9.520800000000000000e+04
9.607900000000000000e+04
9.677000000000000000e+04
9.741000000000000000e+04
9.810200000000000000e+04
9.867600000000000000e+04
9.924900000000000000e+04
1.001490000000000000e+05
1.010820000000000000e+05
1.019600000000000000e+05
1.027190000000000000e+05
1.029740000000000000e+05
1.036210000000000000e+05
1.042690000000000000e+05
1.050080000000000000e+05
1.056070000000000000e+05
1.062240000000000000e+05
1.067270000000000000e+05
1.071440000000000000e+05
1.075100000000000000e+05
1.080280000000000000e+05
1.083420000000000000e+05
1.091370000000000000e+05
1.095810000000000000e+05
1.100610000000000000e+05
1.103900000000000000e+05
1.106120000000000000e+05
1.111620000000000000e+05
1.116860000000000000e+05
1.121560000000000000e+05
1.125410000000000000e+05
1.129700000000000000e+05
1.132590000000000000e+05
1.134690000000000000e+05
1.139520000000000000e+05
1.144360000000000000e+05
1.149050000000000000e+05
1.154110000000000000e+05
1.158180000000000000e+05
1.161340000000000000e+05
1.163650000000000000e+05
1.170220000000000000e+05
1.174950000000000000e+05
1.179950000000000000e+05
1.183150000000000000e+05
1.187400000000000000e+05
1.190520000000000000e+05
1.192990000000000000e+05
1.195000000000000000e+05
1.198140000000000000e+05
1.202920000000000000e+05
1.207970000000000000e+05
1.215110000000000000e+05
1.219630000000000000e+05
1.224140000000000000e+05
1.226520000000000000e+05
1.231630000000000000e+05
1.236620000000000000e+05
1.240710000000000000e+05
1.244100000000000000e+05
1.246550000000000000e+05
1.248240000000000000e+05
1.251160000000000000e+05
1.255760000000000000e+05
1.259290000000000000e+05
1.262180000000000000e+05
1.265210000000000000e+05
1.266890000000000000e+05
1.268170000000000000e+05
1.270660000000000000e+05
1.272540000000000000e+05
1.274660000000000000e+05
1.276760000000000000e+05
1.278740000000000000e+05
1.279860000000000000e+05
1.280460000000000000e+05
1.282770000000000000e+05
1.284990000000000000e+05
1.286790000000000000e+05
1.288980000000000000e+05
1.290950000000000000e+05
1.292250000000000000e+05
1.293330000000000000e+05
1.295450000000000000e+05
1.297660000000000000e+05
1.299440000000000000e+05
1.302700000000000000e+05
1.303420000000000000e+05
1.304910000000000000e+05
1.305880000000000000e+05
1.307440000000000000e+05
1.310370000000000000e+05
1.313160000000000000e+05
1.315090000000000000e+05
1.317490000000000000e+05
1.318610000000000000e+05
1.319490000000000000e+05
1.321360000000000000e+05
1.323630000000000000e+05
1.325740000000000000e+05
1.326730000000000000e+05
1.329660000000000000e+05
1.331000000000000000e+05
1.331970000000000000e+05
1.333670000000000000e+05
1.335490000000000000e+05
1.337200000000000000e+05
1.338760000000000000e+05
1.340920000000000000e+05
1.342300000000000000e+05
1.343390000000000000e+05
1.345340000000000000e+05
1.347800000000000000e+05
1.349690000000000000e+05
1.352350000000000000e+05
1.354630000000000000e+05
1.356310000000000000e+05
1.357670000000000000e+05
1.360970000000000000e+05
1.363700000000000000e+05
1.365410000000000000e+05
1.371270000000000000e+05
1.374710000000000000e+05
1.376270000000000000e+05
1.378530000000000000e+05
