0.000000000000000000e+00
0.000000000000000000e+00
0.000000000000000000e+00
0.000000000000000000e+00
0.000000000000000000e+00
0.000000000000000000e+00
0.000000000000000000e+00
0.000000000000000000e+00
0.000000000000000000e+00
0.000000000000000000e+00
0.000000000000000000e+00
0.000000000000000000e+00
0.000000000000000000e+00
0.000000000000000000e+00
0.000000000000000000e+00
0.000000000000000000e+00
0.000000000000000000e+00
0.000000000000000000e+00
0.000000000000000000e+00
0.000000000000000000e+00
0.000000000000000000e+00
0.000000000000000000e+00
0.000000000000000000e+00
0.000000000000000000e+00
0.000000000000000000e+00
0.000000000000000000e+00
0.000000000000000000e+00
0.000000000000000000e+00
0.000000000000000000e+00
0.000000000000000000e+00
0.000000000000000000e+00
0.000000000000000000e+00
0.000000000000000000e+00
0.000000000000000000e+00
0.000000000000000000e+00
0.000000000000000000e+00
0.000000000000000000e+00
0.000000000000000000e+00
0.000000000000000000e+00
0.000000000000000000e+00
0.000000000000000000e+00
0.000000000000000000e+00
0.000000000000000000e+00
0.000000000000000000e+00
1.000000000000000000e+00
1.000000000000000000e+00
3.000000000000000000e+00
3.000000000000000000e+00
7.000000000000000000e+00
1.000000000000000000e+01
1.600000000000000000e+01
3.200000000000000000e+01
4.400000000000000000e+01
5.400000000000000000e+01
6.300000000000000000e+01
7.200000000000000000e+01
1.050000000000000000e+02
1.230000000000000000e+02
1.370000000000000000e+02
1.780000000000000000e+02
1.850000000000000000e+02
1.860000000000000000e+02
2.040000000000000000e+02
2.160000000000000000e+02
2.260000000000000000e+02
2.690000000000000000e+02
2.920000000000000000e+02
3.140000000000000000e+02
3.360000000000000000e+02
3.630000000000000000e+02
4.000000000000000000e+02
4.260000000000000000e+02
4.500000000000000000e+02
4.710000000000000000e+02
4.850000000000000000e+02
5.340000000000000000e+02
5.810000000000000000e+02
6.820000000000000000e+02
7.010000000000000000e+02
7.150000000000000000e+02
7.280000000000000000e+02
7.420000000000000000e+02
7.690000000000000000e+02
8.350000000000000000e+02
8.630000000000000000e+02
9.770000000000000000e+02
1.049000000000000000e+03
1.089000000000000000e+03
1.161000000000000000e+03
1.173000000000000000e+03
1.199000000000000000e+03
1.244000000000000000e+03
1.325000000000000000e+03
1.360000000000000000e+03
1.373000000000000000e+03
1.379000000000000000e+03
1.381000000000000000e+03
1.384000000000000000e+03
1.391000000000000000e+03
1.396000000000000000e+03
1.403000000000000000e+03
1.407000000000000000e+03
1.408000000000000000e+03
1.413000000000000000e+03
1.421000000000000000e+03
1.429000000000000000e+03
1.445000000000000000e+03
1.455000000000000000e+03
1.455000000000000000e+03
1.457000000000000000e+03
1.457000000000000000e+03
1.465000000000000000e+03
1.469000000000000000e+03
1.477000000000000000e+03
1.480000000000000000e+03
1.493000000000000000e+03
1.494000000000000000e+03
1.495000000000000000e+03
1.495000000000000000e+03
1.496000000000000000e+03
1.502000000000000000e+03
1.503000000000000000e+03
1.504000000000000000e+03
1.509000000000000000e+03
1.511000000000000000e+03
1.513000000000000000e+03
1.515000000000000000e+03
1.520000000000000000e+03
1.520000000000000000e+03
1.521000000000000000e+03
1.521000000000000000e+03
1.522000000000000000e+03
1.522000000000000000e+03
1.525000000000000000e+03
1.526000000000000000e+03
1.526000000000000000e+03
1.528000000000000000e+03
1.528000000000000000e+03
1.530000000000000000e+03
1.531000000000000000e+03
1.533000000000000000e+03
1.541000000000000000e+03
1.542000000000000000e+03
1.545000000000000000e+03
1.548000000000000000e+03
1.552000000000000000e+03
1.552000000000000000e+03
1.561000000000000000e+03
1.562000000000000000e+03
1.576000000000000000e+03
1.586000000000000000e+03
1.587000000000000000e+03
1.588000000000000000e+03
1.589000000000000000e+03
1.607000000000000000e+03
1.630000000000000000e+03
1.643000000000000000e+03
1.657000000000000000e+03
1.664000000000000000e+03
1.665000000000000000e+03
1.667000000000000000e+03
1.687000000000000000e+03
1.700000000000000000e+03
1.720000000000000000e+03
1.749000000000000000e+03
1.764000000000000000e+03
1.765000000000000000e+03
1.767000000000000000e+03
1.798000000000000000e+03
1.851000000000000000e+03
1.870000000000000000e+03
1.893000000000000000e+03
1.901000000000000000e+03
1.902000000000000000e+03
1.908000000000000000e+03
1.927000000000000000e+03
1.951000000000000000e+03
1.965000000000000000e+03
1.976000000000000000e+03
1.979000000000000000e+03
1.980000000000000000e+03
2.021000000000000000e+03
2.058000000000000000e+03
2.089000000000000000e+03
2.118000000000000000e+03
2.141000000000000000e+03
2.179000000000000000e+03
2.181000000000000000e+03
2.204000000000000000e+03
2.245000000000000000e+03
2.265000000000000000e+03
2.292000000000000000e+03
2.337000000000000000e+03
2.344000000000000000e+03
2.354000000000000000e+03
2.368000000000000000e+03
2.417000000000000000e+03
2.480000000000000000e+03
2.523000000000000000e+03
2.566000000000000000e+03
2.596000000000000000e+03
2.599000000000000000e+03
2.615000000000000000e+03
2.690000000000000000e+03
2.739000000000000000e+03
2.801000000000000000e+03
2.855000000000000000e+03
2.902000000000000000e+03
2.907000000000000000e+03
2.922000000000000000e+03
3.022000000000000000e+03
3.102000000000000000e+03
3.225000000000000000e+03
3.316000000000000000e+03
3.356000000000000000e+03
3.424000000000000000e+03
3.452000000000000000e+03
3.536000000000000000e+03
3.626000000000000000e+03
3.728000000000000000e+03
3.842000000000000000e+03
3.876000000000000000e+03
3.917000000000000000e+03
3.989000000000000000e+03
4.042000000000000000e+03
4.163000000000000000e+03
4.300000000000000000e+03
4.526000000000000000e+03
4.614000000000000000e+03
4.636000000000000000e+03
4.727000000000000000e+03
4.888000000000000000e+03
5.066000000000000000e+03
5.252000000000000000e+03
5.453000000000000000e+03
5.532000000000000000e+03
5.580000000000000000e+03
5.768000000000000000e+03
5.860000000000000000e+03
6.021000000000000000e+03
6.256000000000000000e+03
6.546000000000000000e+03
6.677000000000000000e+03
6.756000000000000000e+03
6.931000000000000000e+03
7.269000000000000000e+03
7.629000000000000000e+03
8.048000000000000000e+03
8.600000000000000000e+03
9.078000000000000000e+03
9.343000000000000000e+03
9.574000000000000000e+03
1.014100000000000000e+04
1.093800000000000000e+04
1.161700000000000000e+04
1.232100000000000000e+04
1.313900000000000000e+04
1.349200000000000000e+04
1.381200000000000000e+04
1.468900000000000000e+04
1.572600000000000000e+04
1.691000000000000000e+04
1.879700000000000000e+04
1.985100000000000000e+04
2.035500000000000000e+04
2.088600000000000000e+04
2.229600000000000000e+04
2.422500000000000000e+04
2.630000000000000000e+04
2.826800000000000000e+04
2.983500000000000000e+04
3.069500000000000000e+04
3.140000000000000000e+04
3.360200000000000000e+04
3.533000000000000000e+04
3.791100000000000000e+04
4.080100000000000000e+04
4.384300000000000000e+04
4.515500000000000000e+04
4.605600000000000000e+04
4.894300000000000000e+04
5.172800000000000000e+04
5.509100000000000000e+04
5.766400000000000000e+04
5.994600000000000000e+04
6.182900000000000000e+04
6.355600000000000000e+04
6.677200000000000000e+04
6.873400000000000000e+04
7.108800000000000000e+04
7.366700000000000000e+04
7.549500000000000000e+04
7.607200000000000000e+04
7.712300000000000000e+04
7.918100000000000000e+04
8.177200000000000000e+04
8.379600000000000000e+04
8.556700000000000000e+04
8.676700000000000000e+04
8.727600000000000000e+04
8.860200000000000000e+04
8.991300000000000000e+04
9.157800000000000000e+04
9.339600000000000000e+04
9.525700000000000000e+04
9.624100000000000000e+04
9.647200000000000000e+04
9.749300000000000000e+04
9.930400000000000000e+04
1.012570000000000000e+05
1.031060000000000000e+05
1.046320000000000000e+05
1.057330000000000000e+05
1.059290000000000000e+05
1.071830000000000000e+05
1.092260000000000000e+05
1.112080000000000000e+05
1.133920000000000000e+05
1.154620000000000000e+05
1.167310000000000000e+05
1.172830000000000000e+05
1.192320000000000000e+05
1.217960000000000000e+05
1.249210000000000000e+05
1.270870000000000000e+05
1.307940000000000000e+05
1.329840000000000000e+05
1.334890000000000000e+05
1.355230000000000000e+05
1.390880000000000000e+05
1.421330000000000000e+05
1.461240000000000000e+05
1.492750000000000000e+05
1.513360000000000000e+05
1.525550000000000000e+05
1.552180000000000000e+05
1.589050000000000000e+05
1.615620000000000000e+05
1.656080000000000000e+05
1.666490000000000000e+05
1.675230000000000000e+05
1.680920000000000000e+05
1.701870000000000000e+05
1.732280000000000000e+05
1.795430000000000000e+05
1.845080000000000000e+05
1.862440000000000000e+05
1.874630000000000000e+05
1.880990000000000000e+05
1.910880000000000000e+05
1.960470000000000000e+05
1.981840000000000000e+05
2.011640000000000000e+05
2.052360000000000000e+05
2.082090000000000000e+05
2.090690000000000000e+05
2.114790000000000000e+05
2.150550000000000000e+05
2.179780000000000000e+05
2.207070000000000000e+05
2.227520000000000000e+05
2.233250000000000000e+05
2.243850000000000000e+05
2.262940000000000000e+05
2.287780000000000000e+05
2.312420000000000000e+05
2.330270000000000000e+05
2.345710000000000000e+05
2.364760000000000000e+05
2.370270000000000000e+05
2.386170000000000000e+05
2.413920000000000000e+05
2.434270000000000000e+05
2.460080000000000000e+05
2.481900000000000000e+05
2.499130000000000000e+05
2.503570000000000000e+05
2.520940000000000000e+05
2.548260000000000000e+05
2.569030000000000000e+05
2.595330000000000000e+05
2.617740000000000000e+05
2.633260000000000000e+05
2.640830000000000000e+05
2.658070000000000000e+05
2.689860000000000000e+05
2.714730000000000000e+05
2.739040000000000000e+05
2.762340000000000000e+05
2.776820000000000000e+05
2.782540000000000000e+05
2.796960000000000000e+05
2.828640000000000000e+05
2.854190000000000000e+05
2.877520000000000000e+05
2.904570000000000000e+05
2.921430000000000000e+05
2.927920000000000000e+05
2.947900000000000000e+05
2.983370000000000000e+05
3.007750000000000000e+05
3.034200000000000000e+05
3.062680000000000000e+05
3.080830000000000000e+05
3.089250000000000000e+05
3.110020000000000000e+05
3.143590000000000000e+05
3.171590000000000000e+05
3.195820000000000000e+05
3.221040000000000000e+05
3.233900000000000000e+05
3.237860000000000000e+05
3.259930000000000000e+05
3.295930000000000000e+05
3.315710000000000000e+05
3.338720000000000000e+05
3.362350000000000000e+05
3.375030000000000000e+05
3.379600000000000000e+05
3.395380000000000000e+05
3.424300000000000000e+05
3.444700000000000000e+05
3.461490000000000000e+05
3.479440000000000000e+05
3.488690000000000000e+05
3.492700000000000000e+05
3.505510000000000000e+05
3.525280000000000000e+05
3.541820000000000000e+05
3.554540000000000000e+05
3.569850000000000000e+05
3.579100000000000000e+05
3.581150000000000000e+05
3.593300000000000000e+05
3.611850000000000000e+05
3.624890000000000000e+05
3.638740000000000000e+05
3.646220000000000000e+05
3.652420000000000000e+05
3.654000000000000000e+05
3.657330000000000000e+05
3.668940000000000000e+05
3.684700000000000000e+05
3.693930000000000000e+05
3.704730000000000000e+05
3.710620000000000000e+05
3.711680000000000000e+05
3.720380000000000000e+05
3.731070000000000000e+05
3.739500000000000000e+05
3.745860000000000000e+05
3.753360000000000000e+05
3.759740000000000000e+05
3.760670000000000000e+05
3.767090000000000000e+05
3.774730000000000000e+05
3.781500000000000000e+05
3.786350000000000000e+05
3.794760000000000000e+05
3.799110000000000000e+05
3.800100000000000000e+05
3.804980000000000000e+05
3.811800000000000000e+05
3.817440000000000000e+05
3.822110000000000000e+05
3.827200000000000000e+05
3.830980000000000000e+05
3.832280000000000000e+05
3.836090000000000000e+05
3.843170000000000000e+05
3.846600000000000000e+05
3.850220000000000000e+05
3.853950000000000000e+05
3.854750000000000000e+05
3.857860000000000000e+05
3.861360000000000000e+05
3.865400000000000000e+05
3.868680000000000000e+05
3.871620000000000000e+05
3.874200000000000000e+05
3.875230000000000000e+05
3.876590000000000000e+05
3.878920000000000000e+05
3.881380000000000000e+05
3.883910000000000000e+05
3.885290000000000000e+05
3.887190000000000000e+05
3.888350000000000000e+05
3.888540000000000000e+05
3.889860000000000000e+05
3.891760000000000000e+05
3.893440000000000000e+05
3.894400000000000000e+05
3.894400000000000000e+05
3.896900000000000000e+05
3.897210000000000000e+05
3.898660000000000000e+05
3.899900000000000000e+05
3.901290000000000000e+05
3.902230000000000000e+05
3.903400000000000000e+05
3.904360000000000000e+05
3.904510000000000000e+05
3.905460000000000000e+05
3.906930000000000000e+05
3.908090000000000000e+05
3.908930000000000000e+05
3.909840000000000000e+05
3.910260000000000000e+05
3.910380000000000000e+05
3.910870000000000000e+05
3.911490000000000000e+05
3.912100000000000000e+05
3.912480000000000000e+05
3.912480000000000000e+05
3.912480000000000000e+05
3.913260000000000000e+05
3.913850000000000000e+05
3.914200000000000000e+05
3.914560000000000000e+05
3.914900000000000000e+05
3.915310000000000000e+05
3.915510000000000000e+05
3.915660000000000000e+05
3.916090000000000000e+05
3.916420000000000000e+05
3.916590000000000000e+05
3.916760000000000000e+05
3.916960000000000000e+05
3.917170000000000000e+05
3.917200000000000000e+05
3.917350000000000000e+05
3.917800000000000000e+05
3.918130000000000000e+05
3.918520000000000000e+05
3.918930000000000000e+05
3.919180000000000000e+05
3.919250000000000000e+05
3.919530000000000000e+05
3.919710000000000000e+05
3.920000000000000000e+05
3.920340000000000000e+05
3.920340000000000000e+05
3.921000000000000000e+05
3.921040000000000000e+05
3.921390000000000000e+05
3.921850000000000000e+05
3.922190000000000000e+05
3.922590000000000000e+05
3.922590000000000000e+05
3.923480000000000000e+05
3.923550000000000000e+05
3.924060000000000000e+05
3.924880000000000000e+05
3.925370000000000000e+05
3.925810000000000000e+05
3.926470000000000000e+05
3.927040000000000000e+05
