0.000000000000000000e+00
0.000000000000000000e+00
0.000000000000000000e+00
0.000000000000000000e+00
0.000000000000000000e+00
0.000000000000000000e+00
0.000000000000000000e+00
0.000000000000000000e+00
0.000000000000000000e+00
0.000000000000000000e+00
0.000000000000000000e+00
0.000000000000000000e+00
0.000000000000000000e+00
0.000000000000000000e+00
0.000000000000000000e+00
0.000000000000000000e+00
0.000000000000000000e+00
0.000000000000000000e+00
0.000000000000000000e+00
0.000000000000000000e+00
0.000000000000000000e+00
0.000000000000000000e+00
0.000000000000000000e+00
0.000000000000000000e+00
0.000000000000000000e+00
0.000000000000000000e+00
0.000000000000000000e+00
0.000000000000000000e+00
0.000000000000000000e+00
0.000000000000000000e+00
0.000000000000000000e+00
0.000000000000000000e+00
0.000000000000000000e+00
0.000000000000000000e+00
0.000000000000000000e+00
0.000000000000000000e+00
0.000000000000000000e+00
0.000000000000000000e+00
0.000000000000000000e+00
0.000000000000000000e+00
0.000000000000000000e+00
0.000000000000000000e+00
0.000000000000000000e+00
0.000000000000000000e+00
1.000000000000000000e+00
0.000000000000000000e+00
2.000000000000000000e+00
0.000000000000000000e+00
4.000000000000000000e+00
3.000000000000000000e+00
6.000000000000000000e+00
1.600000000000000000e+01
1.200000000000000000e+01
1.000000000000000000e+01
9.000000000000000000e+00
9.000000000000000000e+00
3.300000000000000000e+01
1.800000000000000000e+01
1.400000000000000000e+01
4.100000000000000000e+01
7.000000000000000000e+00
1.000000000000000000e+00
1.800000000000000000e+01
1.200000000000000000e+01
1.000000000000000000e+01
4.300000000000000000e+01
2.300000000000000000e+01
2.200000000000000000e+01
2.200000000000000000e+01
2.700000000000000000e+01
3.700000000000000000e+01
2.600000000000000000e+01
2.400000000000000000e+01
2.100000000000000000e+01
1.400000000000000000e+01
4.900000000000000000e+01
4.700000000000000000e+01
1.010000000000000000e+02
1.900000000000000000e+01
1.400000000000000000e+01
1.300000000000000000e+01
1.400000000000000000e+01
2.700000000000000000e+01
6.600000000000000000e+01
2.800000000000000000e+01
1.140000000000000000e+02
7.200000000000000000e+01
4.000000000000000000e+01
7.200000000000000000e+01
1.200000000000000000e+01
2.600000000000000000e+01
4.500000000000000000e+01
8.100000000000000000e+01
3.500000000000000000e+01
1.300000000000000000e+01
6.000000000000000000e+00
2.000000000000000000e+00
3.000000000000000000e+00
7.000000000000000000e+00
5.000000000000000000e+00
7.000000000000000000e+00
4.000000000000000000e+00
1.000000000000000000e+00
5.000000000000000000e+00
8.000000000000000000e+00
8.000000000000000000e+00
1.600000000000000000e+01
1.000000000000000000e+01
0.000000000000000000e+00
2.000000000000000000e+00
0.000000000000000000e+00
8.000000000000000000e+00
4.000000000000000000e+00
8.000000000000000000e+00
3.000000000000000000e+00
1.300000000000000000e+01
1.000000000000000000e+00
1.000000000000000000e+00
0.000000000000000000e+00
1.000000000000000000e+00
6.000000000000000000e+00
1.000000000000000000e+00
1.000000000000000000e+00
5.000000000000000000e+00
2.000000000000000000e+00
2.000000000000000000e+00
2.000000000000000000e+00
5.000000000000000000e+00
0.000000000000000000e+00
1.000000000000000000e+00
0.000000000000000000e+00
1.000000000000000000e+00
0.000000000000000000e+00
3.000000000000000000e+00
1.000000000000000000e+00
0.000000000000000000e+00
2.000000000000000000e+00
0.000000000000000000e+00
2.000000000000000000e+00
1.000000000000000000e+00
2.000000000000000000e+00
8.000000000000000000e+00
1.000000000000000000e+00
3.000000000000000000e+00
3.000000000000000000e+00
4.000000000000000000e+00
0.000000000000000000e+00
9.000000000000000000e+00
1.000000000000000000e+00
1.400000000000000000e+01
1.000000000000000000e+01
1.000000000000000000e+00
1.000000000000000000e+00
1.000000000000000000e+00
1.800000000000000000e+01
2.300000000000000000e+01
1.300000000000000000e+01
1.400000000000000000e+01
7.000000000000000000e+00
1.000000000000000000e+00
2.000000000000000000e+00
2.000000000000000000e+01
1.300000000000000000e+01
2.000000000000000000e+01
2.900000000000000000e+01
1.500000000000000000e+01
1.000000000000000000e+00
2.000000000000000000e+00
3.100000000000000000e+01
5.300000000000000000e+01
1.900000000000000000e+01
2.300000000000000000e+01
8.000000000000000000e+00
1.000000000000000000e+00
6.000000000000000000e+00
1.900000000000000000e+01
2.400000000000000000e+01
1.400000000000000000e+01
1.100000000000000000e+01
3.000000000000000000e+00
1.000000000000000000e+00
4.100000000000000000e+01
3.700000000000000000e+01
3.100000000000000000e+01
2.900000000000000000e+01
2.300000000000000000e+01
3.800000000000000000e+01
2.000000000000000000e+00
2.300000000000000000e+01
4.100000000000000000e+01
2.000000000000000000e+01
2.700000000000000000e+01
4.500000000000000000e+01
7.000000000000000000e+00
1.000000000000000000e+01
1.400000000000000000e+01
4.900000000000000000e+01
6.300000000000000000e+01
4.300000000000000000e+01
4.300000000000000000e+01
3.000000000000000000e+01
3.000000000000000000e+00
1.600000000000000000e+01
7.500000000000000000e+01
4.900000000000000000e+01
6.200000000000000000e+01
5.400000000000000000e+01
4.700000000000000000e+01
5.000000000000000000e+00
1.500000000000000000e+01
1.000000000000000000e+02
8.000000000000000000e+01
1.230000000000000000e+02
9.100000000000000000e+01
4.000000000000000000e+01
6.800000000000000000e+01
2.800000000000000000e+01
8.400000000000000000e+01
9.000000000000000000e+01
1.020000000000000000e+02
1.140000000000000000e+02
3.400000000000000000e+01
4.100000000000000000e+01
7.200000000000000000e+01
5.300000000000000000e+01
1.210000000000000000e+02
1.370000000000000000e+02
2.260000000000000000e+02
8.800000000000000000e+01
2.200000000000000000e+01
9.100000000000000000e+01
1.610000000000000000e+02
1.780000000000000000e+02
1.860000000000000000e+02
2.010000000000000000e+02
7.900000000000000000e+01
4.800000000000000000e+01
1.880000000000000000e+02
9.200000000000000000e+01
1.610000000000000000e+02
2.350000000000000000e+02
2.900000000000000000e+02
1.310000000000000000e+02
7.900000000000000000e+01
1.750000000000000000e+02
3.380000000000000000e+02
3.600000000000000000e+02
4.190000000000000000e+02
5.520000000000000000e+02
4.780000000000000000e+02
2.650000000000000000e+02
2.310000000000000000e+02
5.670000000000000000e+02
7.970000000000000000e+02
6.790000000000000000e+02
7.040000000000000000e+02
8.180000000000000000e+02
3.530000000000000000e+02
3.200000000000000000e+02
8.770000000000000000e+02
1.037000000000000000e+03
1.184000000000000000e+03
1.887000000000000000e+03
1.054000000000000000e+03
5.040000000000000000e+02
5.310000000000000000e+02
1.410000000000000000e+03
1.929000000000000000e+03
2.075000000000000000e+03
1.968000000000000000e+03
1.567000000000000000e+03
8.600000000000000000e+02
7.050000000000000000e+02
2.202000000000000000e+03
1.728000000000000000e+03
2.581000000000000000e+03
2.890000000000000000e+03
3.042000000000000000e+03
1.312000000000000000e+03
9.010000000000000000e+02
2.887000000000000000e+03
2.785000000000000000e+03
3.363000000000000000e+03
2.573000000000000000e+03
2.282000000000000000e+03
1.883000000000000000e+03
1.727000000000000000e+03
3.216000000000000000e+03
1.962000000000000000e+03
2.354000000000000000e+03
2.579000000000000000e+03
1.828000000000000000e+03
5.770000000000000000e+02
1.051000000000000000e+03
2.058000000000000000e+03
2.591000000000000000e+03
2.024000000000000000e+03
1.771000000000000000e+03
1.200000000000000000e+03
5.090000000000000000e+02
1.326000000000000000e+03
1.311000000000000000e+03
1.665000000000000000e+03
1.818000000000000000e+03
1.861000000000000000e+03
9.840000000000000000e+02
2.310000000000000000e+02
1.021000000000000000e+03
1.811000000000000000e+03
1.953000000000000000e+03
1.849000000000000000e+03
1.526000000000000000e+03
1.101000000000000000e+03
1.960000000000000000e+02
1.254000000000000000e+03
2.043000000000000000e+03
1.982000000000000000e+03
2.184000000000000000e+03
2.070000000000000000e+03
1.269000000000000000e+03
5.520000000000000000e+02
1.949000000000000000e+03
2.564000000000000000e+03
3.125000000000000000e+03
2.166000000000000000e+03
3.707000000000000000e+03
2.190000000000000000e+03
5.050000000000000000e+02
2.034000000000000000e+03
3.565000000000000000e+03
3.045000000000000000e+03
3.991000000000000000e+03
3.151000000000000000e+03
2.061000000000000000e+03
1.219000000000000000e+03
2.663000000000000000e+03
3.687000000000000000e+03
2.657000000000000000e+03
4.046000000000000000e+03
1.041000000000000000e+03
8.740000000000000000e+02
5.690000000000000000e+02
2.095000000000000000e+03
3.041000000000000000e+03
6.315000000000000000e+03
4.965000000000000000e+03
1.736000000000000000e+03
1.219000000000000000e+03
6.360000000000000000e+02
2.989000000000000000e+03
4.959000000000000000e+03
2.137000000000000000e+03
2.980000000000000000e+03
4.072000000000000000e+03
2.973000000000000000e+03
8.600000000000000000e+02
2.410000000000000000e+03
3.576000000000000000e+03
2.923000000000000000e+03
2.729000000000000000e+03
2.045000000000000000e+03
5.730000000000000000e+02
1.060000000000000000e+03
1.909000000000000000e+03
2.484000000000000000e+03
2.464000000000000000e+03
1.785000000000000000e+03
1.544000000000000000e+03
1.905000000000000000e+03
5.510000000000000000e+02
1.590000000000000000e+03
2.775000000000000000e+03
2.035000000000000000e+03
2.581000000000000000e+03
2.182000000000000000e+03
1.723000000000000000e+03
4.440000000000000000e+02
1.737000000000000000e+03
2.732000000000000000e+03
2.077000000000000000e+03
2.630000000000000000e+03
2.241000000000000000e+03
1.552000000000000000e+03
7.570000000000000000e+02
1.724000000000000000e+03
3.179000000000000000e+03
2.487000000000000000e+03
2.431000000000000000e+03
2.330000000000000000e+03
1.448000000000000000e+03
5.720000000000000000e+02
1.442000000000000000e+03
3.168000000000000000e+03
2.555000000000000000e+03
2.333000000000000000e+03
2.705000000000000000e+03
1.686000000000000000e+03
6.490000000000000000e+02
1.998000000000000000e+03
3.547000000000000000e+03
2.438000000000000000e+03
2.645000000000000000e+03
2.848000000000000000e+03
1.815000000000000000e+03
8.420000000000000000e+02
2.077000000000000000e+03
3.357000000000000000e+03
2.800000000000000000e+03
2.423000000000000000e+03
2.522000000000000000e+03
1.286000000000000000e+03
3.960000000000000000e+02
2.207000000000000000e+03
3.600000000000000000e+03
1.978000000000000000e+03
2.301000000000000000e+03
2.363000000000000000e+03
1.268000000000000000e+03
4.570000000000000000e+02
1.578000000000000000e+03
2.892000000000000000e+03
2.040000000000000000e+03
1.679000000000000000e+03
1.795000000000000000e+03
9.250000000000000000e+02
4.010000000000000000e+02
1.281000000000000000e+03
1.977000000000000000e+03
1.654000000000000000e+03
1.272000000000000000e+03
1.531000000000000000e+03
9.250000000000000000e+02
2.050000000000000000e+02
1.215000000000000000e+03
1.855000000000000000e+03
1.304000000000000000e+03
1.385000000000000000e+03
7.480000000000000000e+02
6.200000000000000000e+02
1.580000000000000000e+02
3.330000000000000000e+02
1.161000000000000000e+03
1.576000000000000000e+03
9.230000000000000000e+02
1.080000000000000000e+03
5.890000000000000000e+02
1.060000000000000000e+02
8.700000000000000000e+02
1.069000000000000000e+03
8.430000000000000000e+02
6.360000000000000000e+02
7.500000000000000000e+02
6.380000000000000000e+02
9.300000000000000000e+01
6.420000000000000000e+02
7.640000000000000000e+02
6.770000000000000000e+02
4.850000000000000000e+02
8.410000000000000000e+02
4.350000000000000000e+02
9.900000000000000000e+01
4.880000000000000000e+02
6.820000000000000000e+02
5.640000000000000000e+02
4.670000000000000000e+02
5.090000000000000000e+02
3.780000000000000000e+02
1.300000000000000000e+02
3.810000000000000000e+02
7.080000000000000000e+02
3.430000000000000000e+02
3.620000000000000000e+02
3.730000000000000000e+02
8.000000000000000000e+01
3.110000000000000000e+02
3.500000000000000000e+02
4.040000000000000000e+02
3.280000000000000000e+02
2.940000000000000000e+02
2.580000000000000000e+02
1.030000000000000000e+02
1.360000000000000000e+02
2.330000000000000000e+02
2.460000000000000000e+02
2.530000000000000000e+02
1.380000000000000000e+02
1.900000000000000000e+02
1.160000000000000000e+02
1.900000000000000000e+01
1.320000000000000000e+02
1.900000000000000000e+02
1.680000000000000000e+02
9.600000000000000000e+01
0.000000000000000000e+00
2.500000000000000000e+02
3.100000000000000000e+01
1.450000000000000000e+02
1.240000000000000000e+02
1.390000000000000000e+02
9.400000000000000000e+01
1.170000000000000000e+02
9.600000000000000000e+01
1.500000000000000000e+01
9.500000000000000000e+01
1.470000000000000000e+02
1.160000000000000000e+02
8.400000000000000000e+01
9.100000000000000000e+01
4.200000000000000000e+01
1.200000000000000000e+01
4.900000000000000000e+01
6.200000000000000000e+01
6.100000000000000000e+01
3.800000000000000000e+01
0.000000000000000000e+00
0.000000000000000000e+00
7.800000000000000000e+01
5.900000000000000000e+01
3.500000000000000000e+01
3.600000000000000000e+01
3.400000000000000000e+01
4.100000000000000000e+01
2.000000000000000000e+01
1.500000000000000000e+01
4.300000000000000000e+01
3.300000000000000000e+01
1.700000000000000000e+01
1.700000000000000000e+01
2.000000000000000000e+01
2.100000000000000000e+01
3.000000000000000000e+00
1.500000000000000000e+01
4.500000000000000000e+01
3.300000000000000000e+01
3.900000000000000000e+01
4.100000000000000000e+01
2.500000000000000000e+01
7.000000000000000000e+00
2.800000000000000000e+01
1.800000000000000000e+01
2.900000000000000000e+01
3.400000000000000000e+01
0.000000000000000000e+00
6.600000000000000000e+01
4.000000000000000000e+00
3.500000000000000000e+01
4.600000000000000000e+01
3.400000000000000000e+01
4.000000000000000000e+01
0.000000000000000000e+00
8.900000000000000000e+01
7.000000000000000000e+00
5.100000000000000000e+01
8.200000000000000000e+01
4.900000000000000000e+01
4.400000000000000000e+01
6.600000000000000000e+01
5.700000000000000000e+01
