0.000000000000000000e+00
0.000000000000000000e+00
0.000000000000000000e+00
0.000000000000000000e+00
0.000000000000000000e+00
0.000000000000000000e+00
0.000000000000000000e+00
0.000000000000000000e+00
0.000000000000000000e+00
0.000000000000000000e+00
0.000000000000000000e+00
0.000000000000000000e+00
0.000000000000000000e+00
0.000000000000000000e+00
0.000000000000000000e+00
0.000000000000000000e+00
6.100000000000000000e+01
6.100000000000000000e+01
6.400000000000000000e+01
1.350000000000000000e+02
1.350000000000000000e+02
1.750000000000000000e+02
1.750000000000000000e+02
2.180000000000000000e+02
2.850000000000000000e+02
3.550000000000000000e+02
4.540000000000000000e+02
5.420000000000000000e+02
6.210000000000000000e+02
6.340000000000000000e+02
6.340000000000000000e+02
6.340000000000000000e+02
6.910000000000000000e+02
6.910000000000000000e+02
6.910000000000000000e+02
7.050000000000000000e+02
7.050000000000000000e+02
7.050000000000000000e+02
7.050000000000000000e+02
7.050000000000000000e+02
7.050000000000000000e+02
7.060000000000000000e+02
7.060000000000000000e+02
7.060000000000000000e+02
7.060000000000000000e+02
7.060000000000000000e+02
7.060000000000000000e+02
7.060000000000000000e+02
7.060000000000000000e+02
7.060000000000000000e+02
7.060000000000000000e+02
7.060000000000000000e+02
7.060000000000000000e+02
7.060000000000000000e+02
7.060000000000000000e+02
7.060000000000000000e+02
7.120000000000000000e+02
7.120000000000000000e+02
7.120000000000000000e+02
7.120000000000000000e+02
7.120000000000000000e+02
7.120000000000000000e+02
7.120000000000000000e+02
7.120000000000000000e+02
7.120000000000000000e+02
7.120000000000000000e+02
7.120000000000000000e+02
7.120000000000000000e+02
7.120000000000000000e+02
7.120000000000000000e+02
7.120000000000000000e+02
7.120000000000000000e+02
7.120000000000000000e+02
7.120000000000000000e+02
7.120000000000000000e+02
7.120000000000000000e+02
7.120000000000000000e+02
7.120000000000000000e+02
7.120000000000000000e+02
7.120000000000000000e+02
7.120000000000000000e+02
7.120000000000000000e+02
7.120000000000000000e+02
7.120000000000000000e+02
7.120000000000000000e+02
7.120000000000000000e+02
7.120000000000000000e+02
7.120000000000000000e+02
7.120000000000000000e+02
7.120000000000000000e+02
7.120000000000000000e+02
7.120000000000000000e+02
7.120000000000000000e+02
7.120000000000000000e+02
7.120000000000000000e+02
7.120000000000000000e+02
7.120000000000000000e+02
7.120000000000000000e+02
7.120000000000000000e+02
7.120000000000000000e+02
7.120000000000000000e+02
7.120000000000000000e+02
7.120000000000000000e+02
7.120000000000000000e+02
7.120000000000000000e+02
7.120000000000000000e+02
7.120000000000000000e+02
7.120000000000000000e+02
7.120000000000000000e+02
7.120000000000000000e+02
7.120000000000000000e+02
7.120000000000000000e+02
7.120000000000000000e+02
7.120000000000000000e+02
7.120000000000000000e+02
7.120000000000000000e+02
7.120000000000000000e+02
7.120000000000000000e+02
7.120000000000000000e+02
7.120000000000000000e+02
7.120000000000000000e+02
7.120000000000000000e+02
7.120000000000000000e+02
7.120000000000000000e+02
7.120000000000000000e+02
7.120000000000000000e+02
7.120000000000000000e+02
7.120000000000000000e+02
7.120000000000000000e+02
7.120000000000000000e+02
7.120000000000000000e+02
7.120000000000000000e+02
7.120000000000000000e+02
7.120000000000000000e+02
7.120000000000000000e+02
7.120000000000000000e+02
7.120000000000000000e+02
7.120000000000000000e+02
7.120000000000000000e+02
7.120000000000000000e+02
7.120000000000000000e+02
7.120000000000000000e+02
7.120000000000000000e+02
7.120000000000000000e+02
7.120000000000000000e+02
7.120000000000000000e+02
7.120000000000000000e+02
7.120000000000000000e+02
7.120000000000000000e+02
7.120000000000000000e+02
7.120000000000000000e+02
7.120000000000000000e+02
7.120000000000000000e+02
7.120000000000000000e+02
7.120000000000000000e+02
7.120000000000000000e+02
7.120000000000000000e+02
7.120000000000000000e+02
7.120000000000000000e+02
7.120000000000000000e+02
7.120000000000000000e+02
7.120000000000000000e+02
7.120000000000000000e+02
7.120000000000000000e+02
7.120000000000000000e+02
7.120000000000000000e+02
7.120000000000000000e+02
7.120000000000000000e+02
7.120000000000000000e+02
7.120000000000000000e+02
7.120000000000000000e+02
7.120000000000000000e+02
7.120000000000000000e+02
7.120000000000000000e+02
7.120000000000000000e+02
7.120000000000000000e+02
7.120000000000000000e+02
7.120000000000000000e+02
7.120000000000000000e+02
7.120000000000000000e+02
7.120000000000000000e+02
7.120000000000000000e+02
7.120000000000000000e+02
7.120000000000000000e+02
7.120000000000000000e+02
7.120000000000000000e+02
7.120000000000000000e+02
7.120000000000000000e+02
7.120000000000000000e+02
7.120000000000000000e+02
7.120000000000000000e+02
7.120000000000000000e+02
7.120000000000000000e+02
7.120000000000000000e+02
7.120000000000000000e+02
7.120000000000000000e+02
7.120000000000000000e+02
7.120000000000000000e+02
7.120000000000000000e+02
7.120000000000000000e+02
7.120000000000000000e+02
7.120000000000000000e+02
7.120000000000000000e+02
7.120000000000000000e+02
7.120000000000000000e+02
7.120000000000000000e+02
7.120000000000000000e+02
7.120000000000000000e+02
7.120000000000000000e+02
7.120000000000000000e+02
7.120000000000000000e+02
7.120000000000000000e+02
7.120000000000000000e+02
7.120000000000000000e+02
7.120000000000000000e+02
7.120000000000000000e+02
7.120000000000000000e+02
7.120000000000000000e+02
7.120000000000000000e+02
7.120000000000000000e+02
7.120000000000000000e+02
7.120000000000000000e+02
7.120000000000000000e+02
7.120000000000000000e+02
7.120000000000000000e+02
7.120000000000000000e+02
7.120000000000000000e+02
7.120000000000000000e+02
7.120000000000000000e+02
7.120000000000000000e+02
7.120000000000000000e+02
7.120000000000000000e+02
7.120000000000000000e+02
7.120000000000000000e+02
7.120000000000000000e+02
7.120000000000000000e+02
7.120000000000000000e+02
7.120000000000000000e+02
7.120000000000000000e+02
7.120000000000000000e+02
7.120000000000000000e+02
7.120000000000000000e+02
7.120000000000000000e+02
7.120000000000000000e+02
7.120000000000000000e+02
7.120000000000000000e+02
7.120000000000000000e+02
7.120000000000000000e+02
7.120000000000000000e+02
7.120000000000000000e+02
7.120000000000000000e+02
7.120000000000000000e+02
7.120000000000000000e+02
7.120000000000000000e+02
7.120000000000000000e+02
7.120000000000000000e+02
7.120000000000000000e+02
7.120000000000000000e+02
7.120000000000000000e+02
7.120000000000000000e+02
7.120000000000000000e+02
7.120000000000000000e+02
7.120000000000000000e+02
7.120000000000000000e+02
7.120000000000000000e+02
7.120000000000000000e+02
7.120000000000000000e+02
7.120000000000000000e+02
7.120000000000000000e+02
7.120000000000000000e+02
7.120000000000000000e+02
7.120000000000000000e+02
7.120000000000000000e+02
7.120000000000000000e+02
7.120000000000000000e+02
7.120000000000000000e+02
7.120000000000000000e+02
7.120000000000000000e+02
7.120000000000000000e+02
7.120000000000000000e+02
7.120000000000000000e+02
7.120000000000000000e+02
7.120000000000000000e+02
7.120000000000000000e+02
7.120000000000000000e+02
7.120000000000000000e+02
7.120000000000000000e+02
7.120000000000000000e+02
7.120000000000000000e+02
7.120000000000000000e+02
7.120000000000000000e+02
7.120000000000000000e+02
7.120000000000000000e+02
7.120000000000000000e+02
7.120000000000000000e+02
7.120000000000000000e+02
7.120000000000000000e+02
7.120000000000000000e+02
7.120000000000000000e+02
7.120000000000000000e+02
7.120000000000000000e+02
7.120000000000000000e+02
7.120000000000000000e+02
7.120000000000000000e+02
7.120000000000000000e+02
7.120000000000000000e+02
7.120000000000000000e+02
7.120000000000000000e+02
7.120000000000000000e+02
7.120000000000000000e+02
7.120000000000000000e+02
7.120000000000000000e+02
7.120000000000000000e+02
7.120000000000000000e+02
7.120000000000000000e+02
7.120000000000000000e+02
7.120000000000000000e+02
7.120000000000000000e+02
7.120000000000000000e+02
7.120000000000000000e+02
7.120000000000000000e+02
7.120000000000000000e+02
7.120000000000000000e+02
7.120000000000000000e+02
7.120000000000000000e+02
7.120000000000000000e+02
7.120000000000000000e+02
7.120000000000000000e+02
7.120000000000000000e+02
7.120000000000000000e+02
7.120000000000000000e+02
7.120000000000000000e+02
7.120000000000000000e+02
7.120000000000000000e+02
7.120000000000000000e+02
7.120000000000000000e+02
7.120000000000000000e+02
7.120000000000000000e+02
7.120000000000000000e+02
7.120000000000000000e+02
7.120000000000000000e+02
7.120000000000000000e+02
7.120000000000000000e+02
7.120000000000000000e+02
7.120000000000000000e+02
7.120000000000000000e+02
7.120000000000000000e+02
7.120000000000000000e+02
7.120000000000000000e+02
7.120000000000000000e+02
7.120000000000000000e+02
7.120000000000000000e+02
7.120000000000000000e+02
7.120000000000000000e+02
7.120000000000000000e+02
7.120000000000000000e+02
7.120000000000000000e+02
7.120000000000000000e+02
7.120000000000000000e+02
7.120000000000000000e+02
7.120000000000000000e+02
7.120000000000000000e+02
7.120000000000000000e+02
7.120000000000000000e+02
7.120000000000000000e+02
7.120000000000000000e+02
7.120000000000000000e+02
7.120000000000000000e+02
7.120000000000000000e+02
7.120000000000000000e+02
7.120000000000000000e+02
7.120000000000000000e+02
7.120000000000000000e+02
7.120000000000000000e+02
7.120000000000000000e+02
7.120000000000000000e+02
7.120000000000000000e+02
7.120000000000000000e+02
7.120000000000000000e+02
7.120000000000000000e+02
7.120000000000000000e+02
7.120000000000000000e+02
7.120000000000000000e+02
7.120000000000000000e+02
7.120000000000000000e+02
7.120000000000000000e+02
7.120000000000000000e+02
7.120000000000000000e+02
7.120000000000000000e+02
7.120000000000000000e+02
7.120000000000000000e+02
7.120000000000000000e+02
7.120000000000000000e+02
7.120000000000000000e+02
7.120000000000000000e+02
7.120000000000000000e+02
7.120000000000000000e+02
7.120000000000000000e+02
7.120000000000000000e+02
7.120000000000000000e+02
7.120000000000000000e+02
7.120000000000000000e+02
7.120000000000000000e+02
7.120000000000000000e+02
7.120000000000000000e+02
7.120000000000000000e+02
7.120000000000000000e+02
7.120000000000000000e+02
7.120000000000000000e+02
7.120000000000000000e+02
7.120000000000000000e+02
7.120000000000000000e+02
7.120000000000000000e+02
7.120000000000000000e+02
7.120000000000000000e+02
7.120000000000000000e+02
7.120000000000000000e+02
7.120000000000000000e+02
7.120000000000000000e+02
7.120000000000000000e+02
7.120000000000000000e+02
7.120000000000000000e+02
7.120000000000000000e+02
7.120000000000000000e+02
7.120000000000000000e+02
7.120000000000000000e+02
7.120000000000000000e+02
7.120000000000000000e+02
7.120000000000000000e+02
7.120000000000000000e+02
7.120000000000000000e+02
7.120000000000000000e+02
7.120000000000000000e+02
7.120000000000000000e+02
7.120000000000000000e+02
7.120000000000000000e+02
7.120000000000000000e+02
7.120000000000000000e+02
7.120000000000000000e+02
7.120000000000000000e+02
7.120000000000000000e+02
7.120000000000000000e+02
7.120000000000000000e+02
7.120000000000000000e+02
7.120000000000000000e+02
7.120000000000000000e+02
7.120000000000000000e+02
7.120000000000000000e+02
7.120000000000000000e+02
7.120000000000000000e+02
7.120000000000000000e+02
7.120000000000000000e+02
7.120000000000000000e+02
7.120000000000000000e+02
7.120000000000000000e+02
7.120000000000000000e+02
7.120000000000000000e+02
7.120000000000000000e+02
7.120000000000000000e+02
7.120000000000000000e+02
7.120000000000000000e+02
7.120000000000000000e+02
7.120000000000000000e+02
7.120000000000000000e+02
7.120000000000000000e+02
7.120000000000000000e+02
7.120000000000000000e+02
7.120000000000000000e+02
7.120000000000000000e+02
7.120000000000000000e+02
7.120000000000000000e+02
7.120000000000000000e+02
7.120000000000000000e+02
7.120000000000000000e+02
7.120000000000000000e+02
7.120000000000000000e+02
7.120000000000000000e+02
7.120000000000000000e+02
7.120000000000000000e+02
7.120000000000000000e+02
7.120000000000000000e+02
7.120000000000000000e+02
7.120000000000000000e+02
7.120000000000000000e+02
7.120000000000000000e+02
7.120000000000000000e+02
7.120000000000000000e+02
7.120000000000000000e+02
7.120000000000000000e+02
7.120000000000000000e+02
7.120000000000000000e+02
7.120000000000000000e+02
7.120000000000000000e+02
7.120000000000000000e+02
7.120000000000000000e+02
7.120000000000000000e+02
7.120000000000000000e+02
7.120000000000000000e+02
7.120000000000000000e+02
7.120000000000000000e+02
7.120000000000000000e+02
7.120000000000000000e+02
7.120000000000000000e+02
7.120000000000000000e+02
7.120000000000000000e+02
7.120000000000000000e+02
7.120000000000000000e+02
7.120000000000000000e+02
7.120000000000000000e+02
7.120000000000000000e+02
7.120000000000000000e+02
7.120000000000000000e+02
7.120000000000000000e+02
7.120000000000000000e+02
7.120000000000000000e+02
7.120000000000000000e+02
7.120000000000000000e+02
7.120000000000000000e+02
7.120000000000000000e+02
7.120000000000000000e+02
7.120000000000000000e+02
7.120000000000000000e+02
7.120000000000000000e+02
7.120000000000000000e+02
7.120000000000000000e+02
7.120000000000000000e+02
7.120000000000000000e+02
7.120000000000000000e+02
7.120000000000000000e+02
7.120000000000000000e+02
7.120000000000000000e+02
7.120000000000000000e+02
7.120000000000000000e+02
7.120000000000000000e+02
7.120000000000000000e+02
7.120000000000000000e+02
7.120000000000000000e+02
7.120000000000000000e+02
7.120000000000000000e+02
7.120000000000000000e+02
7.120000000000000000e+02
7.120000000000000000e+02
7.120000000000000000e+02
7.120000000000000000e+02
7.120000000000000000e+02
7.120000000000000000e+02
7.120000000000000000e+02
7.120000000000000000e+02
7.120000000000000000e+02
7.120000000000000000e+02
7.120000000000000000e+02
7.120000000000000000e+02
7.120000000000000000e+02
7.120000000000000000e+02
7.120000000000000000e+02
7.120000000000000000e+02
7.120000000000000000e+02
7.120000000000000000e+02
