0.000000000000000000e+00
0.000000000000000000e+00
0.000000000000000000e+00
3.000000000000000000e+00
4.000000000000000000e+00
4.000000000000000000e+00
4.000000000000000000e+00
7.000000000000000000e+00
8.000000000000000000e+00
8.000000000000000000e+00
8.000000000000000000e+00
8.000000000000000000e+00
8.000000000000000000e+00
1.000000000000000000e+01
1.200000000000000000e+01
1.200000000000000000e+01
1.200000000000000000e+01
1.600000000000000000e+01
1.600000000000000000e+01
1.800000000000000000e+01
1.800000000000000000e+01
1.800000000000000000e+01
1.900000000000000000e+01
1.900000000000000000e+01
2.200000000000000000e+01
2.200000000000000000e+01
2.200000000000000000e+01
2.200000000000000000e+01
2.200000000000000000e+01
2.200000000000000000e+01
2.200000000000000000e+01
2.200000000000000000e+01
2.200000000000000000e+01
2.200000000000000000e+01
2.200000000000000000e+01
2.200000000000000000e+01
2.300000000000000000e+01
2.300000000000000000e+01
2.500000000000000000e+01
2.900000000000000000e+01
2.900000000000000000e+01
3.600000000000000000e+01
5.000000000000000000e+01
5.000000000000000000e+01
8.300000000000000000e+01
9.300000000000000000e+01
9.900000000000000000e+01
1.170000000000000000e+02
1.290000000000000000e+02
1.490000000000000000e+02
1.490000000000000000e+02
1.970000000000000000e+02
2.380000000000000000e+02
4.280000000000000000e+02
5.660000000000000000e+02
6.730000000000000000e+02
7.900000000000000000e+02
9.000000000000000000e+02
1.030000000000000000e+03
1.183000000000000000e+03
1.306000000000000000e+03
1.518000000000000000e+03
1.624000000000000000e+03
1.796000000000000000e+03
2.031000000000000000e+03
2.161000000000000000e+03
2.320000000000000000e+03
2.470000000000000000e+03
2.626000000000000000e+03
2.766000000000000000e+03
2.908000000000000000e+03
3.116000000000000000e+03
3.333000000000000000e+03
3.483000000000000000e+03
3.662000000000000000e+03
3.793000000000000000e+03
3.963000000000000000e+03
4.119000000000000000e+03
4.228000000000000000e+03
4.346000000000000000e+03
4.530000000000000000e+03
4.683000000000000000e+03
4.817000000000000000e+03
4.987000000000000000e+03
5.072000000000000000e+03
5.182000000000000000e+03
5.251000000000000000e+03
5.305000000000000000e+03
5.389000000000000000e+03
5.425000000000000000e+03
5.482000000000000000e+03
5.532000000000000000e+03
5.603000000000000000e+03
5.691000000000000000e+03
5.742000000000000000e+03
5.780000000000000000e+03
5.820000000000000000e+03
5.851000000000000000e+03
5.945000000000000000e+03
6.002000000000000000e+03
6.071000000000000000e+03
6.176000000000000000e+03
6.298000000000000000e+03
6.353000000000000000e+03
6.383000000000000000e+03
6.428000000000000000e+03
6.467000000000000000e+03
6.535000000000000000e+03
6.589000000000000000e+03
6.656000000000000000e+03
6.726000000000000000e+03
6.742000000000000000e+03
6.779000000000000000e+03
6.819000000000000000e+03
6.855000000000000000e+03
6.872000000000000000e+03
6.894000000000000000e+03
6.941000000000000000e+03
6.978000000000000000e+03
7.009000000000000000e+03
7.059000000000000000e+03
7.137000000000000000e+03
7.185000000000000000e+03
7.245000000000000000e+03
7.417000000000000000e+03
7.604000000000000000e+03
7.619000000000000000e+03
7.629000000000000000e+03
7.732000000000000000e+03
7.762000000000000000e+03
7.819000000000000000e+03
7.857000000000000000e+03
7.877000000000000000e+03
7.970000000000000000e+03
8.247000000000000000e+03
8.266000000000000000e+03
8.303000000000000000e+03
8.322000000000000000e+03
8.329000000000000000e+03
8.336000000000000000e+03
8.338000000000000000e+03
8.369000000000000000e+03
8.402000000000000000e+03
8.445000000000000000e+03
8.453000000000000000e+03
8.494000000000000000e+03
8.505000000000000000e+03
8.515000000000000000e+03
8.529000000000000000e+03
8.535000000000000000e+03
8.556000000000000000e+03
8.572000000000000000e+03
8.587000000000000000e+03
8.590000000000000000e+03
8.596000000000000000e+03
8.600000000000000000e+03
8.606000000000000000e+03
8.616000000000000000e+03
8.634000000000000000e+03
8.637000000000000000e+03
8.639000000000000000e+03
8.640000000000000000e+03
8.643000000000000000e+03
8.648000000000000000e+03
8.658000000000000000e+03
8.663000000000000000e+03
8.668000000000000000e+03
8.674000000000000000e+03
8.677000000000000000e+03
8.689000000000000000e+03
8.697000000000000000e+03
8.706000000000000000e+03
8.718000000000000000e+03
8.725000000000000000e+03
8.729000000000000000e+03
8.734000000000000000e+03
8.737000000000000000e+03
8.755000000000000000e+03
8.764000000000000000e+03
8.779000000000000000e+03
8.800000000000000000e+03
8.815000000000000000e+03
8.831000000000000000e+03
8.840000000000000000e+03
8.861000000000000000e+03
8.884000000000000000e+03
8.897000000000000000e+03
8.904000000000000000e+03
8.943000000000000000e+03
8.956000000000000000e+03
8.964000000000000000e+03
8.976000000000000000e+03
8.985000000000000000e+03
8.999000000000000000e+03
9.001000000000000000e+03
9.002000000000000000e+03
9.023000000000000000e+03
9.038000000000000000e+03
9.063000000000000000e+03
9.070000000000000000e+03
9.083000000000000000e+03
9.094000000000000000e+03
9.103000000000000000e+03
9.115000000000000000e+03
9.130000000000000000e+03
9.149000000000000000e+03
9.175000000000000000e+03
9.200000000000000000e+03
9.215000000000000000e+03
9.219000000000000000e+03
9.235000000000000000e+03
9.240000000000000000e+03
9.249000000000000000e+03
9.257000000000000000e+03
9.267000000000000000e+03
9.274000000000000000e+03
9.285000000000000000e+03
9.291000000000000000e+03
9.296000000000000000e+03
9.306000000000000000e+03
9.317000000000000000e+03
9.334000000000000000e+03
9.340000000000000000e+03
9.354000000000000000e+03
9.360000000000000000e+03
9.374000000000000000e+03
9.385000000000000000e+03
9.391000000000000000e+03
9.397000000000000000e+03
9.459000000000000000e+03
9.559000000000000000e+03
9.583000000000000000e+03
9.628000000000000000e+03
9.810000000000000000e+03
9.868000000000000000e+03
9.915000000000000000e+03
9.946000000000000000e+03
9.969000000000000000e+03
1.003100000000000000e+04
1.005200000000000000e+04
1.014700000000000000e+04
1.016700000000000000e+04
1.021900000000000000e+04
1.027600000000000000e+04
1.035800000000000000e+04
1.050500000000000000e+04
1.057600000000000000e+04
1.068700000000000000e+04
1.076900000000000000e+04
1.091900000000000000e+04
1.103400000000000000e+04
1.113500000000000000e+04
1.122400000000000000e+04
1.148400000000000000e+04
1.177100000000000000e+04
1.208800000000000000e+04
1.238100000000000000e+04
1.281300000000000000e+04
1.350400000000000000e+04
1.399300000000000000e+04
1.436800000000000000e+04
1.472200000000000000e+04
1.509600000000000000e+04
1.565700000000000000e+04
1.622000000000000000e+04
1.688000000000000000e+04
1.754000000000000000e+04
1.812900000000000000e+04
1.875800000000000000e+04
1.962700000000000000e+04
2.049800000000000000e+04
2.136300000000000000e+04
2.222500000000000000e+04
2.295700000000000000e+04
2.380400000000000000e+04
2.451400000000000000e+04
2.574200000000000000e+04
2.656500000000000000e+04
2.780500000000000000e+04
2.864000000000000000e+04
2.944100000000000000e+04
3.009000000000000000e+04
3.088900000000000000e+04
3.154800000000000000e+04
3.250500000000000000e+04
3.333900000000000000e+04
3.439300000000000000e+04
3.542500000000000000e+04
3.643400000000000000e+04
3.818900000000000000e+04
3.935700000000000000e+04
4.020900000000000000e+04
4.118100000000000000e+04
4.205000000000000000e+04
4.287200000000000000e+04
4.379100000000000000e+04
4.509500000000000000e+04
4.620900000000000000e+04
4.741700000000000000e+04
4.852000000000000000e+04
4.973000000000000000e+04
5.039000000000000000e+04
5.168000000000000000e+04
5.263800000000000000e+04
5.367900000000000000e+04
5.477500000000000000e+04
5.665900000000000000e+04
5.884700000000000000e+04
5.981700000000000000e+04
6.075200000000000000e+04
6.186100000000000000e+04
6.317600000000000000e+04
6.448500000000000000e+04
6.569700000000000000e+04
6.716900000000000000e+04
6.802000000000000000e+04
6.909500000000000000e+04
7.023600000000000000e+04
7.135900000000000000e+04
7.269400000000000000e+04
7.429400000000000000e+04
7.530600000000000000e+04
7.626500000000000000e+04
7.849900000000000000e+04
8.030900000000000000e+04
8.224600000000000000e+04
8.347500000000000000e+04
8.484600000000000000e+04
8.661800000000000000e+04
8.791300000000000000e+04
8.913300000000000000e+04
9.081600000000000000e+04
9.196900000000000000e+04
9.330900000000000000e+04
9.532700000000000000e+04
9.738900000000000000e+04
9.873700000000000000e+04
1.003180000000000000e+05
1.015650000000000000e+05
1.039000000000000000e+05
1.050960000000000000e+05
1.066920000000000000e+05
1.086150000000000000e+05
1.104850000000000000e+05
1.130100000000000000e+05
1.150780000000000000e+05
1.173730000000000000e+05
1.190770000000000000e+05
1.208180000000000000e+05
1.228450000000000000e+05
1.254380000000000000e+05
1.288480000000000000e+05
1.311080000000000000e+05
1.335590000000000000e+05
1.359920000000000000e+05
1.382240000000000000e+05
1.415330000000000000e+05
1.445180000000000000e+05
1.478550000000000000e+05
1.510660000000000000e+05
1.550950000000000000e+05
1.584340000000000000e+05
1.617400000000000000e+05
1.653710000000000000e+05
1.693790000000000000e+05
1.725490000000000000e+05
1.761800000000000000e+05
1.804550000000000000e+05
1.838010000000000000e+05
1.868490000000000000e+05
1.904340000000000000e+05
1.941140000000000000e+05
1.982080000000000000e+05
2.039330000000000000e+05
2.096610000000000000e+05
2.149590000000000000e+05
2.191730000000000000e+05
2.226280000000000000e+05
2.269120000000000000e+05
2.314830000000000000e+05
2.348740000000000000e+05
2.387210000000000000e+05
2.424520000000000000e+05
2.455520000000000000e+05
2.483160000000000000e+05
2.516040000000000000e+05
2.549880000000000000e+05
2.583060000000000000e+05
2.618050000000000000e+05
2.642690000000000000e+05
2.664450000000000000e+05
2.691650000000000000e+05
2.721630000000000000e+05
2.748750000000000000e+05
2.778110000000000000e+05
2.802720000000000000e+05
2.835690000000000000e+05
2.857610000000000000e+05
2.882290000000000000e+05
2.917740000000000000e+05
2.936980000000000000e+05
2.959510000000000000e+05
2.983150000000000000e+05
3.007520000000000000e+05
3.025800000000000000e+05
3.041350000000000000e+05
3.058800000000000000e+05
3.079430000000000000e+05
3.100970000000000000e+05
3.117770000000000000e+05
3.134600000000000000e+05
3.149890000000000000e+05
3.162690000000000000e+05
3.177170000000000000e+05
3.193640000000000000e+05
3.209390000000000000e+05
3.224090000000000000e+05
3.237630000000000000e+05
3.249710000000000000e+05
3.260340000000000000e+05
3.272530000000000000e+05
3.284660000000000000e+05
3.300420000000000000e+05
3.317130000000000000e+05
3.330400000000000000e+05
3.341560000000000000e+05
3.355400000000000000e+05
3.368080000000000000e+05
3.381680000000000000e+05
3.394430000000000000e+05
3.406420000000000000e+05
3.419440000000000000e+05
3.428850000000000000e+05
3.440180000000000000e+05
3.455000000000000000e+05
3.466780000000000000e+05
3.479720000000000000e+05
3.496100000000000000e+05
3.509590000000000000e+05
3.520290000000000000e+05
3.533290000000000000e+05
3.544680000000000000e+05
3.557530000000000000e+05
3.576070000000000000e+05
3.591170000000000000e+05
3.608560000000000000e+05
3.621730000000000000e+05
3.639400000000000000e+05
3.658290000000000000e+05
3.679770000000000000e+05
3.705280000000000000e+05
3.728590000000000000e+05
3.750540000000000000e+05
3.771320000000000000e+05
3.794730000000000000e+05
3.818130000000000000e+05
3.846880000000000000e+05
3.875350000000000000e+05
3.902520000000000000e+05
3.929420000000000000e+05
3.957180000000000000e+05
3.984510000000000000e+05
4.015930000000000000e+05
4.049250000000000000e+05
4.087130000000000000e+05
4.115940000000000000e+05
4.150120000000000000e+05
4.175120000000000000e+05
4.206320000000000000e+05
4.243760000000000000e+05
4.279270000000000000e+05
4.324250000000000000e+05
4.369440000000000000e+05
4.406770000000000000e+05
4.444840000000000000e+05
4.484570000000000000e+05
4.532220000000000000e+05
4.580770000000000000e+05
4.621900000000000000e+05
4.663300000000000000e+05
4.701100000000000000e+05
4.745560000000000000e+05
4.794210000000000000e+05
4.854960000000000000e+05
4.923020000000000000e+05
4.987950000000000000e+05
5.051150000000000000e+05
5.120910000000000000e+05
5.186000000000000000e+05
5.258890000000000000e+05
5.333670000000000000e+05
5.412240000000000000e+05
5.495140000000000000e+05
5.585340000000000000e+05
5.655330000000000000e+05
5.723570000000000000e+05
5.794620000000000000e+05
5.871650000000000000e+05
5.953740000000000000e+05
6.031220000000000000e+05
6.105740000000000000e+05
6.168150000000000000e+05
6.220860000000000000e+05
6.276520000000000000e+05
6.338910000000000000e+05
6.395620000000000000e+05
6.464110000000000000e+05
6.522040000000000000e+05
6.575350000000000000e+05
6.624570000000000000e+05
6.678760000000000000e+05
6.730260000000000000e+05
6.787640000000000000e+05
6.852040000000000000e+05
6.911150000000000000e+05
6.964080000000000000e+05
7.010190000000000000e+05
7.057620000000000000e+05
7.110060000000000000e+05
7.168470000000000000e+05
7.226590000000000000e+05
7.284620000000000000e+05
7.340480000000000000e+05
7.392660000000000000e+05
7.457030000000000000e+05
7.519790000000000000e+05
7.589670000000000000e+05
7.659490000000000000e+05
7.726070000000000000e+05
7.786520000000000000e+05
7.850390000000000000e+05
7.926930000000000000e+05
7.997900000000000000e+05
8.086580000000000000e+05
8.178380000000000000e+05
8.271910000000000000e+05
8.362960000000000000e+05
8.448700000000000000e+05
8.559490000000000000e+05
8.675670000000000000e+05
8.807820000000000000e+05
8.933230000000000000e+05
9.058510000000000000e+05
9.165610000000000000e+05
9.275330000000000000e+05
9.398990000000000000e+05
9.518840000000000000e+05
9.649180000000000000e+05
9.804910000000000000e+05
9.963930000000000000e+05
1.013438000000000000e+06
1.027954000000000000e+06
1.044071000000000000e+06
1.061476000000000000e+06
1.078646000000000000e+06
1.095486000000000000e+06
1.113272000000000000e+06
1.130422000000000000e+06
