0.000000000000000000e+00
0.000000000000000000e+00
0.000000000000000000e+00
3.000000000000000000e+00
1.000000000000000000e+00
0.000000000000000000e+00
0.000000000000000000e+00
3.000000000000000000e+00
1.000000000000000000e+00
0.000000000000000000e+00
0.000000000000000000e+00
0.000000000000000000e+00
0.000000000000000000e+00
2.000000000000000000e+00
2.000000000000000000e+00
0.000000000000000000e+00
0.000000000000000000e+00
4.000000000000000000e+00
0.000000000000000000e+00
2.000000000000000000e+00
0.000000000000000000e+00
0.000000000000000000e+00
1.000000000000000000e+00
0.000000000000000000e+00
3.000000000000000000e+00
0.000000000000000000e+00
0.000000000000000000e+00
0.000000000000000000e+00
0.000000000000000000e+00
0.000000000000000000e+00
0.000000000000000000e+00
0.000000000000000000e+00
0.000000000000000000e+00
0.000000000000000000e+00
0.000000000000000000e+00
0.000000000000000000e+00
1.000000000000000000e+00
0.000000000000000000e+00
2.000000000000000000e+00
4.000000000000000000e+00
0.000000000000000000e+00
7.000000000000000000e+00
1.400000000000000000e+01
0.000000000000000000e+00
3.300000000000000000e+01
1.000000000000000000e+01
6.000000000000000000e+00
1.800000000000000000e+01
1.200000000000000000e+01
2.000000000000000000e+01
0.000000000000000000e+00
4.800000000000000000e+01
4.100000000000000000e+01
1.900000000000000000e+02
1.380000000000000000e+02
1.070000000000000000e+02
1.170000000000000000e+02
1.100000000000000000e+02
1.300000000000000000e+02
1.530000000000000000e+02
1.230000000000000000e+02
2.120000000000000000e+02
1.060000000000000000e+02
1.720000000000000000e+02
2.350000000000000000e+02
1.300000000000000000e+02
1.590000000000000000e+02
1.500000000000000000e+02
1.560000000000000000e+02
1.400000000000000000e+02
1.420000000000000000e+02
2.080000000000000000e+02
2.170000000000000000e+02
1.500000000000000000e+02
1.790000000000000000e+02
1.310000000000000000e+02
1.700000000000000000e+02
1.560000000000000000e+02
1.090000000000000000e+02
1.180000000000000000e+02
1.840000000000000000e+02
1.530000000000000000e+02
1.340000000000000000e+02
1.700000000000000000e+02
8.500000000000000000e+01
1.100000000000000000e+02
6.900000000000000000e+01
5.400000000000000000e+01
8.400000000000000000e+01
3.600000000000000000e+01
5.700000000000000000e+01
5.000000000000000000e+01
7.100000000000000000e+01
8.800000000000000000e+01
5.100000000000000000e+01
3.800000000000000000e+01
4.000000000000000000e+01
3.100000000000000000e+01
9.400000000000000000e+01
5.700000000000000000e+01
6.900000000000000000e+01
1.050000000000000000e+02
1.220000000000000000e+02
5.500000000000000000e+01
3.000000000000000000e+01
4.500000000000000000e+01
3.900000000000000000e+01
6.800000000000000000e+01
5.400000000000000000e+01
6.700000000000000000e+01
7.000000000000000000e+01
1.600000000000000000e+01
3.700000000000000000e+01
4.000000000000000000e+01
3.600000000000000000e+01
1.700000000000000000e+01
2.200000000000000000e+01
4.700000000000000000e+01
3.700000000000000000e+01
3.100000000000000000e+01
5.000000000000000000e+01
7.800000000000000000e+01
4.800000000000000000e+01
6.000000000000000000e+01
1.720000000000000000e+02
1.870000000000000000e+02
1.500000000000000000e+01
1.000000000000000000e+01
1.030000000000000000e+02
3.000000000000000000e+01
5.700000000000000000e+01
3.800000000000000000e+01
2.000000000000000000e+01
9.300000000000000000e+01
2.770000000000000000e+02
1.900000000000000000e+01
3.700000000000000000e+01
1.900000000000000000e+01
7.000000000000000000e+00
7.000000000000000000e+00
2.000000000000000000e+00
3.100000000000000000e+01
3.300000000000000000e+01
4.300000000000000000e+01
8.000000000000000000e+00
4.100000000000000000e+01
1.100000000000000000e+01
1.000000000000000000e+01
1.400000000000000000e+01
6.000000000000000000e+00
2.100000000000000000e+01
1.600000000000000000e+01
1.500000000000000000e+01
3.000000000000000000e+00
6.000000000000000000e+00
4.000000000000000000e+00
6.000000000000000000e+00
1.000000000000000000e+01
1.800000000000000000e+01
3.000000000000000000e+00
2.000000000000000000e+00
1.000000000000000000e+00
3.000000000000000000e+00
5.000000000000000000e+00
1.000000000000000000e+01
5.000000000000000000e+00
5.000000000000000000e+00
6.000000000000000000e+00
3.000000000000000000e+00
1.200000000000000000e+01
8.000000000000000000e+00
9.000000000000000000e+00
1.200000000000000000e+01
7.000000000000000000e+00
4.000000000000000000e+00
5.000000000000000000e+00
3.000000000000000000e+00
1.800000000000000000e+01
9.000000000000000000e+00
1.500000000000000000e+01
2.100000000000000000e+01
1.500000000000000000e+01
1.600000000000000000e+01
9.000000000000000000e+00
2.100000000000000000e+01
2.300000000000000000e+01
1.300000000000000000e+01
7.000000000000000000e+00
3.900000000000000000e+01
1.300000000000000000e+01
8.000000000000000000e+00
1.200000000000000000e+01
9.000000000000000000e+00
1.400000000000000000e+01
2.000000000000000000e+00
1.000000000000000000e+00
2.100000000000000000e+01
1.500000000000000000e+01
2.500000000000000000e+01
7.000000000000000000e+00
1.300000000000000000e+01
1.100000000000000000e+01
9.000000000000000000e+00
1.200000000000000000e+01
1.500000000000000000e+01
1.900000000000000000e+01
2.600000000000000000e+01
2.500000000000000000e+01
1.500000000000000000e+01
4.000000000000000000e+00
1.600000000000000000e+01
5.000000000000000000e+00
9.000000000000000000e+00
8.000000000000000000e+00
1.000000000000000000e+01
7.000000000000000000e+00
1.100000000000000000e+01
6.000000000000000000e+00
5.000000000000000000e+00
1.000000000000000000e+01
1.100000000000000000e+01
1.700000000000000000e+01
6.000000000000000000e+00
1.400000000000000000e+01
6.000000000000000000e+00
1.400000000000000000e+01
1.100000000000000000e+01
6.000000000000000000e+00
6.000000000000000000e+00
6.200000000000000000e+01
1.000000000000000000e+02
2.400000000000000000e+01
4.500000000000000000e+01
1.820000000000000000e+02
5.800000000000000000e+01
4.700000000000000000e+01
3.100000000000000000e+01
2.300000000000000000e+01
6.200000000000000000e+01
2.100000000000000000e+01
9.500000000000000000e+01
2.000000000000000000e+01
5.200000000000000000e+01
5.700000000000000000e+01
8.200000000000000000e+01
1.470000000000000000e+02
7.100000000000000000e+01
1.110000000000000000e+02
8.200000000000000000e+01
1.500000000000000000e+02
1.150000000000000000e+02
1.010000000000000000e+02
8.900000000000000000e+01
2.600000000000000000e+02
2.870000000000000000e+02
3.170000000000000000e+02
2.930000000000000000e+02
4.320000000000000000e+02
6.910000000000000000e+02
4.890000000000000000e+02
3.750000000000000000e+02
3.540000000000000000e+02
3.740000000000000000e+02
5.610000000000000000e+02
5.630000000000000000e+02
6.600000000000000000e+02
6.600000000000000000e+02
5.890000000000000000e+02
6.290000000000000000e+02
8.690000000000000000e+02
8.710000000000000000e+02
8.650000000000000000e+02
8.620000000000000000e+02
7.320000000000000000e+02
8.470000000000000000e+02
7.100000000000000000e+02
1.228000000000000000e+03
8.230000000000000000e+02
1.240000000000000000e+03
8.350000000000000000e+02
8.010000000000000000e+02
6.490000000000000000e+02
7.990000000000000000e+02
6.590000000000000000e+02
9.570000000000000000e+02
8.340000000000000000e+02
1.054000000000000000e+03
1.032000000000000000e+03
1.009000000000000000e+03
1.755000000000000000e+03
1.168000000000000000e+03
8.520000000000000000e+02
9.720000000000000000e+02
8.690000000000000000e+02
8.220000000000000000e+02
9.190000000000000000e+02
1.304000000000000000e+03
1.114000000000000000e+03
1.208000000000000000e+03
1.103000000000000000e+03
1.210000000000000000e+03
6.600000000000000000e+02
1.290000000000000000e+03
9.580000000000000000e+02
1.041000000000000000e+03
1.096000000000000000e+03
1.884000000000000000e+03
2.188000000000000000e+03
9.700000000000000000e+02
9.350000000000000000e+02
1.109000000000000000e+03
1.315000000000000000e+03
1.309000000000000000e+03
1.212000000000000000e+03
1.472000000000000000e+03
8.510000000000000000e+02
1.075000000000000000e+03
1.141000000000000000e+03
1.123000000000000000e+03
1.335000000000000000e+03
1.600000000000000000e+03
1.012000000000000000e+03
9.590000000000000000e+02
2.234000000000000000e+03
1.810000000000000000e+03
1.937000000000000000e+03
1.229000000000000000e+03
1.371000000000000000e+03
1.772000000000000000e+03
1.295000000000000000e+03
1.220000000000000000e+03
1.683000000000000000e+03
1.153000000000000000e+03
1.340000000000000000e+03
2.018000000000000000e+03
2.062000000000000000e+03
1.348000000000000000e+03
1.581000000000000000e+03
1.247000000000000000e+03
2.335000000000000000e+03
1.196000000000000000e+03
1.596000000000000000e+03
1.923000000000000000e+03
1.870000000000000000e+03
2.525000000000000000e+03
2.068000000000000000e+03
2.295000000000000000e+03
1.704000000000000000e+03
1.741000000000000000e+03
2.027000000000000000e+03
2.593000000000000000e+03
3.410000000000000000e+03
2.260000000000000000e+03
2.451000000000000000e+03
2.433000000000000000e+03
2.232000000000000000e+03
3.309000000000000000e+03
2.985000000000000000e+03
3.337000000000000000e+03
3.211000000000000000e+03
4.029000000000000000e+03
3.339000000000000000e+03
3.306000000000000000e+03
3.631000000000000000e+03
4.008000000000000000e+03
3.170000000000000000e+03
3.631000000000000000e+03
4.275000000000000000e+03
3.346000000000000000e+03
3.048000000000000000e+03
3.585000000000000000e+03
3.680000000000000000e+03
4.094000000000000000e+03
5.725000000000000000e+03
5.728000000000000000e+03
5.298000000000000000e+03
4.214000000000000000e+03
3.455000000000000000e+03
4.284000000000000000e+03
4.571000000000000000e+03
3.391000000000000000e+03
3.847000000000000000e+03
3.731000000000000000e+03
3.100000000000000000e+03
2.764000000000000000e+03
3.288000000000000000e+03
3.384000000000000000e+03
3.318000000000000000e+03
3.499000000000000000e+03
2.464000000000000000e+03
2.176000000000000000e+03
2.720000000000000000e+03
2.998000000000000000e+03
2.712000000000000000e+03
2.936000000000000000e+03
2.461000000000000000e+03
3.297000000000000000e+03
2.192000000000000000e+03
2.468000000000000000e+03
3.545000000000000000e+03
1.924000000000000000e+03
2.253000000000000000e+03
2.364000000000000000e+03
2.437000000000000000e+03
1.828000000000000000e+03
1.555000000000000000e+03
1.745000000000000000e+03
2.063000000000000000e+03
2.154000000000000000e+03
1.680000000000000000e+03
1.683000000000000000e+03
1.529000000000000000e+03
1.280000000000000000e+03
1.448000000000000000e+03
1.647000000000000000e+03
1.575000000000000000e+03
1.470000000000000000e+03
1.354000000000000000e+03
1.208000000000000000e+03
1.063000000000000000e+03
1.219000000000000000e+03
1.213000000000000000e+03
1.576000000000000000e+03
1.671000000000000000e+03
1.327000000000000000e+03
1.116000000000000000e+03
1.384000000000000000e+03
1.268000000000000000e+03
1.360000000000000000e+03
1.275000000000000000e+03
1.199000000000000000e+03
1.302000000000000000e+03
9.410000000000000000e+02
1.133000000000000000e+03
1.482000000000000000e+03
1.178000000000000000e+03
1.294000000000000000e+03
1.638000000000000000e+03
1.349000000000000000e+03
1.070000000000000000e+03
1.300000000000000000e+03
1.139000000000000000e+03
1.285000000000000000e+03
1.854000000000000000e+03
1.510000000000000000e+03
1.739000000000000000e+03
1.317000000000000000e+03
1.767000000000000000e+03
1.889000000000000000e+03
2.148000000000000000e+03
2.551000000000000000e+03
2.331000000000000000e+03
2.195000000000000000e+03
2.078000000000000000e+03
2.341000000000000000e+03
2.340000000000000000e+03
2.875000000000000000e+03
2.847000000000000000e+03
2.717000000000000000e+03
2.690000000000000000e+03
2.776000000000000000e+03
2.733000000000000000e+03
3.142000000000000000e+03
3.332000000000000000e+03
3.788000000000000000e+03
2.881000000000000000e+03
3.418000000000000000e+03
2.500000000000000000e+03
3.120000000000000000e+03
3.744000000000000000e+03
3.551000000000000000e+03
4.498000000000000000e+03
4.519000000000000000e+03
3.733000000000000000e+03
3.807000000000000000e+03
3.973000000000000000e+03
4.765000000000000000e+03
4.855000000000000000e+03
4.113000000000000000e+03
4.140000000000000000e+03
3.780000000000000000e+03
4.446000000000000000e+03
4.865000000000000000e+03
6.075000000000000000e+03
6.806000000000000000e+03
6.493000000000000000e+03
6.320000000000000000e+03
6.976000000000000000e+03
6.509000000000000000e+03
7.289000000000000000e+03
7.478000000000000000e+03
7.857000000000000000e+03
8.290000000000000000e+03
9.020000000000000000e+03
6.999000000000000000e+03
6.824000000000000000e+03
7.105000000000000000e+03
7.703000000000000000e+03
8.209000000000000000e+03
7.748000000000000000e+03
7.452000000000000000e+03
6.241000000000000000e+03
5.271000000000000000e+03
5.566000000000000000e+03
6.239000000000000000e+03
5.671000000000000000e+03
6.849000000000000000e+03
5.793000000000000000e+03
5.331000000000000000e+03
4.922000000000000000e+03
5.419000000000000000e+03
5.150000000000000000e+03
5.738000000000000000e+03
6.440000000000000000e+03
5.911000000000000000e+03
5.293000000000000000e+03
4.611000000000000000e+03
4.743000000000000000e+03
5.244000000000000000e+03
5.841000000000000000e+03
5.812000000000000000e+03
5.803000000000000000e+03
5.586000000000000000e+03
5.218000000000000000e+03
6.437000000000000000e+03
6.276000000000000000e+03
6.988000000000000000e+03
6.982000000000000000e+03
6.658000000000000000e+03
6.045000000000000000e+03
6.387000000000000000e+03
7.654000000000000000e+03
7.097000000000000000e+03
8.868000000000000000e+03
9.180000000000000000e+03
9.353000000000000000e+03
9.105000000000000000e+03
8.574000000000000000e+03
1.107900000000000000e+04
1.161800000000000000e+04
1.321500000000000000e+04
1.254100000000000000e+04
1.252800000000000000e+04
1.071000000000000000e+04
1.097200000000000000e+04
1.236600000000000000e+04
1.198500000000000000e+04
1.303400000000000000e+04
1.557300000000000000e+04
1.590200000000000000e+04
1.704500000000000000e+04
1.451600000000000000e+04
1.611700000000000000e+04
1.740500000000000000e+04
1.717000000000000000e+04
1.684000000000000000e+04
1.778600000000000000e+04
1.715000000000000000e+04
