0.000000000000000000e+00
0.000000000000000000e+00
0.000000000000000000e+00
0.000000000000000000e+00
0.000000000000000000e+00
0.000000000000000000e+00
0.000000000000000000e+00
0.000000000000000000e+00
0.000000000000000000e+00
0.000000000000000000e+00
0.000000000000000000e+00
0.000000000000000000e+00
0.000000000000000000e+00
0.000000000000000000e+00
0.000000000000000000e+00
0.000000000000000000e+00
0.000000000000000000e+00
0.000000000000000000e+00
0.000000000000000000e+00
0.000000000000000000e+00
0.000000000000000000e+00
0.000000000000000000e+00
0.000000000000000000e+00
0.000000000000000000e+00
0.000000000000000000e+00
0.000000000000000000e+00
0.000000000000000000e+00
0.000000000000000000e+00
0.000000000000000000e+00
0.000000000000000000e+00
0.000000000000000000e+00
0.000000000000000000e+00
0.000000000000000000e+00
1.000000000000000000e+00
1.100000000000000000e+01
2.600000000000000000e+01
4.300000000000000000e+01
4.500000000000000000e+01
4.500000000000000000e+01
4.500000000000000000e+01
5.600000000000000000e+01
5.600000000000000000e+01
5.600000000000000000e+01
5.800000000000000000e+01
5.800000000000000000e+01
6.100000000000000000e+01
6.400000000000000000e+01
6.400000000000000000e+01
6.900000000000000000e+01
7.200000000000000000e+01
8.000000000000000000e+01
8.000000000000000000e+01
1.040000000000000000e+02
1.120000000000000000e+02
1.230000000000000000e+02
1.300000000000000000e+02
1.420000000000000000e+02
1.480000000000000000e+02
1.590000000000000000e+02
1.760000000000000000e+02
1.880000000000000000e+02
1.890000000000000000e+02
1.910000000000000000e+02
1.950000000000000000e+02
2.080000000000000000e+02
2.250000000000000000e+02
2.350000000000000000e+02
2.550000000000000000e+02
2.660000000000000000e+02
2.890000000000000000e+02
3.170000000000000000e+02
3.420000000000000000e+02
4.170000000000000000e+02
4.790000000000000000e+02
5.560000000000000000e+02
6.650000000000000000e+02
7.430000000000000000e+02
8.550000000000000000e+02
9.100000000000000000e+02
9.930000000000000000e+02
1.154000000000000000e+03
1.234000000000000000e+03
1.300000000000000000e+03
1.355000000000000000e+03
1.405000000000000000e+03
1.524000000000000000e+03
1.658000000000000000e+03
1.751000000000000000e+03
1.915000000000000000e+03
1.995000000000000000e+03
2.080000000000000000e+03
2.248000000000000000e+03
2.399000000000000000e+03
2.614000000000000000e+03
2.892000000000000000e+03
3.075000000000000000e+03
3.288000000000000000e+03
3.440000000000000000e+03
3.740000000000000000e+03
4.024000000000000000e+03
4.377000000000000000e+03
4.619000000000000000e+03
4.983000000000000000e+03
5.278000000000000000e+03
5.804000000000000000e+03
6.289000000000000000e+03
6.567000000000000000e+03
7.208000000000000000e+03
7.623000000000000000e+03
8.688000000000000000e+03
9.286000000000000000e+03
1.027700000000000000e+04
1.102800000000000000e+04
1.197500000000000000e+04
1.286000000000000000e+04
1.380200000000000000e+04
1.485000000000000000e+04
1.569100000000000000e+04
1.676400000000000000e+04
1.756800000000000000e+04
1.860900000000000000e+04
1.956400000000000000e+04
2.046400000000000000e+04
2.130200000000000000e+04
2.196700000000000000e+04
2.257500000000000000e+04
2.326700000000000000e+04
2.411200000000000000e+04
2.518400000000000000e+04
2.619200000000000000e+04
2.704300000000000000e+04
2.776200000000000000e+04
2.864900000000000000e+04
2.935900000000000000e+04
2.992100000000000000e+04
3.064400000000000000e+04
3.113100000000000000e+04
3.184800000000000000e+04
3.251000000000000000e+04
3.314000000000000000e+04
3.382300000000000000e+04
3.443200000000000000e+04
3.495200000000000000e+04
3.546600000000000000e+04
3.592000000000000000e+04
3.643100000000000000e+04
3.695800000000000000e+04
3.753300000000000000e+04
3.807400000000000000e+04
3.867800000000000000e+04
3.914500000000000000e+04
3.965000000000000000e+04
4.029100000000000000e+04
4.103300000000000000e+04
4.187900000000000000e+04
4.278800000000000000e+04
4.370300000000000000e+04
4.439100000000000000e+04
4.494200000000000000e+04
4.552400000000000000e+04
4.619500000000000000e+04
4.694000000000000000e+04
4.785900000000000000e+04
4.867200000000000000e+04
4.930300000000000000e+04
4.994100000000000000e+04
5.064400000000000000e+04
5.124500000000000000e+04
5.200700000000000000e+04
5.284000000000000000e+04
5.358000000000000000e+04
5.405800000000000000e+04
5.489400000000000000e+04
5.550800000000000000e+04
5.617400000000000000e+04
5.687700000000000000e+04
5.766800000000000000e+04
5.822100000000000000e+04
5.890400000000000000e+04
5.920400000000000000e+04
5.976300000000000000e+04
6.043400000000000000e+04
6.118500000000000000e+04
6.187200000000000000e+04
6.262500000000000000e+04
6.330900000000000000e+04
6.377300000000000000e+04
6.437900000000000000e+04
6.514900000000000000e+04
6.590300000000000000e+04
6.652900000000000000e+04
6.695700000000000000e+04
6.744800000000000000e+04
6.791100000000000000e+04
6.829900000000000000e+04
6.877400000000000000e+04
6.942500000000000000e+04
7.004500000000000000e+04
7.072700000000000000e+04
7.119900000000000000e+04
7.171300000000000000e+04
7.240000000000000000e+04
7.306800000000000000e+04
7.378500000000000000e+04
7.448600000000000000e+04
7.518500000000000000e+04
7.569700000000000000e+04
7.620500000000000000e+04
7.682700000000000000e+04
7.747000000000000000e+04
7.814500000000000000e+04
7.876700000000000000e+04
7.926900000000000000e+04
7.995700000000000000e+04
8.052800000000000000e+04
8.096000000000000000e+04
8.157300000000000000e+04
8.227100000000000000e+04
8.294500000000000000e+04
8.357800000000000000e+04
8.422400000000000000e+04
8.463600000000000000e+04
8.510900000000000000e+04
8.581100000000000000e+04
8.647800000000000000e+04
8.737800000000000000e+04
8.824300000000000000e+04
8.896300000000000000e+04
8.958200000000000000e+04
9.038700000000000000e+04
9.124400000000000000e+04
9.208200000000000000e+04
9.282200000000000000e+04
9.347500000000000000e+04
9.421100000000000000e+04
9.476400000000000000e+04
9.547200000000000000e+04
9.630100000000000000e+04
9.699900000000000000e+04
9.782400000000000000e+04
9.852800000000000000e+04
9.904900000000000000e+04
9.943400000000000000e+04
9.996400000000000000e+04
1.006830000000000000e+05
1.012990000000000000e+05
1.018510000000000000e+05
1.024410000000000000e+05
1.031990000000000000e+05
1.035440000000000000e+05
1.039810000000000000e+05
1.045680000000000000e+05
1.051820000000000000e+05
1.056760000000000000e+05
1.060870000000000000e+05
1.064580000000000000e+05
1.070250000000000000e+05
1.075920000000000000e+05
1.082680000000000000e+05
1.087430000000000000e+05
1.094410000000000000e+05
1.100760000000000000e+05
1.105680000000000000e+05
1.111160000000000000e+05
1.118930000000000000e+05
1.127370000000000000e+05
1.132690000000000000e+05
1.140150000000000000e+05
1.147440000000000000e+05
1.154830000000000000e+05
1.161460000000000000e+05
1.168320000000000000e+05
1.177180000000000000e+05
1.185310000000000000e+05
1.194200000000000000e+05
1.202320000000000000e+05
1.209270000000000000e+05
1.216350000000000000e+05
1.223170000000000000e+05
1.230920000000000000e+05
1.239060000000000000e+05
1.246660000000000000e+05
1.253370000000000000e+05
1.259260000000000000e+05
1.265340000000000000e+05
1.272930000000000000e+05
1.280800000000000000e+05
1.288430000000000000e+05
1.296380000000000000e+05
1.304630000000000000e+05
1.312050000000000000e+05
1.317430000000000000e+05
1.324780000000000000e+05
1.333810000000000000e+05
1.341590000000000000e+05
1.349320000000000000e+05
1.356500000000000000e+05
1.363410000000000000e+05
1.368400000000000000e+05
1.373290000000000000e+05
1.378850000000000000e+05
1.383370000000000000e+05
1.388220000000000000e+05
1.393080000000000000e+05
1.397340000000000000e+05
1.400560000000000000e+05
1.403930000000000000e+05
1.407950000000000000e+05
1.412170000000000000e+05
1.415470000000000000e+05
1.418760000000000000e+05
1.421950000000000000e+05
1.424260000000000000e+05
1.426350000000000000e+05
1.429920000000000000e+05
1.432600000000000000e+05
1.435740000000000000e+05
1.439170000000000000e+05
1.441640000000000000e+05
1.443690000000000000e+05
1.445990000000000000e+05
1.449000000000000000e+05
1.452040000000000000e+05
1.454950000000000000e+05
1.457890000000000000e+05
1.460440000000000000e+05
1.462180000000000000e+05
1.464490000000000000e+05
1.467100000000000000e+05
1.469710000000000000e+05
1.471920000000000000e+05
1.475310000000000000e+05
1.477750000000000000e+05
1.479790000000000000e+05
1.482090000000000000e+05
1.485070000000000000e+05
1.487730000000000000e+05
1.490170000000000000e+05
1.492770000000000000e+05
1.494490000000000000e+05
1.496530000000000000e+05
1.498570000000000000e+05
1.500930000000000000e+05
1.502980000000000000e+05
1.505840000000000000e+05
1.508690000000000000e+05
1.510740000000000000e+05
1.513430000000000000e+05
1.517150000000000000e+05
1.520270000000000000e+05
1.524380000000000000e+05
1.529780000000000000e+05
1.534730000000000000e+05
1.539000000000000000e+05
1.543140000000000000e+05
1.548410000000000000e+05
1.553350000000000000e+05
1.558740000000000000e+05
1.564340000000000000e+05
1.569640000000000000e+05
1.573990000000000000e+05
1.577770000000000000e+05
1.582440000000000000e+05
1.588220000000000000e+05
1.592640000000000000e+05
1.598340000000000000e+05
1.603670000000000000e+05
1.609010000000000000e+05
1.612850000000000000e+05
1.617770000000000000e+05
1.622820000000000000e+05
1.628620000000000000e+05
1.634500000000000000e+05
1.641080000000000000e+05
1.646220000000000000e+05
1.652570000000000000e+05
1.658430000000000000e+05
1.666540000000000000e+05
1.674100000000000000e+05
1.682500000000000000e+05
1.691900000000000000e+05
1.700360000000000000e+05
1.709980000000000000e+05
1.719940000000000000e+05
1.729960000000000000e+05
1.739830000000000000e+05
1.750310000000000000e+05
1.760520000000000000e+05
1.769030000000000000e+05
1.777010000000000000e+05
1.785240000000000000e+05
1.794880000000000000e+05
1.805050000000000000e+05
1.814840000000000000e+05
1.824600000000000000e+05
1.833220000000000000e+05
1.840900000000000000e+05
1.849890000000000000e+05
1.860040000000000000e+05
1.870050000000000000e+05
1.880240000000000000e+05
1.890460000000000000e+05
1.898900000000000000e+05
1.908520000000000000e+05
1.920310000000000000e+05
1.933720000000000000e+05
1.947810000000000000e+05
1.964970000000000000e+05
1.981100000000000000e+05
1.994280000000000000e+05
2.005720000000000000e+05
2.018980000000000000e+05
2.030550000000000000e+05
2.043880000000000000e+05
2.058930000000000000e+05
2.072490000000000000e+05
2.084600000000000000e+05
2.095230000000000000e+05
2.108550000000000000e+05
2.121690000000000000e+05
2.136730000000000000e+05
2.150670000000000000e+05
2.165860000000000000e+05
2.179330000000000000e+05
2.191250000000000000e+05
2.204550000000000000e+05
2.217430000000000000e+05
2.230420000000000000e+05
2.244320000000000000e+05
2.259800000000000000e+05
2.271780000000000000e+05
2.282990000000000000e+05
2.295500000000000000e+05
2.308210000000000000e+05
2.321030000000000000e+05
2.335210000000000000e+05
2.347540000000000000e+05
2.359890000000000000e+05
2.371920000000000000e+05
2.385490000000000000e+05
2.399520000000000000e+05
2.414690000000000000e+05
2.428480000000000000e+05
2.443250000000000000e+05
2.457040000000000000e+05
2.470940000000000000e+05
2.487290000000000000e+05
2.502730000000000000e+05
2.516750000000000000e+05
2.530660000000000000e+05
2.544720000000000000e+05
2.558600000000000000e+05
2.569870000000000000e+05
2.584970000000000000e+05
2.598680000000000000e+05
2.613070000000000000e+05
2.627660000000000000e+05
2.641980000000000000e+05
2.654040000000000000e+05
2.669490000000000000e+05
2.682350000000000000e+05
2.696810000000000000e+05
2.711450000000000000e+05
2.725620000000000000e+05
2.739910000000000000e+05
2.752700000000000000e+05
2.765860000000000000e+05
2.778320000000000000e+05
2.790850000000000000e+05
2.805360000000000000e+05
2.817720000000000000e+05
2.829810000000000000e+05
2.840760000000000000e+05
2.850680000000000000e+05
2.860460000000000000e+05
2.871990000000000000e+05
2.881840000000000000e+05
2.892430000000000000e+05
2.900060000000000000e+05
2.908010000000000000e+05
2.916290000000000000e+05
2.924900000000000000e+05
2.935740000000000000e+05
2.946930000000000000e+05
2.958610000000000000e+05
2.972060000000000000e+05
2.982230000000000000e+05
2.992150000000000000e+05
3.004550000000000000e+05
3.018630000000000000e+05
3.030390000000000000e+05
3.041990000000000000e+05
3.055830000000000000e+05
3.067170000000000000e+05
3.078120000000000000e+05
3.092220000000000000e+05
3.105010000000000000e+05
3.118460000000000000e+05
3.132890000000000000e+05
3.145690000000000000e+05
3.159000000000000000e+05
3.171970000000000000e+05
3.186760000000000000e+05
3.202570000000000000e+05
3.216480000000000000e+05
3.233570000000000000e+05
3.250140000000000000e+05
3.264510000000000000e+05
3.279630000000000000e+05
3.295260000000000000e+05
3.310130000000000000e+05
3.325700000000000000e+05
3.342160000000000000e+05
3.358740000000000000e+05
3.373710000000000000e+05
3.390320000000000000e+05
3.409670000000000000e+05
3.429290000000000000e+05
3.447990000000000000e+05
3.465600000000000000e+05
3.482620000000000000e+05
3.499230000000000000e+05
3.514810000000000000e+05
3.531330000000000000e+05
3.548510000000000000e+05
3.566870000000000000e+05
3.585110000000000000e+05
3.604060000000000000e+05
3.620180000000000000e+05
3.636720000000000000e+05
3.656490000000000000e+05
3.676420000000000000e+05
3.692270000000000000e+05
3.709320000000000000e+05
3.725490000000000000e+05
3.741040000000000000e+05
3.755940000000000000e+05
3.773640000000000000e+05
3.790760000000000000e+05
3.806990000000000000e+05
3.820840000000000000e+05
3.833470000000000000e+05
3.845730000000000000e+05
3.857620000000000000e+05
3.868690000000000000e+05
3.879120000000000000e+05
3.888810000000000000e+05
3.898680000000000000e+05
3.907940000000000000e+05
3.917810000000000000e+05
3.926170000000000000e+05
3.936050000000000000e+05
3.945380000000000000e+05
3.954790000000000000e+05
3.963320000000000000e+05
3.970980000000000000e+05
3.978310000000000000e+05
3.985380000000000000e+05
