0.000000000000000000e+00
0.000000000000000000e+00
0.000000000000000000e+00
0.000000000000000000e+00
0.000000000000000000e+00
0.000000000000000000e+00
0.000000000000000000e+00
0.000000000000000000e+00
0.000000000000000000e+00
0.000000000000000000e+00
0.000000000000000000e+00
0.000000000000000000e+00
0.000000000000000000e+00
0.000000000000000000e+00
0.000000000000000000e+00
0.000000000000000000e+00
0.000000000000000000e+00
0.000000000000000000e+00
0.000000000000000000e+00
0.000000000000000000e+00
0.000000000000000000e+00
0.000000000000000000e+00
0.000000000000000000e+00
0.000000000000000000e+00
0.000000000000000000e+00
0.000000000000000000e+00
0.000000000000000000e+00
0.000000000000000000e+00
0.000000000000000000e+00
0.000000000000000000e+00
0.000000000000000000e+00
0.000000000000000000e+00
0.000000000000000000e+00
1.000000000000000000e+00
1.000000000000000000e+01
1.500000000000000000e+01
1.700000000000000000e+01
2.000000000000000000e+00
0.000000000000000000e+00
0.000000000000000000e+00
1.100000000000000000e+01
0.000000000000000000e+00
0.000000000000000000e+00
2.000000000000000000e+00
0.000000000000000000e+00
3.000000000000000000e+00
3.000000000000000000e+00
0.000000000000000000e+00
5.000000000000000000e+00
3.000000000000000000e+00
8.000000000000000000e+00
0.000000000000000000e+00
2.400000000000000000e+01
8.000000000000000000e+00
1.100000000000000000e+01
7.000000000000000000e+00
1.200000000000000000e+01
6.000000000000000000e+00
1.100000000000000000e+01
1.700000000000000000e+01
1.200000000000000000e+01
1.000000000000000000e+00
2.000000000000000000e+00
4.000000000000000000e+00
1.300000000000000000e+01
1.700000000000000000e+01
1.000000000000000000e+01
2.000000000000000000e+01
1.100000000000000000e+01
2.300000000000000000e+01
2.800000000000000000e+01
2.500000000000000000e+01
7.500000000000000000e+01
6.200000000000000000e+01
7.700000000000000000e+01
1.090000000000000000e+02
7.800000000000000000e+01
1.120000000000000000e+02
5.500000000000000000e+01
8.300000000000000000e+01
1.610000000000000000e+02
8.000000000000000000e+01
6.600000000000000000e+01
5.500000000000000000e+01
5.000000000000000000e+01
1.190000000000000000e+02
1.340000000000000000e+02
9.300000000000000000e+01
1.640000000000000000e+02
8.000000000000000000e+01
8.500000000000000000e+01
1.680000000000000000e+02
1.510000000000000000e+02
2.150000000000000000e+02
2.780000000000000000e+02
1.830000000000000000e+02
2.130000000000000000e+02
1.520000000000000000e+02
3.000000000000000000e+02
2.840000000000000000e+02
3.530000000000000000e+02
2.420000000000000000e+02
3.640000000000000000e+02
2.950000000000000000e+02
5.260000000000000000e+02
4.850000000000000000e+02
2.780000000000000000e+02
6.410000000000000000e+02
4.150000000000000000e+02
1.065000000000000000e+03
5.980000000000000000e+02
9.910000000000000000e+02
7.510000000000000000e+02
9.470000000000000000e+02
8.850000000000000000e+02
9.420000000000000000e+02
1.048000000000000000e+03
8.410000000000000000e+02
1.073000000000000000e+03
8.040000000000000000e+02
1.041000000000000000e+03
9.550000000000000000e+02
9.000000000000000000e+02
8.380000000000000000e+02
6.650000000000000000e+02
6.080000000000000000e+02
6.920000000000000000e+02
8.450000000000000000e+02
1.072000000000000000e+03
1.008000000000000000e+03
8.510000000000000000e+02
7.190000000000000000e+02
8.870000000000000000e+02
7.100000000000000000e+02
5.620000000000000000e+02
7.230000000000000000e+02
4.870000000000000000e+02
7.170000000000000000e+02
6.620000000000000000e+02
6.300000000000000000e+02
6.830000000000000000e+02
6.090000000000000000e+02
5.200000000000000000e+02
5.140000000000000000e+02
4.540000000000000000e+02
5.110000000000000000e+02
5.270000000000000000e+02
5.750000000000000000e+02
5.410000000000000000e+02
6.040000000000000000e+02
4.670000000000000000e+02
5.050000000000000000e+02
6.410000000000000000e+02
7.420000000000000000e+02
8.460000000000000000e+02
9.090000000000000000e+02
9.150000000000000000e+02
6.880000000000000000e+02
5.510000000000000000e+02
5.820000000000000000e+02
6.710000000000000000e+02
7.450000000000000000e+02
9.190000000000000000e+02
8.130000000000000000e+02
6.310000000000000000e+02
6.380000000000000000e+02
7.030000000000000000e+02
6.010000000000000000e+02
7.620000000000000000e+02
8.330000000000000000e+02
7.400000000000000000e+02
4.780000000000000000e+02
8.360000000000000000e+02
6.140000000000000000e+02
6.660000000000000000e+02
7.030000000000000000e+02
7.910000000000000000e+02
5.530000000000000000e+02
6.830000000000000000e+02
3.000000000000000000e+02
5.590000000000000000e+02
6.710000000000000000e+02
7.510000000000000000e+02
6.870000000000000000e+02
7.530000000000000000e+02
6.840000000000000000e+02
4.640000000000000000e+02
6.060000000000000000e+02
7.700000000000000000e+02
7.540000000000000000e+02
6.260000000000000000e+02
4.280000000000000000e+02
4.910000000000000000e+02
4.630000000000000000e+02
3.880000000000000000e+02
4.750000000000000000e+02
6.510000000000000000e+02
6.200000000000000000e+02
6.820000000000000000e+02
4.720000000000000000e+02
5.140000000000000000e+02
6.870000000000000000e+02
6.680000000000000000e+02
7.170000000000000000e+02
7.010000000000000000e+02
6.990000000000000000e+02
5.120000000000000000e+02
5.080000000000000000e+02
6.220000000000000000e+02
6.430000000000000000e+02
6.750000000000000000e+02
6.220000000000000000e+02
5.020000000000000000e+02
6.880000000000000000e+02
5.710000000000000000e+02
4.320000000000000000e+02
6.130000000000000000e+02
6.980000000000000000e+02
6.740000000000000000e+02
6.330000000000000000e+02
6.460000000000000000e+02
4.120000000000000000e+02
4.730000000000000000e+02
7.020000000000000000e+02
6.670000000000000000e+02
9.000000000000000000e+02
8.650000000000000000e+02
7.200000000000000000e+02
6.190000000000000000e+02
8.050000000000000000e+02
8.570000000000000000e+02
8.380000000000000000e+02
7.400000000000000000e+02
6.530000000000000000e+02
7.360000000000000000e+02
5.530000000000000000e+02
7.080000000000000000e+02
8.290000000000000000e+02
6.980000000000000000e+02
8.250000000000000000e+02
7.040000000000000000e+02
5.210000000000000000e+02
3.850000000000000000e+02
5.300000000000000000e+02
7.190000000000000000e+02
6.160000000000000000e+02
5.520000000000000000e+02
5.900000000000000000e+02
7.580000000000000000e+02
3.450000000000000000e+02
4.370000000000000000e+02
5.870000000000000000e+02
6.140000000000000000e+02
4.940000000000000000e+02
4.110000000000000000e+02
3.710000000000000000e+02
5.670000000000000000e+02
5.670000000000000000e+02
6.760000000000000000e+02
4.750000000000000000e+02
6.980000000000000000e+02
6.350000000000000000e+02
4.920000000000000000e+02
5.480000000000000000e+02
7.770000000000000000e+02
8.440000000000000000e+02
5.320000000000000000e+02
7.460000000000000000e+02
7.290000000000000000e+02
7.390000000000000000e+02
6.630000000000000000e+02
6.860000000000000000e+02
8.860000000000000000e+02
8.130000000000000000e+02
8.890000000000000000e+02
8.120000000000000000e+02
6.950000000000000000e+02
7.080000000000000000e+02
6.820000000000000000e+02
7.750000000000000000e+02
8.140000000000000000e+02
7.600000000000000000e+02
6.710000000000000000e+02
5.890000000000000000e+02
6.080000000000000000e+02
7.590000000000000000e+02
7.870000000000000000e+02
7.630000000000000000e+02
7.950000000000000000e+02
8.250000000000000000e+02
7.420000000000000000e+02
5.380000000000000000e+02
7.350000000000000000e+02
9.030000000000000000e+02
7.780000000000000000e+02
7.730000000000000000e+02
7.180000000000000000e+02
6.910000000000000000e+02
4.990000000000000000e+02
4.890000000000000000e+02
5.560000000000000000e+02
4.520000000000000000e+02
4.850000000000000000e+02
4.860000000000000000e+02
4.260000000000000000e+02
3.220000000000000000e+02
3.370000000000000000e+02
4.020000000000000000e+02
4.220000000000000000e+02
3.300000000000000000e+02
3.290000000000000000e+02
3.190000000000000000e+02
2.310000000000000000e+02
2.090000000000000000e+02
3.570000000000000000e+02
2.680000000000000000e+02
3.140000000000000000e+02
3.430000000000000000e+02
2.470000000000000000e+02
2.050000000000000000e+02
2.300000000000000000e+02
3.010000000000000000e+02
3.040000000000000000e+02
2.910000000000000000e+02
2.940000000000000000e+02
2.550000000000000000e+02
1.740000000000000000e+02
2.310000000000000000e+02
2.610000000000000000e+02
2.610000000000000000e+02
2.210000000000000000e+02
3.390000000000000000e+02
2.440000000000000000e+02
2.040000000000000000e+02
2.300000000000000000e+02
2.980000000000000000e+02
2.660000000000000000e+02
2.440000000000000000e+02
2.600000000000000000e+02
1.720000000000000000e+02
2.040000000000000000e+02
2.040000000000000000e+02
2.360000000000000000e+02
2.050000000000000000e+02
2.860000000000000000e+02
2.850000000000000000e+02
2.050000000000000000e+02
2.690000000000000000e+02
3.720000000000000000e+02
3.120000000000000000e+02
4.110000000000000000e+02
5.400000000000000000e+02
4.950000000000000000e+02
4.270000000000000000e+02
4.140000000000000000e+02
5.270000000000000000e+02
4.940000000000000000e+02
5.390000000000000000e+02
5.600000000000000000e+02
5.300000000000000000e+02
4.350000000000000000e+02
3.780000000000000000e+02
4.670000000000000000e+02
5.780000000000000000e+02
4.420000000000000000e+02
5.700000000000000000e+02
5.330000000000000000e+02
5.340000000000000000e+02
3.840000000000000000e+02
4.920000000000000000e+02
5.050000000000000000e+02
5.800000000000000000e+02
5.880000000000000000e+02
6.580000000000000000e+02
5.140000000000000000e+02
6.350000000000000000e+02
5.860000000000000000e+02
8.110000000000000000e+02
7.560000000000000000e+02
8.400000000000000000e+02
9.400000000000000000e+02
8.460000000000000000e+02
9.620000000000000000e+02
9.960000000000000000e+02
1.002000000000000000e+03
9.870000000000000000e+02
1.048000000000000000e+03
1.021000000000000000e+03
8.510000000000000000e+02
7.980000000000000000e+02
8.230000000000000000e+02
9.640000000000000000e+02
1.017000000000000000e+03
9.790000000000000000e+02
9.760000000000000000e+02
8.620000000000000000e+02
7.680000000000000000e+02
8.990000000000000000e+02
1.015000000000000000e+03
1.001000000000000000e+03
1.019000000000000000e+03
1.022000000000000000e+03
8.440000000000000000e+02
9.620000000000000000e+02
1.179000000000000000e+03
1.341000000000000000e+03
1.409000000000000000e+03
1.716000000000000000e+03
1.613000000000000000e+03
1.318000000000000000e+03
1.144000000000000000e+03
1.326000000000000000e+03
1.157000000000000000e+03
1.333000000000000000e+03
1.505000000000000000e+03
1.356000000000000000e+03
1.211000000000000000e+03
1.063000000000000000e+03
1.332000000000000000e+03
1.314000000000000000e+03
1.504000000000000000e+03
1.394000000000000000e+03
1.519000000000000000e+03
1.347000000000000000e+03
1.192000000000000000e+03
1.330000000000000000e+03
1.288000000000000000e+03
1.299000000000000000e+03
1.390000000000000000e+03
1.548000000000000000e+03
1.198000000000000000e+03
1.121000000000000000e+03
1.251000000000000000e+03
1.271000000000000000e+03
1.282000000000000000e+03
1.418000000000000000e+03
1.233000000000000000e+03
1.235000000000000000e+03
1.203000000000000000e+03
1.357000000000000000e+03
1.403000000000000000e+03
1.517000000000000000e+03
1.379000000000000000e+03
1.477000000000000000e+03
1.379000000000000000e+03
1.390000000000000000e+03
1.635000000000000000e+03
1.544000000000000000e+03
1.402000000000000000e+03
1.391000000000000000e+03
1.406000000000000000e+03
1.388000000000000000e+03
1.127000000000000000e+03
1.510000000000000000e+03
1.371000000000000000e+03
1.439000000000000000e+03
1.459000000000000000e+03
1.432000000000000000e+03
1.206000000000000000e+03
1.545000000000000000e+03
1.286000000000000000e+03
1.446000000000000000e+03
1.464000000000000000e+03
1.417000000000000000e+03
1.429000000000000000e+03
1.279000000000000000e+03
1.316000000000000000e+03
1.246000000000000000e+03
1.253000000000000000e+03
1.451000000000000000e+03
1.236000000000000000e+03
1.209000000000000000e+03
1.095000000000000000e+03
9.920000000000000000e+02
9.780000000000000000e+02
1.153000000000000000e+03
9.850000000000000000e+02
1.059000000000000000e+03
7.630000000000000000e+02
7.950000000000000000e+02
8.280000000000000000e+02
8.610000000000000000e+02
1.084000000000000000e+03
1.119000000000000000e+03
1.168000000000000000e+03
1.345000000000000000e+03
1.017000000000000000e+03
9.920000000000000000e+02
1.240000000000000000e+03
1.408000000000000000e+03
1.176000000000000000e+03
1.160000000000000000e+03
1.384000000000000000e+03
1.134000000000000000e+03
1.095000000000000000e+03
1.410000000000000000e+03
1.279000000000000000e+03
1.345000000000000000e+03
1.443000000000000000e+03
1.280000000000000000e+03
1.331000000000000000e+03
1.297000000000000000e+03
1.479000000000000000e+03
1.581000000000000000e+03
1.391000000000000000e+03
1.709000000000000000e+03
1.657000000000000000e+03
1.437000000000000000e+03
1.512000000000000000e+03
1.563000000000000000e+03
1.487000000000000000e+03
1.557000000000000000e+03
1.646000000000000000e+03
1.658000000000000000e+03
1.497000000000000000e+03
1.661000000000000000e+03
1.935000000000000000e+03
1.962000000000000000e+03
1.870000000000000000e+03
1.761000000000000000e+03
1.702000000000000000e+03
1.661000000000000000e+03
1.558000000000000000e+03
1.652000000000000000e+03
1.718000000000000000e+03
1.836000000000000000e+03
1.824000000000000000e+03
1.895000000000000000e+03
1.612000000000000000e+03
1.654000000000000000e+03
1.977000000000000000e+03
1.993000000000000000e+03
1.585000000000000000e+03
1.705000000000000000e+03
1.617000000000000000e+03
1.555000000000000000e+03
1.490000000000000000e+03
1.770000000000000000e+03
1.712000000000000000e+03
1.623000000000000000e+03
1.385000000000000000e+03
1.263000000000000000e+03
1.226000000000000000e+03
1.189000000000000000e+03
1.107000000000000000e+03
1.043000000000000000e+03
9.690000000000000000e+02
9.870000000000000000e+02
9.260000000000000000e+02
9.870000000000000000e+02
8.360000000000000000e+02
9.880000000000000000e+02
9.330000000000000000e+02
9.410000000000000000e+02
8.530000000000000000e+02
7.660000000000000000e+02
7.330000000000000000e+02
7.070000000000000000e+02
