1.000000000000000000e+00
1.000000000000000000e+00
2.000000000000000000e+00
2.000000000000000000e+00
5.000000000000000000e+00
5.000000000000000000e+00
5.000000000000000000e+00
6.000000000000000000e+00
6.000000000000000000e+00
8.000000000000000000e+00
8.000000000000000000e+00
8.000000000000000000e+00
1.100000000000000000e+01
1.100000000000000000e+01
1.100000000000000000e+01
1.200000000000000000e+01
1.200000000000000000e+01
1.200000000000000000e+01
1.200000000000000000e+01
1.200000000000000000e+01
1.300000000000000000e+01
1.300000000000000000e+01
1.400000000000000000e+01
1.400000000000000000e+01
1.400000000000000000e+01
1.400000000000000000e+01
1.400000000000000000e+01
1.400000000000000000e+01
1.400000000000000000e+01
1.400000000000000000e+01
1.600000000000000000e+01
1.600000000000000000e+01
1.600000000000000000e+01
1.600000000000000000e+01
1.600000000000000000e+01
1.600000000000000000e+01
1.700000000000000000e+01
1.700000000000000000e+01
2.500000000000000000e+01
3.200000000000000000e+01
5.500000000000000000e+01
7.400000000000000000e+01
1.070000000000000000e+02
1.840000000000000000e+02
2.370000000000000000e+02
4.030000000000000000e+02
5.190000000000000000e+02
5.940000000000000000e+02
7.820000000000000000e+02
1.147000000000000000e+03
1.586000000000000000e+03
2.219000000000000000e+03
2.978000000000000000e+03
3.212000000000000000e+03
4.679000000000000000e+03
6.512000000000000000e+03
9.169000000000000000e+03
1.366300000000000000e+04
2.003000000000000000e+04
2.602500000000000000e+04
3.489800000000000000e+04
4.613600000000000000e+04
5.675500000000000000e+04
6.883700000000000000e+04
8.669300000000000000e+04
1.053830000000000000e+05
1.250130000000000000e+05
1.439120000000000000e+05
1.659870000000000000e+05
1.923010000000000000e+05
2.245870000000000000e+05
2.568090000000000000e+05
2.891160000000000000e+05
3.215020000000000000e+05
3.513970000000000000e+05
3.827870000000000000e+05
4.135660000000000000e+05
4.448010000000000000e+05
4.807430000000000000e+05
5.151460000000000000e+05
5.442290000000000000e+05
5.714850000000000000e+05
5.984240000000000000e+05
6.272420000000000000e+05
6.526500000000000000e+05
6.826520000000000000e+05
7.157180000000000000e+05
7.436250000000000000e+05
7.696870000000000000e+05
7.995070000000000000e+05
8.254330000000000000e+05
8.543440000000000000e+05
8.879560000000000000e+05
9.202830000000000000e+05
9.506630000000000000e+05
9.771510000000000000e+05
1.000866000000000000e+06
1.025441000000000000e+06
1.051900000000000000e+06
1.081105000000000000e+06
1.116012000000000000e+06
1.143360000000000000e+06
1.167681000000000000e+06
1.191749000000000000e+06
1.216277000000000000e+06
1.240846000000000000e+06
1.268275000000000000e+06
1.295105000000000000e+06
1.320281000000000000e+06
1.339086000000000000e+06
1.358384000000000000e+06
1.381311000000000000e+06
1.401744000000000000e+06
1.428561000000000000e+06
1.453294000000000000e+06
1.477429000000000000e+06
1.495817000000000000e+06
1.518206000000000000e+06
1.539185000000000000e+06
1.561910000000000000e+06
1.587679000000000000e+06
1.611328000000000000e+06
1.632427000000000000e+06
1.652504000000000000e+06
1.671166000000000000e+06
1.690829000000000000e+06
1.709380000000000000e+06
1.731700000000000000e+06
1.756178000000000000e+06
1.779810000000000000e+06
1.798793000000000000e+06
1.816207000000000000e+06
1.837709000000000000e+06
1.857566000000000000e+06
1.879224000000000000e+06
1.904627000000000000e+06
1.925769000000000000e+06
1.943697000000000000e+06
1.961313000000000000e+06
1.979696000000000000e+06
2.000807000000000000e+06
2.023973000000000000e+06
2.048801000000000000e+06
2.074013000000000000e+06
2.092954000000000000e+06
2.112781000000000000e+06
2.136448000000000000e+06
2.163520000000000000e+06
2.192057000000000000e+06
2.223601000000000000e+06
2.255881000000000000e+06
2.281031000000000000e+06
2.313175000000000000e+06
2.350247000000000000e+06
2.386125000000000000e+06
2.426451000000000000e+06
2.472450000000000000e+06
2.513780000000000000e+06
2.554514000000000000e+06
2.595813000000000000e+06
2.642233000000000000e+06
2.694053000000000000e+06
2.750689000000000000e+06
2.802040000000000000e+06
2.847733000000000000e+06
2.898480000000000000e+06
2.941586000000000000e+06
3.002247000000000000e+06
3.062366000000000000e+06
3.124875000000000000e+06
3.192932000000000000e+06
3.252949000000000000e+06
3.311373000000000000e+06
3.370303000000000000e+06
3.438354000000000000e+06
3.506444000000000000e+06
3.582310000000000000e+06
3.654546000000000000e+06
3.717082000000000000e+06
3.777538000000000000e+06
3.839645000000000000e+06
3.904106000000000000e+06
3.974685000000000000e+06
4.043130000000000000e+06
4.116449000000000000e+06
4.181402000000000000e+06
4.236218000000000000e+06
4.293001000000000000e+06
4.359413000000000000e+06
4.431286000000000000e+06
4.498752000000000000e+06
4.567464000000000000e+06
4.623665000000000000e+06
4.669233000000000000e+06
4.714734000000000000e+06
4.773508000000000000e+06
4.827974000000000000e+06
4.887323000000000000e+06
4.946626000000000000e+06
5.000760000000000000e+06
5.046529000000000000e+06
5.094135000000000000e+06
5.142138000000000000e+06
5.198178000000000000e+06
5.249494000000000000e+06
5.314830000000000000e+06
5.361781000000000000e+06
5.400993000000000000e+06
5.437645000000000000e+06
5.482678000000000000e+06
5.529998000000000000e+06
5.574039000000000000e+06
5.622882000000000000e+06
5.665946000000000000e+06
5.700193000000000000e+06
5.736675000000000000e+06
5.777029000000000000e+06
5.822201000000000000e+06
5.867594000000000000e+06
5.914426000000000000e+06
5.957180000000000000e+06
5.991584000000000000e+06
6.026946000000000000e+06
6.068792000000000000e+06
6.109810000000000000e+06
6.154061000000000000e+06
6.204443000000000000e+06
6.247601000000000000e+06
6.278819000000000000e+06
6.302432000000000000e+06
6.329658000000000000e+06
6.363707000000000000e+06
6.399763000000000000e+06
6.447532000000000000e+06
6.488633000000000000e+06
6.523005000000000000e+06
6.557428000000000000e+06
6.596920000000000000e+06
6.635950000000000000e+06
6.681080000000000000e+06
6.730362000000000000e+06
6.772564000000000000e+06
6.811011000000000000e+06
6.862889000000000000e+06
6.902755000000000000e+06
6.941824000000000000e+06
6.988927000000000000e+06
7.037222000000000000e+06
7.081895000000000000e+06
7.119423000000000000e+06
7.152717000000000000e+06
7.196055000000000000e+06
7.235498000000000000e+06
7.281148000000000000e+06
7.336098000000000000e+06
7.384675000000000000e+06
7.420413000000000000e+06
7.459789000000000000e+06
7.505078000000000000e+06
7.556134000000000000e+06
7.614733000000000000e+06
7.671117000000000000e+06
7.726070000000000000e+06
7.772051000000000000e+06
7.813825000000000000e+06
7.866056000000000000e+06
7.925834000000000000e+06
7.990714000000000000e+06
8.059861000000000000e+06
8.116620000000000000e+06
8.165987000000000000e+06
8.233704000000000000e+06
8.295660000000000000e+06
8.358961000000000000e+06
8.435271000000000000e+06
8.517204000000000000e+06
8.599971000000000000e+06
8.662175000000000000e+06
8.729485000000000000e+06
8.806323000000000000e+06
8.885749000000000000e+06
8.976768000000000000e+06
9.076032000000000000e+06
9.165786000000000000e+06
9.270686000000000000e+06
9.355897000000000000e+06
9.483095000000000000e+06
9.587636000000000000e+06
9.717003000000000000e+06
9.845036000000000000e+06
9.972546000000000000e+06
1.008771600000000000e+07
1.020815000000000000e+07
1.034865400000000000e+07
1.049540400000000000e+07
1.066015400000000000e+07
1.084055200000000000e+07
1.100847800000000000e+07
1.114483400000000000e+07
1.130745800000000000e+07
1.147141600000000000e+07
1.164466700000000000e+07
1.183617700000000000e+07
1.203451000000000000e+07
1.221394600000000000e+07
1.236089300000000000e+07
1.253498200000000000e+07
1.271052600000000000e+07
1.289392900000000000e+07
1.300645500000000000e+07
1.321438800000000000e+07
1.337004900000000000e+07
1.351037700000000000e+07
1.367069800000000000e+07
1.385903700000000000e+07
1.406193100000000000e+07
1.428535200000000000e+07
1.451799600000000000e+07
1.473380700000000000e+07
1.491506000000000000e+07
1.510946900000000000e+07
1.533392100000000000e+07
1.555656900000000000e+07
1.578799700000000000e+07
1.602808600000000000e+07
1.624588300000000000e+07
1.643385400000000000e+07
1.662816800000000000e+07
1.683716000000000000e+07
1.708380400000000000e+07
1.732370400000000000e+07
1.757553600000000000e+07
1.776763800000000000e+07
1.795565300000000000e+07
1.815435600000000000e+07
1.835246300000000000e+07
1.858208700000000000e+07
1.877624200000000000e+07
1.887412200000000000e+07
1.910053800000000000e+07
1.925638300000000000e+07
1.943053500000000000e+07
1.963094300000000000e+07
1.986464400000000000e+07
2.010024400000000000e+07
2.025416000000000000e+07
2.055462200000000000e+07
2.076347500000000000e+07
2.094748000000000000e+07
2.118252200000000000e+07
2.143815900000000000e+07
2.171649600000000000e+07
2.201175300000000000e+07
2.227272000000000000e+07
2.248613500000000000e+07
2.270079900000000000e+07
2.292776600000000000e+07
2.315806700000000000e+07
2.339383300000000000e+07
2.363661300000000000e+07
2.383847100000000000e+07
2.401640200000000000e+07
2.416000000000000000e+07
2.433621600000000000e+07
2.451947700000000000e+07
2.471333300000000000e+07
2.490409300000000000e+07
2.507485200000000000e+07
2.520605000000000000e+07
2.535772700000000000e+07
2.550535300000000000e+07
2.565931400000000000e+07
2.582811800000000000e+07
2.599473100000000000e+07
2.613719000000000000e+07
2.624934200000000000e+07
2.638431700000000000e+07
2.649962000000000000e+07
2.662131100000000000e+07
2.674531700000000000e+07
2.687973900000000000e+07
2.698391500000000000e+07
2.707366100000000000e+07
2.716409900000000000e+07
2.725936400000000000e+07
2.735461400000000000e+07
2.746037800000000000e+07
2.756004800000000000e+07
2.764726700000000000e+07
2.771240200000000000e+07
2.776668100000000000e+07
2.782917900000000000e+07
2.789931800000000000e+07
2.796922900000000000e+07
2.804851100000000000e+07
2.812020700000000000e+07
2.817735900000000000e+07
2.823351800000000000e+07
2.830578800000000000e+07
2.838053700000000000e+07
2.845804100000000000e+07
2.853539000000000000e+07
2.860001600000000000e+07
2.865143800000000000e+07
2.870953600000000000e+07
2.876663400000000000e+07
2.883382500000000000e+07
2.890188500000000000e+07
2.896830400000000000e+07
2.902655800000000000e+07
2.906763100000000000e+07
2.911254800000000000e+07
2.917021500000000000e+07
2.922811000000000000e+07
2.929058100000000000e+07
2.935209400000000000e+07
2.940512500000000000e+07
2.944340300000000000e+07
2.949994400000000000e+07
2.955395200000000000e+07
2.961323200000000000e+07
2.967360700000000000e+07
2.973525800000000000e+07
2.979077700000000000e+07
2.982459900000000000e+07
2.987603500000000000e+07
2.992972300000000000e+07
3.001666100000000000e+07
3.008420700000000000e+07
3.016158400000000000e+07
3.022442600000000000e+07
3.026764900000000000e+07
3.033692200000000000e+07
3.039835100000000000e+07
3.046511600000000000e+07
3.054423500000000000e+07
3.061412200000000000e+07
3.067738300000000000e+07
3.071251600000000000e+07
3.078992000000000000e+07
3.085059400000000000e+07
3.092561500000000000e+07
3.100550900000000000e+07
3.108821900000000000e+07
3.115490600000000000e+07
3.120141500000000000e+07
3.127149000000000000e+07
3.134945600000000000e+07
3.142485900000000000e+07
3.149916700000000000e+07
3.157923800000000000e+07
3.163177000000000000e+07
3.167389100000000000e+07
3.174199600000000000e+07
3.180294500000000000e+07
3.186580000000000000e+07
3.193307800000000000e+07
3.199548900000000000e+07
3.204898400000000000e+07
3.208113700000000000e+07
3.212870500000000000e+07
3.217954100000000000e+07
3.223469100000000000e+07
3.229294200000000000e+07
3.235086100000000000e+07
3.239625200000000000e+07
3.242565500000000000e+07
3.247614600000000000e+07
3.251686900000000000e+07
3.256157300000000000e+07
3.260913000000000000e+07
3.265726000000000000e+07
3.269093500000000000e+07
3.271236200000000000e+07
3.274916000000000000e+07
3.278282200000000000e+07
3.281864800000000000e+07
3.285672400000000000e+07
3.289898400000000000e+07
3.292784100000000000e+07
3.294471600000000000e+07
3.297333700000000000e+07
3.300112600000000000e+07
3.303042700000000000e+07
3.306063300000000000e+07
3.308857900000000000e+07
3.310837700000000000e+07
3.312124500000000000e+07
3.314706000000000000e+07
3.316979900000000000e+07
3.319377500000000000e+07
3.322122300000000000e+07
3.324308200000000000e+07
3.325508300000000000e+07
3.326181700000000000e+07
3.326759200000000000e+07
3.329053200000000000e+07
3.330744900000000000e+07
3.332652900000000000e+07
3.334337900000000000e+07
3.335728500000000000e+07
3.336268000000000000e+07
3.337817600000000000e+07
3.339118900000000000e+07
3.340983600000000000e+07
3.342438100000000000e+07
3.344908000000000000e+07
3.345730800000000000e+07
3.346208500000000000e+07
3.347481500000000000e+07
3.348612000000000000e+07
3.349854500000000000e+07
3.350893800000000000e+07
3.352952900000000000e+07
3.353804900000000000e+07
3.354194100000000000e+07
3.355427500000000000e+07
3.356521500000000000e+07
3.357765100000000000e+07
3.359048100000000000e+07
3.361419600000000000e+07
3.362149900000000000e+07
3.362541900000000000e+07
3.364050200000000000e+07
3.365185200000000000e+07
3.366497000000000000e+07
3.367943300000000000e+07
3.370932500000000000e+07
3.371406400000000000e+07
3.371776100000000000e+07
3.372328900000000000e+07
3.374751300000000000e+07
3.377044400000000000e+07
3.379050500000000000e+07
3.383874600000000000e+07
3.384778400000000000e+07
3.385394800000000000e+07
3.388896100000000000e+07
3.391538500000000000e+07
3.394723000000000000e+07
3.397564200000000000e+07
3.405495200000000000e+07
3.406791200000000000e+07
3.407996000000000000e+07
3.413207100000000000e+07
3.417477400000000000e+07
3.422680600000000000e+07
3.428188300000000000e+07
3.440068000000000000e+07
3.442807500000000000e+07
3.444408300000000000e+07
3.453317900000000000e+07
3.460391900000000000e+07
3.467269000000000000e+07
3.475086000000000000e+07
3.494546800000000000e+07
3.497827600000000000e+07
3.500341700000000000e+07
