1.000000000000000000e+00
0.000000000000000000e+00
1.000000000000000000e+00
0.000000000000000000e+00
3.000000000000000000e+00
0.000000000000000000e+00
0.000000000000000000e+00
1.000000000000000000e+00
0.000000000000000000e+00
2.000000000000000000e+00
0.000000000000000000e+00
0.000000000000000000e+00
3.000000000000000000e+00
0.000000000000000000e+00
0.000000000000000000e+00
1.000000000000000000e+00
0.000000000000000000e+00
0.000000000000000000e+00
0.000000000000000000e+00
0.000000000000000000e+00
1.000000000000000000e+00
0.000000000000000000e+00
1.000000000000000000e+00
0.000000000000000000e+00
0.000000000000000000e+00
0.000000000000000000e+00
0.000000000000000000e+00
0.000000000000000000e+00
0.000000000000000000e+00
0.000000000000000000e+00
2.000000000000000000e+00
0.000000000000000000e+00
0.000000000000000000e+00
0.000000000000000000e+00
0.000000000000000000e+00
0.000000000000000000e+00
1.000000000000000000e+00
0.000000000000000000e+00
8.000000000000000000e+00
7.000000000000000000e+00
2.300000000000000000e+01
1.900000000000000000e+01
3.300000000000000000e+01
7.700000000000000000e+01
5.300000000000000000e+01
1.660000000000000000e+02
1.160000000000000000e+02
7.500000000000000000e+01
1.880000000000000000e+02
3.650000000000000000e+02
4.390000000000000000e+02
6.330000000000000000e+02
7.590000000000000000e+02
2.340000000000000000e+02
1.467000000000000000e+03
1.833000000000000000e+03
2.657000000000000000e+03
4.494000000000000000e+03
6.367000000000000000e+03
5.995000000000000000e+03
8.873000000000000000e+03
1.123800000000000000e+04
1.061900000000000000e+04
1.208200000000000000e+04
1.785600000000000000e+04
1.869000000000000000e+04
1.963000000000000000e+04
1.889900000000000000e+04
2.207500000000000000e+04
2.631400000000000000e+04
3.228600000000000000e+04
3.222200000000000000e+04
3.230700000000000000e+04
3.238600000000000000e+04
2.989500000000000000e+04
3.139000000000000000e+04
3.077900000000000000e+04
3.123500000000000000e+04
3.594200000000000000e+04
3.440300000000000000e+04
2.908300000000000000e+04
2.725600000000000000e+04
2.693900000000000000e+04
2.881800000000000000e+04
2.540800000000000000e+04
3.000200000000000000e+04
3.306600000000000000e+04
2.790700000000000000e+04
2.606200000000000000e+04
2.982000000000000000e+04
2.592600000000000000e+04
2.891100000000000000e+04
3.361200000000000000e+04
3.232700000000000000e+04
3.038000000000000000e+04
2.648800000000000000e+04
2.371500000000000000e+04
2.457500000000000000e+04
2.645900000000000000e+04
2.920500000000000000e+04
3.490700000000000000e+04
2.734800000000000000e+04
2.432100000000000000e+04
2.406800000000000000e+04
2.452800000000000000e+04
2.456900000000000000e+04
2.742900000000000000e+04
2.683000000000000000e+04
2.517600000000000000e+04
1.880500000000000000e+04
1.929800000000000000e+04
2.292700000000000000e+04
2.043300000000000000e+04
2.681700000000000000e+04
2.473300000000000000e+04
2.413500000000000000e+04
1.838800000000000000e+04
2.238900000000000000e+04
2.097900000000000000e+04
2.272500000000000000e+04
2.576900000000000000e+04
2.364900000000000000e+04
2.109900000000000000e+04
2.007700000000000000e+04
1.866200000000000000e+04
1.966300000000000000e+04
1.855100000000000000e+04
2.232000000000000000e+04
2.447800000000000000e+04
2.363200000000000000e+04
1.898300000000000000e+04
1.741400000000000000e+04
2.150200000000000000e+04
1.985700000000000000e+04
2.165800000000000000e+04
2.540300000000000000e+04
2.114200000000000000e+04
1.792800000000000000e+04
1.761600000000000000e+04
1.838300000000000000e+04
2.111100000000000000e+04
2.316600000000000000e+04
2.482800000000000000e+04
2.521200000000000000e+04
1.894100000000000000e+04
1.982700000000000000e+04
2.366700000000000000e+04
2.707200000000000000e+04
2.853700000000000000e+04
3.154400000000000000e+04
3.228000000000000000e+04
2.515000000000000000e+04
3.214400000000000000e+04
3.707200000000000000e+04
3.587800000000000000e+04
4.032600000000000000e+04
4.599900000000000000e+04
4.133000000000000000e+04
4.073400000000000000e+04
4.129900000000000000e+04
4.642000000000000000e+04
5.182000000000000000e+04
5.663600000000000000e+04
5.135100000000000000e+04
4.569300000000000000e+04
5.074700000000000000e+04
4.310600000000000000e+04
6.066100000000000000e+04
6.011900000000000000e+04
6.250900000000000000e+04
6.805700000000000000e+04
6.001700000000000000e+04
5.842400000000000000e+04
5.893000000000000000e+04
6.805100000000000000e+04
6.809000000000000000e+04
7.586600000000000000e+04
7.223600000000000000e+04
6.253600000000000000e+04
6.045600000000000000e+04
6.210700000000000000e+04
6.446100000000000000e+04
7.057900000000000000e+04
6.844500000000000000e+04
7.331900000000000000e+04
6.495300000000000000e+04
5.481600000000000000e+04
5.678300000000000000e+04
6.641200000000000000e+04
7.187300000000000000e+04
6.746600000000000000e+04
6.871200000000000000e+04
5.620100000000000000e+04
4.556800000000000000e+04
4.550100000000000000e+04
5.877400000000000000e+04
5.446600000000000000e+04
5.934900000000000000e+04
5.930300000000000000e+04
5.413400000000000000e+04
4.576900000000000000e+04
4.760600000000000000e+04
4.800300000000000000e+04
5.604000000000000000e+04
5.131600000000000000e+04
6.533600000000000000e+04
4.695100000000000000e+04
3.921200000000000000e+04
3.665200000000000000e+04
4.503300000000000000e+04
4.732000000000000000e+04
4.404100000000000000e+04
4.884300000000000000e+04
4.306400000000000000e+04
3.424700000000000000e+04
3.648200000000000000e+04
4.035400000000000000e+04
4.517200000000000000e+04
4.539300000000000000e+04
4.683200000000000000e+04
4.275400000000000000e+04
3.440400000000000000e+04
3.536200000000000000e+04
4.184600000000000000e+04
4.101800000000000000e+04
4.425100000000000000e+04
5.038200000000000000e+04
4.315800000000000000e+04
3.121800000000000000e+04
2.361300000000000000e+04
2.722600000000000000e+04
3.404900000000000000e+04
3.605600000000000000e+04
4.776900000000000000e+04
4.110100000000000000e+04
3.437200000000000000e+04
3.442300000000000000e+04
3.949200000000000000e+04
3.903000000000000000e+04
4.513000000000000000e+04
4.928200000000000000e+04
4.220200000000000000e+04
3.844700000000000000e+04
5.187800000000000000e+04
3.986600000000000000e+04
3.906900000000000000e+04
4.710300000000000000e+04
4.829500000000000000e+04
4.467300000000000000e+04
3.752800000000000000e+04
3.329400000000000000e+04
4.333800000000000000e+04
3.944300000000000000e+04
4.565000000000000000e+04
5.495000000000000000e+04
4.857700000000000000e+04
3.573800000000000000e+04
3.937600000000000000e+04
4.528900000000000000e+04
5.105600000000000000e+04
5.859900000000000000e+04
5.638400000000000000e+04
5.495300000000000000e+04
4.598100000000000000e+04
4.177400000000000000e+04
5.223100000000000000e+04
5.977800000000000000e+04
6.488000000000000000e+04
6.914700000000000000e+04
5.675900000000000000e+04
4.936700000000000000e+04
6.771700000000000000e+04
6.195600000000000000e+04
6.330100000000000000e+04
7.631000000000000000e+04
8.193300000000000000e+04
8.276700000000000000e+04
6.220400000000000000e+04
6.731000000000000000e+04
7.683800000000000000e+04
7.942600000000000000e+04
9.101900000000000000e+04
9.926400000000000000e+04
8.975400000000000000e+04
1.049000000000000000e+05
8.521100000000000000e+04
1.271980000000000000e+05
1.045410000000000000e+05
1.293670000000000000e+05
1.280330000000000000e+05
1.275100000000000000e+05
1.151700000000000000e+05
1.204340000000000000e+05
1.405040000000000000e+05
1.467500000000000000e+05
1.647500000000000000e+05
1.803980000000000000e+05
1.679260000000000000e+05
1.363560000000000000e+05
1.626240000000000000e+05
1.639580000000000000e+05
1.732510000000000000e+05
1.915100000000000000e+05
1.983330000000000000e+05
1.794360000000000000e+05
1.469470000000000000e+05
1.740890000000000000e+05
1.755440000000000000e+05
1.834030000000000000e+05
1.125260000000000000e+05
2.079330000000000000e+05
1.556610000000000000e+05
1.403280000000000000e+05
1.603210000000000000e+05
1.883390000000000000e+05
2.028940000000000000e+05
2.234210000000000000e+05
2.326440000000000000e+05
2.158110000000000000e+05
1.812530000000000000e+05
1.944090000000000000e+05
2.244520000000000000e+05
2.226480000000000000e+05
2.314280000000000000e+05
2.400890000000000000e+05
2.177970000000000000e+05
1.879710000000000000e+05
1.943140000000000000e+05
2.089920000000000000e+05
2.466440000000000000e+05
2.399000000000000000e+05
2.518320000000000000e+05
1.921020000000000000e+05
1.880150000000000000e+05
1.987030000000000000e+05
1.981070000000000000e+05
2.296240000000000000e+05
1.941550000000000000e+05
9.788000000000000000e+04
2.264160000000000000e+05
1.558450000000000000e+05
1.741520000000000000e+05
2.004080000000000000e+05
2.337010000000000000e+05
2.356000000000000000e+05
1.539160000000000000e+05
3.004620000000000000e+05
2.088530000000000000e+05
1.840050000000000000e+05
2.350420000000000000e+05
2.556370000000000000e+05
2.783370000000000000e+05
2.952570000000000000e+05
2.609670000000000000e+05
2.134150000000000000e+05
2.146640000000000000e+05
2.269670000000000000e+05
2.303010000000000000e+05
2.357660000000000000e+05
2.427800000000000000e+05
2.018580000000000000e+05
1.779310000000000000e+05
1.435980000000000000e+05
1.762160000000000000e+05
1.832610000000000000e+05
1.938560000000000000e+05
1.907600000000000000e+05
1.707590000000000000e+05
1.311980000000000000e+05
1.516770000000000000e+05
1.476260000000000000e+05
1.539610000000000000e+05
1.688040000000000000e+05
1.666130000000000000e+05
1.424590000000000000e+05
1.121520000000000000e+05
1.349750000000000000e+05
1.153030000000000000e+05
1.216910000000000000e+05
1.240060000000000000e+05
1.344220000000000000e+05
1.041760000000000000e+05
8.974600000000000000e+04
9.043800000000000000e+04
9.526500000000000000e+04
9.525000000000000000e+04
1.057640000000000000e+05
9.967000000000000000e+04
8.721900000000000000e+04
6.513500000000000000e+04
5.427900000000000000e+04
6.249800000000000000e+04
7.013900000000000000e+04
6.991100000000000000e+04
7.928200000000000000e+04
7.169600000000000000e+04
5.715200000000000000e+04
5.615900000000000000e+04
7.227000000000000000e+04
7.474900000000000000e+04
7.750400000000000000e+04
7.734900000000000000e+04
6.462600000000000000e+04
5.142200000000000000e+04
5.809800000000000000e+04
5.709800000000000000e+04
6.719100000000000000e+04
6.806000000000000000e+04
6.641900000000000000e+04
5.825400000000000000e+04
4.107300000000000000e+04
4.491700000000000000e+04
5.766700000000000000e+04
5.789500000000000000e+04
6.247100000000000000e+04
6.151300000000000000e+04
5.303100000000000000e+04
3.827800000000000000e+04
5.654100000000000000e+04
5.400800000000000000e+04
5.928000000000000000e+04
6.037500000000000000e+04
6.165100000000000000e+04
5.551900000000000000e+04
3.382200000000000000e+04
5.143600000000000000e+04
5.368800000000000000e+04
8.693800000000000000e+04
6.754600000000000000e+04
7.737700000000000000e+04
6.284200000000000000e+04
4.322300000000000000e+04
6.927300000000000000e+04
6.142900000000000000e+04
6.676500000000000000e+04
7.911900000000000000e+04
6.988700000000000000e+04
6.326100000000000000e+04
3.513300000000000000e+04
7.740400000000000000e+04
6.067400000000000000e+04
7.502100000000000000e+04
7.989400000000000000e+04
8.271000000000000000e+04
6.668700000000000000e+04
4.650900000000000000e+04
7.007500000000000000e+04
7.796600000000000000e+04
7.540300000000000000e+04
7.430800000000000000e+04
8.007100000000000000e+04
5.253200000000000000e+04
4.212100000000000000e+04
6.810500000000000000e+04
6.094900000000000000e+04
6.285500000000000000e+04
6.727800000000000000e+04
6.241100000000000000e+04
5.349500000000000000e+04
3.215300000000000000e+04
4.756800000000000000e+04
5.083600000000000000e+04
5.515000000000000000e+04
5.825100000000000000e+04
5.791900000000000000e+04
4.539100000000000000e+04
2.940300000000000000e+04
5.049100000000000000e+04
4.072300000000000000e+04
4.470400000000000000e+04
4.755700000000000000e+04
4.813000000000000000e+04
3.367500000000000000e+04
2.142700000000000000e+04
3.679800000000000000e+04
3.366200000000000000e+04
3.582600000000000000e+04
3.807600000000000000e+04
4.226000000000000000e+04
2.885700000000000000e+04
1.687500000000000000e+04
2.862100000000000000e+04
2.778900000000000000e+04
2.930100000000000000e+04
3.020600000000000000e+04
2.794600000000000000e+04
1.979800000000000000e+04
1.286800000000000000e+04
2.581500000000000000e+04
2.273900000000000000e+04
2.397600000000000000e+04
2.744800000000000000e+04
2.185900000000000000e+04
1.200100000000000000e+04
6.734000000000000000e+03
5.775000000000000000e+03
2.294000000000000000e+04
1.691700000000000000e+04
1.908000000000000000e+04
1.685000000000000000e+04
1.390600000000000000e+04
5.395000000000000000e+03
1.549600000000000000e+04
1.301300000000000000e+04
1.864700000000000000e+04
1.454500000000000000e+04
2.469900000000000000e+04
8.228000000000000000e+03
4.777000000000000000e+03
1.273000000000000000e+04
1.130500000000000000e+04
1.242500000000000000e+04
1.039300000000000000e+04
2.059100000000000000e+04
8.520000000000000000e+03
3.892000000000000000e+03
1.233400000000000000e+04
1.094000000000000000e+04
1.243600000000000000e+04
1.283000000000000000e+04
2.371500000000000000e+04
7.303000000000000000e+03
3.920000000000000000e+03
1.508300000000000000e+04
1.135000000000000000e+04
1.311800000000000000e+04
1.446300000000000000e+04
2.989200000000000000e+04
4.739000000000000000e+03
3.697000000000000000e+03
5.528000000000000000e+03
2.422400000000000000e+04
2.293100000000000000e+04
2.006100000000000000e+04
4.824100000000000000e+04
9.038000000000000000e+03
6.164000000000000000e+03
3.501300000000000000e+04
2.642400000000000000e+04
3.184500000000000000e+04
2.841200000000000000e+04
7.931000000000000000e+04
1.296000000000000000e+04
1.204800000000000000e+04
5.211100000000000000e+04
4.270300000000000000e+04
5.203200000000000000e+04
5.507700000000000000e+04
1.187970000000000000e+05
2.739500000000000000e+04
1.600800000000000000e+04
8.909600000000000000e+04
7.074000000000000000e+04
6.877100000000000000e+04
7.817000000000000000e+04
1.946080000000000000e+05
3.280800000000000000e+04
2.514100000000000000e+04
