0.000000000000000000e+00
0.000000000000000000e+00
0.000000000000000000e+00
0.000000000000000000e+00
0.000000000000000000e+00
0.000000000000000000e+00
0.000000000000000000e+00
0.000000000000000000e+00
1.000000000000000000e+00
1.000000000000000000e+00
1.000000000000000000e+00
2.000000000000000000e+00
2.000000000000000000e+00
2.000000000000000000e+00
2.000000000000000000e+00
2.000000000000000000e+00
3.000000000000000000e+00
3.000000000000000000e+00
3.000000000000000000e+00
3.000000000000000000e+00
3.000000000000000000e+00
3.000000000000000000e+00
3.000000000000000000e+00
3.000000000000000000e+00
3.000000000000000000e+00
3.000000000000000000e+00
3.000000000000000000e+00
3.000000000000000000e+00
3.000000000000000000e+00
3.000000000000000000e+00
3.000000000000000000e+00
3.000000000000000000e+00
3.000000000000000000e+00
3.000000000000000000e+00
3.000000000000000000e+00
3.000000000000000000e+00
3.000000000000000000e+00
3.000000000000000000e+00
3.000000000000000000e+00
3.000000000000000000e+00
3.000000000000000000e+00
3.000000000000000000e+00
3.000000000000000000e+00
3.000000000000000000e+00
5.000000000000000000e+00
6.000000000000000000e+00
1.000000000000000000e+01
2.000000000000000000e+01
3.300000000000000000e+01
4.900000000000000000e+01
5.200000000000000000e+01
6.400000000000000000e+01
1.110000000000000000e+02
1.400000000000000000e+02
1.420000000000000000e+02
1.870000000000000000e+02
2.020000000000000000e+02
2.170000000000000000e+02
2.300000000000000000e+02
3.070000000000000000e+02
3.800000000000000000e+02
4.620000000000000000e+02
5.520000000000000000e+02
6.360000000000000000e+02
7.070000000000000000e+02
8.030000000000000000e+02
1.075000000000000000e+03
1.418000000000000000e+03
1.546000000000000000e+03
2.084000000000000000e+03
2.311000000000000000e+03
2.633000000000000000e+03
3.018000000000000000e+03
3.094000000000000000e+03
3.246000000000000000e+03
3.660000000000000000e+03
3.764000000000000000e+03
3.870000000000000000e+03
4.076000000000000000e+03
4.195000000000000000e+03
4.428000000000000000e+03
4.648000000000000000e+03
4.932000000000000000e+03
5.223000000000000000e+03
5.453000000000000000e+03
5.660000000000000000e+03
5.878000000000000000e+03
6.087000000000000000e+03
6.259000000000000000e+03
6.459000000000000000e+03
6.599000000000000000e+03
6.710000000000000000e+03
6.981000000000000000e+03
7.192000000000000000e+03
7.294000000000000000e+03
7.579000000000000000e+03
7.777000000000000000e+03
7.958000000000000000e+03
8.212000000000000000e+03
8.488000000000000000e+03
8.772000000000000000e+03
8.928000000000000000e+03
9.223000000000000000e+03
9.485000000000000000e+03
9.684000000000000000e+03
1.000400000000000000e+04
1.034300000000000000e+04
1.046300000000000000e+04
1.061000000000000000e+04
1.079400000000000000e+04
1.108600000000000000e+04
1.135000000000000000e+04
1.161800000000000000e+04
1.187600000000000000e+04
1.209100000000000000e+04
1.230500000000000000e+04
1.251300000000000000e+04
1.271800000000000000e+04
1.294200000000000000e+04
1.322100000000000000e+04
1.343400000000000000e+04
1.359700000000000000e+04
1.377700000000000000e+04
1.403500000000000000e+04
1.431900000000000000e+04
1.466900000000000000e+04
1.504900000000000000e+04
1.558800000000000000e+04
1.663400000000000000e+04
1.722400000000000000e+04
1.808600000000000000e+04
1.863800000000000000e+04
1.899700000000000000e+04
1.974800000000000000e+04
2.038200000000000000e+04
2.062600000000000000e+04
2.134000000000000000e+04
2.189500000000000000e+04
2.247400000000000000e+04
2.299200000000000000e+04
2.373200000000000000e+04
2.417500000000000000e+04
2.478700000000000000e+04
2.539200000000000000e+04
2.593000000000000000e+04
2.642000000000000000e+04
2.678100000000000000e+04
2.723800000000000000e+04
2.779900000000000000e+04
2.845900000000000000e+04
2.940000000000000000e+04
3.005200000000000000e+04
3.068200000000000000e+04
3.182500000000000000e+04
3.229500000000000000e+04
3.306900000000000000e+04
3.407300000000000000e+04
3.480300000000000000e+04
3.545500000000000000e+04
3.643800000000000000e+04
3.751400000000000000e+04
3.851100000000000000e+04
3.880500000000000000e+04
4.033600000000000000e+04
4.183000000000000000e+04
4.425400000000000000e+04
4.633300000000000000e+04
4.787300000000000000e+04
5.035900000000000000e+04
5.175400000000000000e+04
5.291400000000000000e+04
5.422200000000000000e+04
5.625900000000000000e+04
5.700600000000000000e+04
5.754500000000000000e+04
5.885000000000000000e+04
6.126600000000000000e+04
6.300100000000000000e+04
6.530400000000000000e+04
6.745600000000000000e+04
6.889800000000000000e+04
7.076400000000000000e+04
7.226900000000000000e+04
7.439000000000000000e+04
7.644400000000000000e+04
7.841200000000000000e+04
8.044800000000000000e+04
8.204000000000000000e+04
8.367300000000000000e+04
8.548600000000000000e+04
8.937400000000000000e+04
9.335400000000000000e+04
9.823200000000000000e+04
1.031850000000000000e+05
1.063300000000000000e+05
1.125930000000000000e+05
1.159800000000000000e+05
1.194600000000000000e+05
1.227540000000000000e+05
1.268850000000000000e+05
1.299130000000000000e+05
1.366380000000000000e+05
1.395380000000000000e+05
1.437490000000000000e+05
1.475260000000000000e+05
1.536600000000000000e+05
1.579180000000000000e+05
1.612530000000000000e+05
1.644740000000000000e+05
1.692130000000000000e+05
1.737740000000000000e+05
1.780220000000000000e+05
1.823650000000000000e+05
1.872490000000000000e+05
1.896010000000000000e+05
1.942520000000000000e+05
1.971640000000000000e+05
2.023610000000000000e+05
2.055810000000000000e+05
2.095440000000000000e+05
2.131310000000000000e+05
2.173960000000000000e+05
2.208190000000000000e+05
2.242640000000000000e+05
2.264400000000000000e+05
2.284030000000000000e+05
2.320720000000000000e+05
2.345700000000000000e+05
2.373650000000000000e+05
2.387270000000000000e+05
2.419870000000000000e+05
2.451430000000000000e+05
2.489470000000000000e+05
2.529640000000000000e+05
2.578630000000000000e+05
2.612160000000000000e+05
2.658880000000000000e+05
2.694070000000000000e+05
2.729340000000000000e+05
2.762890000000000000e+05
2.795260000000000000e+05
2.834600000000000000e+05
2.867430000000000000e+05
2.901900000000000000e+05
2.917890000000000000e+05
2.945910000000000000e+05
2.967550000000000000e+05
2.993610000000000000e+05
3.012560000000000000e+05
3.042260000000000000e+05
3.072880000000000000e+05
3.093030000000000000e+05
3.116940000000000000e+05
3.140790000000000000e+05
3.166780000000000000e+05
3.193300000000000000e+05
3.224970000000000000e+05
3.247620000000000000e+05
3.268330000000000000e+05
3.296370000000000000e+05
3.318690000000000000e+05
3.347700000000000000e+05
3.369260000000000000e+05
3.393410000000000000e+05
3.428160000000000000e+05
3.447130000000000000e+05
3.465360000000000000e+05
3.486980000000000000e+05
3.517500000000000000e+05
3.543380000000000000e+05
3.566180000000000000e+05
3.591690000000000000e+05
3.607750000000000000e+05
3.622430000000000000e+05
3.638880000000000000e+05
3.657990000000000000e+05
3.678190000000000000e+05
3.700280000000000000e+05
3.716300000000000000e+05
3.731440000000000000e+05
3.751800000000000000e+05
3.769350000000000000e+05
3.789330000000000000e+05
3.807290000000000000e+05
3.831130000000000000e+05
3.854000000000000000e+05
3.871610000000000000e+05
3.881370000000000000e+05
3.897250000000000000e+05
3.918090000000000000e+05
3.939610000000000000e+05
3.963950000000000000e+05
3.984490000000000000e+05
3.997490000000000000e+05
4.014160000000000000e+05
4.028200000000000000e+05
4.047130000000000000e+05
4.063370000000000000e+05
4.078380000000000000e+05
4.095740000000000000e+05
4.107180000000000000e+05
4.120970000000000000e+05
4.134300000000000000e+05
4.150670000000000000e+05
4.168520000000000000e+05
4.188180000000000000e+05
4.206140000000000000e+05
4.217220000000000000e+05
4.229150000000000000e+05
4.242970000000000000e+05
4.259180000000000000e+05
4.277970000000000000e+05
4.298640000000000000e+05
4.316300000000000000e+05
4.329250000000000000e+05
4.343570000000000000e+05
4.354130000000000000e+05
4.363450000000000000e+05
4.380690000000000000e+05
4.398340000000000000e+05
4.413990000000000000e+05
4.427850000000000000e+05
4.441640000000000000e+05
4.455400000000000000e+05
4.470390000000000000e+05
4.483310000000000000e+05
4.494000000000000000e+05
4.507330000000000000e+05
4.518390000000000000e+05
4.529880000000000000e+05
4.544470000000000000e+05
4.565620000000000000e+05
4.580440000000000000e+05
4.597890000000000000e+05
4.615050000000000000e+05
4.628150000000000000e+05
4.640040000000000000e+05
4.657240000000000000e+05
4.676010000000000000e+05
4.690050000000000000e+05
4.698860000000000000e+05
4.706500000000000000e+05
4.715260000000000000e+05
4.725320000000000000e+05
4.740640000000000000e+05
4.758200000000000000e+05
4.769160000000000000e+05
4.778070000000000000e+05
4.787610000000000000e+05
4.796930000000000000e+05
4.807370000000000000e+05
4.820830000000000000e+05
4.838520000000000000e+05
4.857970000000000000e+05
4.876900000000000000e+05
4.897360000000000000e+05
4.912580000000000000e+05
4.927000000000000000e+05
4.946050000000000000e+05
4.966460000000000000e+05
4.986910000000000000e+05
5.005770000000000000e+05
5.027360000000000000e+05
5.040840000000000000e+05
5.059390000000000000e+05
5.077170000000000000e+05
5.098870000000000000e+05
5.116790000000000000e+05
5.136190000000000000e+05
5.149960000000000000e+05
5.161660000000000000e+05
5.184070000000000000e+05
5.195750000000000000e+05
5.214130000000000000e+05
5.235160000000000000e+05
5.256180000000000000e+05
5.272720000000000000e+05
5.288530000000000000e+05
5.301180000000000000e+05
5.316990000000000000e+05
5.335870000000000000e+05
5.355210000000000000e+05
5.373100000000000000e+05
5.389950000000000000e+05
5.402270000000000000e+05
5.415600000000000000e+05
5.432820000000000000e+05
5.453000000000000000e+05
5.472550000000000000e+05
5.491760000000000000e+05
5.508600000000000000e+05
5.522460000000000000e+05
5.534240000000000000e+05
5.551630000000000000e+05
5.570580000000000000e+05
5.592880000000000000e+05
5.611690000000000000e+05
5.634560000000000000e+05
5.648650000000000000e+05
5.664200000000000000e+05
5.686800000000000000e+05
5.713270000000000000e+05
5.742470000000000000e+05
5.763520000000000000e+05
5.783810000000000000e+05
5.804420000000000000e+05
5.822230000000000000e+05
5.846670000000000000e+05
5.877040000000000000e+05
5.911380000000000000e+05
5.944120000000000000e+05
5.977630000000000000e+05
6.004280000000000000e+05
6.033080000000000000e+05
6.070480000000000000e+05
6.116180000000000000e+05
6.166110000000000000e+05
6.214980000000000000e+05
6.268930000000000000e+05
6.313200000000000000e+05
6.356980000000000000e+05
6.409840000000000000e+05
6.480660000000000000e+05
6.560560000000000000e+05
6.637940000000000000e+05
6.717920000000000000e+05
6.776530000000000000e+05
6.843110000000000000e+05
6.930480000000000000e+05
7.028560000000000000e+05
7.124420000000000000e+05
7.218920000000000000e+05
7.318940000000000000e+05
7.411810000000000000e+05
7.472880000000000000e+05
7.561990000000000000e+05
7.714970000000000000e+05
7.840430000000000000e+05
7.950510000000000000e+05
8.033980000000000000e+05
8.127600000000000000e+05
8.191640000000000000e+05
8.283660000000000000e+05
8.405540000000000000e+05
8.532090000000000000e+05
8.648680000000000000e+05
8.762250000000000000e+05
8.847830000000000000e+05
8.928800000000000000e+05
9.042850000000000000e+05
9.149710000000000000e+05
9.260520000000000000e+05
9.361330000000000000e+05
9.457450000000000000e+05
9.531060000000000000e+05
9.623070000000000000e+05
9.710490000000000000e+05
9.797400000000000000e+05
9.893800000000000000e+05
9.975230000000000000e+05
1.006428000000000000e+06
1.013618000000000000e+06
1.020495000000000000e+06
1.028738000000000000e+06
1.037460000000000000e+06
1.046653000000000000e+06
1.054983000000000000e+06
1.062225000000000000e+06
1.067892000000000000e+06
1.073555000000000000e+06
1.080172000000000000e+06
1.087885000000000000e+06
1.094849000000000000e+06
1.101990000000000000e+06
1.108826000000000000e+06
1.113547000000000000e+06
1.118359000000000000e+06
1.124724000000000000e+06
1.131467000000000000e+06
1.138187000000000000e+06
1.143963000000000000e+06
1.149925000000000000e+06
1.154388000000000000e+06
1.159071000000000000e+06
1.165155000000000000e+06
1.171403000000000000e+06
1.178217000000000000e+06
1.179812000000000000e+06
1.184706000000000000e+06
1.188672000000000000e+06
1.193976000000000000e+06
1.200430000000000000e+06
1.209154000000000000e+06
1.216582000000000000e+06
1.223627000000000000e+06
1.230301000000000000e+06
1.235467000000000000e+06
1.240716000000000000e+06
1.247899000000000000e+06
1.255337000000000000e+06
1.262273000000000000e+06
1.269478000000000000e+06
1.276004000000000000e+06
1.280773000000000000e+06
1.286217000000000000e+06
1.293687000000000000e+06
1.300349000000000000e+06
1.308352000000000000e+06
1.315639000000000000e+06
1.322053000000000000e+06
1.327431000000000000e+06
1.332832000000000000e+06
1.339457000000000000e+06
1.346276000000000000e+06
1.353220000000000000e+06
1.359015000000000000e+06
1.364239000000000000e+06
1.367894000000000000e+06
1.372232000000000000e+06
1.378260000000000000e+06
1.385053000000000000e+06
1.391911000000000000e+06
1.397992000000000000e+06
1.403588000000000000e+06
1.408058000000000000e+06
1.412559000000000000e+06
1.418337000000000000e+06
1.424518000000000000e+06
1.430419000000000000e+06
1.436369000000000000e+06
1.441746000000000000e+06
1.445832000000000000e+06
1.450110000000000000e+06
1.455585000000000000e+06
1.461455000000000000e+06
1.467119000000000000e+06
1.473025000000000000e+06
1.478061000000000000e+06
1.481660000000000000e+06
1.485457000000000000e+06
1.490665000000000000e+06
1.496328000000000000e+06
1.502359000000000000e+06
1.507755000000000000e+06
1.513396000000000000e+06
1.517903000000000000e+06
1.524449000000000000e+06
1.530266000000000000e+06
1.537097000000000000e+06
1.543281000000000000e+06
1.548755000000000000e+06
1.555396000000000000e+06
1.562420000000000000e+06
1.566667000000000000e+06
1.572287000000000000e+06
1.580824000000000000e+06
1.588965000000000000e+06
1.597689000000000000e+06
