0.000000000000000000e+00
0.000000000000000000e+00
0.000000000000000000e+00
0.000000000000000000e+00
0.000000000000000000e+00
0.000000000000000000e+00
0.000000000000000000e+00
0.000000000000000000e+00
1.000000000000000000e+00
0.000000000000000000e+00
0.000000000000000000e+00
1.000000000000000000e+00
0.000000000000000000e+00
0.000000000000000000e+00
0.000000000000000000e+00
0.000000000000000000e+00
1.000000000000000000e+00
0.000000000000000000e+00
0.000000000000000000e+00
0.000000000000000000e+00
0.000000000000000000e+00
0.000000000000000000e+00
0.000000000000000000e+00
0.000000000000000000e+00
0.000000000000000000e+00
0.000000000000000000e+00
0.000000000000000000e+00
0.000000000000000000e+00
0.000000000000000000e+00
0.000000000000000000e+00
0.000000000000000000e+00
0.000000000000000000e+00
0.000000000000000000e+00
0.000000000000000000e+00
0.000000000000000000e+00
0.000000000000000000e+00
0.000000000000000000e+00
0.000000000000000000e+00
0.000000000000000000e+00
0.000000000000000000e+00
0.000000000000000000e+00
0.000000000000000000e+00
0.000000000000000000e+00
0.000000000000000000e+00
2.000000000000000000e+00
1.000000000000000000e+00
4.000000000000000000e+00
1.000000000000000000e+01
1.300000000000000000e+01
1.600000000000000000e+01
3.000000000000000000e+00
1.200000000000000000e+01
4.700000000000000000e+01
2.900000000000000000e+01
2.000000000000000000e+00
4.500000000000000000e+01
1.500000000000000000e+01
1.500000000000000000e+01
1.300000000000000000e+01
7.700000000000000000e+01
7.300000000000000000e+01
8.200000000000000000e+01
9.000000000000000000e+01
8.400000000000000000e+01
7.100000000000000000e+01
9.600000000000000000e+01
2.720000000000000000e+02
3.430000000000000000e+02
1.280000000000000000e+02
5.380000000000000000e+02
2.270000000000000000e+02
3.220000000000000000e+02
3.850000000000000000e+02
7.600000000000000000e+01
1.520000000000000000e+02
4.140000000000000000e+02
1.040000000000000000e+02
1.060000000000000000e+02
2.060000000000000000e+02
1.190000000000000000e+02
2.330000000000000000e+02
2.200000000000000000e+02
2.840000000000000000e+02
2.910000000000000000e+02
2.300000000000000000e+02
2.070000000000000000e+02
2.180000000000000000e+02
2.090000000000000000e+02
1.720000000000000000e+02
2.000000000000000000e+02
1.400000000000000000e+02
1.110000000000000000e+02
2.710000000000000000e+02
2.110000000000000000e+02
1.020000000000000000e+02
2.850000000000000000e+02
1.980000000000000000e+02
1.810000000000000000e+02
2.540000000000000000e+02
2.760000000000000000e+02
2.840000000000000000e+02
1.560000000000000000e+02
2.950000000000000000e+02
2.620000000000000000e+02
1.990000000000000000e+02
3.200000000000000000e+02
3.390000000000000000e+02
1.200000000000000000e+02
1.470000000000000000e+02
1.840000000000000000e+02
2.920000000000000000e+02
2.640000000000000000e+02
2.680000000000000000e+02
2.580000000000000000e+02
2.150000000000000000e+02
2.140000000000000000e+02
2.080000000000000000e+02
2.050000000000000000e+02
2.240000000000000000e+02
2.790000000000000000e+02
2.130000000000000000e+02
1.630000000000000000e+02
1.800000000000000000e+02
2.580000000000000000e+02
2.840000000000000000e+02
3.500000000000000000e+02
3.800000000000000000e+02
5.390000000000000000e+02
1.046000000000000000e+03
5.900000000000000000e+02
8.620000000000000000e+02
5.520000000000000000e+02
3.590000000000000000e+02
7.510000000000000000e+02
6.340000000000000000e+02
2.440000000000000000e+02
7.140000000000000000e+02
5.550000000000000000e+02
5.790000000000000000e+02
5.180000000000000000e+02
7.400000000000000000e+02
4.430000000000000000e+02
6.120000000000000000e+02
6.050000000000000000e+02
5.380000000000000000e+02
4.900000000000000000e+02
3.610000000000000000e+02
4.570000000000000000e+02
5.610000000000000000e+02
6.600000000000000000e+02
9.410000000000000000e+02
6.520000000000000000e+02
6.300000000000000000e+02
1.143000000000000000e+03
4.700000000000000000e+02
7.740000000000000000e+02
1.004000000000000000e+03
7.300000000000000000e+02
6.520000000000000000e+02
9.830000000000000000e+02
1.076000000000000000e+03
9.970000000000000000e+02
2.940000000000000000e+02
1.531000000000000000e+03
1.494000000000000000e+03
2.424000000000000000e+03
2.079000000000000000e+03
1.540000000000000000e+03
2.486000000000000000e+03
1.395000000000000000e+03
1.160000000000000000e+03
1.308000000000000000e+03
2.037000000000000000e+03
7.470000000000000000e+02
5.390000000000000000e+02
1.305000000000000000e+03
2.416000000000000000e+03
1.735000000000000000e+03
2.303000000000000000e+03
2.152000000000000000e+03
1.442000000000000000e+03
1.866000000000000000e+03
1.505000000000000000e+03
2.121000000000000000e+03
2.054000000000000000e+03
1.968000000000000000e+03
2.036000000000000000e+03
1.592000000000000000e+03
1.633000000000000000e+03
1.813000000000000000e+03
3.888000000000000000e+03
3.980000000000000000e+03
4.878000000000000000e+03
4.953000000000000000e+03
3.145000000000000000e+03
6.263000000000000000e+03
3.387000000000000000e+03
3.480000000000000000e+03
3.294000000000000000e+03
4.131000000000000000e+03
3.028000000000000000e+03
6.725000000000000000e+03
2.900000000000000000e+03
4.211000000000000000e+03
3.777000000000000000e+03
6.134000000000000000e+03
4.258000000000000000e+03
3.335000000000000000e+03
3.221000000000000000e+03
4.739000000000000000e+03
4.561000000000000000e+03
4.248000000000000000e+03
4.343000000000000000e+03
4.884000000000000000e+03
2.352000000000000000e+03
4.651000000000000000e+03
2.912000000000000000e+03
5.197000000000000000e+03
3.220000000000000000e+03
3.963000000000000000e+03
3.587000000000000000e+03
4.265000000000000000e+03
3.423000000000000000e+03
3.445000000000000000e+03
2.176000000000000000e+03
1.963000000000000000e+03
3.669000000000000000e+03
2.498000000000000000e+03
2.795000000000000000e+03
1.362000000000000000e+03
3.260000000000000000e+03
3.156000000000000000e+03
3.804000000000000000e+03
4.017000000000000000e+03
4.899000000000000000e+03
3.353000000000000000e+03
4.672000000000000000e+03
3.519000000000000000e+03
3.527000000000000000e+03
3.355000000000000000e+03
3.237000000000000000e+03
3.934000000000000000e+03
3.283000000000000000e+03
3.447000000000000000e+03
1.599000000000000000e+03
2.802000000000000000e+03
2.164000000000000000e+03
2.606000000000000000e+03
1.895000000000000000e+03
2.970000000000000000e+03
3.062000000000000000e+03
2.015000000000000000e+03
2.391000000000000000e+03
2.385000000000000000e+03
2.599000000000000000e+03
2.652000000000000000e+03
3.167000000000000000e+03
2.265000000000000000e+03
2.071000000000000000e+03
2.804000000000000000e+03
2.232000000000000000e+03
2.901000000000000000e+03
2.156000000000000000e+03
2.415000000000000000e+03
3.475000000000000000e+03
1.897000000000000000e+03
1.823000000000000000e+03
2.162000000000000000e+03
3.052000000000000000e+03
2.588000000000000000e+03
2.280000000000000000e+03
2.551000000000000000e+03
1.606000000000000000e+03
1.468000000000000000e+03
1.645000000000000000e+03
1.911000000000000000e+03
2.020000000000000000e+03
2.209000000000000000e+03
1.602000000000000000e+03
1.514000000000000000e+03
2.036000000000000000e+03
1.755000000000000000e+03
1.998000000000000000e+03
1.796000000000000000e+03
2.384000000000000000e+03
2.287000000000000000e+03
1.761000000000000000e+03
9.760000000000000000e+02
1.588000000000000000e+03
2.084000000000000000e+03
2.152000000000000000e+03
2.434000000000000000e+03
2.054000000000000000e+03
1.300000000000000000e+03
1.667000000000000000e+03
1.404000000000000000e+03
1.893000000000000000e+03
1.624000000000000000e+03
1.501000000000000000e+03
1.736000000000000000e+03
1.144000000000000000e+03
1.379000000000000000e+03
1.333000000000000000e+03
1.637000000000000000e+03
1.785000000000000000e+03
1.966000000000000000e+03
1.796000000000000000e+03
1.108000000000000000e+03
1.193000000000000000e+03
1.382000000000000000e+03
1.621000000000000000e+03
1.879000000000000000e+03
2.067000000000000000e+03
1.766000000000000000e+03
1.295000000000000000e+03
1.432000000000000000e+03
1.056000000000000000e+03
9.320000000000000000e+02
1.724000000000000000e+03
1.765000000000000000e+03
1.565000000000000000e+03
1.386000000000000000e+03
1.379000000000000000e+03
1.376000000000000000e+03
1.499000000000000000e+03
1.292000000000000000e+03
1.069000000000000000e+03
1.333000000000000000e+03
1.106000000000000000e+03
1.149000000000000000e+03
1.459000000000000000e+03
2.115000000000000000e+03
1.482000000000000000e+03
1.745000000000000000e+03
1.716000000000000000e+03
1.310000000000000000e+03
1.189000000000000000e+03
1.720000000000000000e+03
1.877000000000000000e+03
1.404000000000000000e+03
8.810000000000000000e+02
7.640000000000000000e+02
8.760000000000000000e+02
1.006000000000000000e+03
1.532000000000000000e+03
1.756000000000000000e+03
1.096000000000000000e+03
8.910000000000000000e+02
9.540000000000000000e+02
9.320000000000000000e+02
1.044000000000000000e+03
1.346000000000000000e+03
1.769000000000000000e+03
1.945000000000000000e+03
1.893000000000000000e+03
2.046000000000000000e+03
1.522000000000000000e+03
1.442000000000000000e+03
1.905000000000000000e+03
2.041000000000000000e+03
2.045000000000000000e+03
1.886000000000000000e+03
2.159000000000000000e+03
1.348000000000000000e+03
1.855000000000000000e+03
1.778000000000000000e+03
2.170000000000000000e+03
1.792000000000000000e+03
1.940000000000000000e+03
1.377000000000000000e+03
1.170000000000000000e+03
2.241000000000000000e+03
1.168000000000000000e+03
1.838000000000000000e+03
2.103000000000000000e+03
2.102000000000000000e+03
1.654000000000000000e+03
1.581000000000000000e+03
1.265000000000000000e+03
1.581000000000000000e+03
1.888000000000000000e+03
1.934000000000000000e+03
1.789000000000000000e+03
1.685000000000000000e+03
1.232000000000000000e+03
1.333000000000000000e+03
1.722000000000000000e+03
2.018000000000000000e+03
1.955000000000000000e+03
1.921000000000000000e+03
1.684000000000000000e+03
1.386000000000000000e+03
1.178000000000000000e+03
1.739000000000000000e+03
1.895000000000000000e+03
2.230000000000000000e+03
1.881000000000000000e+03
2.287000000000000000e+03
1.409000000000000000e+03
1.555000000000000000e+03
2.260000000000000000e+03
2.647000000000000000e+03
2.920000000000000000e+03
2.105000000000000000e+03
2.029000000000000000e+03
2.061000000000000000e+03
1.781000000000000000e+03
2.444000000000000000e+03
3.037000000000000000e+03
3.434000000000000000e+03
3.274000000000000000e+03
3.351000000000000000e+03
2.665000000000000000e+03
2.880000000000000000e+03
3.740000000000000000e+03
4.570000000000000000e+03
4.993000000000000000e+03
4.887000000000000000e+03
5.395000000000000000e+03
4.427000000000000000e+03
4.378000000000000000e+03
5.286000000000000000e+03
7.082000000000000000e+03
7.990000000000000000e+03
7.738000000000000000e+03
7.998000000000000000e+03
5.861000000000000000e+03
6.658000000000000000e+03
8.737000000000000000e+03
9.808000000000000000e+03
9.586000000000000000e+03
9.450000000000000000e+03
1.000200000000000000e+04
9.287000000000000000e+03
6.107000000000000000e+03
8.911000000000000000e+03
1.529800000000000000e+04
1.254600000000000000e+04
1.100800000000000000e+04
8.347000000000000000e+03
9.362000000000000000e+03
6.404000000000000000e+03
9.202000000000000000e+03
1.218800000000000000e+04
1.265500000000000000e+04
1.165900000000000000e+04
1.135700000000000000e+04
8.558000000000000000e+03
8.097000000000000000e+03
1.140500000000000000e+04
1.068600000000000000e+04
1.108100000000000000e+04
1.008100000000000000e+04
9.612000000000000000e+03
7.361000000000000000e+03
9.201000000000000000e+03
8.742000000000000000e+03
8.691000000000000000e+03
9.640000000000000000e+03
8.143000000000000000e+03
8.905000000000000000e+03
7.190000000000000000e+03
6.877000000000000000e+03
8.243000000000000000e+03
8.722000000000000000e+03
9.193000000000000000e+03
8.330000000000000000e+03
7.242000000000000000e+03
5.667000000000000000e+03
5.663000000000000000e+03
6.617000000000000000e+03
7.713000000000000000e+03
6.964000000000000000e+03
7.141000000000000000e+03
6.836000000000000000e+03
4.721000000000000000e+03
4.812000000000000000e+03
6.365000000000000000e+03
6.743000000000000000e+03
6.720000000000000000e+03
5.776000000000000000e+03
5.962000000000000000e+03
4.463000000000000000e+03
4.683000000000000000e+03
6.084000000000000000e+03
6.248000000000000000e+03
6.814000000000000000e+03
1.595000000000000000e+03
4.894000000000000000e+03
3.966000000000000000e+03
5.304000000000000000e+03
6.454000000000000000e+03
8.724000000000000000e+03
7.428000000000000000e+03
7.045000000000000000e+03
6.674000000000000000e+03
5.166000000000000000e+03
5.249000000000000000e+03
7.183000000000000000e+03
7.438000000000000000e+03
6.936000000000000000e+03
7.205000000000000000e+03
6.526000000000000000e+03
4.769000000000000000e+03
5.444000000000000000e+03
7.470000000000000000e+03
6.662000000000000000e+03
8.003000000000000000e+03
7.287000000000000000e+03
6.414000000000000000e+03
5.378000000000000000e+03
5.401000000000000000e+03
6.625000000000000000e+03
6.819000000000000000e+03
6.944000000000000000e+03
5.795000000000000000e+03
5.224000000000000000e+03
3.655000000000000000e+03
4.338000000000000000e+03
6.028000000000000000e+03
6.793000000000000000e+03
6.858000000000000000e+03
6.081000000000000000e+03
5.596000000000000000e+03
4.470000000000000000e+03
4.501000000000000000e+03
5.778000000000000000e+03
6.181000000000000000e+03
5.901000000000000000e+03
5.950000000000000000e+03
5.377000000000000000e+03
4.086000000000000000e+03
4.278000000000000000e+03
5.475000000000000000e+03
5.870000000000000000e+03
5.664000000000000000e+03
5.906000000000000000e+03
5.036000000000000000e+03
3.599000000000000000e+03
3.797000000000000000e+03
5.208000000000000000e+03
5.663000000000000000e+03
6.031000000000000000e+03
5.396000000000000000e+03
5.641000000000000000e+03
4.507000000000000000e+03
6.546000000000000000e+03
5.817000000000000000e+03
6.831000000000000000e+03
6.184000000000000000e+03
5.474000000000000000e+03
6.641000000000000000e+03
7.024000000000000000e+03
4.247000000000000000e+03
5.620000000000000000e+03
8.537000000000000000e+03
8.141000000000000000e+03
8.724000000000000000e+03
