0.000000000000000000e+00
0.000000000000000000e+00
0.000000000000000000e+00
0.000000000000000000e+00
0.000000000000000000e+00
0.000000000000000000e+00
0.000000000000000000e+00
0.000000000000000000e+00
0.000000000000000000e+00
0.000000000000000000e+00
0.000000000000000000e+00
0.000000000000000000e+00
0.000000000000000000e+00
0.000000000000000000e+00
0.000000000000000000e+00
0.000000000000000000e+00
0.000000000000000000e+00
0.000000000000000000e+00
0.000000000000000000e+00
0.000000000000000000e+00
0.000000000000000000e+00
0.000000000000000000e+00
0.000000000000000000e+00
0.000000000000000000e+00
0.000000000000000000e+00
0.000000000000000000e+00
0.000000000000000000e+00
0.000000000000000000e+00
0.000000000000000000e+00
0.000000000000000000e+00
0.000000000000000000e+00
0.000000000000000000e+00
0.000000000000000000e+00
0.000000000000000000e+00
0.000000000000000000e+00
0.000000000000000000e+00
0.000000000000000000e+00
0.000000000000000000e+00
0.000000000000000000e+00
0.000000000000000000e+00
0.000000000000000000e+00
0.000000000000000000e+00
0.000000000000000000e+00
0.000000000000000000e+00
0.000000000000000000e+00
0.000000000000000000e+00
0.000000000000000000e+00
0.000000000000000000e+00
0.000000000000000000e+00
0.000000000000000000e+00
0.000000000000000000e+00
0.000000000000000000e+00
3.000000000000000000e+00
6.000000000000000000e+00
6.000000000000000000e+00
7.000000000000000000e+00
7.000000000000000000e+00
1.100000000000000000e+01
1.600000000000000000e+01
1.900000000000000000e+01
2.300000000000000000e+01
2.700000000000000000e+01
5.300000000000000000e+01
9.300000000000000000e+01
1.320000000000000000e+02
1.370000000000000000e+02
1.410000000000000000e+02
1.520000000000000000e+02
1.520000000000000000e+02
1.610000000000000000e+02
1.950000000000000000e+02
2.040000000000000000e+02
2.050000000000000000e+02
2.050000000000000000e+02
2.140000000000000000e+02
2.140000000000000000e+02
2.870000000000000000e+02
3.130000000000000000e+02
3.780000000000000000e+02
3.780000000000000000e+02
4.080000000000000000e+02
5.660000000000000000e+02
5.660000000000000000e+02
6.360000000000000000e+02
6.360000000000000000e+02
6.410000000000000000e+02
6.410000000000000000e+02
8.340000000000000000e+02
1.042000000000000000e+03
1.042000000000000000e+03
1.042000000000000000e+03
1.154000000000000000e+03
1.154000000000000000e+03
1.279000000000000000e+03
1.279000000000000000e+03
1.550000000000000000e+03
1.550000000000000000e+03
1.671000000000000000e+03
1.671000000000000000e+03
2.074000000000000000e+03
2.074000000000000000e+03
2.169000000000000000e+03
2.169000000000000000e+03
2.719000000000000000e+03
2.719000000000000000e+03
3.091000000000000000e+03
3.091000000000000000e+03
4.012000000000000000e+03
4.263000000000000000e+03
4.263000000000000000e+03
4.700000000000000000e+03
5.127000000000000000e+03
5.408000000000000000e+03
5.530000000000000000e+03
5.638000000000000000e+03
5.735000000000000000e+03
5.735000000000000000e+03
5.735000000000000000e+03
6.096000000000000000e+03
6.269000000000000000e+03
6.269000000000000000e+03
6.486000000000000000e+03
6.617000000000000000e+03
6.683000000000000000e+03
6.808000000000000000e+03
7.117000000000000000e+03
7.303000000000000000e+03
7.303000000000000000e+03
7.616000000000000000e+03
7.768000000000000000e+03
8.070000000000000000e+03
8.070000000000000000e+03
8.297000000000000000e+03
8.548000000000000000e+03
8.885000000000000000e+03
9.168000000000000000e+03
9.462000000000000000e+03
9.638000000000000000e+03
9.910000000000000000e+03
1.020100000000000000e+04
1.020100000000000000e+04
1.035800000000000000e+04
1.085600000000000000e+04
1.111800000000000000e+04
1.196400000000000000e+04
1.196400000000000000e+04
1.219300000000000000e+04
1.259000000000000000e+04
1.292900000000000000e+04
1.320300000000000000e+04
1.371700000000000000e+04
1.415400000000000000e+04
1.415400000000000000e+04
1.456800000000000000e+04
1.501300000000000000e+04
1.547300000000000000e+04
1.583400000000000000e+04
1.643100000000000000e+04
1.674200000000000000e+04
1.735100000000000000e+04
1.774100000000000000e+04
1.813400000000000000e+04
1.813400000000000000e+04
1.938800000000000000e+04
1.938800000000000000e+04
2.008500000000000000e+04
2.107700000000000000e+04
2.196800000000000000e+04
2.282200000000000000e+04
2.346300000000000000e+04
2.383400000000000000e+04
2.424800000000000000e+04
2.451800000000000000e+04
2.498800000000000000e+04
2.498800000000000000e+04
2.543000000000000000e+04
2.612500000000000000e+04
2.657200000000000000e+04
2.706000000000000000e+04
2.766700000000000000e+04
2.843000000000000000e+04
2.898900000000000000e+04
2.967200000000000000e+04
2.967200000000000000e+04
3.105700000000000000e+04
3.185100000000000000e+04
3.296900000000000000e+04
3.362400000000000000e+04
3.440600000000000000e+04
3.514200000000000000e+04
3.514200000000000000e+04
3.550100000000000000e+04
3.701400000000000000e+04
3.701400000000000000e+04
3.781200000000000000e+04
3.781200000000000000e+04
3.907500000000000000e+04
3.964200000000000000e+04
4.009700000000000000e+04
4.053300000000000000e+04
4.100300000000000000e+04
4.121200000000000000e+04
4.140400000000000000e+04
4.157200000000000000e+04
4.172500000000000000e+04
4.184700000000000000e+04
4.221000000000000000e+04
4.253200000000000000e+04
4.265300000000000000e+04
4.299300000000000000e+04
4.309400000000000000e+04
4.326000000000000000e+04
4.332500000000000000e+04
4.332500000000000000e+04
4.350500000000000000e+04
4.362200000000000000e+04
4.371700000000000000e+04
4.376900000000000000e+04
4.384100000000000000e+04
4.394900000000000000e+04
4.411800000000000000e+04
4.420500000000000000e+04
4.429800000000000000e+04
4.446000000000000000e+04
4.465800000000000000e+04
4.471300000000000000e+04
4.477700000000000000e+04
4.477700000000000000e+04
4.477700000000000000e+04
4.486900000000000000e+04
4.501200000000000000e+04
4.531300000000000000e+04
4.531300000000000000e+04
4.538800000000000000e+04
4.543400000000000000e+04
4.543400000000000000e+04
4.560100000000000000e+04
4.565500000000000000e+04
4.565500000000000000e+04
4.571400000000000000e+04
4.576000000000000000e+04
4.587700000000000000e+04
4.600400000000000000e+04
4.606200000000000000e+04
4.606200000000000000e+04
4.615300000000000000e+04
4.622200000000000000e+04
4.622200000000000000e+04
4.622200000000000000e+04
4.638700000000000000e+04
4.644400000000000000e+04
4.648200000000000000e+04
4.662600000000000000e+04
4.665600000000000000e+04
4.669400000000000000e+04
4.680300000000000000e+04
4.682900000000000000e+04
4.682900000000000000e+04
4.682900000000000000e+04
4.682900000000000000e+04
4.694700000000000000e+04
4.698700000000000000e+04
4.700500000000000000e+04
4.700500000000000000e+04
4.703000000000000000e+04
4.712600000000000000e+04
4.712600000000000000e+04
4.717300000000000000e+04
4.717300000000000000e+04
4.723200000000000000e+04
4.731000000000000000e+04
4.737200000000000000e+04
4.746100000000000000e+04
4.746100000000000000e+04
4.753800000000000000e+04
4.760100000000000000e+04
4.769000000000000000e+04
4.769000000000000000e+04
4.777500000000000000e+04
4.777500000000000000e+04
4.777500000000000000e+04
4.805500000000000000e+04
4.805500000000000000e+04
4.805500000000000000e+04
4.812400000000000000e+04
4.820000000000000000e+04
4.820000000000000000e+04
4.864300000000000000e+04
4.878800000000000000e+04
4.878800000000000000e+04
4.890400000000000000e+04
4.910200000000000000e+04
4.920200000000000000e+04
4.930200000000000000e+04
4.930200000000000000e+04
4.995700000000000000e+04
5.001800000000000000e+04
5.001800000000000000e+04
5.012300000000000000e+04
5.037600000000000000e+04
5.037600000000000000e+04
5.045700000000000000e+04
5.063100000000000000e+04
5.063100000000000000e+04
5.071700000000000000e+04
5.087400000000000000e+04
5.094100000000000000e+04
5.118400000000000000e+04
5.122500000000000000e+04
5.122500000000000000e+04
5.122500000000000000e+04
5.137900000000000000e+04
5.156900000000000000e+04
5.166700000000000000e+04
5.166700000000000000e+04
5.166700000000000000e+04
5.166700000000000000e+04
5.209600000000000000e+04
5.209600000000000000e+04
5.227400000000000000e+04
5.227400000000000000e+04
5.250000000000000000e+04
5.262200000000000000e+04
5.273800000000000000e+04
5.273800000000000000e+04
5.293300000000000000e+04
5.293300000000000000e+04
5.301400000000000000e+04
5.327000000000000000e+04
5.338600000000000000e+04
5.355300000000000000e+04
5.365300000000000000e+04
5.365300000000000000e+04
5.365300000000000000e+04
5.395400000000000000e+04
5.395400000000000000e+04
5.404300000000000000e+04
5.404300000000000000e+04
5.404300000000000000e+04
5.428600000000000000e+04
5.440100000000000000e+04
5.450300000000000000e+04
5.468100000000000000e+04
5.477100000000000000e+04
5.477100000000000000e+04
5.493000000000000000e+04
5.506400000000000000e+04
5.516800000000000000e+04
5.516800000000000000e+04
5.516800000000000000e+04
5.516800000000000000e+04
5.546100000000000000e+04
5.546100000000000000e+04
5.577200000000000000e+04
5.577200000000000000e+04
5.623000000000000000e+04
5.642100000000000000e+04
5.698100000000000000e+04
5.698100000000000000e+04
5.698100000000000000e+04
5.698100000000000000e+04
5.771400000000000000e+04
5.806500000000000000e+04
5.843100000000000000e+04
5.843100000000000000e+04
5.948000000000000000e+04
5.948000000000000000e+04
6.011500000000000000e+04
6.079400000000000000e+04
6.213500000000000000e+04
6.213500000000000000e+04
6.275100000000000000e+04
6.388300000000000000e+04
6.388300000000000000e+04
6.542700000000000000e+04
6.701000000000000000e+04
6.701000000000000000e+04
6.778200000000000000e+04
6.855900000000000000e+04
6.925500000000000000e+04
7.004600000000000000e+04
7.004600000000000000e+04
7.076800000000000000e+04
7.232800000000000000e+04
7.300300000000000000e+04
7.300300000000000000e+04
7.355700000000000000e+04
7.434700000000000000e+04
7.583600000000000000e+04
7.583600000000000000e+04
7.649200000000000000e+04
7.704600000000000000e+04
7.827100000000000000e+04
7.868900000000000000e+04
7.916500000000000000e+04
7.965500000000000000e+04
8.025300000000000000e+04
8.075900000000000000e+04
8.075900000000000000e+04
8.124500000000000000e+04
8.167300000000000000e+04
8.258600000000000000e+04
8.258600000000000000e+04
8.402300000000000000e+04
8.402300000000000000e+04
8.402300000000000000e+04
8.434900000000000000e+04
8.523900000000000000e+04
8.523900000000000000e+04
8.609200000000000000e+04
8.646500000000000000e+04
8.646500000000000000e+04
8.673700000000000000e+04
8.673700000000000000e+04
8.673700000000000000e+04
8.673700000000000000e+04
8.748000000000000000e+04
8.776200000000000000e+04
8.798500000000000000e+04
8.822800000000000000e+04
8.842100000000000000e+04
8.842100000000000000e+04
8.900800000000000000e+04
8.927600000000000000e+04
8.968200000000000000e+04
8.968200000000000000e+04
8.989300000000000000e+04
8.989300000000000000e+04
8.999900000000000000e+04
9.028700000000000000e+04
9.028700000000000000e+04
9.028700000000000000e+04
9.028700000000000000e+04
9.028700000000000000e+04
9.058300000000000000e+04
9.058300000000000000e+04
9.067400000000000000e+04
9.067400000000000000e+04
9.078200000000000000e+04
9.090000000000000000e+04
9.094600000000000000e+04
9.100900000000000000e+04
9.110900000000000000e+04
9.110900000000000000e+04
9.126000000000000000e+04
9.126000000000000000e+04
9.126000000000000000e+04
9.141000000000000000e+04
9.147700000000000000e+04
9.154500000000000000e+04
9.154500000000000000e+04
9.166300000000000000e+04
9.170900000000000000e+04
9.170900000000000000e+04
9.170900000000000000e+04
9.178300000000000000e+04
9.192800000000000000e+04
9.192800000000000000e+04
9.192800000000000000e+04
9.216600000000000000e+04
9.225300000000000000e+04
9.246400000000000000e+04
9.251300000000000000e+04
9.256200000000000000e+04
9.256200000000000000e+04
9.260100000000000000e+04
9.260100000000000000e+04
9.268300000000000000e+04
9.274000000000000000e+04
9.282800000000000000e+04
9.282800000000000000e+04
9.285600000000000000e+04
9.285600000000000000e+04
9.295100000000000000e+04
9.301100000000000000e+04
9.301100000000000000e+04
9.312500000000000000e+04
9.315900000000000000e+04
9.324300000000000000e+04
9.324300000000000000e+04
9.324300000000000000e+04
9.333300000000000000e+04
9.339000000000000000e+04
9.345600000000000000e+04
9.345600000000000000e+04
9.352100000000000000e+04
9.358300000000000000e+04
9.362000000000000000e+04
9.364400000000000000e+04
9.371100000000000000e+04
9.371100000000000000e+04
9.372300000000000000e+04
9.377500000000000000e+04
9.377500000000000000e+04
9.389800000000000000e+04
9.389800000000000000e+04
9.401100000000000000e+04
9.401100000000000000e+04
9.401100000000000000e+04
9.418800000000000000e+04
9.418800000000000000e+04
9.422800000000000000e+04
9.422800000000000000e+04
9.422800000000000000e+04
9.436900000000000000e+04
9.436900000000000000e+04
9.444400000000000000e+04
9.449300000000000000e+04
9.449300000000000000e+04
9.449300000000000000e+04
9.469900000000000000e+04
9.482400000000000000e+04
9.482400000000000000e+04
9.491300000000000000e+04
9.491300000000000000e+04
9.491300000000000000e+04
9.505900000000000000e+04
9.523600000000000000e+04
9.523600000000000000e+04
9.525900000000000000e+04
9.525900000000000000e+04
9.525900000000000000e+04
9.536900000000000000e+04
9.547600000000000000e+04
9.564200000000000000e+04
9.591400000000000000e+04
9.591400000000000000e+04
9.591400000000000000e+04
9.606700000000000000e+04
9.631700000000000000e+04
9.640200000000000000e+04
9.640200000000000000e+04
9.670800000000000000e+04
9.697100000000000000e+04
9.697100000000000000e+04
9.713000000000000000e+04
9.758500000000000000e+04
9.758500000000000000e+04
9.772800000000000000e+04
9.772800000000000000e+04
9.811400000000000000e+04
9.811400000000000000e+04
9.843500000000000000e+04
9.881700000000000000e+04
9.881700000000000000e+04
9.916000000000000000e+04
9.916000000000000000e+04
9.916000000000000000e+04
1.002500000000000000e+05
1.007470000000000000e+05
1.011700000000000000e+05
1.021030000000000000e+05
1.021030000000000000e+05
1.030190000000000000e+05
1.030190000000000000e+05
1.030190000000000000e+05
1.030190000000000000e+05
1.030190000000000000e+05
