0.000000000000000000e+00
0.000000000000000000e+00
0.000000000000000000e+00
0.000000000000000000e+00
0.000000000000000000e+00
0.000000000000000000e+00
0.000000000000000000e+00
0.000000000000000000e+00
0.000000000000000000e+00
0.000000000000000000e+00
0.000000000000000000e+00
0.000000000000000000e+00
0.000000000000000000e+00
0.000000000000000000e+00
0.000000000000000000e+00
0.000000000000000000e+00
0.000000000000000000e+00
0.000000000000000000e+00
0.000000000000000000e+00
0.000000000000000000e+00
0.000000000000000000e+00
0.000000000000000000e+00
0.000000000000000000e+00
0.000000000000000000e+00
0.000000000000000000e+00
0.000000000000000000e+00
0.000000000000000000e+00
0.000000000000000000e+00
0.000000000000000000e+00
0.000000000000000000e+00
0.000000000000000000e+00
0.000000000000000000e+00
0.000000000000000000e+00
0.000000000000000000e+00
0.000000000000000000e+00
0.000000000000000000e+00
0.000000000000000000e+00
0.000000000000000000e+00
0.000000000000000000e+00
0.000000000000000000e+00
1.000000000000000000e+00
0.000000000000000000e+00
0.000000000000000000e+00
1.000000000000000000e+00
0.000000000000000000e+00
0.000000000000000000e+00
0.000000000000000000e+00
0.000000000000000000e+00
1.000000000000000000e+00
2.000000000000000000e+00
1.000000000000000000e+00
1.000000000000000000e+00
1.000000000000000000e+01
1.100000000000000000e+01
1.000000000000000000e+00
9.000000000000000000e+00
1.100000000000000000e+01
1.400000000000000000e+01
1.400000000000000000e+01
1.900000000000000000e+01
1.900000000000000000e+01
2.800000000000000000e+01
2.700000000000000000e+01
5.500000000000000000e+01
5.000000000000000000e+01
7.000000000000000000e+01
5.700000000000000000e+01
7.700000000000000000e+01
7.700000000000000000e+01
6.100000000000000000e+01
3.700000000000000000e+01
5.400000000000000000e+01
8.300000000000000000e+01
1.280000000000000000e+02
1.020000000000000000e+02
9.900000000000000000e+01
6.400000000000000000e+01
9.100000000000000000e+01
9.900000000000000000e+01
7.400000000000000000e+01
9.700000000000000000e+01
1.160000000000000000e+02
1.020000000000000000e+02
1.250000000000000000e+02
1.360000000000000000e+02
2.590000000000000000e+02
2.810000000000000000e+02
1.210000000000000000e+02
1.700000000000000000e+02
1.910000000000000000e+02
1.630000000000000000e+02
2.370000000000000000e+02
1.220000000000000000e+02
1.900000000000000000e+02
1.390000000000000000e+02
1.680000000000000000e+02
5.500000000000000000e+01
1.320000000000000000e+02
6.900000000000000000e+01
1.020000000000000000e+02
1.460000000000000000e+02
1.600000000000000000e+02
1.740000000000000000e+02
1.500000000000000000e+02
1.660000000000000000e+02
1.890000000000000000e+02
1.400000000000000000e+02
1.630000000000000000e+02
1.990000000000000000e+02
1.530000000000000000e+02
2.180000000000000000e+02
1.370000000000000000e+02
9.400000000000000000e+01
9.500000000000000000e+01
4.500000000000000000e+01
8.900000000000000000e+01
1.290000000000000000e+02
8.200000000000000000e+01
7.100000000000000000e+01
1.100000000000000000e+02
7.800000000000000000e+01
1.210000000000000000e+02
7.400000000000000000e+01
2.700000000000000000e+01
9.900000000000000000e+01
4.500000000000000000e+01
2.400000000000000000e+01
4.200000000000000000e+01
7.100000000000000000e+01
6.600000000000000000e+01
2.700000000000000000e+01
2.600000000000000000e+01
3.300000000000000000e+01
5.600000000000000000e+01
8.100000000000000000e+01
6.800000000000000000e+01
8.000000000000000000e+01
7.300000000000000000e+01
7.800000000000000000e+01
1.350000000000000000e+02
7.100000000000000000e+01
2.900000000000000000e+01
7.300000000000000000e+01
8.200000000000000000e+01
1.010000000000000000e+02
9.200000000000000000e+01
4.600000000000000000e+01
6.600000000000000000e+01
7.700000000000000000e+01
5.390000000000000000e+02
2.260000000000000000e+02
1.380000000000000000e+02
1.950000000000000000e+02
1.720000000000000000e+02
5.630000000000000000e+02
4.310000000000000000e+02
2.950000000000000000e+02
2.440000000000000000e+02
1.750000000000000000e+02
2.380000000000000000e+02
2.430000000000000000e+02
1.030000000000000000e+02
3.330000000000000000e+02
3.190000000000000000e+02
5.340000000000000000e+02
3.930000000000000000e+02
1.640000000000000000e+02
2.280000000000000000e+02
1.640000000000000000e+02
3.080000000000000000e+02
2.490000000000000000e+02
2.140000000000000000e+02
2.030000000000000000e+02
1.910000000000000000e+02
1.610000000000000000e+02
1.650000000000000000e+02
2.830000000000000000e+02
1.810000000000000000e+02
2.890000000000000000e+02
2.210000000000000000e+02
3.260000000000000000e+02
1.800000000000000000e+02
2.200000000000000000e+02
3.020000000000000000e+02
5.700000000000000000e+02
8.110000000000000000e+02
6.330000000000000000e+02
6.090000000000000000e+02
5.000000000000000000e+02
8.260000000000000000e+02
1.046000000000000000e+03
1.063000000000000000e+03
6.930000000000000000e+02
5.220000000000000000e+02
6.590000000000000000e+02
1.021000000000000000e+03
1.283000000000000000e+03
1.144000000000000000e+03
1.018000000000000000e+03
1.345000000000000000e+03
1.230000000000000000e+03
8.260000000000000000e+02
1.132000000000000000e+03
1.499000000000000000e+03
1.241000000000000000e+03
1.306000000000000000e+03
1.776000000000000000e+03
1.472000000000000000e+03
1.069000000000000000e+03
1.245000000000000000e+03
1.510000000000000000e+03
1.325000000000000000e+03
1.609000000000000000e+03
1.565000000000000000e+03
1.537000000000000000e+03
9.030000000000000000e+02
1.276000000000000000e+03
1.336000000000000000e+03
1.221000000000000000e+03
1.404000000000000000e+03
1.567000000000000000e+03
1.343000000000000000e+03
1.191000000000000000e+03
1.191000000000000000e+03
1.672000000000000000e+03
1.402000000000000000e+03
1.750000000000000000e+03
1.555000000000000000e+03
2.234000000000000000e+03
1.386000000000000000e+03
1.941000000000000000e+03
2.157000000000000000e+03
1.889000000000000000e+03
2.430000000000000000e+03
2.238000000000000000e+03
2.251000000000000000e+03
1.517000000000000000e+03
2.121000000000000000e+03
1.692000000000000000e+03
2.488000000000000000e+03
2.760000000000000000e+03
2.552000000000000000e+03
1.927000000000000000e+03
1.376000000000000000e+03
2.227000000000000000e+03
2.397000000000000000e+03
2.356000000000000000e+03
2.423000000000000000e+03
2.719000000000000000e+03
2.444000000000000000e+03
1.422000000000000000e+03
2.076000000000000000e+03
2.470000000000000000e+03
2.391000000000000000e+03
2.521000000000000000e+03
2.663000000000000000e+03
2.044000000000000000e+03
1.423000000000000000e+03
2.553000000000000000e+03
2.776000000000000000e+03
2.929000000000000000e+03
3.445000000000000000e+03
3.443000000000000000e+03
2.563000000000000000e+03
1.357000000000000000e+03
3.185000000000000000e+03
3.387000000000000000e+03
3.317000000000000000e+03
3.498000000000000000e+03
3.763000000000000000e+03
2.721000000000000000e+03
2.117000000000000000e+03
3.254000000000000000e+03
3.577000000000000000e+03
4.151000000000000000e+03
3.685000000000000000e+03
4.045000000000000000e+03
3.020000000000000000e+03
2.264000000000000000e+03
3.988000000000000000e+03
3.985000000000000000e+03
4.320000000000000000e+03
3.256000000000000000e+03
3.790000000000000000e+03
3.460000000000000000e+03
2.526000000000000000e+03
4.495000000000000000e+03
5.745000000000000000e+03
5.641000000000000000e+03
5.398000000000000000e+03
5.836000000000000000e+03
4.596000000000000000e+03
3.170000000000000000e+03
5.214000000000000000e+03
5.461000000000000000e+03
6.195000000000000000e+03
5.515000000000000000e+03
5.875000000000000000e+03
4.966000000000000000e+03
3.012000000000000000e+03
5.415000000000000000e+03
5.391000000000000000e+03
4.559000000000000000e+03
4.706000000000000000e+03
4.702000000000000000e+03
3.979000000000000000e+03
2.587000000000000000e+03
3.999000000000000000e+03
4.979000000000000000e+03
4.178000000000000000e+03
4.592000000000000000e+03
4.412000000000000000e+03
4.115000000000000000e+03
2.533000000000000000e+03
3.508000000000000000e+03
4.346000000000000000e+03
4.434000000000000000e+03
3.996000000000000000e+03
4.118000000000000000e+03
2.919000000000000000e+03
1.531000000000000000e+03
2.900000000000000000e+03
4.096000000000000000e+03
3.345000000000000000e+03
3.035000000000000000e+03
3.033000000000000000e+03
2.012000000000000000e+03
1.217000000000000000e+03
2.793000000000000000e+03
3.351000000000000000e+03
2.776000000000000000e+03
2.647000000000000000e+03
2.833000000000000000e+03
1.899000000000000000e+03
8.770000000000000000e+02
2.646000000000000000e+03
2.566000000000000000e+03
2.650000000000000000e+03
2.329000000000000000e+03
2.369000000000000000e+03
1.517000000000000000e+03
9.500000000000000000e+02
2.160000000000000000e+03
2.143000000000000000e+03
1.861000000000000000e+03
1.777000000000000000e+03
1.171000000000000000e+03
1.005000000000000000e+03
6.560000000000000000e+02
1.637000000000000000e+03
1.642000000000000000e+03
1.597000000000000000e+03
1.543000000000000000e+03
1.416000000000000000e+03
8.950000000000000000e+02
4.560000000000000000e+02
8.010000000000000000e+02
1.266000000000000000e+03
1.279000000000000000e+03
1.291000000000000000e+03
1.240000000000000000e+03
8.060000000000000000e+02
4.730000000000000000e+02
1.246000000000000000e+03
1.152000000000000000e+03
1.164000000000000000e+03
1.138000000000000000e+03
9.250000000000000000e+02
5.200000000000000000e+02
3.370000000000000000e+02
8.670000000000000000e+02
8.900000000000000000e+02
7.560000000000000000e+02
8.510000000000000000e+02
7.010000000000000000e+02
4.660000000000000000e+02
2.810000000000000000e+02
8.350000000000000000e+02
7.740000000000000000e+02
6.200000000000000000e+02
7.120000000000000000e+02
5.870000000000000000e+02
3.890000000000000000e+02
2.340000000000000000e+02
5.360000000000000000e+02
5.640000000000000000e+02
4.710000000000000000e+02
4.960000000000000000e+02
4.790000000000000000e+02
3.390000000000000000e+02
1.210000000000000000e+02
4.760000000000000000e+02
5.080000000000000000e+02
4.770000000000000000e+02
4.480000000000000000e+02
4.440000000000000000e+02
2.070000000000000000e+02
1.080000000000000000e+02
4.460000000000000000e+02
4.190000000000000000e+02
3.860000000000000000e+02
4.800000000000000000e+02
4.160000000000000000e+02
2.440000000000000000e+02
1.120000000000000000e+02
3.930000000000000000e+02
5.940000000000000000e+02
3.940000000000000000e+02
4.200000000000000000e+02
4.070000000000000000e+02
2.490000000000000000e+02
1.020000000000000000e+02
5.080000000000000000e+02
4.530000000000000000e+02
4.640000000000000000e+02
4.310000000000000000e+02
4.510000000000000000e+02
3.050000000000000000e+02
1.590000000000000000e+02
5.260000000000000000e+02
4.660000000000000000e+02
4.870000000000000000e+02
4.440000000000000000e+02
4.440000000000000000e+02
2.460000000000000000e+02
1.250000000000000000e+02
5.690000000000000000e+02
4.390000000000000000e+02
5.110000000000000000e+02
5.140000000000000000e+02
4.910000000000000000e+02
3.010000000000000000e+02
9.700000000000000000e+01
6.650000000000000000e+02
6.760000000000000000e+02
5.790000000000000000e+02
5.810000000000000000e+02
5.750000000000000000e+02
3.650000000000000000e+02
1.320000000000000000e+02
6.960000000000000000e+02
6.630000000000000000e+02
6.350000000000000000e+02
6.250000000000000000e+02
7.400000000000000000e+02
4.140000000000000000e+02
1.750000000000000000e+02
6.840000000000000000e+02
7.030000000000000000e+02
5.960000000000000000e+02
5.870000000000000000e+02
6.000000000000000000e+02
3.640000000000000000e+02
1.380000000000000000e+02
7.200000000000000000e+02
6.690000000000000000e+02
6.000000000000000000e+02
5.920000000000000000e+02
5.070000000000000000e+02
3.260000000000000000e+02
1.020000000000000000e+02
5.070000000000000000e+02
4.930000000000000000e+02
4.210000000000000000e+02
3.630000000000000000e+02
3.130000000000000000e+02
2.940000000000000000e+02
5.600000000000000000e+01
3.730000000000000000e+02
3.710000000000000000e+02
3.600000000000000000e+02
2.980000000000000000e+02
3.140000000000000000e+02
2.360000000000000000e+02
5.800000000000000000e+01
2.420000000000000000e+02
2.680000000000000000e+02
2.380000000000000000e+02
3.500000000000000000e+01
1.120000000000000000e+02
1.270000000000000000e+02
7.900000000000000000e+01
3.970000000000000000e+02
3.380000000000000000e+02
3.330000000000000000e+02
3.580000000000000000e+02
3.630000000000000000e+02
2.110000000000000000e+02
9.000000000000000000e+01
3.100000000000000000e+02
3.850000000000000000e+02
3.140000000000000000e+02
3.360000000000000000e+02
4.100000000000000000e+02
2.400000000000000000e+02
1.080000000000000000e+02
3.940000000000000000e+02
4.180000000000000000e+02
3.950000000000000000e+02
3.460000000000000000e+02
4.260000000000000000e+02
2.310000000000000000e+02
1.040000000000000000e+02
4.730000000000000000e+02
3.860000000000000000e+02
3.760000000000000000e+02
4.000000000000000000e+02
4.550000000000000000e+02
2.700000000000000000e+02
1.090000000000000000e+02
4.760000000000000000e+02
5.000000000000000000e+02
4.680000000000000000e+02
4.810000000000000000e+02
4.390000000000000000e+02
2.880000000000000000e+02
8.600000000000000000e+01
4.370000000000000000e+02
5.220000000000000000e+02
4.840000000000000000e+02
5.510000000000000000e+02
4.930000000000000000e+02
4.520000000000000000e+02
2.190000000000000000e+02
6.900000000000000000e+02
7.760000000000000000e+02
7.890000000000000000e+02
8.440000000000000000e+02
9.510000000000000000e+02
6.050000000000000000e+02
2.470000000000000000e+02
1.177000000000000000e+03
1.279000000000000000e+03
1.336000000000000000e+03
1.250000000000000000e+03
1.566000000000000000e+03
1.057000000000000000e+03
6.570000000000000000e+02
1.897000000000000000e+03
2.257000000000000000e+03
2.571000000000000000e+03
2.791000000000000000e+03
2.853000000000000000e+03
2.144000000000000000e+03
1.153000000000000000e+03
3.631000000000000000e+03
3.940000000000000000e+03
1.402000000000000000e+03
1.910000000000000000e+03
5.494000000000000000e+03
4.110000000000000000e+03
2.205000000000000000e+03
6.971000000000000000e+03
9.428000000000000000e+03
8.995000000000000000e+03
9.128000000000000000e+03
7.529000000000000000e+03
6.189000000000000000e+03
