0.000000000000000000e+00
0.000000000000000000e+00
0.000000000000000000e+00
0.000000000000000000e+00
0.000000000000000000e+00
0.000000000000000000e+00
0.000000000000000000e+00
0.000000000000000000e+00
0.000000000000000000e+00
0.000000000000000000e+00
0.000000000000000000e+00
0.000000000000000000e+00
0.000000000000000000e+00
0.000000000000000000e+00
0.000000000000000000e+00
0.000000000000000000e+00
0.000000000000000000e+00
0.000000000000000000e+00
0.000000000000000000e+00
0.000000000000000000e+00
0.000000000000000000e+00
0.000000000000000000e+00
0.000000000000000000e+00
0.000000000000000000e+00
0.000000000000000000e+00
0.000000000000000000e+00
0.000000000000000000e+00
0.000000000000000000e+00
0.000000000000000000e+00
0.000000000000000000e+00
0.000000000000000000e+00
0.000000000000000000e+00
0.000000000000000000e+00
0.000000000000000000e+00
0.000000000000000000e+00
0.000000000000000000e+00
0.000000000000000000e+00
0.000000000000000000e+00
0.000000000000000000e+00
0.000000000000000000e+00
0.000000000000000000e+00
0.000000000000000000e+00
0.000000000000000000e+00
0.000000000000000000e+00
0.000000000000000000e+00
0.000000000000000000e+00
0.000000000000000000e+00
0.000000000000000000e+00
0.000000000000000000e+00
0.000000000000000000e+00
0.000000000000000000e+00
0.000000000000000000e+00
1.000000000000000000e+00
1.000000000000000000e+00
1.000000000000000000e+00
1.000000000000000000e+00
1.000000000000000000e+00
2.000000000000000000e+00
2.000000000000000000e+00
2.000000000000000000e+00
2.000000000000000000e+00
2.000000000000000000e+00
2.000000000000000000e+00
2.000000000000000000e+00
3.000000000000000000e+00
3.000000000000000000e+00
5.000000000000000000e+00
5.000000000000000000e+00
5.000000000000000000e+00
6.000000000000000000e+00
6.000000000000000000e+00
6.000000000000000000e+00
6.000000000000000000e+00
6.000000000000000000e+00
6.000000000000000000e+00
6.000000000000000000e+00
6.000000000000000000e+00
6.000000000000000000e+00
7.000000000000000000e+00
7.000000000000000000e+00
7.000000000000000000e+00
7.000000000000000000e+00
7.000000000000000000e+00
7.000000000000000000e+00
7.000000000000000000e+00
7.000000000000000000e+00
7.000000000000000000e+00
7.000000000000000000e+00
7.000000000000000000e+00
7.000000000000000000e+00
7.000000000000000000e+00
7.000000000000000000e+00
7.000000000000000000e+00
7.000000000000000000e+00
7.000000000000000000e+00
7.000000000000000000e+00
7.000000000000000000e+00
7.000000000000000000e+00
8.000000000000000000e+00
8.000000000000000000e+00
8.000000000000000000e+00
8.000000000000000000e+00
8.000000000000000000e+00
8.000000000000000000e+00
8.000000000000000000e+00
8.000000000000000000e+00
8.000000000000000000e+00
8.000000000000000000e+00
8.000000000000000000e+00
8.000000000000000000e+00
8.000000000000000000e+00
9.000000000000000000e+00
1.500000000000000000e+01
2.000000000000000000e+01
2.900000000000000000e+01
4.000000000000000000e+01
6.200000000000000000e+01
8.100000000000000000e+01
1.310000000000000000e+02
1.410000000000000000e+02
1.730000000000000000e+02
2.000000000000000000e+02
2.270000000000000000e+02
2.370000000000000000e+02
2.620000000000000000e+02
2.680000000000000000e+02
2.920000000000000000e+02
3.460000000000000000e+02
4.230000000000000000e+02
4.830000000000000000e+02
5.300000000000000000e+02
5.880000000000000000e+02
6.680000000000000000e+02
7.450000000000000000e+02
7.840000000000000000e+02
8.830000000000000000e+02
9.470000000000000000e+02
1.049000000000000000e+03
1.104000000000000000e+03
1.162000000000000000e+03
1.283000000000000000e+03
1.439000000000000000e+03
1.572000000000000000e+03
1.682000000000000000e+03
1.783000000000000000e+03
1.887000000000000000e+03
2.057000000000000000e+03
2.223000000000000000e+03
2.424000000000000000e+03
2.621000000000000000e+03
2.813000000000000000e+03
2.984000000000000000e+03
3.121000000000000000e+03
3.292000000000000000e+03
3.519000000000000000e+03
3.739000000000000000e+03
3.907000000000000000e+03
4.025000000000000000e+03
4.149000000000000000e+03
4.237000000000000000e+03
4.363000000000000000e+03
4.472000000000000000e+03
4.606000000000000000e+03
4.705000000000000000e+03
4.827000000000000000e+03
4.879000000000000000e+03
4.948000000000000000e+03
5.024000000000000000e+03
5.087000000000000000e+03
5.126000000000000000e+03
5.203000000000000000e+03
5.275000000000000000e+03
5.355000000000000000e+03
5.446000000000000000e+03
5.518000000000000000e+03
5.564000000000000000e+03
5.659000000000000000e+03
5.710000000000000000e+03
5.813000000000000000e+03
5.873000000000000000e+03
5.923000000000000000e+03
5.985000000000000000e+03
6.027000000000000000e+03
6.067000000000000000e+03
6.116000000000000000e+03
6.151000000000000000e+03
6.171000000000000000e+03
6.208000000000000000e+03
6.249000000000000000e+03
6.273000000000000000e+03
6.295000000000000000e+03
6.310000000000000000e+03
6.319000000000000000e+03
6.323000000000000000e+03
6.382000000000000000e+03
6.418000000000000000e+03
6.444000000000000000e+03
6.444000000000000000e+03
6.498000000000000000e+03
6.510000000000000000e+03
6.523000000000000000e+03
6.555000000000000000e+03
6.598000000000000000e+03
6.622000000000000000e+03
6.653000000000000000e+03
6.676000000000000000e+03
6.693000000000000000e+03
6.701000000000000000e+03
6.762000000000000000e+03
6.789000000000000000e+03
6.829000000000000000e+03
6.848000000000000000e+03
6.885000000000000000e+03
6.894000000000000000e+03
6.905000000000000000e+03
6.928000000000000000e+03
6.960000000000000000e+03
6.977000000000000000e+03
6.993000000000000000e+03
7.012000000000000000e+03
7.012000000000000000e+03
7.016000000000000000e+03
7.048000000000000000e+03
7.075000000000000000e+03
7.089000000000000000e+03
7.106000000000000000e+03
7.126000000000000000e+03
7.134000000000000000e+03
7.142000000000000000e+03
7.165000000000000000e+03
7.165000000000000000e+03
7.191000000000000000e+03
7.222000000000000000e+03
7.266000000000000000e+03
7.274000000000000000e+03
7.276000000000000000e+03
7.295000000000000000e+03
7.319000000000000000e+03
7.332000000000000000e+03
7.346000000000000000e+03
7.361000000000000000e+03
7.365000000000000000e+03
7.368000000000000000e+03
7.384000000000000000e+03
7.403000000000000000e+03
7.425000000000000000e+03
7.433000000000000000e+03
7.457000000000000000e+03
7.462000000000000000e+03
7.464000000000000000e+03
7.474000000000000000e+03
7.488000000000000000e+03
7.502000000000000000e+03
7.505000000000000000e+03
7.511000000000000000e+03
7.517000000000000000e+03
7.520000000000000000e+03
7.523000000000000000e+03
7.529000000000000000e+03
7.535000000000000000e+03
7.540000000000000000e+03
7.548000000000000000e+03
7.550000000000000000e+03
7.550000000000000000e+03
7.554000000000000000e+03
7.565000000000000000e+03
7.572000000000000000e+03
7.585000000000000000e+03
7.603000000000000000e+03
7.607000000000000000e+03
7.608000000000000000e+03
7.621000000000000000e+03
7.634000000000000000e+03
7.638000000000000000e+03
7.650000000000000000e+03
7.662000000000000000e+03
7.663000000000000000e+03
7.664000000000000000e+03
7.677000000000000000e+03
7.680000000000000000e+03
7.688000000000000000e+03
7.700000000000000000e+03
7.700000000000000000e+03
7.703000000000000000e+03
7.704000000000000000e+03
7.704000000000000000e+03
7.724000000000000000e+03
7.744000000000000000e+03
7.777000000000000000e+03
7.804000000000000000e+03
7.814000000000000000e+03
7.820000000000000000e+03
7.833000000000000000e+03
7.848000000000000000e+03
7.885000000000000000e+03
7.900000000000000000e+03
7.932000000000000000e+03
7.948000000000000000e+03
7.952000000000000000e+03
7.979000000000000000e+03
7.994000000000000000e+03
8.010000000000000000e+03
8.034000000000000000e+03
8.075000000000000000e+03
8.096000000000000000e+03
8.128000000000000000e+03
8.167000000000000000e+03
8.193000000000000000e+03
8.246000000000000000e+03
8.288000000000000000e+03
8.424000000000000000e+03
8.458000000000000000e+03
8.547000000000000000e+03
8.601000000000000000e+03
8.710000000000000000e+03
8.863000000000000000e+03
9.005000000000000000e+03
9.181000000000000000e+03
9.359000000000000000e+03
9.516000000000000000e+03
9.679000000000000000e+03
9.876000000000000000e+03
1.010500000000000000e+04
1.026800000000000000e+04
1.050100000000000000e+04
1.078000000000000000e+04
1.097100000000000000e+04
1.113500000000000000e+04
1.143100000000000000e+04
1.162900000000000000e+04
1.180500000000000000e+04
1.204600000000000000e+04
1.227800000000000000e+04
1.241800000000000000e+04
1.256700000000000000e+04
1.274500000000000000e+04
1.294400000000000000e+04
1.311800000000000000e+04
1.326400000000000000e+04
1.351600000000000000e+04
1.364200000000000000e+04
1.377800000000000000e+04
1.398900000000000000e+04
1.419100000000000000e+04
1.436400000000000000e+04
1.458100000000000000e+04
1.467700000000000000e+04
1.479400000000000000e+04
1.487500000000000000e+04
1.498100000000000000e+04
1.511100000000000000e+04
1.521400000000000000e+04
1.535200000000000000e+04
1.542900000000000000e+04
1.551200000000000000e+04
1.561100000000000000e+04
1.570700000000000000e+04
1.579400000000000000e+04
1.589300000000000000e+04
1.596300000000000000e+04
1.599900000000000000e+04
1.603900000000000000e+04
1.608100000000000000e+04
1.614700000000000000e+04
1.621200000000000000e+04
1.626600000000000000e+04
1.632200000000000000e+04
1.635700000000000000e+04
1.639700000000000000e+04
1.642100000000000000e+04
1.646000000000000000e+04
1.650600000000000000e+04
1.654300000000000000e+04
1.657600000000000000e+04
1.660800000000000000e+04
1.663500000000000000e+04
1.666200000000000000e+04
1.668900000000000000e+04
1.672000000000000000e+04
1.674000000000000000e+04
1.677700000000000000e+04
1.679200000000000000e+04
1.680700000000000000e+04
1.682700000000000000e+04
1.686800000000000000e+04
1.690200000000000000e+04
1.692500000000000000e+04
1.695400000000000000e+04
1.696500000000000000e+04
1.697400000000000000e+04
1.699600000000000000e+04
1.701600000000000000e+04
1.704100000000000000e+04
1.705800000000000000e+04
1.707100000000000000e+04
1.708300000000000000e+04
1.709500000000000000e+04
1.711000000000000000e+04
1.713000000000000000e+04
1.715800000000000000e+04
1.717900000000000000e+04
1.718700000000000000e+04
1.719600000000000000e+04
1.720700000000000000e+04
1.721700000000000000e+04
1.723500000000000000e+04
1.725200000000000000e+04
1.726700000000000000e+04
1.728500000000000000e+04
1.730900000000000000e+04
1.732200000000000000e+04
1.734000000000000000e+04
1.736500000000000000e+04
1.738500000000000000e+04
1.739400000000000000e+04
1.741000000000000000e+04
1.742400000000000000e+04
1.743800000000000000e+04
1.745700000000000000e+04
1.748700000000000000e+04
1.752100000000000000e+04
1.754200000000000000e+04
1.757000000000000000e+04
1.758700000000000000e+04
1.760100000000000000e+04
1.763000000000000000e+04
1.765800000000000000e+04
1.769000000000000000e+04
1.771200000000000000e+04
1.774500000000000000e+04
1.775600000000000000e+04
1.777100000000000000e+04
1.779600000000000000e+04
1.782400000000000000e+04
1.784700000000000000e+04
1.787800000000000000e+04
1.790400000000000000e+04
1.791700000000000000e+04
1.792700000000000000e+04
1.793900000000000000e+04
1.795500000000000000e+04
1.797400000000000000e+04
1.799500000000000000e+04
1.800500000000000000e+04
1.801200000000000000e+04
1.802200000000000000e+04
1.803500000000000000e+04
1.805200000000000000e+04
1.806600000000000000e+04
1.807200000000000000e+04
1.810300000000000000e+04
1.812100000000000000e+04
1.812900000000000000e+04
1.814200000000000000e+04
1.815600000000000000e+04
1.817500000000000000e+04
1.819200000000000000e+04
1.820700000000000000e+04
1.824000000000000000e+04
1.825700000000000000e+04
1.828200000000000000e+04
1.831400000000000000e+04
1.834600000000000000e+04
1.837700000000000000e+04
1.840200000000000000e+04
1.842900000000000000e+04
1.844800000000000000e+04
1.847600000000000000e+04
1.850300000000000000e+04
1.854200000000000000e+04
1.857600000000000000e+04
1.861300000000000000e+04
1.863600000000000000e+04
1.866700000000000000e+04
1.869100000000000000e+04
1.869100000000000000e+04
1.874500000000000000e+04
1.876700000000000000e+04
1.878100000000000000e+04
1.880600000000000000e+04
1.882800000000000000e+04
1.885800000000000000e+04
1.890500000000000000e+04
1.895700000000000000e+04
1.901100000000000000e+04
1.904900000000000000e+04
1.911400000000000000e+04
1.914900000000000000e+04
1.919500000000000000e+04
1.925100000000000000e+04
1.928700000000000000e+04
1.934400000000000000e+04
1.940700000000000000e+04
1.946300000000000000e+04
1.949400000000000000e+04
1.954700000000000000e+04
1.959800000000000000e+04
1.965000000000000000e+04
1.969500000000000000e+04
1.975200000000000000e+04
1.978500000000000000e+04
1.981700000000000000e+04
1.985300000000000000e+04
1.989500000000000000e+04
1.992300000000000000e+04
1.995900000000000000e+04
2.000500000000000000e+04
2.004000000000000000e+04
2.007300000000000000e+04
2.010900000000000000e+04
2.015100000000000000e+04
2.019900000000000000e+04
2.025300000000000000e+04
2.028800000000000000e+04
2.031400000000000000e+04
2.033600000000000000e+04
2.036500000000000000e+04
2.041500000000000000e+04
2.047300000000000000e+04
2.051200000000000000e+04
2.056800000000000000e+04
2.060400000000000000e+04
2.063500000000000000e+04
2.067600000000000000e+04
2.074700000000000000e+04
2.080800000000000000e+04
2.089400000000000000e+04
2.097700000000000000e+04
2.102700000000000000e+04
2.107600000000000000e+04
2.113400000000000000e+04
2.123600000000000000e+04
2.130300000000000000e+04
2.130300000000000000e+04
2.149900000000000000e+04
2.159000000000000000e+04
2.167200000000000000e+04
2.176500000000000000e+04
2.190200000000000000e+04
2.204900000000000000e+04
2.218700000000000000e+04
2.229800000000000000e+04
2.250800000000000000e+04
2.263700000000000000e+04
2.275300000000000000e+04
2.292900000000000000e+04
2.309300000000000000e+04
2.322300000000000000e+04
2.337800000000000000e+04
2.355500000000000000e+04
2.375500000000000000e+04
2.400800000000000000e+04
2.434900000000000000e+04
2.466200000000000000e+04
2.506300000000000000e+04
2.542300000000000000e+04
2.569100000000000000e+04
2.597300000000000000e+04
