0.000000000000000000e+00
0.000000000000000000e+00
0.000000000000000000e+00
0.000000000000000000e+00
0.000000000000000000e+00
0.000000000000000000e+00
0.000000000000000000e+00
0.000000000000000000e+00
0.000000000000000000e+00
0.000000000000000000e+00
0.000000000000000000e+00
0.000000000000000000e+00
0.000000000000000000e+00
0.000000000000000000e+00
0.000000000000000000e+00
0.000000000000000000e+00
0.000000000000000000e+00
0.000000000000000000e+00
0.000000000000000000e+00
0.000000000000000000e+00
0.000000000000000000e+00
0.000000000000000000e+00
0.000000000000000000e+00
0.000000000000000000e+00
0.000000000000000000e+00
0.000000000000000000e+00
0.000000000000000000e+00
0.000000000000000000e+00
0.000000000000000000e+00
0.000000000000000000e+00
0.000000000000000000e+00
0.000000000000000000e+00
0.000000000000000000e+00
0.000000000000000000e+00
0.000000000000000000e+00
0.000000000000000000e+00
0.000000000000000000e+00
0.000000000000000000e+00
0.000000000000000000e+00
0.000000000000000000e+00
0.000000000000000000e+00
0.000000000000000000e+00
0.000000000000000000e+00
0.000000000000000000e+00
0.000000000000000000e+00
0.000000000000000000e+00
0.000000000000000000e+00
2.000000000000000000e+00
1.000000000000000000e+01
1.200000000000000000e+01
2.300000000000000000e+01
3.300000000000000000e+01
3.800000000000000000e+01
4.200000000000000000e+01
5.100000000000000000e+01
5.500000000000000000e+01
5.900000000000000000e+01
6.400000000000000000e+01
7.000000000000000000e+01
7.600000000000000000e+01
8.900000000000000000e+01
1.040000000000000000e+02
1.230000000000000000e+02
1.460000000000000000e+02
1.740000000000000000e+02
1.860000000000000000e+02
1.970000000000000000e+02
2.120000000000000000e+02
2.230000000000000000e+02
2.430000000000000000e+02
2.590000000000000000e+02
2.770000000000000000e+02
3.040000000000000000e+02
3.330000000000000000e+02
3.610000000000000000e+02
3.770000000000000000e+02
3.830000000000000000e+02
4.000000000000000000e+02
4.090000000000000000e+02
4.160000000000000000e+02
4.330000000000000000e+02
4.460000000000000000e+02
4.670000000000000000e+02
4.750000000000000000e+02
4.940000000000000000e+02
5.180000000000000000e+02
5.390000000000000000e+02
5.480000000000000000e+02
5.620000000000000000e+02
5.840000000000000000e+02
6.090000000000000000e+02
6.340000000000000000e+02
6.630000000000000000e+02
6.780000000000000000e+02
7.120000000000000000e+02
7.260000000000000000e+02
7.360000000000000000e+02
7.500000000000000000e+02
7.660000000000000000e+02
7.730000000000000000e+02
7.820000000000000000e+02
7.890000000000000000e+02
7.950000000000000000e+02
8.030000000000000000e+02
8.200000000000000000e+02
8.320000000000000000e+02
8.420000000000000000e+02
8.500000000000000000e+02
8.560000000000000000e+02
8.680000000000000000e+02
8.720000000000000000e+02
8.760000000000000000e+02
8.800000000000000000e+02
8.980000000000000000e+02
9.160000000000000000e+02
9.330000000000000000e+02
9.460000000000000000e+02
9.480000000000000000e+02
9.490000000000000000e+02
9.640000000000000000e+02
9.690000000000000000e+02
9.810000000000000000e+02
9.890000000000000000e+02
9.980000000000000000e+02
1.004000000000000000e+03
1.029000000000000000e+03
1.050000000000000000e+03
1.076000000000000000e+03
1.099000000000000000e+03
1.122000000000000000e+03
1.137000000000000000e+03
1.143000000000000000e+03
1.164000000000000000e+03
1.184000000000000000e+03
1.197000000000000000e+03
1.212000000000000000e+03
1.232000000000000000e+03
1.246000000000000000e+03
1.263000000000000000e+03
1.299000000000000000e+03
1.341000000000000000e+03
1.385000000000000000e+03
1.416000000000000000e+03
1.464000000000000000e+03
1.521000000000000000e+03
1.590000000000000000e+03
1.672000000000000000e+03
1.722000000000000000e+03
1.788000000000000000e+03
1.838000000000000000e+03
1.891000000000000000e+03
1.962000000000000000e+03
1.995000000000000000e+03
2.047000000000000000e+03
2.114000000000000000e+03
2.192000000000000000e+03
2.269000000000000000e+03
2.330000000000000000e+03
2.402000000000000000e+03
2.466000000000000000e+03
2.535000000000000000e+03
2.580000000000000000e+03
2.662000000000000000e+03
2.752000000000000000e+03
2.819000000000000000e+03
2.893000000000000000e+03
2.964000000000000000e+03
3.038000000000000000e+03
3.106000000000000000e+03
3.188000000000000000e+03
3.278000000000000000e+03
3.371000000000000000e+03
3.454000000000000000e+03
3.571000000000000000e+03
3.667000000000000000e+03
3.752000000000000000e+03
3.851000000000000000e+03
3.906000000000000000e+03
4.008000000000000000e+03
4.090000000000000000e+03
4.171000000000000000e+03
4.290000000000000000e+03
4.358000000000000000e+03
4.466000000000000000e+03
4.570000000000000000e+03
4.637000000000000000e+03
4.763000000000000000e+03
4.880000000000000000e+03
4.997000000000000000e+03
5.105000000000000000e+03
5.197000000000000000e+03
5.276000000000000000e+03
5.396000000000000000e+03
5.519000000000000000e+03
5.620000000000000000e+03
5.750000000000000000e+03
5.889000000000000000e+03
6.016000000000000000e+03
6.151000000000000000e+03
6.275000000000000000e+03
6.411000000000000000e+03
6.536000000000000000e+03
6.676000000000000000e+03
6.817000000000000000e+03
6.971000000000000000e+03
7.117000000000000000e+03
7.260000000000000000e+03
7.380000000000000000e+03
7.499000000000000000e+03
7.654000000000000000e+03
7.812000000000000000e+03
7.967000000000000000e+03
8.119000000000000000e+03
8.275000000000000000e+03
8.427000000000000000e+03
8.605000000000000000e+03
8.759000000000000000e+03
8.927000000000000000e+03
9.083000000000000000e+03
9.195000000000000000e+03
9.279000000000000000e+03
9.380000000000000000e+03
9.513000000000000000e+03
9.606000000000000000e+03
9.728000000000000000e+03
9.844000000000000000e+03
9.967000000000000000e+03
1.010200000000000000e+04
1.025500000000000000e+04
1.040600000000000000e+04
1.055300000000000000e+04
1.070400000000000000e+04
1.086000000000000000e+04
1.102100000000000000e+04
1.118500000000000000e+04
1.135300000000000000e+04
1.152000000000000000e+04
1.167200000000000000e+04
1.181600000000000000e+04
1.194800000000000000e+04
1.207300000000000000e+04
1.222600000000000000e+04
1.238500000000000000e+04
1.253500000000000000e+04
1.266600000000000000e+04
1.278700000000000000e+04
1.292100000000000000e+04
1.304500000000000000e+04
1.315300000000000000e+04
1.325900000000000000e+04
1.339100000000000000e+04
1.351800000000000000e+04
1.364900000000000000e+04
1.380600000000000000e+04
1.396500000000000000e+04
1.411700000000000000e+04
1.426600000000000000e+04
1.441000000000000000e+04
1.456800000000000000e+04
1.473000000000000000e+04
1.489900000000000000e+04
1.506600000000000000e+04
1.523100000000000000e+04
1.539900000000000000e+04
1.557000000000000000e+04
1.575200000000000000e+04
1.595500000000000000e+04
1.621200000000000000e+04
1.650100000000000000e+04
1.677400000000000000e+04
1.705500000000000000e+04
1.735000000000000000e+04
1.765100000000000000e+04
1.794800000000000000e+04
1.825000000000000000e+04
1.855600000000000000e+04
1.885800000000000000e+04
1.915700000000000000e+04
1.944500000000000000e+04
1.972900000000000000e+04
2.004000000000000000e+04
2.031500000000000000e+04
2.063400000000000000e+04
2.087500000000000000e+04
2.120200000000000000e+04
2.152300000000000000e+04
2.190400000000000000e+04
2.230000000000000000e+04
2.272100000000000000e+04
2.321000000000000000e+04
2.370500000000000000e+04
2.420600000000000000e+04
2.473100000000000000e+04
2.529400000000000000e+04
2.580100000000000000e+04
2.621100000000000000e+04
2.670100000000000000e+04
2.723300000000000000e+04
2.783000000000000000e+04
2.843200000000000000e+04
2.912600000000000000e+04
2.983700000000000000e+04
3.062300000000000000e+04
3.145900000000000000e+04
3.219600000000000000e+04
3.276100000000000000e+04
3.355600000000000000e+04
3.430000000000000000e+04
3.494400000000000000e+04
3.560000000000000000e+04
3.624500000000000000e+04
3.679000000000000000e+04
3.762500000000000000e+04
3.818200000000000000e+04
3.901400000000000000e+04
3.971900000000000000e+04
4.050100000000000000e+04
4.130200000000000000e+04
4.214800000000000000e+04
4.298800000000000000e+04
4.368300000000000000e+04
4.443600000000000000e+04
4.518800000000000000e+04
4.606100000000000000e+04
4.686300000000000000e+04
4.774200000000000000e+04
4.853000000000000000e+04
4.919100000000000000e+04
5.000000000000000000e+04
5.063700000000000000e+04
5.142400000000000000e+04
5.200400000000000000e+04
5.254200000000000000e+04
5.300300000000000000e+04
5.342500000000000000e+04
5.381400000000000000e+04
5.431700000000000000e+04
5.482700000000000000e+04
5.538000000000000000e+04
5.575500000000000000e+04
5.625400000000000000e+04
5.657200000000000000e+04
5.714600000000000000e+04
5.772700000000000000e+04
5.831600000000000000e+04
5.831600000000000000e+04
5.899100000000000000e+04
5.943800000000000000e+04
5.962300000000000000e+04
6.028300000000000000e+04
6.100800000000000000e+04
6.170500000000000000e+04
6.237800000000000000e+04
6.303300000000000000e+04
6.359500000000000000e+04
6.397100000000000000e+04
6.462700000000000000e+04
6.533400000000000000e+04
6.599400000000000000e+04
6.663500000000000000e+04
6.721600000000000000e+04
6.769000000000000000e+04
6.798200000000000000e+04
6.856800000000000000e+04
6.923800000000000000e+04
6.991600000000000000e+04
7.065500000000000000e+04
7.144100000000000000e+04
7.227400000000000000e+04
7.281200000000000000e+04
7.369100000000000000e+04
7.456700000000000000e+04
7.545400000000000000e+04
7.635000000000000000e+04
7.725100000000000000e+04
7.812700000000000000e+04
7.899200000000000000e+04
7.993400000000000000e+04
8.094100000000000000e+04
8.199300000000000000e+04
8.308200000000000000e+04
8.421200000000000000e+04
8.533600000000000000e+04
8.628900000000000000e+04
8.752800000000000000e+04
8.867100000000000000e+04
8.977600000000000000e+04
9.083500000000000000e+04
9.198700000000000000e+04
9.307500000000000000e+04
9.385000000000000000e+04
9.465100000000000000e+04
9.572600000000000000e+04
9.683800000000000000e+04
9.790900000000000000e+04
9.906200000000000000e+04
1.002460000000000000e+05
1.012850000000000000e+05
1.023060000000000000e+05
1.033270000000000000e+05
1.043130000000000000e+05
1.052290000000000000e+05
1.062150000000000000e+05
1.071670000000000000e+05
1.079310000000000000e+05
1.088230000000000000e+05
1.096740000000000000e+05
1.105210000000000000e+05
1.113010000000000000e+05
1.120780000000000000e+05
1.128970000000000000e+05
1.135800000000000000e+05
1.142090000000000000e+05
1.148400000000000000e+05
1.154420000000000000e+05
1.161230000000000000e+05
1.168210000000000000e+05
1.174740000000000000e+05
1.180170000000000000e+05
1.184920000000000000e+05
1.189380000000000000e+05
1.195280000000000000e+05
1.200220000000000000e+05
1.205410000000000000e+05
1.212000000000000000e+05
1.215440000000000000e+05
1.218470000000000000e+05
1.222950000000000000e+05
1.227670000000000000e+05
1.232160000000000000e+05
1.236410000000000000e+05
1.241340000000000000e+05
1.244190000000000000e+05
1.247230000000000000e+05
1.251570000000000000e+05
1.255060000000000000e+05
1.258420000000000000e+05
1.261830000000000000e+05
1.265310000000000000e+05
1.267950000000000000e+05
1.269360000000000000e+05
1.271920000000000000e+05
1.275090000000000000e+05
1.277950000000000000e+05
1.281550000000000000e+05
1.283930000000000000e+05
1.285180000000000000e+05
1.287520000000000000e+05
1.289590000000000000e+05
1.291280000000000000e+05
1.293070000000000000e+05
1.294560000000000000e+05
1.295940000000000000e+05
1.296940000000000000e+05
1.298420000000000000e+05
1.299800000000000000e+05
1.301140000000000000e+05
1.302700000000000000e+05
1.304090000000000000e+05
1.305370000000000000e+05
1.306060000000000000e+05
1.307360000000000000e+05
1.308590000000000000e+05
1.309770000000000000e+05
1.310850000000000000e+05
1.311850000000000000e+05
1.312380000000000000e+05
1.312760000000000000e+05
1.313270000000000000e+05
1.314190000000000000e+05
1.315100000000000000e+05
1.315770000000000000e+05
1.316660000000000000e+05
1.317230000000000000e+05
1.317530000000000000e+05
1.318030000000000000e+05
1.318450000000000000e+05
1.318900000000000000e+05
1.319390000000000000e+05
1.319780000000000000e+05
1.320150000000000000e+05
1.320320000000000000e+05
1.320710000000000000e+05
1.320950000000000000e+05
1.321180000000000000e+05
1.321530000000000000e+05
1.321760000000000000e+05
1.322090000000000000e+05
1.322150000000000000e+05
1.322290000000000000e+05
1.322440000000000000e+05
1.322640000000000000e+05
1.322850000000000000e+05
1.322970000000000000e+05
1.323090000000000000e+05
1.323150000000000000e+05
1.323370000000000000e+05
1.323510000000000000e+05
1.323600000000000000e+05
1.323720000000000000e+05
1.323740000000000000e+05
1.323790000000000000e+05
1.323840000000000000e+05
1.323970000000000000e+05
1.324150000000000000e+05
1.324260000000000000e+05
1.324370000000000000e+05
1.324490000000000000e+05
1.324590000000000000e+05
1.324610000000000000e+05
1.324690000000000000e+05
1.324760000000000000e+05
1.324810000000000000e+05
1.324840000000000000e+05
1.324880000000000000e+05
1.324900000000000000e+05
1.324900000000000000e+05
1.324960000000000000e+05
1.324970000000000000e+05
1.324990000000000000e+05
1.325060000000000000e+05
1.325090000000000000e+05
1.325120000000000000e+05
1.325130000000000000e+05
1.325140000000000000e+05
1.325210000000000000e+05
1.325230000000000000e+05
1.325260000000000000e+05
1.325340000000000000e+05
1.325350000000000000e+05
1.325370000000000000e+05
1.325440000000000000e+05
1.325570000000000000e+05
1.325650000000000000e+05
1.325800000000000000e+05
1.325870000000000000e+05
1.325920000000000000e+05
1.325970000000000000e+05
1.326080000000000000e+05
1.326160000000000000e+05
1.326290000000000000e+05
1.326470000000000000e+05
1.326650000000000000e+05
1.326860000000000000e+05
1.326970000000000000e+05
1.327400000000000000e+05
1.327630000000000000e+05
1.327970000000000000e+05
1.328280000000000000e+05
1.328530000000000000e+05
1.328750000000000000e+05
1.328910000000000000e+05
1.329220000000000000e+05
1.329520000000000000e+05
1.329990000000000000e+05
1.330360000000000000e+05
1.330810000000000000e+05
1.331210000000000000e+05
