0.000000000000000000e+00
0.000000000000000000e+00
0.000000000000000000e+00
0.000000000000000000e+00
0.000000000000000000e+00
0.000000000000000000e+00
0.000000000000000000e+00
0.000000000000000000e+00
0.000000000000000000e+00
0.000000000000000000e+00
0.000000000000000000e+00
0.000000000000000000e+00
0.000000000000000000e+00
0.000000000000000000e+00
0.000000000000000000e+00
0.000000000000000000e+00
0.000000000000000000e+00
0.000000000000000000e+00
0.000000000000000000e+00
0.000000000000000000e+00
0.000000000000000000e+00
0.000000000000000000e+00
0.000000000000000000e+00
0.000000000000000000e+00
0.000000000000000000e+00
0.000000000000000000e+00
0.000000000000000000e+00
0.000000000000000000e+00
0.000000000000000000e+00
0.000000000000000000e+00
0.000000000000000000e+00
0.000000000000000000e+00
0.000000000000000000e+00
0.000000000000000000e+00
0.000000000000000000e+00
0.000000000000000000e+00
0.000000000000000000e+00
1.000000000000000000e+00
1.000000000000000000e+00
1.000000000000000000e+00
1.000000000000000000e+00
1.000000000000000000e+00
6.000000000000000000e+00
6.000000000000000000e+00
6.000000000000000000e+00
6.000000000000000000e+00
6.000000000000000000e+00
6.000000000000000000e+00
9.000000000000000000e+00
9.000000000000000000e+00
1.200000000000000000e+01
2.700000000000000000e+01
2.700000000000000000e+01
2.700000000000000000e+01
3.600000000000000000e+01
3.600000000000000000e+01
5.100000000000000000e+01
5.100000000000000000e+01
6.900000000000000000e+01
7.600000000000000000e+01
7.600000000000000000e+01
8.100000000000000000e+01
8.100000000000000000e+01
8.600000000000000000e+01
8.600000000000000000e+01
9.400000000000000000e+01
9.400000000000000000e+01
9.400000000000000000e+01
1.520000000000000000e+02
1.520000000000000000e+02
1.630000000000000000e+02
3.040000000000000000e+02
3.510000000000000000e+02
4.400000000000000000e+02
5.620000000000000000e+02
7.000000000000000000e+02
8.610000000000000000e+02
1.066000000000000000e+03
1.486000000000000000e+03
1.981000000000000000e+03
2.226000000000000000e+03
2.578000000000000000e+03
2.919000000000000000e+03
3.281000000000000000e+03
3.728000000000000000e+03
4.204000000000000000e+03
4.779000000000000000e+03
5.297000000000000000e+03
5.807000000000000000e+03
6.264000000000000000e+03
6.723000000000000000e+03
7.281000000000000000e+03
8.022000000000000000e+03
8.773000000000000000e+03
9.590000000000000000e+03
1.046300000000000000e+04
1.128900000000000000e+04
1.220800000000000000e+04
1.318100000000000000e+04
1.402700000000000000e+04
1.491700000000000000e+04
1.582800000000000000e+04
1.670500000000000000e+04
1.748900000000000000e+04
1.835000000000000000e+04
1.925500000000000000e+04
2.016800000000000000e+04
2.110100000000000000e+04
2.205200000000000000e+04
2.297300000000000000e+04
2.390600000000000000e+04
2.487300000000000000e+04
2.582500000000000000e+04
2.677200000000000000e+04
2.773000000000000000e+04
2.868100000000000000e+04
2.965000000000000000e+04
3.057200000000000000e+04
3.150800000000000000e+04
3.242600000000000000e+04
3.337100000000000000e+04
3.430300000000000000e+04
3.524400000000000000e+04
3.619800000000000000e+04
3.714400000000000000e+04
3.805900000000000000e+04
3.895600000000000000e+04
3.985800000000000000e+04
4.076400000000000000e+04
4.165800000000000000e+04
4.255600000000000000e+04
4.340300000000000000e+04
4.425500000000000000e+04
4.511600000000000000e+04
4.598100000000000000e+04
4.686800000000000000e+04
4.775100000000000000e+04
4.863000000000000000e+04
4.945300000000000000e+04
5.026500000000000000e+04
5.106600000000000000e+04
5.181600000000000000e+04
5.252000000000000000e+04
5.324100000000000000e+04
5.397300000000000000e+04
5.468000000000000000e+04
5.536900000000000000e+04
5.603200000000000000e+04
5.665700000000000000e+04
5.733300000000000000e+04
5.793600000000000000e+04
5.850500000000000000e+04
5.902300000000000000e+04
5.948700000000000000e+04
5.994500000000000000e+04
6.038200000000000000e+04
6.071300000000000000e+04
6.109500000000000000e+04
6.147500000000000000e+04
6.179000000000000000e+04
6.211800000000000000e+04
6.242400000000000000e+04
6.269800000000000000e+04
6.299700000000000000e+04
6.327000000000000000e+04
6.355400000000000000e+04
6.380400000000000000e+04
6.400300000000000000e+04
6.422400000000000000e+04
6.441100000000000000e+04
6.460400000000000000e+04
6.476700000000000000e+04
6.493200000000000000e+04
6.511400000000000000e+04
6.526900000000000000e+04
6.544300000000000000e+04
6.562300000000000000e+04
6.578200000000000000e+04
6.595300000000000000e+04
6.609500000000000000e+04
6.621300000000000000e+04
6.634800000000000000e+04
6.652100000000000000e+04
6.668800000000000000e+04
6.684600000000000000e+04
6.700200000000000000e+04
6.713200000000000000e+04
6.725100000000000000e+04
6.736600000000000000e+04
6.751800000000000000e+04
6.766500000000000000e+04
6.780800000000000000e+04
6.794600000000000000e+04
6.806700000000000000e+04
6.816600000000000000e+04
6.825000000000000000e+04
6.837600000000000000e+04
6.850300000000000000e+04
6.861400000000000000e+04
6.873800000000000000e+04
6.885000000000000000e+04
6.894700000000000000e+04
6.900500000000000000e+04
6.910200000000000000e+04
6.920300000000000000e+04
6.930800000000000000e+04
6.930800000000000000e+04
6.951600000000000000e+04
6.958900000000000000e+04
6.967300000000000000e+04
6.980100000000000000e+04
6.995000000000000000e+04
7.011100000000000000e+04
7.028500000000000000e+04
7.046800000000000000e+04
7.064500000000000000e+04
7.072700000000000000e+04
7.097400000000000000e+04
7.116500000000000000e+04
7.134600000000000000e+04
7.152300000000000000e+04
7.168700000000000000e+04
7.184300000000000000e+04
7.196200000000000000e+04
7.214100000000000000e+04
7.230200000000000000e+04
7.248500000000000000e+04
7.266300000000000000e+04
7.285900000000000000e+04
7.303100000000000000e+04
7.320800000000000000e+04
7.340200000000000000e+04
7.359100000000000000e+04
7.378400000000000000e+04
7.397500000000000000e+04
7.417300000000000000e+04
7.436000000000000000e+04
7.455200000000000000e+04
7.476300000000000000e+04
7.498700000000000000e+04
7.523000000000000000e+04
7.546100000000000000e+04
7.567400000000000000e+04
7.589800000000000000e+04
7.610400000000000000e+04
7.635700000000000000e+04
7.665100000000000000e+04
7.695700000000000000e+04
7.728900000000000000e+04
7.760900000000000000e+04
7.794600000000000000e+04
7.826000000000000000e+04
7.863100000000000000e+04
7.901900000000000000e+04
7.942100000000000000e+04
7.985200000000000000e+04
7.985200000000000000e+04
8.069600000000000000e+04
8.109000000000000000e+04
8.150500000000000000e+04
8.198200000000000000e+04
8.247100000000000000e+04
8.247100000000000000e+04
8.353400000000000000e+04
8.399800000000000000e+04
8.452400000000000000e+04
8.512100000000000000e+04
8.573400000000000000e+04
8.639200000000000000e+04
8.706300000000000000e+04
8.769800000000000000e+04
8.829000000000000000e+04
8.890900000000000000e+04
8.964200000000000000e+04
9.038000000000000000e+04
9.116700000000000000e+04
9.197800000000000000e+04
9.282300000000000000e+04
9.370700000000000000e+04
9.460900000000000000e+04
9.554500000000000000e+04
9.652900000000000000e+04
9.749900000000000000e+04
9.848200000000000000e+04
9.945900000000000000e+04
1.004000000000000000e+05
1.013290000000000000e+05
1.023130000000000000e+05
1.032950000000000000e+05
1.042860000000000000e+05
1.052830000000000000e+05
1.062790000000000000e+05
1.072620000000000000e+05
1.083000000000000000e+05
1.093570000000000000e+05
1.104550000000000000e+05
1.116220000000000000e+05
1.128700000000000000e+05
1.141850000000000000e+05
1.154480000000000000e+05
1.166990000000000000e+05
1.180080000000000000e+05
1.193900000000000000e+05
1.208470000000000000e+05
1.224350000000000000e+05
1.239990000000000000e+05
1.254820000000000000e+05
1.269530000000000000e+05
1.284490000000000000e+05
1.300120000000000000e+05
1.316330000000000000e+05
1.333240000000000000e+05
1.350080000000000000e+05
1.366470000000000000e+05
1.382190000000000000e+05
1.399080000000000000e+05
1.416090000000000000e+05
1.433830000000000000e+05
1.452790000000000000e+05
1.471570000000000000e+05
1.489530000000000000e+05
1.506020000000000000e+05
1.524530000000000000e+05
1.543920000000000000e+05
1.563590000000000000e+05
1.583340000000000000e+05
1.602950000000000000e+05
1.621480000000000000e+05
1.640590000000000000e+05
1.658970000000000000e+05
1.677310000000000000e+05
1.696480000000000000e+05
1.715790000000000000e+05
1.735230000000000000e+05
1.754160000000000000e+05
1.772740000000000000e+05
1.791960000000000000e+05
1.811130000000000000e+05
1.830060000000000000e+05
1.849220000000000000e+05
1.867470000000000000e+05
1.885880000000000000e+05
1.904040000000000000e+05
1.923610000000000000e+05
1.942840000000000000e+05
1.962230000000000000e+05
1.981250000000000000e+05
1.999620000000000000e+05
2.018310000000000000e+05
2.031040000000000000e+05
2.049580000000000000e+05
2.067960000000000000e+05
2.086010000000000000e+05
2.103680000000000000e+05
2.122010000000000000e+05
2.139930000000000000e+05
2.157240000000000000e+05
2.176960000000000000e+05
2.196630000000000000e+05
2.216040000000000000e+05
2.235370000000000000e+05
2.254610000000000000e+05
2.273600000000000000e+05
2.287160000000000000e+05
2.304940000000000000e+05
2.322980000000000000e+05
2.341110000000000000e+05
2.358590000000000000e+05
2.376110000000000000e+05
2.386350000000000000e+05
2.394820000000000000e+05
2.411330000000000000e+05
2.428510000000000000e+05
2.447180000000000000e+05
2.465700000000000000e+05
2.483360000000000000e+05
2.492950000000000000e+05
2.499940000000000000e+05
2.517050000000000000e+05
2.534130000000000000e+05
2.551720000000000000e+05
2.569590000000000000e+05
2.586910000000000000e+05
2.594990000000000000e+05
2.600600000000000000e+05
2.618590000000000000e+05
2.635510000000000000e+05
2.652840000000000000e+05
2.670290000000000000e+05
2.686870000000000000e+05
2.697870000000000000e+05
2.709210000000000000e+05
2.722730000000000000e+05
2.736590000000000000e+05
2.753220000000000000e+05
2.769900000000000000e+05
2.783120000000000000e+05
2.794560000000000000e+05
2.804280000000000000e+05
2.817070000000000000e+05
2.828980000000000000e+05
2.845000000000000000e+05
2.859590000000000000e+05
2.873060000000000000e+05
2.882670000000000000e+05
2.891360000000000000e+05
2.904470000000000000e+05
2.916210000000000000e+05
2.931030000000000000e+05
2.944320000000000000e+05
2.955110000000000000e+05
2.964410000000000000e+05
2.975140000000000000e+05
2.981230000000000000e+05
2.989600000000000000e+05
3.001460000000000000e+05
3.013280000000000000e+05
3.023230000000000000e+05
3.032700000000000000e+05
3.041460000000000000e+05
3.052700000000000000e+05
3.065240000000000000e+05
3.079380000000000000e+05
3.092930000000000000e+05
3.104450000000000000e+05
3.114280000000000000e+05
3.124740000000000000e+05
3.138520000000000000e+05
3.149930000000000000e+05
3.164180000000000000e+05
3.176310000000000000e+05
3.186810000000000000e+05
3.195990000000000000e+05
3.205940000000000000e+05
3.218070000000000000e+05
3.230430000000000000e+05
3.246940000000000000e+05
3.260650000000000000e+05
3.273040000000000000e+05
3.282900000000000000e+05
3.292580000000000000e+05
3.305360000000000000e+05
3.318080000000000000e+05
3.334300000000000000e+05
3.348630000000000000e+05
3.360380000000000000e+05
3.368810000000000000e+05
3.376350000000000000e+05
3.388010000000000000e+05
3.400230000000000000e+05
3.415390000000000000e+05
3.429230000000000000e+05
3.442230000000000000e+05
3.451100000000000000e+05
3.459980000000000000e+05
3.473160000000000000e+05
3.484860000000000000e+05
3.502210000000000000e+05
3.516740000000000000e+05
3.529500000000000000e+05
3.538460000000000000e+05
3.546690000000000000e+05
3.559240000000000000e+05
3.572330000000000000e+05
3.587380000000000000e+05
3.599820000000000000e+05
3.610630000000000000e+05
3.618970000000000000e+05
3.625940000000000000e+05
3.637320000000000000e+05
3.649510000000000000e+05
3.663050000000000000e+05
3.676740000000000000e+05
3.688880000000000000e+05
3.697670000000000000e+05
3.705090000000000000e+05
3.714050000000000000e+05
3.722420000000000000e+05
3.733510000000000000e+05
3.747140000000000000e+05
3.763410000000000000e+05
3.775320000000000000e+05
3.787110000000000000e+05
3.800890000000000000e+05
3.815460000000000000e+05
3.833020000000000000e+05
3.847730000000000000e+05
3.860250000000000000e+05
3.869780000000000000e+05
3.878180000000000000e+05
3.889870000000000000e+05
3.902030000000000000e+05
3.916370000000000000e+05
3.926290000000000000e+05
3.938070000000000000e+05
3.944390000000000000e+05
3.950750000000000000e+05
3.959900000000000000e+05
3.968690000000000000e+05
3.980520000000000000e+05
3.989090000000000000e+05
3.998520000000000000e+05
4.004220000000000000e+05
4.010190000000000000e+05
4.018530000000000000e+05
4.028190000000000000e+05
4.038450000000000000e+05
4.047400000000000000e+05
4.056630000000000000e+05
4.063600000000000000e+05
4.068610000000000000e+05
4.077480000000000000e+05
4.086210000000000000e+05
4.093850000000000000e+05
4.100960000000000000e+05
4.106780000000000000e+05
4.111530000000000000e+05
4.115510000000000000e+05
4.123530000000000000e+05
4.131390000000000000e+05
4.139520000000000000e+05
4.147300000000000000e+05
4.153390000000000000e+05
4.157800000000000000e+05
4.162750000000000000e+05
4.171890000000000000e+05
4.182120000000000000e+05
4.193300000000000000e+05
4.204060000000000000e+05
4.213500000000000000e+05
4.219640000000000000e+05
4.225210000000000000e+05
4.235190000000000000e+05
4.245540000000000000e+05
4.258040000000000000e+05
4.268860000000000000e+05
4.279060000000000000e+05
4.285950000000000000e+05
4.291810000000000000e+05
4.301210000000000000e+05
4.311120000000000000e+05
4.323880000000000000e+05
4.334090000000000000e+05
4.343620000000000000e+05
4.350200000000000000e+05
4.356200000000000000e+05
4.365950000000000000e+05
4.376640000000000000e+05
4.387670000000000000e+05
4.398280000000000000e+05
4.407080000000000000e+05
4.413560000000000000e+05
4.418810000000000000e+05
4.428310000000000000e+05
4.438640000000000000e+05
4.450480000000000000e+05
4.460400000000000000e+05
4.469980000000000000e+05
