0.000000000000000000e+00
0.000000000000000000e+00
0.000000000000000000e+00
0.000000000000000000e+00
0.000000000000000000e+00
0.000000000000000000e+00
0.000000000000000000e+00
0.000000000000000000e+00
0.000000000000000000e+00
0.000000000000000000e+00
0.000000000000000000e+00
0.000000000000000000e+00
0.000000000000000000e+00
0.000000000000000000e+00
0.000000000000000000e+00
0.000000000000000000e+00
0.000000000000000000e+00
0.000000000000000000e+00
0.000000000000000000e+00
0.000000000000000000e+00
0.000000000000000000e+00
0.000000000000000000e+00
0.000000000000000000e+00
0.000000000000000000e+00
0.000000000000000000e+00
0.000000000000000000e+00
0.000000000000000000e+00
0.000000000000000000e+00
0.000000000000000000e+00
0.000000000000000000e+00
0.000000000000000000e+00
0.000000000000000000e+00
0.000000000000000000e+00
0.000000000000000000e+00
0.000000000000000000e+00
0.000000000000000000e+00
0.000000000000000000e+00
1.000000000000000000e+00
0.000000000000000000e+00
0.000000000000000000e+00
0.000000000000000000e+00
0.000000000000000000e+00
5.000000000000000000e+00
0.000000000000000000e+00
0.000000000000000000e+00
0.000000000000000000e+00
0.000000000000000000e+00
0.000000000000000000e+00
3.000000000000000000e+00
0.000000000000000000e+00
3.000000000000000000e+00
1.500000000000000000e+01
0.000000000000000000e+00
0.000000000000000000e+00
9.000000000000000000e+00
0.000000000000000000e+00
1.500000000000000000e+01
0.000000000000000000e+00
1.800000000000000000e+01
7.000000000000000000e+00
0.000000000000000000e+00
5.000000000000000000e+00
0.000000000000000000e+00
5.000000000000000000e+00
0.000000000000000000e+00
8.000000000000000000e+00
0.000000000000000000e+00
0.000000000000000000e+00
5.800000000000000000e+01
0.000000000000000000e+00
1.100000000000000000e+01
1.410000000000000000e+02
4.700000000000000000e+01
8.900000000000000000e+01
1.220000000000000000e+02
1.380000000000000000e+02
1.610000000000000000e+02
2.050000000000000000e+02
4.200000000000000000e+02
4.950000000000000000e+02
2.450000000000000000e+02
3.520000000000000000e+02
3.410000000000000000e+02
3.620000000000000000e+02
4.470000000000000000e+02
4.760000000000000000e+02
5.750000000000000000e+02
5.180000000000000000e+02
5.100000000000000000e+02
4.570000000000000000e+02
4.590000000000000000e+02
5.580000000000000000e+02
7.410000000000000000e+02
7.510000000000000000e+02
8.170000000000000000e+02
8.730000000000000000e+02
8.260000000000000000e+02
9.190000000000000000e+02
9.730000000000000000e+02
8.460000000000000000e+02
8.900000000000000000e+02
9.110000000000000000e+02
8.770000000000000000e+02
7.840000000000000000e+02
8.610000000000000000e+02
9.050000000000000000e+02
9.130000000000000000e+02
9.330000000000000000e+02
9.510000000000000000e+02
9.210000000000000000e+02
9.330000000000000000e+02
9.670000000000000000e+02
9.520000000000000000e+02
9.470000000000000000e+02
9.580000000000000000e+02
9.510000000000000000e+02
9.690000000000000000e+02
9.220000000000000000e+02
9.360000000000000000e+02
9.180000000000000000e+02
9.450000000000000000e+02
9.320000000000000000e+02
9.410000000000000000e+02
9.540000000000000000e+02
9.460000000000000000e+02
9.150000000000000000e+02
8.970000000000000000e+02
9.020000000000000000e+02
9.060000000000000000e+02
8.940000000000000000e+02
8.980000000000000000e+02
8.470000000000000000e+02
8.520000000000000000e+02
8.610000000000000000e+02
8.650000000000000000e+02
8.870000000000000000e+02
8.830000000000000000e+02
8.790000000000000000e+02
8.230000000000000000e+02
8.120000000000000000e+02
8.010000000000000000e+02
7.500000000000000000e+02
7.040000000000000000e+02
7.210000000000000000e+02
7.320000000000000000e+02
7.070000000000000000e+02
6.890000000000000000e+02
6.630000000000000000e+02
6.250000000000000000e+02
6.760000000000000000e+02
6.030000000000000000e+02
5.690000000000000000e+02
5.180000000000000000e+02
4.640000000000000000e+02
4.580000000000000000e+02
4.370000000000000000e+02
3.310000000000000000e+02
3.820000000000000000e+02
3.800000000000000000e+02
3.150000000000000000e+02
3.280000000000000000e+02
3.060000000000000000e+02
2.740000000000000000e+02
2.990000000000000000e+02
2.730000000000000000e+02
2.840000000000000000e+02
2.500000000000000000e+02
1.990000000000000000e+02
2.210000000000000000e+02
1.870000000000000000e+02
1.930000000000000000e+02
1.630000000000000000e+02
1.650000000000000000e+02
1.820000000000000000e+02
1.550000000000000000e+02
1.740000000000000000e+02
1.800000000000000000e+02
1.590000000000000000e+02
1.710000000000000000e+02
1.420000000000000000e+02
1.180000000000000000e+02
1.350000000000000000e+02
1.730000000000000000e+02
1.670000000000000000e+02
1.580000000000000000e+02
1.560000000000000000e+02
1.300000000000000000e+02
1.190000000000000000e+02
1.150000000000000000e+02
1.520000000000000000e+02
1.470000000000000000e+02
1.430000000000000000e+02
1.380000000000000000e+02
1.210000000000000000e+02
9.900000000000000000e+01
8.400000000000000000e+01
1.260000000000000000e+02
1.270000000000000000e+02
1.110000000000000000e+02
1.240000000000000000e+02
1.120000000000000000e+02
9.700000000000000000e+01
5.800000000000000000e+01
9.700000000000000000e+01
1.010000000000000000e+02
1.050000000000000000e+02
0.000000000000000000e+00
2.080000000000000000e+02
7.300000000000000000e+01
8.400000000000000000e+01
1.280000000000000000e+02
1.490000000000000000e+02
1.610000000000000000e+02
1.740000000000000000e+02
1.830000000000000000e+02
1.770000000000000000e+02
8.200000000000000000e+01
2.470000000000000000e+02
1.910000000000000000e+02
1.810000000000000000e+02
1.770000000000000000e+02
1.640000000000000000e+02
1.560000000000000000e+02
1.190000000000000000e+02
1.790000000000000000e+02
1.610000000000000000e+02
1.830000000000000000e+02
1.780000000000000000e+02
1.960000000000000000e+02
1.720000000000000000e+02
1.770000000000000000e+02
1.940000000000000000e+02
1.890000000000000000e+02
1.930000000000000000e+02
1.910000000000000000e+02
1.980000000000000000e+02
1.870000000000000000e+02
1.920000000000000000e+02
2.110000000000000000e+02
2.240000000000000000e+02
2.430000000000000000e+02
2.310000000000000000e+02
2.130000000000000000e+02
2.240000000000000000e+02
2.060000000000000000e+02
2.530000000000000000e+02
2.940000000000000000e+02
3.060000000000000000e+02
3.320000000000000000e+02
3.200000000000000000e+02
3.370000000000000000e+02
3.140000000000000000e+02
3.710000000000000000e+02
3.880000000000000000e+02
4.020000000000000000e+02
4.310000000000000000e+02
0.000000000000000000e+00
8.440000000000000000e+02
3.940000000000000000e+02
4.150000000000000000e+02
4.770000000000000000e+02
4.890000000000000000e+02
0.000000000000000000e+00
1.063000000000000000e+03
4.640000000000000000e+02
5.260000000000000000e+02
5.970000000000000000e+02
6.130000000000000000e+02
6.580000000000000000e+02
6.710000000000000000e+02
6.350000000000000000e+02
5.920000000000000000e+02
6.190000000000000000e+02
7.330000000000000000e+02
7.380000000000000000e+02
7.870000000000000000e+02
8.110000000000000000e+02
8.450000000000000000e+02
8.840000000000000000e+02
9.020000000000000000e+02
9.360000000000000000e+02
9.840000000000000000e+02
9.700000000000000000e+02
9.830000000000000000e+02
9.770000000000000000e+02
9.410000000000000000e+02
9.290000000000000000e+02
9.840000000000000000e+02
9.820000000000000000e+02
9.910000000000000000e+02
9.970000000000000000e+02
9.960000000000000000e+02
9.830000000000000000e+02
1.038000000000000000e+03
1.057000000000000000e+03
1.098000000000000000e+03
1.167000000000000000e+03
1.248000000000000000e+03
1.315000000000000000e+03
1.263000000000000000e+03
1.251000000000000000e+03
1.309000000000000000e+03
1.382000000000000000e+03
1.457000000000000000e+03
1.588000000000000000e+03
1.564000000000000000e+03
1.483000000000000000e+03
1.471000000000000000e+03
1.496000000000000000e+03
1.563000000000000000e+03
1.621000000000000000e+03
1.691000000000000000e+03
1.684000000000000000e+03
1.639000000000000000e+03
1.572000000000000000e+03
1.689000000000000000e+03
1.701000000000000000e+03
1.774000000000000000e+03
1.896000000000000000e+03
1.878000000000000000e+03
1.796000000000000000e+03
1.649000000000000000e+03
1.851000000000000000e+03
1.939000000000000000e+03
1.967000000000000000e+03
1.975000000000000000e+03
1.961000000000000000e+03
1.853000000000000000e+03
1.911000000000000000e+03
1.838000000000000000e+03
1.834000000000000000e+03
1.917000000000000000e+03
1.931000000000000000e+03
1.944000000000000000e+03
1.893000000000000000e+03
1.858000000000000000e+03
1.922000000000000000e+03
1.917000000000000000e+03
1.893000000000000000e+03
1.916000000000000000e+03
1.825000000000000000e+03
1.841000000000000000e+03
1.816000000000000000e+03
1.957000000000000000e+03
1.923000000000000000e+03
1.939000000000000000e+03
1.902000000000000000e+03
1.837000000000000000e+03
1.869000000000000000e+03
1.273000000000000000e+03
1.854000000000000000e+03
1.838000000000000000e+03
1.805000000000000000e+03
1.767000000000000000e+03
1.833000000000000000e+03
1.792000000000000000e+03
1.731000000000000000e+03
1.972000000000000000e+03
1.967000000000000000e+03
1.941000000000000000e+03
1.933000000000000000e+03
1.924000000000000000e+03
1.899000000000000000e+03
1.356000000000000000e+03
1.778000000000000000e+03
1.804000000000000000e+03
1.813000000000000000e+03
1.748000000000000000e+03
1.752000000000000000e+03
1.024000000000000000e+03
8.470000000000000000e+02
1.651000000000000000e+03
1.718000000000000000e+03
1.867000000000000000e+03
1.852000000000000000e+03
1.766000000000000000e+03
9.590000000000000000e+02
6.990000000000000000e+02
1.711000000000000000e+03
1.708000000000000000e+03
1.759000000000000000e+03
1.787000000000000000e+03
1.732000000000000000e+03
8.080000000000000000e+02
5.610000000000000000e+02
1.799000000000000000e+03
1.692000000000000000e+03
1.733000000000000000e+03
1.745000000000000000e+03
1.658000000000000000e+03
1.100000000000000000e+03
1.134000000000000000e+03
1.352000000000000000e+03
1.386000000000000000e+03
1.663000000000000000e+03
1.668000000000000000e+03
1.322000000000000000e+03
1.144000000000000000e+03
9.720000000000000000e+02
1.279000000000000000e+03
1.191000000000000000e+03
1.602000000000000000e+03
1.459000000000000000e+03
1.347000000000000000e+03
9.610000000000000000e+02
8.690000000000000000e+02
1.311000000000000000e+03
1.174000000000000000e+03
1.482000000000000000e+03
1.329000000000000000e+03
1.079000000000000000e+03
9.300000000000000000e+02
1.073000000000000000e+03
6.090000000000000000e+02
8.370000000000000000e+02
1.186000000000000000e+03
1.182000000000000000e+03
9.950000000000000000e+02
9.470000000000000000e+02
8.760000000000000000e+02
1.124000000000000000e+03
1.254000000000000000e+03
1.414000000000000000e+03
1.355000000000000000e+03
1.152000000000000000e+03
9.830000000000000000e+02
1.046000000000000000e+03
1.378000000000000000e+03
1.141000000000000000e+03
1.425000000000000000e+03
1.213000000000000000e+03
1.050000000000000000e+03
9.180000000000000000e+02
9.950000000000000000e+02
1.213000000000000000e+03
1.236000000000000000e+03
1.651000000000000000e+03
1.371000000000000000e+03
1.239000000000000000e+03
9.860000000000000000e+02
9.680000000000000000e+02
1.278000000000000000e+03
1.272000000000000000e+03
1.622000000000000000e+03
1.433000000000000000e+03
1.175000000000000000e+03
8.430000000000000000e+02
7.540000000000000000e+02
1.166000000000000000e+03
1.222000000000000000e+03
1.516000000000000000e+03
1.384000000000000000e+03
1.300000000000000000e+03
8.870000000000000000e+02
8.880000000000000000e+02
1.318000000000000000e+03
1.170000000000000000e+03
1.735000000000000000e+03
1.453000000000000000e+03
1.276000000000000000e+03
8.960000000000000000e+02
8.230000000000000000e+02
1.255000000000000000e+03
1.309000000000000000e+03
1.505000000000000000e+03
1.244000000000000000e+03
1.081000000000000000e+03
8.340000000000000000e+02
6.970000000000000000e+02
1.138000000000000000e+03
1.219000000000000000e+03
1.354000000000000000e+03
1.369000000000000000e+03
1.214000000000000000e+03
8.790000000000000000e+02
7.420000000000000000e+02
8.960000000000000000e+02
8.370000000000000000e+02
1.109000000000000000e+03
1.363000000000000000e+03
1.627000000000000000e+03
1.191000000000000000e+03
1.179000000000000000e+03
1.378000000000000000e+03
1.457000000000000000e+03
1.756000000000000000e+03
1.471000000000000000e+03
1.252000000000000000e+03
9.530000000000000000e+02
8.400000000000000000e+02
1.169000000000000000e+03
1.216000000000000000e+03
1.434000000000000000e+03
9.920000000000000000e+02
1.178000000000000000e+03
6.320000000000000000e+02
6.360000000000000000e+02
9.150000000000000000e+02
8.790000000000000000e+02
1.183000000000000000e+03
8.570000000000000000e+02
9.430000000000000000e+02
5.700000000000000000e+02
5.970000000000000000e+02
8.340000000000000000e+02
9.660000000000000000e+02
1.026000000000000000e+03
8.950000000000000000e+02
9.230000000000000000e+02
6.970000000000000000e+02
5.010000000000000000e+02
8.870000000000000000e+02
8.730000000000000000e+02
7.640000000000000000e+02
7.110000000000000000e+02
5.820000000000000000e+02
4.750000000000000000e+02
3.980000000000000000e+02
8.020000000000000000e+02
7.860000000000000000e+02
8.130000000000000000e+02
7.780000000000000000e+02
6.090000000000000000e+02
4.410000000000000000e+02
4.950000000000000000e+02
9.140000000000000000e+02
1.023000000000000000e+03
1.118000000000000000e+03
1.076000000000000000e+03
9.440000000000000000e+02
6.140000000000000000e+02
5.570000000000000000e+02
9.980000000000000000e+02
1.035000000000000000e+03
1.250000000000000000e+03
1.082000000000000000e+03
1.020000000000000000e+03
6.890000000000000000e+02
5.860000000000000000e+02
9.400000000000000000e+02
9.910000000000000000e+02
1.276000000000000000e+03
1.021000000000000000e+03
9.530000000000000000e+02
6.580000000000000000e+02
6.000000000000000000e+02
9.750000000000000000e+02
1.069000000000000000e+03
1.103000000000000000e+03
1.061000000000000000e+03
8.800000000000000000e+02
6.480000000000000000e+02
5.250000000000000000e+02
9.500000000000000000e+02
1.033000000000000000e+03
1.184000000000000000e+03
9.920000000000000000e+02
9.580000000000000000e+02
