0.000000000000000000e+00
0.000000000000000000e+00
0.000000000000000000e+00
0.000000000000000000e+00
0.000000000000000000e+00
0.000000000000000000e+00
0.000000000000000000e+00
0.000000000000000000e+00
0.000000000000000000e+00
2.000000000000000000e+00
2.000000000000000000e+00
2.000000000000000000e+00
2.000000000000000000e+00
2.000000000000000000e+00
2.000000000000000000e+00
2.000000000000000000e+00
3.000000000000000000e+00
3.000000000000000000e+00
3.000000000000000000e+00
3.000000000000000000e+00
3.000000000000000000e+00
3.000000000000000000e+00
3.000000000000000000e+00
3.000000000000000000e+00
3.000000000000000000e+00
3.000000000000000000e+00
3.000000000000000000e+00
3.000000000000000000e+00
3.000000000000000000e+00
3.000000000000000000e+00
2.000000000000000000e+01
6.200000000000000000e+01
1.550000000000000000e+02
2.290000000000000000e+02
3.220000000000000000e+02
4.530000000000000000e+02
6.550000000000000000e+02
8.880000000000000000e+02
1.128000000000000000e+03
1.694000000000000000e+03
2.036000000000000000e+03
2.502000000000000000e+03
3.089000000000000000e+03
3.858000000000000000e+03
4.636000000000000000e+03
5.883000000000000000e+03
7.375000000000000000e+03
9.172000000000000000e+03
1.014900000000000000e+04
1.246200000000000000e+04
1.511300000000000000e+04
1.766000000000000000e+04
2.115700000000000000e+04
2.474700000000000000e+04
2.798000000000000000e+04
3.150600000000000000e+04
3.571300000000000000e+04
4.103500000000000000e+04
4.702100000000000000e+04
5.357800000000000000e+04
5.913800000000000000e+04
6.392700000000000000e+04
6.917600000000000000e+04
7.438600000000000000e+04
8.058900000000000000e+04
8.649800000000000000e+04
9.247200000000000000e+04
9.768900000000000000e+04
1.017390000000000000e+05
1.057920000000000000e+05
1.105740000000000000e+05
1.152420000000000000e+05
1.198270000000000000e+05
1.246320000000000000e+05
1.289480000000000000e+05
1.325470000000000000e+05
1.355860000000000000e+05
1.394220000000000000e+05
1.436260000000000000e+05
1.475770000000000000e+05
1.522710000000000000e+05
1.563630000000000000e+05
1.595160000000000000e+05
1.624880000000000000e+05
1.651550000000000000e+05
1.689410000000000000e+05
1.724340000000000000e+05
1.759250000000000000e+05
1.789720000000000000e+05
1.812280000000000000e+05
1.839570000000000000e+05
1.873270000000000000e+05
1.899730000000000000e+05
1.929940000000000000e+05
1.953510000000000000e+05
1.976750000000000000e+05
1.994140000000000000e+05
2.015050000000000000e+05
2.035910000000000000e+05
2.054630000000000000e+05
2.074280000000000000e+05
2.093280000000000000e+05
2.107170000000000000e+05
2.119380000000000000e+05
2.130130000000000000e+05
2.144570000000000000e+05
2.158580000000000000e+05
2.171850000000000000e+05
2.182680000000000000e+05
2.190700000000000000e+05
2.198140000000000000e+05
2.212160000000000000e+05
2.221040000000000000e+05
2.230960000000000000e+05
2.238850000000000000e+05
2.247600000000000000e+05
2.254350000000000000e+05
2.258860000000000000e+05
2.266990000000000000e+05
2.273640000000000000e+05
2.280060000000000000e+05
2.286580000000000000e+05
2.293270000000000000e+05
2.298580000000000000e+05
2.301580000000000000e+05
2.305550000000000000e+05
2.311390000000000000e+05
2.317320000000000000e+05
2.322480000000000000e+05
2.326640000000000000e+05
2.329970000000000000e+05
2.331970000000000000e+05
2.335150000000000000e+05
2.338360000000000000e+05
2.340130000000000000e+05
2.345310000000000000e+05
2.348010000000000000e+05
2.349980000000000000e+05
2.352780000000000000e+05
2.355610000000000000e+05
2.357630000000000000e+05
2.361420000000000000e+05
2.363050000000000000e+05
2.366510000000000000e+05
2.369890000000000000e+05
2.372900000000000000e+05
2.375000000000000000e+05
2.378280000000000000e+05
2.381590000000000000e+05
2.380110000000000000e+05
2.382750000000000000e+05
2.384990000000000000e+05
2.387200000000000000e+05
2.388330000000000000e+05
2.394100000000000000e+05
2.397060000000000000e+05
2.399610000000000000e+05
2.401360000000000000e+05
2.403100000000000000e+05
2.404360000000000000e+05
2.405780000000000000e+05
2.407600000000000000e+05
2.409610000000000000e+05
2.411840000000000000e+05
2.414190000000000000e+05
2.416110000000000000e+05
2.418190000000000000e+05
2.419560000000000000e+05
2.421490000000000000e+05
2.423630000000000000e+05
2.426390000000000000e+05
2.428270000000000000e+05
2.430610000000000000e+05
2.432300000000000000e+05
2.433440000000000000e+05
2.435060000000000000e+05
2.437360000000000000e+05
2.439670000000000000e+05
2.442160000000000000e+05
2.444340000000000000e+05
2.446240000000000000e+05
2.447520000000000000e+05
2.450320000000000000e+05
2.453380000000000000e+05
2.455900000000000000e+05
2.458640000000000000e+05
2.461180000000000000e+05
2.462860000000000000e+05
2.464880000000000000e+05
2.467760000000000000e+05
2.471580000000000000e+05
2.475370000000000000e+05
2.478320000000000000e+05
2.480700000000000000e+05
2.482290000000000000e+05
2.484190000000000000e+05
2.488030000000000000e+05
2.492040000000000000e+05
2.497560000000000000e+05
2.501030000000000000e+05
2.505660000000000000e+05
2.508250000000000000e+05
2.512370000000000000e+05
2.517130000000000000e+05
2.522350000000000000e+05
2.528090000000000000e+05
2.534380000000000000e+05
2.539150000000000000e+05
2.542350000000000000e+05
2.546360000000000000e+05
2.552780000000000000e+05
2.561180000000000000e+05
2.570650000000000000e+05
2.581360000000000000e+05
2.593450000000000000e+05
2.602980000000000000e+05
2.611740000000000000e+05
2.625400000000000000e+05
2.639490000000000000e+05
2.654090000000000000e+05
2.668530000000000000e+05
2.682180000000000000e+05
2.692140000000000000e+05
2.701890000000000000e+05
2.715150000000000000e+05
2.729120000000000000e+05
2.746440000000000000e+05
2.763380000000000000e+05
2.776340000000000000e+05
2.787840000000000000e+05
2.801530000000000000e+05
2.815830000000000000e+05
2.831800000000000000e+05
2.847960000000000000e+05
2.862970000000000000e+05
2.877530000000000000e+05
2.887610000000000000e+05
2.899900000000000000e+05
2.914420000000000000e+05
2.930250000000000000e+05
2.949320000000000000e+05
2.965690000000000000e+05
2.981560000000000000e+05
2.995060000000000000e+05
3.008970000000000000e+05
3.025370000000000000e+05
3.043230000000000000e+05
3.062350000000000000e+05
3.081040000000000000e+05
3.098700000000000000e+05
3.113640000000000000e+05
3.130110000000000000e+05
3.148610000000000000e+05
3.174090000000000000e+05
3.199080000000000000e+05
3.227510000000000000e+05
3.253290000000000000e+05
3.275860000000000000e+05
3.302630000000000000e+05
3.339400000000000000e+05
3.383980000000000000e+05
3.437700000000000000e+05
3.494940000000000000e+05
3.549500000000000000e+05
3.595690000000000000e+05
3.654670000000000000e+05
3.727990000000000000e+05
3.816020000000000000e+05
3.916110000000000000e+05
4.025360000000000000e+05
4.142410000000000000e+05
4.235780000000000000e+05
4.344490000000000000e+05
4.496480000000000000e+05
4.657260000000000000e+05
4.848690000000000000e+05
5.045090000000000000e+05
5.257820000000000000e+05
5.427890000000000000e+05
5.647780000000000000e+05
5.897660000000000000e+05
6.165950000000000000e+05
6.476740000000000000e+05
6.794300000000000000e+05
7.093350000000000000e+05
7.315880000000000000e+05
7.598290000000000000e+05
7.903770000000000000e+05
8.248790000000000000e+05
8.626810000000000000e+05
9.024900000000000000e+05
9.351040000000000000e+05
9.603730000000000000e+05
9.954630000000000000e+05
1.028424000000000000e+06
1.066401000000000000e+06
1.107303000000000000e+06
1.144552000000000000e+06
1.178529000000000000e+06
1.205881000000000000e+06
1.238072000000000000e+06
1.272352000000000000e+06
1.308528000000000000e+06
1.345767000000000000e+06
1.380531000000000000e+06
1.408868000000000000e+06
1.431795000000000000e+06
1.455022000000000000e+06
1.480874000000000000e+06
1.509875000000000000e+06
1.538217000000000000e+06
1.564532000000000000e+06
1.585178000000000000e+06
1.601554000000000000e+06
1.620901000000000000e+06
1.641610000000000000e+06
1.664829000000000000e+06
1.688939000000000000e+06
1.709991000000000000e+06
1.728878000000000000e+06
1.742557000000000000e+06
1.757394000000000000e+06
1.770149000000000000e+06
1.787147000000000000e+06
1.805873000000000000e+06
1.825775000000000000e+06
1.843712000000000000e+06
1.855737000000000000e+06
1.870576000000000000e+06
1.888144000000000000e+06
1.906377000000000000e+06
1.921778000000000000e+06
1.938083000000000000e+06
1.953185000000000000e+06
1.964054000000000000e+06
1.977370000000000000e+06
1.991278000000000000e+06
2.009317000000000000e+06
2.028354000000000000e+06
2.038759000000000000e+06
2.047696000000000000e+06
2.056277000000000000e+06
2.067487000000000000e+06
2.083689000000000000e+06
2.107166000000000000e+06
2.129376000000000000e+06
2.141201000000000000e+06
2.155446000000000000e+06
2.166244000000000000e+06
2.181619000000000000e+06
2.201945000000000000e+06
2.220361000000000000e+06
2.237890000000000000e+06
2.257866000000000000e+06
2.276491000000000000e+06
2.289021000000000000e+06
2.303263000000000000e+06
2.319036000000000000e+06
2.336279000000000000e+06
2.352423000000000000e+06
2.368733000000000000e+06
2.381277000000000000e+06
2.390102000000000000e+06
2.400598000000000000e+06
2.414166000000000000e+06
2.428221000000000000e+06
2.441854000000000000e+06
2.455185000000000000e+06
2.466813000000000000e+06
2.475372000000000000e+06
2.485956000000000000e+06
2.501147000000000000e+06
2.515507000000000000e+06
2.529070000000000000e+06
2.541783000000000000e+06
2.553032000000000000e+06
2.560957000000000000e+06
2.570608000000000000e+06
2.583790000000000000e+06
2.597446000000000000e+06
2.611659000000000000e+06
2.625098000000000000e+06
2.636738000000000000e+06
2.644707000000000000e+06
2.655319000000000000e+06
2.668266000000000000e+06
2.683403000000000000e+06
2.697296000000000000e+06
2.710819000000000000e+06
2.721879000000000000e+06
2.729223000000000000e+06
2.739591000000000000e+06
2.751657000000000000e+06
2.765412000000000000e+06
2.780882000000000000e+06
2.795796000000000000e+06
2.809246000000000000e+06
2.818863000000000000e+06
2.832162000000000000e+06
2.848564000000000000e+06
2.868435000000000000e+06
2.888923000000000000e+06
2.907825000000000000e+06
2.925265000000000000e+06
2.938371000000000000e+06
2.955434000000000000e+06
2.976274000000000000e+06
2.999119000000000000e+06
3.023129000000000000e+06
3.046762000000000000e+06
3.067486000000000000e+06
3.081368000000000000e+06
3.101093000000000000e+06
3.123368000000000000e+06
3.149017000000000000e+06
3.175807000000000000e+06
3.201838000000000000e+06
3.223142000000000000e+06
3.238394000000000000e+06
3.258770000000000000e+06
3.281810000000000000e+06
3.306711000000000000e+06
3.332418000000000000e+06
3.356331000000000000e+06
3.376376000000000000e+06
3.400877000000000000e+06
3.419616000000000000e+06
3.440862000000000000e+06
3.464543000000000000e+06
3.488619000000000000e+06
3.512453000000000000e+06
3.532057000000000000e+06
3.544957000000000000e+06
3.561012000000000000e+06
3.584899000000000000e+06
3.607083000000000000e+06
3.629000000000000000e+06
3.650247000000000000e+06
3.668264000000000000e+06
3.678944000000000000e+06
3.686707000000000000e+06
3.700393000000000000e+06
3.717602000000000000e+06
3.736526000000000000e+06
3.754077000000000000e+06
3.769814000000000000e+06
3.779594000000000000e+06
3.793033000000000000e+06
3.809193000000000000e+06
3.826156000000000000e+06
3.842079000000000000e+06
3.857443000000000000e+06
3.870131000000000000e+06
3.878994000000000000e+06
3.891063000000000000e+06
3.904899000000000000e+06
3.920945000000000000e+06
3.935703000000000000e+06
3.949517000000000000e+06
3.962674000000000000e+06
3.971114000000000000e+06
3.981512000000000000e+06
3.994894000000000000e+06
4.009208000000000000e+06
4.022653000000000000e+06
4.035617000000000000e+06
4.044762000000000000e+06
4.050708000000000000e+06
4.059821000000000000e+06
4.070400000000000000e+06
4.082198000000000000e+06
4.092747000000000000e+06
4.102921000000000000e+06
4.111210000000000000e+06
4.116287000000000000e+06
4.123230000000000000e+06
4.131078000000000000e+06
4.139160000000000000e+06
4.146722000000000000e+06
4.153374000000000000e+06
4.159122000000000000e+06
4.162576000000000000e+06
4.167025000000000000e+06
4.172525000000000000e+06
4.178261000000000000e+06
4.183476000000000000e+06
4.188190000000000000e+06
4.192183000000000000e+06
4.194672000000000000e+06
4.197892000000000000e+06
4.201827000000000000e+06
4.205970000000000000e+06
4.209707000000000000e+06
4.213055000000000000e+06
4.216003000000000000e+06
4.217821000000000000e+06
4.220304000000000000e+06
4.223200000000000000e+06
4.225163000000000000e+06
4.227719000000000000e+06
4.230153000000000000e+06
4.232428000000000000e+06
4.233698000000000000e+06
4.235592000000000000e+06
4.237790000000000000e+06
4.239868000000000000e+06
4.241760000000000000e+06
4.243482000000000000e+06
4.244872000000000000e+06
4.245779000000000000e+06
4.247032000000000000e+06
4.248432000000000000e+06
4.249755000000000000e+06
4.250902000000000000e+06
4.252095000000000000e+06
4.252976000000000000e+06
4.253460000000000000e+06
4.254294000000000000e+06
4.255434000000000000e+06
4.255700000000000000e+06
4.256451000000000000e+06
4.257289000000000000e+06
4.258069000000000000e+06
4.258456000000000000e+06
4.259133000000000000e+06
4.259909000000000000e+06
4.260788000000000000e+06
4.261582000000000000e+06
4.262511000000000000e+06
4.263317000000000000e+06
4.263797000000000000e+06
4.264704000000000000e+06
4.265714000000000000e+06
4.267105000000000000e+06
4.268491000000000000e+06
4.269885000000000000e+06
4.271276000000000000e+06
4.272163000000000000e+06
4.273693000000000000e+06
4.275846000000000000e+06
4.278319000000000000e+06
4.281214000000000000e+06
4.284332000000000000e+06
4.287458000000000000e+06
4.289528000000000000e+06
4.293083000000000000e+06
4.297337000000000000e+06
4.302393000000000000e+06
4.307535000000000000e+06
4.312673000000000000e+06
4.317415000000000000e+06
4.320530000000000000e+06
4.325046000000000000e+06
4.330739000000000000e+06
4.336906000000000000e+06
4.343519000000000000e+06
4.350028000000000000e+06
4.355348000000000000e+06
