0.000000000000000000e+00
0.000000000000000000e+00
0.000000000000000000e+00
0.000000000000000000e+00
0.000000000000000000e+00
0.000000000000000000e+00
0.000000000000000000e+00
0.000000000000000000e+00
0.000000000000000000e+00
2.000000000000000000e+00
0.000000000000000000e+00
0.000000000000000000e+00
0.000000000000000000e+00
0.000000000000000000e+00
0.000000000000000000e+00
0.000000000000000000e+00
1.000000000000000000e+00
0.000000000000000000e+00
0.000000000000000000e+00
0.000000000000000000e+00
0.000000000000000000e+00
0.000000000000000000e+00
0.000000000000000000e+00
0.000000000000000000e+00
0.000000000000000000e+00
0.000000000000000000e+00
0.000000000000000000e+00
0.000000000000000000e+00
0.000000000000000000e+00
0.000000000000000000e+00
1.700000000000000000e+01
4.200000000000000000e+01
9.300000000000000000e+01
7.400000000000000000e+01
9.300000000000000000e+01
1.310000000000000000e+02
2.020000000000000000e+02
2.330000000000000000e+02
2.400000000000000000e+02
5.660000000000000000e+02
3.420000000000000000e+02
4.660000000000000000e+02
5.870000000000000000e+02
7.690000000000000000e+02
7.780000000000000000e+02
1.247000000000000000e+03
1.492000000000000000e+03
1.797000000000000000e+03
9.770000000000000000e+02
2.313000000000000000e+03
2.651000000000000000e+03
2.547000000000000000e+03
3.497000000000000000e+03
3.590000000000000000e+03
3.233000000000000000e+03
3.526000000000000000e+03
4.207000000000000000e+03
5.322000000000000000e+03
5.986000000000000000e+03
6.557000000000000000e+03
5.560000000000000000e+03
4.789000000000000000e+03
5.249000000000000000e+03
5.210000000000000000e+03
6.203000000000000000e+03
5.909000000000000000e+03
5.974000000000000000e+03
5.217000000000000000e+03
4.050000000000000000e+03
4.053000000000000000e+03
4.782000000000000000e+03
4.668000000000000000e+03
4.585000000000000000e+03
4.805000000000000000e+03
4.316000000000000000e+03
3.599000000000000000e+03
3.039000000000000000e+03
3.836000000000000000e+03
4.204000000000000000e+03
3.951000000000000000e+03
4.694000000000000000e+03
4.092000000000000000e+03
3.153000000000000000e+03
2.972000000000000000e+03
2.667000000000000000e+03
3.786000000000000000e+03
3.493000000000000000e+03
3.491000000000000000e+03
3.047000000000000000e+03
2.256000000000000000e+03
2.729000000000000000e+03
3.370000000000000000e+03
2.646000000000000000e+03
3.021000000000000000e+03
2.357000000000000000e+03
2.324000000000000000e+03
1.739000000000000000e+03
2.091000000000000000e+03
2.086000000000000000e+03
1.872000000000000000e+03
1.965000000000000000e+03
1.900000000000000000e+03
1.389000000000000000e+03
1.221000000000000000e+03
1.075000000000000000e+03
1.444000000000000000e+03
1.401000000000000000e+03
1.327000000000000000e+03
1.083000000000000000e+03
8.020000000000000000e+02
7.440000000000000000e+02
1.402000000000000000e+03
8.880000000000000000e+02
9.920000000000000000e+02
7.890000000000000000e+02
8.750000000000000000e+02
6.750000000000000000e+02
4.510000000000000000e+02
8.130000000000000000e+02
6.650000000000000000e+02
6.420000000000000000e+02
6.520000000000000000e+02
6.690000000000000000e+02
5.310000000000000000e+02
3.000000000000000000e+02
3.970000000000000000e+02
5.840000000000000000e+02
5.930000000000000000e+02
5.160000000000000000e+02
4.160000000000000000e+02
3.330000000000000000e+02
2.000000000000000000e+02
3.180000000000000000e+02
3.210000000000000000e+02
1.770000000000000000e+02
5.180000000000000000e+02
2.700000000000000000e+02
1.970000000000000000e+02
2.800000000000000000e+02
2.830000000000000000e+02
2.020000000000000000e+02
3.790000000000000000e+02
1.630000000000000000e+02
3.460000000000000000e+02
3.380000000000000000e+02
3.010000000000000000e+02
2.100000000000000000e+02
3.280000000000000000e+02
3.310000000000000000e+02
-1.480000000000000000e+02
2.640000000000000000e+02
2.240000000000000000e+02
2.210000000000000000e+02
1.130000000000000000e+02
5.770000000000000000e+02
2.960000000000000000e+02
2.550000000000000000e+02
1.750000000000000000e+02
1.740000000000000000e+02
1.260000000000000000e+02
1.420000000000000000e+02
1.820000000000000000e+02
2.010000000000000000e+02
2.230000000000000000e+02
2.350000000000000000e+02
1.920000000000000000e+02
2.080000000000000000e+02
1.370000000000000000e+02
1.930000000000000000e+02
2.140000000000000000e+02
2.760000000000000000e+02
1.880000000000000000e+02
2.340000000000000000e+02
1.690000000000000000e+02
1.140000000000000000e+02
1.620000000000000000e+02
2.300000000000000000e+02
2.310000000000000000e+02
2.490000000000000000e+02
2.180000000000000000e+02
1.900000000000000000e+02
1.280000000000000000e+02
2.800000000000000000e+02
3.060000000000000000e+02
2.520000000000000000e+02
2.740000000000000000e+02
2.540000000000000000e+02
1.680000000000000000e+02
2.020000000000000000e+02
2.880000000000000000e+02
3.820000000000000000e+02
3.790000000000000000e+02
2.950000000000000000e+02
2.380000000000000000e+02
1.590000000000000000e+02
1.900000000000000000e+02
3.840000000000000000e+02
4.010000000000000000e+02
5.520000000000000000e+02
3.470000000000000000e+02
4.630000000000000000e+02
2.590000000000000000e+02
4.120000000000000000e+02
4.760000000000000000e+02
5.220000000000000000e+02
5.740000000000000000e+02
6.290000000000000000e+02
4.770000000000000000e+02
3.200000000000000000e+02
4.010000000000000000e+02
6.420000000000000000e+02
8.400000000000000000e+02
9.470000000000000000e+02
1.071000000000000000e+03
1.209000000000000000e+03
9.530000000000000000e+02
8.760000000000000000e+02
1.366000000000000000e+03
1.409000000000000000e+03
1.460000000000000000e+03
1.444000000000000000e+03
1.365000000000000000e+03
9.960000000000000000e+02
9.750000000000000000e+02
1.326000000000000000e+03
1.397000000000000000e+03
1.732000000000000000e+03
1.694000000000000000e+03
1.296000000000000000e+03
1.150000000000000000e+03
1.369000000000000000e+03
1.430000000000000000e+03
1.597000000000000000e+03
1.616000000000000000e+03
1.501000000000000000e+03
1.456000000000000000e+03
1.008000000000000000e+03
1.229000000000000000e+03
1.452000000000000000e+03
1.583000000000000000e+03
1.907000000000000000e+03
1.637000000000000000e+03
1.587000000000000000e+03
1.350000000000000000e+03
1.391000000000000000e+03
1.640000000000000000e+03
1.786000000000000000e+03
1.912000000000000000e+03
1.869000000000000000e+03
1.766000000000000000e+03
1.494000000000000000e+03
1.647000000000000000e+03
1.850000000000000000e+03
2.548000000000000000e+03
2.499000000000000000e+03
2.843000000000000000e+03
2.578000000000000000e+03
2.257000000000000000e+03
2.677000000000000000e+03
3.677000000000000000e+03
4.458000000000000000e+03
5.372000000000000000e+03
5.724000000000000000e+03
5.456000000000000000e+03
4.619000000000000000e+03
5.898000000000000000e+03
7.332000000000000000e+03
8.803000000000000000e+03
1.000900000000000000e+04
1.092500000000000000e+04
1.170500000000000000e+04
9.337000000000000000e+03
1.087100000000000000e+04
1.519900000000000000e+04
1.607800000000000000e+04
1.914300000000000000e+04
1.964000000000000000e+04
2.127300000000000000e+04
1.700700000000000000e+04
2.198900000000000000e+04
2.498800000000000000e+04
2.682900000000000000e+04
3.107900000000000000e+04
3.175600000000000000e+04
2.990500000000000000e+04
2.225300000000000000e+04
2.824100000000000000e+04
3.054800000000000000e+04
3.450200000000000000e+04
3.780200000000000000e+04
3.980900000000000000e+04
3.261400000000000000e+04
2.526900000000000000e+04
3.509000000000000000e+04
3.296100000000000000e+04
3.797700000000000000e+04
4.090200000000000000e+04
3.724900000000000000e+04
3.397700000000000000e+04
2.735200000000000000e+04
3.219100000000000000e+04
3.428000000000000000e+04
3.617600000000000000e+04
3.723900000000000000e+04
3.476400000000000000e+04
2.833700000000000000e+04
2.292700000000000000e+04
2.322700000000000000e+04
2.585200000000000000e+04
2.900100000000000000e+04
2.834200000000000000e+04
2.631500000000000000e+04
2.064600000000000000e+04
1.637600000000000000e+04
1.934700000000000000e+04
2.070900000000000000e+04
2.321900000000000000e+04
2.411000000000000000e+04
2.105200000000000000e+04
1.888700000000000000e+04
1.367900000000000000e+04
1.483700000000000000e+04
1.275500000000000000e+04
1.699800000000000000e+04
1.872600000000000000e+04
1.990200000000000000e+04
1.793700000000000000e+04
1.202500000000000000e+04
1.483900000000000000e+04
1.756800000000000000e+04
1.823300000000000000e+04
1.540100000000000000e+04
1.630500000000000000e+04
1.510200000000000000e+04
1.086900000000000000e+04
1.331600000000000000e+04
1.390800000000000000e+04
1.803900000000000000e+04
1.903700000000000000e+04
1.040500000000000000e+04
8.937000000000000000e+03
8.581000000000000000e+03
1.121000000000000000e+04
1.620200000000000000e+04
2.347700000000000000e+04
2.221000000000000000e+04
1.182500000000000000e+04
1.424500000000000000e+04
1.079800000000000000e+04
1.537500000000000000e+04
2.032600000000000000e+04
1.841600000000000000e+04
1.752900000000000000e+04
1.997600000000000000e+04
1.862500000000000000e+04
1.253000000000000000e+04
1.424200000000000000e+04
1.577300000000000000e+04
1.724300000000000000e+04
1.614400000000000000e+04
1.631000000000000000e+04
1.254400000000000000e+04
8.825000000000000000e+03
1.049600000000000000e+04
1.356800000000000000e+04
1.405500000000000000e+04
1.363300000000000000e+04
1.333100000000000000e+04
1.162800000000000000e+04
8.559000000000000000e+03
1.058400000000000000e+04
1.519100000000000000e+04
1.436000000000000000e+04
1.356300000000000000e+04
1.271300000000000000e+04
1.124900000000000000e+04
7.925000000000000000e+03
9.651000000000000000e+03
1.318200000000000000e+04
1.365600000000000000e+04
1.421300000000000000e+04
1.343900000000000000e+04
1.164000000000000000e+04
7.969000000000000000e+03
1.061200000000000000e+04
1.294700000000000000e+04
1.513700000000000000e+04
1.389300000000000000e+04
1.352300000000000000e+04
1.106000000000000000e+04
7.344000000000000000e+03
1.036800000000000000e+04
1.206600000000000000e+04
1.375500000000000000e+04
1.547000000000000000e+04
1.491400000000000000e+04
1.345000000000000000e+04
9.617000000000000000e+03
1.329900000000000000e+04
1.640200000000000000e+04
1.987100000000000000e+04
2.048800000000000000e+04
1.890200000000000000e+04
1.744000000000000000e+04
1.310600000000000000e+04
1.706300000000000000e+04
2.084000000000000000e+04
2.284500000000000000e+04
2.401000000000000000e+04
2.363300000000000000e+04
2.072400000000000000e+04
1.388200000000000000e+04
1.972500000000000000e+04
2.227500000000000000e+04
2.564900000000000000e+04
2.679000000000000000e+04
2.603100000000000000e+04
2.130400000000000000e+04
1.525200000000000000e+04
2.037600000000000000e+04
2.304000000000000000e+04
2.490100000000000000e+04
2.570700000000000000e+04
2.391300000000000000e+04
2.004500000000000000e+04
2.450100000000000000e+04
1.873900000000000000e+04
2.124600000000000000e+04
2.368100000000000000e+04
2.407600000000000000e+04
2.383400000000000000e+04
1.960400000000000000e+04
1.290000000000000000e+04
1.605500000000000000e+04
2.388700000000000000e+04
2.218400000000000000e+04
2.191700000000000000e+04
2.124700000000000000e+04
1.801700000000000000e+04
1.068000000000000000e+04
7.763000000000000000e+03
1.368600000000000000e+04
1.720900000000000000e+04
1.892400000000000000e+04
1.755100000000000000e+04
1.573700000000000000e+04
9.780000000000000000e+03
1.343900000000000000e+04
1.616000000000000000e+04
1.696300000000000000e+04
1.592300000000000000e+04
1.536400000000000000e+04
1.268800000000000000e+04
8.863000000000000000e+03
1.206900000000000000e+04
1.383600000000000000e+04
1.604600000000000000e+04
1.475800000000000000e+04
1.381400000000000000e+04
1.315700000000000000e+04
8.440000000000000000e+03
1.039800000000000000e+04
1.338200000000000000e+04
1.431400000000000000e+04
1.344500000000000000e+04
1.296400000000000000e+04
9.145000000000000000e+03
5.946000000000000000e+03
9.113000000000000000e+03
1.057900000000000000e+04
1.179800000000000000e+04
1.054900000000000000e+04
1.017400000000000000e+04
8.289000000000000000e+03
5.077000000000000000e+03
6.943000000000000000e+03
7.848000000000000000e+03
8.082000000000000000e+03
7.562000000000000000e+03
6.652000000000000000e+03
5.748000000000000000e+03
3.454000000000000000e+03
4.449000000000000000e+03
5.500000000000000000e+03
5.736000000000000000e+03
5.215000000000000000e+03
4.714000000000000000e+03
3.993000000000000000e+03
2.489000000000000000e+03
3.220000000000000000e+03
3.935000000000000000e+03
4.143000000000000000e+03
3.737000000000000000e+03
3.348000000000000000e+03
2.948000000000000000e+03
1.818000000000000000e+03
2.483000000000000000e+03
2.896000000000000000e+03
1.963000000000000000e+03
2.556000000000000000e+03
2.434000000000000000e+03
2.275000000000000000e+03
1.270000000000000000e+03
1.894000000000000000e+03
2.198000000000000000e+03
2.078000000000000000e+03
1.892000000000000000e+03
1.722000000000000000e+03
1.390000000000000000e+03
9.070000000000000000e+02
1.253000000000000000e+03
1.400000000000000000e+03
1.323000000000000000e+03
1.147000000000000000e+03
1.193000000000000000e+03
8.810000000000000000e+02
4.840000000000000000e+02
8.340000000000000000e+02
1.140000000000000000e+03
2.660000000000000000e+02
7.510000000000000000e+02
8.380000000000000000e+02
7.800000000000000000e+02
3.870000000000000000e+02
6.770000000000000000e+02
7.760000000000000000e+02
8.790000000000000000e+02
7.940000000000000000e+02
9.290000000000000000e+02
8.060000000000000000e+02
4.800000000000000000e+02
9.070000000000000000e+02
1.010000000000000000e+03
1.391000000000000000e+03
1.386000000000000000e+03
1.394000000000000000e+03
1.391000000000000000e+03
8.870000000000000000e+02
1.530000000000000000e+03
2.153000000000000000e+03
2.473000000000000000e+03
2.895000000000000000e+03
3.118000000000000000e+03
3.126000000000000000e+03
2.070000000000000000e+03
3.555000000000000000e+03
4.254000000000000000e+03
5.056000000000000000e+03
5.142000000000000000e+03
5.138000000000000000e+03
4.742000000000000000e+03
3.115000000000000000e+03
4.516000000000000000e+03
5.693000000000000000e+03
6.167000000000000000e+03
6.613000000000000000e+03
6.509000000000000000e+03
5.320000000000000000e+03
