0.000000000000000000e+00
0.000000000000000000e+00
0.000000000000000000e+00
0.000000000000000000e+00
0.000000000000000000e+00
0.000000000000000000e+00
0.000000000000000000e+00
0.000000000000000000e+00
0.000000000000000000e+00
0.000000000000000000e+00
0.000000000000000000e+00
0.000000000000000000e+00
0.000000000000000000e+00
0.000000000000000000e+00
0.000000000000000000e+00
0.000000000000000000e+00
0.000000000000000000e+00
0.000000000000000000e+00
0.000000000000000000e+00
0.000000000000000000e+00
0.000000000000000000e+00
0.000000000000000000e+00
0.000000000000000000e+00
0.000000000000000000e+00
0.000000000000000000e+00
0.000000000000000000e+00
0.000000000000000000e+00
0.000000000000000000e+00
0.000000000000000000e+00
0.000000000000000000e+00
0.000000000000000000e+00
0.000000000000000000e+00
0.000000000000000000e+00
0.000000000000000000e+00
0.000000000000000000e+00
0.000000000000000000e+00
0.000000000000000000e+00
0.000000000000000000e+00
0.000000000000000000e+00
0.000000000000000000e+00
0.000000000000000000e+00
0.000000000000000000e+00
0.000000000000000000e+00
0.000000000000000000e+00
0.000000000000000000e+00
0.000000000000000000e+00
0.000000000000000000e+00
0.000000000000000000e+00
0.000000000000000000e+00
0.000000000000000000e+00
3.000000000000000000e+00
4.000000000000000000e+00
4.000000000000000000e+00
4.000000000000000000e+00
4.000000000000000000e+00
5.000000000000000000e+00
7.000000000000000000e+00
1.100000000000000000e+01
1.600000000000000000e+01
2.100000000000000000e+01
3.500000000000000000e+01
4.000000000000000000e+01
4.800000000000000000e+01
5.700000000000000000e+01
6.700000000000000000e+01
8.000000000000000000e+01
1.190000000000000000e+02
1.390000000000000000e+02
1.700000000000000000e+02
1.860000000000000000e+02
2.120000000000000000e+02
2.330000000000000000e+02
2.690000000000000000e+02
2.880000000000000000e+02
3.200000000000000000e+02
3.500000000000000000e+02
3.960000000000000000e+02
4.570000000000000000e+02
5.150000000000000000e+02
5.640000000000000000e+02
6.200000000000000000e+02
6.690000000000000000e+02
7.260000000000000000e+02
7.660000000000000000e+02
8.140000000000000000e+02
8.620000000000000000e+02
9.230000000000000000e+02
9.860000000000000000e+02
1.035000000000000000e+03
1.087000000000000000e+03
1.137000000000000000e+03
1.189000000000000000e+03
1.235000000000000000e+03
1.285000000000000000e+03
1.337000000000000000e+03
1.369000000000000000e+03
1.389000000000000000e+03
1.437000000000000000e+03
1.467000000000000000e+03
1.501000000000000000e+03
1.537000000000000000e+03
1.611000000000000000e+03
1.649000000000000000e+03
1.668000000000000000e+03
1.685000000000000000e+03
1.703000000000000000e+03
1.729000000000000000e+03
1.741000000000000000e+03
1.754000000000000000e+03
1.766000000000000000e+03
1.783000000000000000e+03
1.804000000000000000e+03
1.810000000000000000e+03
1.830000000000000000e+03
1.840000000000000000e+03
1.862000000000000000e+03
1.872000000000000000e+03
1.881000000000000000e+03
1.887000000000000000e+03
1.900000000000000000e+03
1.908000000000000000e+03
1.916000000000000000e+03
1.931000000000000000e+03
1.941000000000000000e+03
1.947000000000000000e+03
1.963000000000000000e+03
1.974000000000000000e+03
1.983000000000000000e+03
2.005000000000000000e+03
2.025000000000000000e+03
2.045000000000000000e+03
2.083000000000000000e+03
2.092000000000000000e+03
2.107000000000000000e+03
2.119000000000000000e+03
2.133000000000000000e+03
2.173000000000000000e+03
2.191000000000000000e+03
2.200000000000000000e+03
2.205000000000000000e+03
2.211000000000000000e+03
2.219000000000000000e+03
2.233000000000000000e+03
2.238000000000000000e+03
2.248000000000000000e+03
2.262000000000000000e+03
2.273000000000000000e+03
2.280000000000000000e+03
2.295000000000000000e+03
2.305000000000000000e+03
2.309000000000000000e+03
2.312000000000000000e+03
2.315000000000000000e+03
2.318000000000000000e+03
2.319000000000000000e+03
2.321000000000000000e+03
2.325000000000000000e+03
2.330000000000000000e+03
2.332000000000000000e+03
2.340000000000000000e+03
2.341000000000000000e+03
2.348000000000000000e+03
2.353000000000000000e+03
2.361000000000000000e+03
2.369000000000000000e+03
2.372000000000000000e+03
2.380000000000000000e+03
2.395000000000000000e+03
2.399000000000000000e+03
2.403000000000000000e+03
2.413000000000000000e+03
2.420000000000000000e+03
2.426000000000000000e+03
2.428000000000000000e+03
2.432000000000000000e+03
2.438000000000000000e+03
2.440000000000000000e+03
2.444000000000000000e+03
2.445000000000000000e+03
2.446000000000000000e+03
2.446000000000000000e+03
2.449000000000000000e+03
2.462000000000000000e+03
2.466000000000000000e+03
2.469000000000000000e+03
2.478000000000000000e+03
2.495000000000000000e+03
2.532000000000000000e+03
2.555000000000000000e+03
2.588000000000000000e+03
2.597000000000000000e+03
2.608000000000000000e+03
2.633000000000000000e+03
2.646000000000000000e+03
2.670000000000000000e+03
2.701000000000000000e+03
2.726000000000000000e+03
2.775000000000000000e+03
2.829000000000000000e+03
2.888000000000000000e+03
2.953000000000000000e+03
3.046000000000000000e+03
3.093000000000000000e+03
3.128000000000000000e+03
3.174000000000000000e+03
3.229000000000000000e+03
3.292000000000000000e+03
3.316000000000000000e+03
3.364000000000000000e+03
3.408000000000000000e+03
3.482000000000000000e+03
3.565000000000000000e+03
3.582000000000000000e+03
3.617000000000000000e+03
3.682000000000000000e+03
3.717000000000000000e+03
3.744000000000000000e+03
3.759000000000000000e+03
3.806000000000000000e+03
3.866000000000000000e+03
3.925000000000000000e+03
3.973000000000000000e+03
4.032000000000000000e+03
4.065000000000000000e+03
4.126000000000000000e+03
4.214000000000000000e+03
4.266000000000000000e+03
4.298000000000000000e+03
4.309000000000000000e+03
4.352000000000000000e+03
4.377000000000000000e+03
4.459000000000000000e+03
4.551000000000000000e+03
4.593000000000000000e+03
4.653000000000000000e+03
4.684000000000000000e+03
4.726000000000000000e+03
4.803000000000000000e+03
4.876000000000000000e+03
4.933000000000000000e+03
5.004000000000000000e+03
5.055000000000000000e+03
5.091000000000000000e+03
5.141000000000000000e+03
5.222000000000000000e+03
5.270000000000000000e+03
5.310000000000000000e+03
5.350000000000000000e+03
5.412000000000000000e+03
5.457000000000000000e+03
5.483000000000000000e+03
5.531000000000000000e+03
5.597000000000000000e+03
5.670000000000000000e+03
5.718000000000000000e+03
5.780000000000000000e+03
5.809000000000000000e+03
5.845000000000000000e+03
5.883000000000000000e+03
5.898000000000000000e+03
5.917000000000000000e+03
5.943000000000000000e+03
5.948000000000000000e+03
5.978000000000000000e+03
6.000000000000000000e+03
6.017000000000000000e+03
6.035000000000000000e+03
6.062000000000000000e+03
6.118000000000000000e+03
6.170000000000000000e+03
6.220000000000000000e+03
6.258000000000000000e+03
6.305000000000000000e+03
6.368000000000000000e+03
6.421000000000000000e+03
6.479000000000000000e+03
6.534000000000000000e+03
6.566000000000000000e+03
6.595000000000000000e+03
6.678000000000000000e+03
6.727000000000000000e+03
6.766000000000000000e+03
6.801000000000000000e+03
6.887000000000000000e+03
6.935000000000000000e+03
6.970000000000000000e+03
7.035000000000000000e+03
7.144000000000000000e+03
7.184000000000000000e+03
7.228000000000000000e+03
7.267000000000000000e+03
7.297000000000000000e+03
7.349000000000000000e+03
7.392000000000000000e+03
7.429000000000000000e+03
7.487000000000000000e+03
7.541000000000000000e+03
7.568000000000000000e+03
7.590000000000000000e+03
7.639000000000000000e+03
7.667000000000000000e+03
7.704000000000000000e+03
7.725000000000000000e+03
7.763000000000000000e+03
7.798000000000000000e+03
7.846000000000000000e+03
7.879000000000000000e+03
7.950000000000000000e+03
8.026000000000000000e+03
8.075000000000000000e+03
8.110000000000000000e+03
8.173000000000000000e+03
8.233000000000000000e+03
8.284000000000000000e+03
8.381000000000000000e+03
8.456000000000000000e+03
8.531000000000000000e+03
8.610000000000000000e+03
8.714000000000000000e+03
8.782000000000000000e+03
8.906000000000000000e+03
8.982000000000000000e+03
9.106000000000000000e+03
9.181000000000000000e+03
9.267000000000000000e+03
9.354000000000000000e+03
9.423000000000000000e+03
9.492000000000000000e+03
9.588000000000000000e+03
9.671000000000000000e+03
9.771000000000000000e+03
9.893000000000000000e+03
1.002400000000000000e+04
1.012700000000000000e+04
1.024200000000000000e+04
1.038400000000000000e+04
1.050000000000000000e+04
1.071700000000000000e+04
1.090000000000000000e+04
1.103800000000000000e+04
1.120500000000000000e+04
1.143400000000000000e+04
1.160100000000000000e+04
1.168700000000000000e+04
1.186300000000000000e+04
1.205600000000000000e+04
1.222500000000000000e+04
1.242400000000000000e+04
1.274000000000000000e+04
1.296400000000000000e+04
1.316500000000000000e+04
1.347900000000000000e+04
1.382300000000000000e+04
1.418800000000000000e+04
1.457600000000000000e+04
1.500700000000000000e+04
1.549400000000000000e+04
1.604400000000000000e+04
1.654900000000000000e+04
1.709600000000000000e+04
1.750100000000000000e+04
1.815100000000000000e+04
1.844300000000000000e+04
1.877300000000000000e+04
1.912200000000000000e+04
1.953000000000000000e+04
2.006000000000000000e+04
2.062700000000000000e+04
2.126100000000000000e+04
2.182800000000000000e+04
2.261400000000000000e+04
2.343900000000000000e+04
2.410500000000000000e+04
2.476400000000000000e+04
2.567400000000000000e+04
2.668600000000000000e+04
2.759200000000000000e+04
2.863600000000000000e+04
2.952900000000000000e+04
3.034500000000000000e+04
3.119000000000000000e+04
3.201100000000000000e+04
3.283100000000000000e+04
3.348400000000000000e+04
3.406400000000000000e+04
3.492200000000000000e+04
3.577200000000000000e+04
3.659500000000000000e+04
3.748300000000000000e+04
3.828900000000000000e+04
3.900400000000000000e+04
3.994100000000000000e+04
4.076500000000000000e+04
4.168800000000000000e+04
4.254700000000000000e+04
4.348400000000000000e+04
4.452300000000000000e+04
4.536100000000000000e+04
4.619700000000000000e+04
4.689600000000000000e+04
4.756600000000000000e+04
4.844100000000000000e+04
4.916100000000000000e+04
4.977900000000000000e+04
5.059000000000000000e+04
5.158700000000000000e+04
5.250100000000000000e+04
5.330800000000000000e+04
5.408500000000000000e+04
5.483500000000000000e+04
5.569300000000000000e+04
5.656600000000000000e+04
5.760700000000000000e+04
5.837900000000000000e+04
5.915700000000000000e+04
5.991900000000000000e+04
6.055800000000000000e+04
6.147200000000000000e+04
6.220600000000000000e+04
6.299800000000000000e+04
6.372500000000000000e+04
6.441400000000000000e+04
6.514900000000000000e+04
6.596200000000000000e+04
6.675800000000000000e+04
6.747600000000000000e+04
6.825000000000000000e+04
6.898600000000000000e+04
6.980200000000000000e+04
7.063400000000000000e+04
7.158400000000000000e+04
7.250300000000000000e+04
7.320400000000000000e+04
7.421200000000000000e+04
7.526300000000000000e+04
7.627600000000000000e+04
7.735300000000000000e+04
7.838200000000000000e+04
7.954400000000000000e+04
8.061000000000000000e+04
8.164000000000000000e+04
8.260100000000000000e+04
8.351500000000000000e+04
8.453200000000000000e+04
8.557200000000000000e+04
8.653100000000000000e+04
8.738500000000000000e+04
8.844500000000000000e+04
8.940400000000000000e+04
9.040800000000000000e+04
9.144800000000000000e+04
9.247400000000000000e+04
9.351100000000000000e+04
9.457100000000000000e+04
9.575400000000000000e+04
9.676000000000000000e+04
9.796700000000000000e+04
9.920800000000000000e+04
1.003180000000000000e+05
1.015030000000000000e+05
1.024410000000000000e+05
1.035240000000000000e+05
1.045120000000000000e+05
1.056610000000000000e+05
1.067070000000000000e+05
1.076220000000000000e+05
1.086930000000000000e+05
1.096250000000000000e+05
1.106440000000000000e+05
1.116540000000000000e+05
1.127140000000000000e+05
1.138760000000000000e+05
1.149120000000000000e+05
1.159810000000000000e+05
1.170970000000000000e+05
1.181680000000000000e+05
1.193750000000000000e+05
1.205610000000000000e+05
1.218380000000000000e+05
1.232210000000000000e+05
1.244540000000000000e+05
1.255110000000000000e+05
1.267550000000000000e+05
1.280940000000000000e+05
1.293460000000000000e+05
1.305430000000000000e+05
1.318320000000000000e+05
1.330530000000000000e+05
1.342080000000000000e+05
1.354990000000000000e+05
1.366280000000000000e+05
1.377300000000000000e+05
1.388990000000000000e+05
1.400870000000000000e+05
1.411660000000000000e+05
1.422660000000000000e+05
1.433230000000000000e+05
1.445140000000000000e+05
1.455670000000000000e+05
1.466960000000000000e+05
1.478310000000000000e+05
1.489180000000000000e+05
1.501030000000000000e+05
1.512590000000000000e+05
1.524200000000000000e+05
1.535780000000000000e+05
1.548660000000000000e+05
1.562380000000000000e+05
1.577080000000000000e+05
1.590570000000000000e+05
1.605940000000000000e+05
1.619970000000000000e+05
1.634150000000000000e+05
1.648960000000000000e+05
1.663680000000000000e+05
1.678040000000000000e+05
1.693650000000000000e+05
1.708540000000000000e+05
1.729090000000000000e+05
1.747890000000000000e+05
1.772530000000000000e+05
1.796560000000000000e+05
1.823540000000000000e+05
1.849430000000000000e+05
1.880230000000000000e+05
1.909930000000000000e+05
1.939450000000000000e+05
1.972530000000000000e+05
2.007280000000000000e+05
2.042470000000000000e+05
2.073220000000000000e+05
2.109130000000000000e+05
2.145770000000000000e+05
2.183960000000000000e+05
2.248180000000000000e+05
2.315680000000000000e+05
2.384910000000000000e+05
2.449140000000000000e+05
2.505270000000000000e+05
2.566070000000000000e+05
2.630860000000000000e+05
2.695460000000000000e+05
2.756080000000000000e+05
2.818870000000000000e+05
2.883920000000000000e+05
2.944490000000000000e+05
3.008540000000000000e+05
3.085990000000000000e+05
3.163830000000000000e+05
3.241150000000000000e+05
3.329680000000000000e+05
3.411520000000000000e+05
3.490550000000000000e+05
3.583780000000000000e+05
3.669850000000000000e+05
3.757210000000000000e+05
3.845960000000000000e+05
3.943430000000000000e+05
