0.000000000000000000e+00
0.000000000000000000e+00
0.000000000000000000e+00
0.000000000000000000e+00
0.000000000000000000e+00
0.000000000000000000e+00
0.000000000000000000e+00
0.000000000000000000e+00
0.000000000000000000e+00
0.000000000000000000e+00
0.000000000000000000e+00
0.000000000000000000e+00
0.000000000000000000e+00
0.000000000000000000e+00
0.000000000000000000e+00
0.000000000000000000e+00
0.000000000000000000e+00
0.000000000000000000e+00
0.000000000000000000e+00
0.000000000000000000e+00
0.000000000000000000e+00
0.000000000000000000e+00
0.000000000000000000e+00
0.000000000000000000e+00
0.000000000000000000e+00
0.000000000000000000e+00
0.000000000000000000e+00
0.000000000000000000e+00
0.000000000000000000e+00
0.000000000000000000e+00
0.000000000000000000e+00
0.000000000000000000e+00
0.000000000000000000e+00
0.000000000000000000e+00
0.000000000000000000e+00
0.000000000000000000e+00
0.000000000000000000e+00
0.000000000000000000e+00
0.000000000000000000e+00
0.000000000000000000e+00
0.000000000000000000e+00
0.000000000000000000e+00
0.000000000000000000e+00
0.000000000000000000e+00
0.000000000000000000e+00
0.000000000000000000e+00
0.000000000000000000e+00
0.000000000000000000e+00
0.000000000000000000e+00
0.000000000000000000e+00
3.000000000000000000e+00
1.000000000000000000e+00
0.000000000000000000e+00
0.000000000000000000e+00
0.000000000000000000e+00
1.000000000000000000e+00
2.000000000000000000e+00
4.000000000000000000e+00
5.000000000000000000e+00
5.000000000000000000e+00
1.400000000000000000e+01
5.000000000000000000e+00
8.000000000000000000e+00
9.000000000000000000e+00
1.000000000000000000e+01
1.300000000000000000e+01
3.900000000000000000e+01
2.000000000000000000e+01
3.100000000000000000e+01
1.600000000000000000e+01
2.600000000000000000e+01
2.100000000000000000e+01
3.600000000000000000e+01
1.900000000000000000e+01
3.200000000000000000e+01
3.000000000000000000e+01
4.600000000000000000e+01
6.100000000000000000e+01
5.800000000000000000e+01
4.900000000000000000e+01
5.600000000000000000e+01
4.900000000000000000e+01
5.700000000000000000e+01
4.000000000000000000e+01
4.800000000000000000e+01
4.800000000000000000e+01
6.100000000000000000e+01
6.300000000000000000e+01
4.900000000000000000e+01
5.200000000000000000e+01
5.000000000000000000e+01
5.200000000000000000e+01
4.600000000000000000e+01
5.000000000000000000e+01
5.200000000000000000e+01
3.200000000000000000e+01
2.000000000000000000e+01
4.800000000000000000e+01
3.000000000000000000e+01
3.400000000000000000e+01
3.600000000000000000e+01
7.400000000000000000e+01
3.800000000000000000e+01
1.900000000000000000e+01
1.700000000000000000e+01
1.800000000000000000e+01
2.600000000000000000e+01
1.200000000000000000e+01
1.300000000000000000e+01
1.200000000000000000e+01
1.700000000000000000e+01
2.100000000000000000e+01
6.000000000000000000e+00
2.000000000000000000e+01
1.000000000000000000e+01
2.200000000000000000e+01
1.000000000000000000e+01
9.000000000000000000e+00
6.000000000000000000e+00
1.300000000000000000e+01
8.000000000000000000e+00
8.000000000000000000e+00
1.500000000000000000e+01
1.000000000000000000e+01
6.000000000000000000e+00
1.600000000000000000e+01
1.100000000000000000e+01
9.000000000000000000e+00
2.200000000000000000e+01
2.000000000000000000e+01
2.000000000000000000e+01
3.800000000000000000e+01
9.000000000000000000e+00
1.500000000000000000e+01
1.200000000000000000e+01
1.400000000000000000e+01
4.000000000000000000e+01
1.800000000000000000e+01
9.000000000000000000e+00
5.000000000000000000e+00
6.000000000000000000e+00
8.000000000000000000e+00
1.400000000000000000e+01
5.000000000000000000e+00
1.000000000000000000e+01
1.400000000000000000e+01
1.100000000000000000e+01
7.000000000000000000e+00
1.500000000000000000e+01
1.000000000000000000e+01
4.000000000000000000e+00
3.000000000000000000e+00
3.000000000000000000e+00
3.000000000000000000e+00
1.000000000000000000e+00
2.000000000000000000e+00
4.000000000000000000e+00
5.000000000000000000e+00
2.000000000000000000e+00
8.000000000000000000e+00
1.000000000000000000e+00
7.000000000000000000e+00
5.000000000000000000e+00
8.000000000000000000e+00
8.000000000000000000e+00
3.000000000000000000e+00
8.000000000000000000e+00
1.500000000000000000e+01
4.000000000000000000e+00
4.000000000000000000e+00
1.000000000000000000e+01
7.000000000000000000e+00
6.000000000000000000e+00
2.000000000000000000e+00
4.000000000000000000e+00
6.000000000000000000e+00
2.000000000000000000e+00
4.000000000000000000e+00
1.000000000000000000e+00
1.000000000000000000e+00
0.000000000000000000e+00
3.000000000000000000e+00
1.300000000000000000e+01
4.000000000000000000e+00
3.000000000000000000e+00
9.000000000000000000e+00
1.700000000000000000e+01
3.700000000000000000e+01
2.300000000000000000e+01
3.300000000000000000e+01
9.000000000000000000e+00
1.100000000000000000e+01
2.500000000000000000e+01
1.300000000000000000e+01
2.400000000000000000e+01
3.100000000000000000e+01
2.500000000000000000e+01
4.900000000000000000e+01
5.400000000000000000e+01
5.900000000000000000e+01
6.500000000000000000e+01
9.300000000000000000e+01
4.700000000000000000e+01
3.500000000000000000e+01
4.600000000000000000e+01
5.500000000000000000e+01
6.300000000000000000e+01
2.400000000000000000e+01
4.800000000000000000e+01
4.400000000000000000e+01
7.400000000000000000e+01
8.300000000000000000e+01
1.700000000000000000e+01
3.500000000000000000e+01
6.500000000000000000e+01
3.500000000000000000e+01
2.700000000000000000e+01
1.500000000000000000e+01
4.700000000000000000e+01
6.000000000000000000e+01
5.900000000000000000e+01
4.800000000000000000e+01
5.900000000000000000e+01
3.300000000000000000e+01
6.100000000000000000e+01
8.800000000000000000e+01
5.200000000000000000e+01
3.200000000000000000e+01
1.100000000000000000e+01
4.300000000000000000e+01
2.500000000000000000e+01
8.200000000000000000e+01
9.200000000000000000e+01
4.200000000000000000e+01
6.000000000000000000e+01
3.100000000000000000e+01
4.200000000000000000e+01
7.700000000000000000e+01
7.300000000000000000e+01
5.700000000000000000e+01
7.100000000000000000e+01
5.100000000000000000e+01
3.600000000000000000e+01
5.000000000000000000e+01
8.100000000000000000e+01
4.800000000000000000e+01
4.000000000000000000e+01
4.000000000000000000e+01
6.200000000000000000e+01
4.500000000000000000e+01
2.600000000000000000e+01
4.800000000000000000e+01
6.600000000000000000e+01
7.300000000000000000e+01
4.800000000000000000e+01
6.200000000000000000e+01
2.900000000000000000e+01
3.600000000000000000e+01
3.800000000000000000e+01
1.500000000000000000e+01
1.900000000000000000e+01
2.600000000000000000e+01
5.000000000000000000e+00
3.000000000000000000e+01
2.200000000000000000e+01
1.700000000000000000e+01
1.800000000000000000e+01
2.700000000000000000e+01
5.600000000000000000e+01
5.200000000000000000e+01
5.000000000000000000e+01
3.800000000000000000e+01
4.700000000000000000e+01
6.300000000000000000e+01
5.300000000000000000e+01
5.800000000000000000e+01
5.500000000000000000e+01
3.200000000000000000e+01
2.900000000000000000e+01
8.300000000000000000e+01
4.900000000000000000e+01
3.900000000000000000e+01
3.500000000000000000e+01
8.600000000000000000e+01
4.800000000000000000e+01
3.500000000000000000e+01
6.500000000000000000e+01
1.090000000000000000e+02
4.000000000000000000e+01
4.400000000000000000e+01
3.900000000000000000e+01
3.000000000000000000e+01
5.200000000000000000e+01
4.300000000000000000e+01
3.700000000000000000e+01
5.800000000000000000e+01
5.400000000000000000e+01
2.700000000000000000e+01
2.200000000000000000e+01
4.900000000000000000e+01
2.800000000000000000e+01
3.700000000000000000e+01
2.100000000000000000e+01
3.800000000000000000e+01
3.500000000000000000e+01
4.800000000000000000e+01
3.300000000000000000e+01
7.100000000000000000e+01
7.600000000000000000e+01
4.900000000000000000e+01
3.500000000000000000e+01
6.300000000000000000e+01
6.000000000000000000e+01
5.100000000000000000e+01
9.700000000000000000e+01
7.500000000000000000e+01
7.500000000000000000e+01
7.900000000000000000e+01
1.040000000000000000e+02
6.800000000000000000e+01
1.240000000000000000e+02
7.600000000000000000e+01
1.240000000000000000e+02
7.500000000000000000e+01
8.600000000000000000e+01
8.700000000000000000e+01
6.900000000000000000e+01
6.900000000000000000e+01
9.600000000000000000e+01
8.300000000000000000e+01
1.000000000000000000e+02
1.220000000000000000e+02
1.310000000000000000e+02
1.030000000000000000e+02
1.150000000000000000e+02
1.420000000000000000e+02
1.160000000000000000e+02
2.170000000000000000e+02
1.830000000000000000e+02
1.380000000000000000e+02
1.670000000000000000e+02
2.290000000000000000e+02
1.670000000000000000e+02
8.600000000000000000e+01
1.760000000000000000e+02
1.930000000000000000e+02
1.690000000000000000e+02
1.990000000000000000e+02
3.160000000000000000e+02
2.240000000000000000e+02
2.010000000000000000e+02
3.140000000000000000e+02
3.440000000000000000e+02
3.650000000000000000e+02
3.880000000000000000e+02
4.310000000000000000e+02
4.870000000000000000e+02
5.500000000000000000e+02
5.050000000000000000e+02
5.470000000000000000e+02
4.050000000000000000e+02
6.500000000000000000e+02
2.920000000000000000e+02
3.300000000000000000e+02
3.490000000000000000e+02
4.080000000000000000e+02
5.300000000000000000e+02
5.670000000000000000e+02
6.340000000000000000e+02
5.670000000000000000e+02
7.860000000000000000e+02
8.250000000000000000e+02
6.660000000000000000e+02
6.590000000000000000e+02
9.100000000000000000e+02
1.012000000000000000e+03
9.060000000000000000e+02
1.044000000000000000e+03
8.930000000000000000e+02
8.160000000000000000e+02
8.450000000000000000e+02
8.210000000000000000e+02
8.200000000000000000e+02
6.530000000000000000e+02
5.800000000000000000e+02
8.580000000000000000e+02
8.500000000000000000e+02
8.230000000000000000e+02
8.880000000000000000e+02
8.060000000000000000e+02
7.150000000000000000e+02
9.370000000000000000e+02
8.240000000000000000e+02
9.230000000000000000e+02
8.590000000000000000e+02
9.370000000000000000e+02
1.039000000000000000e+03
8.380000000000000000e+02
8.360000000000000000e+02
6.990000000000000000e+02
6.700000000000000000e+02
8.750000000000000000e+02
7.200000000000000000e+02
6.180000000000000000e+02
8.110000000000000000e+02
9.970000000000000000e+02
9.140000000000000000e+02
8.070000000000000000e+02
7.770000000000000000e+02
7.500000000000000000e+02
8.580000000000000000e+02
8.730000000000000000e+02
1.041000000000000000e+03
7.720000000000000000e+02
7.780000000000000000e+02
7.620000000000000000e+02
6.390000000000000000e+02
9.140000000000000000e+02
7.340000000000000000e+02
7.920000000000000000e+02
7.270000000000000000e+02
6.890000000000000000e+02
7.350000000000000000e+02
8.130000000000000000e+02
7.960000000000000000e+02
7.180000000000000000e+02
7.740000000000000000e+02
7.360000000000000000e+02
8.160000000000000000e+02
8.320000000000000000e+02
9.500000000000000000e+02
9.190000000000000000e+02
7.010000000000000000e+02
1.008000000000000000e+03
1.051000000000000000e+03
1.013000000000000000e+03
1.077000000000000000e+03
1.029000000000000000e+03
1.162000000000000000e+03
1.066000000000000000e+03
1.030000000000000000e+03
9.610000000000000000e+02
9.140000000000000000e+02
1.017000000000000000e+03
1.040000000000000000e+03
9.590000000000000000e+02
8.540000000000000000e+02
1.060000000000000000e+03
9.590000000000000000e+02
1.004000000000000000e+03
1.040000000000000000e+03
1.026000000000000000e+03
1.037000000000000000e+03
1.060000000000000000e+03
1.183000000000000000e+03
1.006000000000000000e+03
1.207000000000000000e+03
1.241000000000000000e+03
1.110000000000000000e+03
1.185000000000000000e+03
9.380000000000000000e+02
1.083000000000000000e+03
9.880000000000000000e+02
1.149000000000000000e+03
1.046000000000000000e+03
9.150000000000000000e+02
1.071000000000000000e+03
9.320000000000000000e+02
1.019000000000000000e+03
1.010000000000000000e+03
1.060000000000000000e+03
1.162000000000000000e+03
1.036000000000000000e+03
1.069000000000000000e+03
1.116000000000000000e+03
1.071000000000000000e+03
1.207000000000000000e+03
1.186000000000000000e+03
1.277000000000000000e+03
1.383000000000000000e+03
1.233000000000000000e+03
1.057000000000000000e+03
1.244000000000000000e+03
1.339000000000000000e+03
1.252000000000000000e+03
1.197000000000000000e+03
1.289000000000000000e+03
1.221000000000000000e+03
1.155000000000000000e+03
1.291000000000000000e+03
1.129000000000000000e+03
1.102000000000000000e+03
1.169000000000000000e+03
1.188000000000000000e+03
1.079000000000000000e+03
1.100000000000000000e+03
1.057000000000000000e+03
1.191000000000000000e+03
1.053000000000000000e+03
1.129000000000000000e+03
1.135000000000000000e+03
1.087000000000000000e+03
1.185000000000000000e+03
1.156000000000000000e+03
1.161000000000000000e+03
1.158000000000000000e+03
1.288000000000000000e+03
1.372000000000000000e+03
1.470000000000000000e+03
1.349000000000000000e+03
1.537000000000000000e+03
1.403000000000000000e+03
1.418000000000000000e+03
1.481000000000000000e+03
1.472000000000000000e+03
1.436000000000000000e+03
1.561000000000000000e+03
1.489000000000000000e+03
2.055000000000000000e+03
1.880000000000000000e+03
2.464000000000000000e+03
2.403000000000000000e+03
2.698000000000000000e+03
2.589000000000000000e+03
3.080000000000000000e+03
2.970000000000000000e+03
2.952000000000000000e+03
3.308000000000000000e+03
3.475000000000000000e+03
3.519000000000000000e+03
3.075000000000000000e+03
3.591000000000000000e+03
3.664000000000000000e+03
3.819000000000000000e+03
6.422000000000000000e+03
6.750000000000000000e+03
6.923000000000000000e+03
6.423000000000000000e+03
5.613000000000000000e+03
6.080000000000000000e+03
6.479000000000000000e+03
6.460000000000000000e+03
6.062000000000000000e+03
6.279000000000000000e+03
6.505000000000000000e+03
6.057000000000000000e+03
6.405000000000000000e+03
7.745000000000000000e+03
7.784000000000000000e+03
7.732000000000000000e+03
8.853000000000000000e+03
8.184000000000000000e+03
7.903000000000000000e+03
9.323000000000000000e+03
8.607000000000000000e+03
8.736000000000000000e+03
8.875000000000000000e+03
9.747000000000000000e+03
