0.000000000000000000e+00
0.000000000000000000e+00
0.000000000000000000e+00
0.000000000000000000e+00
0.000000000000000000e+00
0.000000000000000000e+00
0.000000000000000000e+00
0.000000000000000000e+00
0.000000000000000000e+00
0.000000000000000000e+00
0.000000000000000000e+00
0.000000000000000000e+00
0.000000000000000000e+00
0.000000000000000000e+00
0.000000000000000000e+00
0.000000000000000000e+00
0.000000000000000000e+00
0.000000000000000000e+00
0.000000000000000000e+00
0.000000000000000000e+00
0.000000000000000000e+00
0.000000000000000000e+00
0.000000000000000000e+00
0.000000000000000000e+00
0.000000000000000000e+00
0.000000000000000000e+00
0.000000000000000000e+00
0.000000000000000000e+00
0.000000000000000000e+00
0.000000000000000000e+00
0.000000000000000000e+00
0.000000000000000000e+00
0.000000000000000000e+00
0.000000000000000000e+00
0.000000000000000000e+00
0.000000000000000000e+00
0.000000000000000000e+00
0.000000000000000000e+00
0.000000000000000000e+00
0.000000000000000000e+00
0.000000000000000000e+00
0.000000000000000000e+00
0.000000000000000000e+00
0.000000000000000000e+00
0.000000000000000000e+00
0.000000000000000000e+00
0.000000000000000000e+00
0.000000000000000000e+00
0.000000000000000000e+00
0.000000000000000000e+00
0.000000000000000000e+00
0.000000000000000000e+00
0.000000000000000000e+00
0.000000000000000000e+00
0.000000000000000000e+00
0.000000000000000000e+00
0.000000000000000000e+00
0.000000000000000000e+00
1.000000000000000000e+00
2.000000000000000000e+00
2.000000000000000000e+00
3.000000000000000000e+00
3.000000000000000000e+00
3.000000000000000000e+00
4.000000000000000000e+00
4.000000000000000000e+00
5.000000000000000000e+00
7.000000000000000000e+00
7.000000000000000000e+00
7.000000000000000000e+00
8.000000000000000000e+00
8.000000000000000000e+00
8.000000000000000000e+00
1.000000000000000000e+01
1.400000000000000000e+01
1.600000000000000000e+01
1.700000000000000000e+01
1.900000000000000000e+01
1.900000000000000000e+01
1.900000000000000000e+01
1.900000000000000000e+01
1.900000000000000000e+01
1.900000000000000000e+01
1.900000000000000000e+01
1.900000000000000000e+01
1.900000000000000000e+01
1.900000000000000000e+01
2.400000000000000000e+01
2.400000000000000000e+01
2.400000000000000000e+01
2.400000000000000000e+01
2.500000000000000000e+01
2.500000000000000000e+01
2.500000000000000000e+01
2.500000000000000000e+01
2.600000000000000000e+01
2.700000000000000000e+01
2.700000000000000000e+01
2.700000000000000000e+01
2.700000000000000000e+01
3.000000000000000000e+01
3.500000000000000000e+01
3.500000000000000000e+01
3.500000000000000000e+01
3.600000000000000000e+01
3.600000000000000000e+01
3.600000000000000000e+01
4.300000000000000000e+01
4.300000000000000000e+01
4.500000000000000000e+01
4.500000000000000000e+01
4.500000000000000000e+01
4.500000000000000000e+01
4.800000000000000000e+01
4.800000000000000000e+01
4.800000000000000000e+01
4.800000000000000000e+01
5.000000000000000000e+01
5.200000000000000000e+01
5.200000000000000000e+01
5.800000000000000000e+01
6.000000000000000000e+01
6.100000000000000000e+01
6.900000000000000000e+01
7.000000000000000000e+01
7.000000000000000000e+01
7.100000000000000000e+01
7.400000000000000000e+01
8.100000000000000000e+01
8.400000000000000000e+01
8.600000000000000000e+01
8.600000000000000000e+01
8.600000000000000000e+01
8.600000000000000000e+01
8.600000000000000000e+01
8.600000000000000000e+01
8.800000000000000000e+01
9.100000000000000000e+01
9.200000000000000000e+01
9.600000000000000000e+01
1.130000000000000000e+02
1.180000000000000000e+02
1.300000000000000000e+02
1.380000000000000000e+02
1.400000000000000000e+02
1.420000000000000000e+02
1.480000000000000000e+02
1.550000000000000000e+02
1.660000000000000000e+02
1.720000000000000000e+02
1.760000000000000000e+02
1.830000000000000000e+02
1.860000000000000000e+02
1.890000000000000000e+02
1.970000000000000000e+02
2.120000000000000000e+02
2.120000000000000000e+02
2.590000000000000000e+02
2.670000000000000000e+02
2.760000000000000000e+02
2.840000000000000000e+02
2.910000000000000000e+02
3.150000000000000000e+02
3.280000000000000000e+02
3.460000000000000000e+02
3.460000000000000000e+02
3.460000000000000000e+02
3.860000000000000000e+02
3.860000000000000000e+02
3.960000000000000000e+02
4.580000000000000000e+02
4.620000000000000000e+02
5.060000000000000000e+02
5.250000000000000000e+02
5.410000000000000000e+02
5.760000000000000000e+02
6.070000000000000000e+02
6.380000000000000000e+02
6.870000000000000000e+02
7.050000000000000000e+02
7.490000000000000000e+02
7.790000000000000000e+02
8.120000000000000000e+02
8.510000000000000000e+02
8.800000000000000000e+02
9.160000000000000000e+02
9.320000000000000000e+02
9.500000000000000000e+02
1.000000000000000000e+03
1.078000000000000000e+03
1.109000000000000000e+03
1.148000000000000000e+03
1.164000000000000000e+03
1.199000000000000000e+03
1.280000000000000000e+03
1.344000000000000000e+03
1.395000000000000000e+03
1.483000000000000000e+03
1.538000000000000000e+03
1.572000000000000000e+03
1.672000000000000000e+03
1.679000000000000000e+03
1.735000000000000000e+03
1.762000000000000000e+03
1.815000000000000000e+03
1.852000000000000000e+03
1.879000000000000000e+03
1.906000000000000000e+03
1.935000000000000000e+03
1.966000000000000000e+03
2.015000000000000000e+03
2.044000000000000000e+03
2.068000000000000000e+03
2.134000000000000000e+03
2.171000000000000000e+03
2.222000000000000000e+03
2.283000000000000000e+03
2.332000000000000000e+03
2.415000000000000000e+03
2.471000000000000000e+03
2.551000000000000000e+03
2.624000000000000000e+03
2.654000000000000000e+03
2.729000000000000000e+03
2.777000000000000000e+03
2.805000000000000000e+03
2.876000000000000000e+03
2.935000000000000000e+03
2.965000000000000000e+03
2.981000000000000000e+03
3.033000000000000000e+03
3.092000000000000000e+03
3.217000000000000000e+03
3.279000000000000000e+03
3.335000000000000000e+03
3.388000000000000000e+03
3.439000000000000000e+03
3.569000000000000000e+03
3.675000000000000000e+03
3.789000000000000000e+03
3.848000000000000000e+03
3.901000000000000000e+03
3.991000000000000000e+03
4.117000000000000000e+03
4.236000000000000000e+03
4.363000000000000000e+03
4.475000000000000000e+03
4.590000000000000000e+03
4.672000000000000000e+03
4.718000000000000000e+03
4.797000000000000000e+03
4.905000000000000000e+03
4.972000000000000000e+03
5.114000000000000000e+03
5.211000000000000000e+03
5.370000000000000000e+03
5.402000000000000000e+03
5.530000000000000000e+03
5.725000000000000000e+03
5.725000000000000000e+03
5.958000000000000000e+03
6.031000000000000000e+03
6.246000000000000000e+03
6.366000000000000000e+03
6.488000000000000000e+03
6.680000000000000000e+03
6.846000000000000000e+03
7.096000000000000000e+03
7.222000000000000000e+03
7.462000000000000000e+03
7.622000000000000000e+03
7.829000000000000000e+03
8.049000000000000000e+03
8.338000000000000000e+03
8.582000000000000000e+03
8.829000000000000000e+03
9.026000000000000000e+03
9.381000000000000000e+03
9.644000000000000000e+03
9.871000000000000000e+03
1.007400000000000000e+04
1.026900000000000000e+04
1.055800000000000000e+04
1.080500000000000000e+04
1.103500000000000000e+04
1.122800000000000000e+04
1.157700000000000000e+04
1.181300000000000000e+04
1.210200000000000000e+04
1.222300000000000000e+04
1.233500000000000000e+04
1.243300000000000000e+04
1.268000000000000000e+04
1.281600000000000000e+04
1.295300000000000000e+04
1.305300000000000000e+04
1.322800000000000000e+04
1.337400000000000000e+04
1.345100000000000000e+04
1.361500000000000000e+04
1.381800000000000000e+04
1.392200000000000000e+04
1.413400000000000000e+04
1.426700000000000000e+04
1.441300000000000000e+04
1.449300000000000000e+04
1.463400000000000000e+04
1.474200000000000000e+04
1.482100000000000000e+04
1.492000000000000000e+04
1.500800000000000000e+04
1.508700000000000000e+04
1.510300000000000000e+04
1.513900000000000000e+04
1.525100000000000000e+04
1.531900000000000000e+04
1.536100000000000000e+04
1.549300000000000000e+04
1.553600000000000000e+04
1.559100000000000000e+04
1.564800000000000000e+04
1.572900000000000000e+04
1.580400000000000000e+04
1.592500000000000000e+04
1.606100000000000000e+04
1.616100000000000000e+04
1.618800000000000000e+04
1.627700000000000000e+04
1.636200000000000000e+04
1.640700000000000000e+04
1.648400000000000000e+04
1.656200000000000000e+04
1.662600000000000000e+04
1.664400000000000000e+04
1.668600000000000000e+04
1.680200000000000000e+04
1.693100000000000000e+04
1.702900000000000000e+04
1.709900000000000000e+04
1.714900000000000000e+04
1.724000000000000000e+04
1.729600000000000000e+04
1.737100000000000000e+04
1.743300000000000000e+04
1.755300000000000000e+04
1.756800000000000000e+04
1.760800000000000000e+04
1.764200000000000000e+04
1.768400000000000000e+04
1.775600000000000000e+04
1.786400000000000000e+04
1.797400000000000000e+04
1.806600000000000000e+04
1.815600000000000000e+04
1.819300000000000000e+04
1.825400000000000000e+04
1.834300000000000000e+04
1.842500000000000000e+04
1.861300000000000000e+04
1.867900000000000000e+04
1.876500000000000000e+04
1.887500000000000000e+04
1.892600000000000000e+04
1.901100000000000000e+04
1.909300000000000000e+04
1.917700000000000000e+04
1.926900000000000000e+04
1.936700000000000000e+04
1.939900000000000000e+04
1.947600000000000000e+04
1.955300000000000000e+04
1.958000000000000000e+04
1.967200000000000000e+04
1.972300000000000000e+04
1.978200000000000000e+04
1.979600000000000000e+04
1.982900000000000000e+04
1.990000000000000000e+04
1.993700000000000000e+04
1.999600000000000000e+04
2.003000000000000000e+04
2.006200000000000000e+04
2.008600000000000000e+04
2.011200000000000000e+04
2.016300000000000000e+04
2.021000000000000000e+04
2.026100000000000000e+04
2.029400000000000000e+04
2.032900000000000000e+04
2.036600000000000000e+04
2.038100000000000000e+04
2.038900000000000000e+04
2.040000000000000000e+04
2.045200000000000000e+04
2.047800000000000000e+04
2.049900000000000000e+04
2.051900000000000000e+04
2.054800000000000000e+04
2.058400000000000000e+04
2.064000000000000000e+04
2.069500000000000000e+04
2.075900000000000000e+04
2.078200000000000000e+04
2.080700000000000000e+04
2.085400000000000000e+04
2.088200000000000000e+04
2.092300000000000000e+04
2.098100000000000000e+04
2.102600000000000000e+04
2.105500000000000000e+04
2.108600000000000000e+04
2.110800000000000000e+04
2.111400000000000000e+04
2.116100000000000000e+04
2.120500000000000000e+04
2.126500000000000000e+04
2.132300000000000000e+04
2.138000000000000000e+04
2.140700000000000000e+04
2.144600000000000000e+04
2.148900000000000000e+04
2.155800000000000000e+04
2.164200000000000000e+04
2.169600000000000000e+04
2.173300000000000000e+04
2.175700000000000000e+04
2.177400000000000000e+04
2.183600000000000000e+04
2.191400000000000000e+04
2.196100000000000000e+04
2.203100000000000000e+04
2.206300000000000000e+04
2.213200000000000000e+04
2.218200000000000000e+04
2.231100000000000000e+04
2.239900000000000000e+04
2.246700000000000000e+04
2.257900000000000000e+04
2.263100000000000000e+04
2.271700000000000000e+04
2.288500000000000000e+04
2.301000000000000000e+04
2.310800000000000000e+04
2.324200000000000000e+04
2.333100000000000000e+04
2.345700000000000000e+04
2.354900000000000000e+04
2.369700000000000000e+04
2.384100000000000000e+04
2.395100000000000000e+04
2.412200000000000000e+04
2.430000000000000000e+04
2.438900000000000000e+04
2.451800000000000000e+04
2.466100000000000000e+04
2.488300000000000000e+04
2.505100000000000000e+04
2.527900000000000000e+04
2.549200000000000000e+04
2.560900000000000000e+04
2.571000000000000000e+04
2.594200000000000000e+04
2.616800000000000000e+04
2.643100000000000000e+04
2.665200000000000000e+04
2.681500000000000000e+04
2.699300000000000000e+04
2.713300000000000000e+04
2.728400000000000000e+04
2.752900000000000000e+04
2.792100000000000000e+04
2.820100000000000000e+04
2.847700000000000000e+04
2.874000000000000000e+04
2.887500000000000000e+04
2.914600000000000000e+04
2.940500000000000000e+04
2.969500000000000000e+04
3.003000000000000000e+04
3.035400000000000000e+04
3.063700000000000000e+04
3.078700000000000000e+04
3.104500000000000000e+04
3.143800000000000000e+04
3.166100000000000000e+04
3.190900000000000000e+04
3.214900000000000000e+04
3.244100000000000000e+04
3.262300000000000000e+04
3.293300000000000000e+04
3.333800000000000000e+04
3.360700000000000000e+04
3.394400000000000000e+04
3.418000000000000000e+04
3.436600000000000000e+04
3.455100000000000000e+04
3.475200000000000000e+04
3.496000000000000000e+04
3.514000000000000000e+04
3.530700000000000000e+04
3.559400000000000000e+04
3.577200000000000000e+04
3.585400000000000000e+04
3.600400000000000000e+04
3.611500000000000000e+04
3.632500000000000000e+04
3.645500000000000000e+04
3.660000000000000000e+04
3.670500000000000000e+04
3.679000000000000000e+04
3.692100000000000000e+04
3.709400000000000000e+04
3.728900000000000000e+04
3.746700000000000000e+04
3.760400000000000000e+04
3.767800000000000000e+04
3.774800000000000000e+04
3.787400000000000000e+04
3.800200000000000000e+04
3.809100000000000000e+04
3.837100000000000000e+04
3.852800000000000000e+04
3.855600000000000000e+04
3.861300000000000000e+04
3.868200000000000000e+04
3.884900000000000000e+04
3.896500000000000000e+04
3.908900000000000000e+04
3.917200000000000000e+04
3.923000000000000000e+04
3.930000000000000000e+04
3.937500000000000000e+04
3.949100000000000000e+04
3.959300000000000000e+04
3.979100000000000000e+04
3.988100000000000000e+04
3.995800000000000000e+04
4.005500000000000000e+04
4.013800000000000000e+04
4.032700000000000000e+04
4.053000000000000000e+04
4.063100000000000000e+04
4.070700000000000000e+04
4.080500000000000000e+04
4.090600000000000000e+04
4.106100000000000000e+04
4.122700000000000000e+04
4.140500000000000000e+04
4.162900000000000000e+04
4.173600000000000000e+04
4.178000000000000000e+04
4.187900000000000000e+04
4.211000000000000000e+04
4.228800000000000000e+04
4.248600000000000000e+04
4.264600000000000000e+04
4.277700000000000000e+04
4.281500000000000000e+04
