0.000000000000000000e+00
0.000000000000000000e+00
0.000000000000000000e+00
0.000000000000000000e+00
0.000000000000000000e+00
0.000000000000000000e+00
0.000000000000000000e+00
0.000000000000000000e+00
0.000000000000000000e+00
0.000000000000000000e+00
0.000000000000000000e+00
0.000000000000000000e+00
0.000000000000000000e+00
0.000000000000000000e+00
0.000000000000000000e+00
0.000000000000000000e+00
0.000000000000000000e+00
0.000000000000000000e+00
0.000000000000000000e+00
0.000000000000000000e+00
0.000000000000000000e+00
0.000000000000000000e+00
0.000000000000000000e+00
0.000000000000000000e+00
0.000000000000000000e+00
0.000000000000000000e+00
0.000000000000000000e+00
0.000000000000000000e+00
0.000000000000000000e+00
0.000000000000000000e+00
0.000000000000000000e+00
0.000000000000000000e+00
0.000000000000000000e+00
0.000000000000000000e+00
0.000000000000000000e+00
0.000000000000000000e+00
0.000000000000000000e+00
0.000000000000000000e+00
0.000000000000000000e+00
0.000000000000000000e+00
0.000000000000000000e+00
0.000000000000000000e+00
0.000000000000000000e+00
0.000000000000000000e+00
0.000000000000000000e+00
0.000000000000000000e+00
0.000000000000000000e+00
0.000000000000000000e+00
0.000000000000000000e+00
0.000000000000000000e+00
0.000000000000000000e+00
0.000000000000000000e+00
1.000000000000000000e+00
2.000000000000000000e+00
2.000000000000000000e+00
2.000000000000000000e+00
2.000000000000000000e+00
2.000000000000000000e+00
2.000000000000000000e+00
2.000000000000000000e+00
2.000000000000000000e+00
3.000000000000000000e+00
3.000000000000000000e+00
3.000000000000000000e+00
3.000000000000000000e+00
3.000000000000000000e+00
3.000000000000000000e+00
9.000000000000000000e+00
9.000000000000000000e+00
1.300000000000000000e+01
1.300000000000000000e+01
1.300000000000000000e+01
1.300000000000000000e+01
1.400000000000000000e+01
1.400000000000000000e+01
1.400000000000000000e+01
1.400000000000000000e+01
1.400000000000000000e+01
1.400000000000000000e+01
1.500000000000000000e+01
1.500000000000000000e+01
1.500000000000000000e+01
1.500000000000000000e+01
1.500000000000000000e+01
1.500000000000000000e+01
1.500000000000000000e+01
1.500000000000000000e+01
1.500000000000000000e+01
1.500000000000000000e+01
1.500000000000000000e+01
1.500000000000000000e+01
1.500000000000000000e+01
1.500000000000000000e+01
1.500000000000000000e+01
1.500000000000000000e+01
1.500000000000000000e+01
1.500000000000000000e+01
1.500000000000000000e+01
1.700000000000000000e+01
1.700000000000000000e+01
1.700000000000000000e+01
1.700000000000000000e+01
1.800000000000000000e+01
1.800000000000000000e+01
1.800000000000000000e+01
1.800000000000000000e+01
1.800000000000000000e+01
1.800000000000000000e+01
1.800000000000000000e+01
1.800000000000000000e+01
1.800000000000000000e+01
1.800000000000000000e+01
1.800000000000000000e+01
1.800000000000000000e+01
1.800000000000000000e+01
1.800000000000000000e+01
1.800000000000000000e+01
1.800000000000000000e+01
1.800000000000000000e+01
1.800000000000000000e+01
1.800000000000000000e+01
1.800000000000000000e+01
1.800000000000000000e+01
1.800000000000000000e+01
1.800000000000000000e+01
1.800000000000000000e+01
1.800000000000000000e+01
1.800000000000000000e+01
1.800000000000000000e+01
1.800000000000000000e+01
1.800000000000000000e+01
1.800000000000000000e+01
1.800000000000000000e+01
1.800000000000000000e+01
1.900000000000000000e+01
1.900000000000000000e+01
1.900000000000000000e+01
1.900000000000000000e+01
1.900000000000000000e+01
1.900000000000000000e+01
1.900000000000000000e+01
1.900000000000000000e+01
1.900000000000000000e+01
1.900000000000000000e+01
1.900000000000000000e+01
1.900000000000000000e+01
1.900000000000000000e+01
1.900000000000000000e+01
1.900000000000000000e+01
1.900000000000000000e+01
1.900000000000000000e+01
1.900000000000000000e+01
1.900000000000000000e+01
1.900000000000000000e+01
1.900000000000000000e+01
1.900000000000000000e+01
1.900000000000000000e+01
1.900000000000000000e+01
1.900000000000000000e+01
1.900000000000000000e+01
1.900000000000000000e+01
1.900000000000000000e+01
1.900000000000000000e+01
2.200000000000000000e+01
2.200000000000000000e+01
2.200000000000000000e+01
2.200000000000000000e+01
2.200000000000000000e+01
2.200000000000000000e+01
2.200000000000000000e+01
2.200000000000000000e+01
2.200000000000000000e+01
2.200000000000000000e+01
2.200000000000000000e+01
2.200000000000000000e+01
2.200000000000000000e+01
2.300000000000000000e+01
2.300000000000000000e+01
2.300000000000000000e+01
2.300000000000000000e+01
2.300000000000000000e+01
2.300000000000000000e+01
2.300000000000000000e+01
2.400000000000000000e+01
2.400000000000000000e+01
2.400000000000000000e+01
2.400000000000000000e+01
2.400000000000000000e+01
2.400000000000000000e+01
2.400000000000000000e+01
2.500000000000000000e+01
2.500000000000000000e+01
2.500000000000000000e+01
2.500000000000000000e+01
2.500000000000000000e+01
2.500000000000000000e+01
2.500000000000000000e+01
2.500000000000000000e+01
2.500000000000000000e+01
2.500000000000000000e+01
2.500000000000000000e+01
2.500000000000000000e+01
2.500000000000000000e+01
2.500000000000000000e+01
2.500000000000000000e+01
2.500000000000000000e+01
2.500000000000000000e+01
2.500000000000000000e+01
2.500000000000000000e+01
2.600000000000000000e+01
2.600000000000000000e+01
2.600000000000000000e+01
2.600000000000000000e+01
2.600000000000000000e+01
2.600000000000000000e+01
2.600000000000000000e+01
2.600000000000000000e+01
2.600000000000000000e+01
2.600000000000000000e+01
2.600000000000000000e+01
2.600000000000000000e+01
2.600000000000000000e+01
2.600000000000000000e+01
2.600000000000000000e+01
2.600000000000000000e+01
2.600000000000000000e+01
2.600000000000000000e+01
2.600000000000000000e+01
2.600000000000000000e+01
2.600000000000000000e+01
2.600000000000000000e+01
2.700000000000000000e+01
2.700000000000000000e+01
2.700000000000000000e+01
2.700000000000000000e+01
2.700000000000000000e+01
2.700000000000000000e+01
2.700000000000000000e+01
2.700000000000000000e+01
2.700000000000000000e+01
2.700000000000000000e+01
2.700000000000000000e+01
2.700000000000000000e+01
2.700000000000000000e+01
2.700000000000000000e+01
2.700000000000000000e+01
2.700000000000000000e+01
2.700000000000000000e+01
2.700000000000000000e+01
2.700000000000000000e+01
2.700000000000000000e+01
2.700000000000000000e+01
2.700000000000000000e+01
2.700000000000000000e+01
2.700000000000000000e+01
2.700000000000000000e+01
2.700000000000000000e+01
2.700000000000000000e+01
2.700000000000000000e+01
2.700000000000000000e+01
2.800000000000000000e+01
2.800000000000000000e+01
2.900000000000000000e+01
2.900000000000000000e+01
2.900000000000000000e+01
2.900000000000000000e+01
3.100000000000000000e+01
3.100000000000000000e+01
3.200000000000000000e+01
3.300000000000000000e+01
3.300000000000000000e+01
3.600000000000000000e+01
3.600000000000000000e+01
3.800000000000000000e+01
4.200000000000000000e+01
4.800000000000000000e+01
5.200000000000000000e+01
5.400000000000000000e+01
6.300000000000000000e+01
6.500000000000000000e+01
6.700000000000000000e+01
7.600000000000000000e+01
7.800000000000000000e+01
7.800000000000000000e+01
8.400000000000000000e+01
8.400000000000000000e+01
9.700000000000000000e+01
1.050000000000000000e+02
1.060000000000000000e+02
1.100000000000000000e+02
1.230000000000000000e+02
1.310000000000000000e+02
1.410000000000000000e+02
1.480000000000000000e+02
1.480000000000000000e+02
1.480000000000000000e+02
1.560000000000000000e+02
1.600000000000000000e+02
1.620000000000000000e+02
1.710000000000000000e+02
1.780000000000000000e+02
1.830000000000000000e+02
2.030000000000000000e+02
2.030000000000000000e+02
2.040000000000000000e+02
2.200000000000000000e+02
2.230000000000000000e+02
2.260000000000000000e+02
2.350000000000000000e+02
2.380000000000000000e+02
2.460000000000000000e+02
2.520000000000000000e+02
2.570000000000000000e+02
2.590000000000000000e+02
2.590000000000000000e+02
2.610000000000000000e+02
2.620000000000000000e+02
2.620000000000000000e+02
2.650000000000000000e+02
2.650000000000000000e+02
2.700000000000000000e+02
2.700000000000000000e+02
2.700000000000000000e+02
2.700000000000000000e+02
2.740000000000000000e+02
2.740000000000000000e+02
2.750000000000000000e+02
2.780000000000000000e+02
2.780000000000000000e+02
2.780000000000000000e+02
2.790000000000000000e+02
2.800000000000000000e+02
2.820000000000000000e+02
2.870000000000000000e+02
2.870000000000000000e+02
3.030000000000000000e+02
3.050000000000000000e+02
3.050000000000000000e+02
3.050000000000000000e+02
3.050000000000000000e+02
3.050000000000000000e+02
3.310000000000000000e+02
3.310000000000000000e+02
3.400000000000000000e+02
3.530000000000000000e+02
3.530000000000000000e+02
3.530000000000000000e+02
3.530000000000000000e+02
3.600000000000000000e+02
3.800000000000000000e+02
3.820000000000000000e+02
3.830000000000000000e+02
3.950000000000000000e+02
4.380000000000000000e+02
4.380000000000000000e+02
4.620000000000000000e+02
4.900000000000000000e+02
5.020000000000000000e+02
5.430000000000000000e+02
5.760000000000000000e+02
6.110000000000000000e+02
6.110000000000000000e+02
6.210000000000000000e+02
6.560000000000000000e+02
7.130000000000000000e+02
7.180000000000000000e+02
7.550000000000000000e+02
7.700000000000000000e+02
8.100000000000000000e+02
8.860000000000000000e+02
9.210000000000000000e+02
9.690000000000000000e+02
1.029000000000000000e+03
1.195000000000000000e+03
1.195000000000000000e+03
1.195000000000000000e+03
1.411000000000000000e+03
1.470000000000000000e+03
1.479000000000000000e+03
1.556000000000000000e+03
1.556000000000000000e+03
1.813000000000000000e+03
1.813000000000000000e+03
2.027000000000000000e+03
2.027000000000000000e+03
2.027000000000000000e+03
2.415000000000000000e+03
2.487000000000000000e+03
2.487000000000000000e+03
2.519000000000000000e+03
2.519000000000000000e+03
2.549000000000000000e+03
2.576000000000000000e+03
2.620000000000000000e+03
2.620000000000000000e+03
2.860000000000000000e+03
3.078000000000000000e+03
3.135000000000000000e+03
3.142000000000000000e+03
3.149000000000000000e+03
3.149000000000000000e+03
3.356000000000000000e+03
3.356000000000000000e+03
3.390000000000000000e+03
3.390000000000000000e+03
3.779000000000000000e+03
3.803000000000000000e+03
3.814000000000000000e+03
3.814000000000000000e+03
3.843000000000000000e+03
3.866000000000000000e+03
3.871000000000000000e+03
3.902000000000000000e+03
3.941000000000000000e+03
3.966000000000000000e+03
3.989000000000000000e+03
3.989000000000000000e+03
4.031000000000000000e+03
4.053000000000000000e+03
4.069000000000000000e+03
4.083000000000000000e+03
4.097000000000000000e+03
4.113000000000000000e+03
4.113000000000000000e+03
4.121000000000000000e+03
4.132000000000000000e+03
4.149000000000000000e+03
4.161000000000000000e+03
4.172000000000000000e+03
4.191000000000000000e+03
4.191000000000000000e+03
4.191000000000000000e+03
4.202000000000000000e+03
4.228000000000000000e+03
4.238000000000000000e+03
4.245000000000000000e+03
4.265000000000000000e+03
4.273000000000000000e+03
4.273000000000000000e+03
4.273000000000000000e+03
4.297000000000000000e+03
4.304000000000000000e+03
4.312000000000000000e+03
4.329000000000000000e+03
4.347000000000000000e+03
4.348000000000000000e+03
4.355000000000000000e+03
4.355000000000000000e+03
4.355000000000000000e+03
4.355000000000000000e+03
4.398000000000000000e+03
4.401000000000000000e+03
4.401000000000000000e+03
4.419000000000000000e+03
4.419000000000000000e+03
4.444000000000000000e+03
4.455000000000000000e+03
4.455000000000000000e+03
4.463000000000000000e+03
4.486000000000000000e+03
4.502000000000000000e+03
4.508000000000000000e+03
4.508000000000000000e+03
4.534000000000000000e+03
4.552000000000000000e+03
4.560000000000000000e+03
4.560000000000000000e+03
4.560000000000000000e+03
4.573000000000000000e+03
4.585000000000000000e+03
4.607000000000000000e+03
4.607000000000000000e+03
4.654000000000000000e+03
4.654000000000000000e+03
4.690000000000000000e+03
4.700000000000000000e+03
4.725000000000000000e+03
4.725000000000000000e+03
4.788000000000000000e+03
4.818000000000000000e+03
4.818000000000000000e+03
4.818000000000000000e+03
4.871000000000000000e+03
4.906000000000000000e+03
4.923000000000000000e+03
4.935000000000000000e+03
4.935000000000000000e+03
4.945000000000000000e+03
4.945000000000000000e+03
4.968000000000000000e+03
4.980000000000000000e+03
5.002000000000000000e+03
5.035000000000000000e+03
5.035000000000000000e+03
5.053000000000000000e+03
5.067000000000000000e+03
5.072000000000000000e+03
5.072000000000000000e+03
5.102000000000000000e+03
5.108000000000000000e+03
5.108000000000000000e+03
5.133000000000000000e+03
5.138000000000000000e+03
5.148000000000000000e+03
5.156000000000000000e+03
5.160000000000000000e+03
5.168000000000000000e+03
5.179000000000000000e+03
5.179000000000000000e+03
5.180000000000000000e+03
5.186000000000000000e+03
5.188000000000000000e+03
5.188000000000000000e+03
5.206000000000000000e+03
5.211000000000000000e+03
5.216000000000000000e+03
5.218000000000000000e+03
5.227000000000000000e+03
5.238000000000000000e+03
5.238000000000000000e+03
5.262000000000000000e+03
5.269000000000000000e+03
5.278000000000000000e+03
5.284000000000000000e+03
5.292000000000000000e+03
5.296000000000000000e+03
5.302000000000000000e+03
5.302000000000000000e+03
5.302000000000000000e+03
5.326000000000000000e+03
5.326000000000000000e+03
5.352000000000000000e+03
5.363000000000000000e+03
5.374000000000000000e+03
5.380000000000000000e+03
5.399000000000000000e+03
5.399000000000000000e+03
5.416000000000000000e+03
5.430000000000000000e+03
5.439000000000000000e+03
5.455000000000000000e+03
5.462000000000000000e+03
5.470000000000000000e+03
5.480000000000000000e+03
5.481000000000000000e+03
5.484000000000000000e+03
5.496000000000000000e+03
5.496000000000000000e+03
5.516000000000000000e+03
5.516000000000000000e+03
5.520000000000000000e+03
5.529000000000000000e+03
5.529000000000000000e+03
5.537000000000000000e+03
5.567000000000000000e+03
5.581000000000000000e+03
5.610000000000000000e+03
5.610000000000000000e+03
