0.000000000000000000e+00
0.000000000000000000e+00
0.000000000000000000e+00
0.000000000000000000e+00
0.000000000000000000e+00
1.000000000000000000e+00
1.000000000000000000e+00
1.000000000000000000e+00
1.000000000000000000e+00
1.000000000000000000e+00
1.000000000000000000e+00
1.000000000000000000e+00
1.000000000000000000e+00
1.000000000000000000e+00
1.000000000000000000e+00
1.000000000000000000e+00
1.000000000000000000e+00
1.000000000000000000e+00
1.000000000000000000e+00
1.000000000000000000e+00
1.000000000000000000e+00
1.000000000000000000e+00
1.000000000000000000e+00
1.000000000000000000e+00
1.000000000000000000e+00
1.000000000000000000e+00
1.000000000000000000e+00
1.000000000000000000e+00
1.000000000000000000e+00
1.000000000000000000e+00
1.000000000000000000e+00
1.000000000000000000e+00
1.000000000000000000e+00
1.000000000000000000e+00
1.000000000000000000e+00
1.000000000000000000e+00
1.000000000000000000e+00
1.000000000000000000e+00
1.000000000000000000e+00
1.000000000000000000e+00
1.000000000000000000e+00
1.000000000000000000e+00
1.000000000000000000e+00
1.000000000000000000e+00
1.000000000000000000e+00
1.000000000000000000e+00
2.000000000000000000e+00
2.000000000000000000e+00
2.000000000000000000e+00
3.000000000000000000e+00
3.000000000000000000e+00
5.000000000000000000e+00
7.000000000000000000e+00
7.000000000000000000e+00
7.000000000000000000e+00
3.300000000000000000e+01
3.500000000000000000e+01
3.700000000000000000e+01
5.100000000000000000e+01
5.300000000000000000e+01
8.400000000000000000e+01
8.700000000000000000e+01
9.100000000000000000e+01
9.600000000000000000e+01
9.600000000000000000e+01
9.900000000000000000e+01
9.900000000000000000e+01
1.030000000000000000e+02
1.070000000000000000e+02
1.090000000000000000e+02
1.090000000000000000e+02
1.100000000000000000e+02
1.140000000000000000e+02
1.140000000000000000e+02
1.140000000000000000e+02
1.140000000000000000e+02
1.150000000000000000e+02
1.170000000000000000e+02
1.190000000000000000e+02
1.190000000000000000e+02
1.200000000000000000e+02
1.220000000000000000e+02
1.220000000000000000e+02
1.220000000000000000e+02
1.220000000000000000e+02
1.220000000000000000e+02
1.220000000000000000e+02
1.220000000000000000e+02
1.220000000000000000e+02
1.220000000000000000e+02
1.220000000000000000e+02
1.220000000000000000e+02
1.220000000000000000e+02
1.220000000000000000e+02
1.220000000000000000e+02
1.220000000000000000e+02
1.220000000000000000e+02
1.220000000000000000e+02
1.220000000000000000e+02
1.220000000000000000e+02
1.220000000000000000e+02
1.220000000000000000e+02
1.220000000000000000e+02
1.220000000000000000e+02
1.220000000000000000e+02
1.220000000000000000e+02
1.220000000000000000e+02
1.220000000000000000e+02
1.220000000000000000e+02
1.220000000000000000e+02
1.220000000000000000e+02
1.220000000000000000e+02
1.220000000000000000e+02
1.220000000000000000e+02
1.220000000000000000e+02
1.220000000000000000e+02
1.220000000000000000e+02
1.220000000000000000e+02
1.220000000000000000e+02
1.220000000000000000e+02
1.230000000000000000e+02
1.230000000000000000e+02
1.240000000000000000e+02
1.240000000000000000e+02
1.240000000000000000e+02
1.240000000000000000e+02
1.240000000000000000e+02
1.240000000000000000e+02
1.240000000000000000e+02
1.250000000000000000e+02
1.250000000000000000e+02
1.250000000000000000e+02
1.250000000000000000e+02
1.250000000000000000e+02
1.250000000000000000e+02
1.250000000000000000e+02
1.250000000000000000e+02
1.260000000000000000e+02
1.260000000000000000e+02
1.260000000000000000e+02
1.260000000000000000e+02
1.260000000000000000e+02
1.260000000000000000e+02
1.280000000000000000e+02
1.280000000000000000e+02
1.280000000000000000e+02
1.280000000000000000e+02
1.280000000000000000e+02
1.290000000000000000e+02
1.290000000000000000e+02
1.290000000000000000e+02
1.290000000000000000e+02
1.300000000000000000e+02
1.300000000000000000e+02
1.300000000000000000e+02
1.300000000000000000e+02
1.390000000000000000e+02
1.410000000000000000e+02
1.410000000000000000e+02
1.410000000000000000e+02
1.410000000000000000e+02
1.410000000000000000e+02
1.410000000000000000e+02
1.410000000000000000e+02
1.410000000000000000e+02
1.410000000000000000e+02
1.410000000000000000e+02
1.410000000000000000e+02
1.410000000000000000e+02
1.410000000000000000e+02
1.410000000000000000e+02
1.560000000000000000e+02
1.560000000000000000e+02
1.650000000000000000e+02
1.650000000000000000e+02
1.660000000000000000e+02
1.710000000000000000e+02
1.710000000000000000e+02
1.710000000000000000e+02
1.710000000000000000e+02
1.710000000000000000e+02
1.970000000000000000e+02
1.980000000000000000e+02
2.020000000000000000e+02
2.020000000000000000e+02
2.250000000000000000e+02
2.250000000000000000e+02
2.260000000000000000e+02
2.260000000000000000e+02
2.260000000000000000e+02
2.340000000000000000e+02
2.390000000000000000e+02
2.400000000000000000e+02
2.400000000000000000e+02
2.400000000000000000e+02
2.430000000000000000e+02
2.430000000000000000e+02
2.430000000000000000e+02
2.460000000000000000e+02
2.480000000000000000e+02
2.510000000000000000e+02
2.510000000000000000e+02
2.680000000000000000e+02
2.720000000000000000e+02
2.730000000000000000e+02
2.730000000000000000e+02
2.730000000000000000e+02
2.730000000000000000e+02
2.730000000000000000e+02
2.730000000000000000e+02
2.730000000000000000e+02
2.730000000000000000e+02
2.730000000000000000e+02
2.730000000000000000e+02
2.730000000000000000e+02
2.730000000000000000e+02
2.730000000000000000e+02
2.730000000000000000e+02
2.730000000000000000e+02
2.730000000000000000e+02
2.730000000000000000e+02
2.730000000000000000e+02
2.740000000000000000e+02
2.740000000000000000e+02
2.740000000000000000e+02
2.740000000000000000e+02
2.740000000000000000e+02
2.740000000000000000e+02
2.740000000000000000e+02
2.740000000000000000e+02
2.740000000000000000e+02
2.740000000000000000e+02
2.740000000000000000e+02
2.740000000000000000e+02
2.750000000000000000e+02
2.750000000000000000e+02
2.750000000000000000e+02
2.750000000000000000e+02
2.750000000000000000e+02
2.750000000000000000e+02
2.750000000000000000e+02
2.750000000000000000e+02
2.750000000000000000e+02
2.750000000000000000e+02
2.750000000000000000e+02
2.750000000000000000e+02
2.750000000000000000e+02
2.750000000000000000e+02
2.760000000000000000e+02
2.760000000000000000e+02
2.770000000000000000e+02
2.770000000000000000e+02
2.770000000000000000e+02
2.780000000000000000e+02
2.780000000000000000e+02
2.780000000000000000e+02
2.780000000000000000e+02
2.800000000000000000e+02
2.800000000000000000e+02
2.810000000000000000e+02
2.810000000000000000e+02
2.830000000000000000e+02
2.830000000000000000e+02
2.830000000000000000e+02
2.830000000000000000e+02
2.830000000000000000e+02
2.830000000000000000e+02
2.830000000000000000e+02
2.830000000000000000e+02
2.830000000000000000e+02
2.830000000000000000e+02
2.850000000000000000e+02
2.860000000000000000e+02
2.860000000000000000e+02
2.860000000000000000e+02
2.870000000000000000e+02
2.870000000000000000e+02
2.870000000000000000e+02
2.880000000000000000e+02
2.900000000000000000e+02
2.900000000000000000e+02
2.910000000000000000e+02
2.910000000000000000e+02
2.910000000000000000e+02
2.920000000000000000e+02
2.920000000000000000e+02
2.920000000000000000e+02
2.920000000000000000e+02
2.920000000000000000e+02
2.940000000000000000e+02
2.950000000000000000e+02
2.970000000000000000e+02
3.000000000000000000e+02
3.000000000000000000e+02
3.010000000000000000e+02
3.010000000000000000e+02
3.020000000000000000e+02
3.020000000000000000e+02
3.020000000000000000e+02
3.030000000000000000e+02
3.040000000000000000e+02
3.040000000000000000e+02
3.040000000000000000e+02
3.050000000000000000e+02
3.060000000000000000e+02
3.060000000000000000e+02
3.060000000000000000e+02
3.070000000000000000e+02
3.070000000000000000e+02
3.070000000000000000e+02
3.080000000000000000e+02
3.150000000000000000e+02
3.230000000000000000e+02
3.260000000000000000e+02
3.290000000000000000e+02
3.310000000000000000e+02
3.350000000000000000e+02
3.450000000000000000e+02
3.460000000000000000e+02
3.480000000000000000e+02
3.500000000000000000e+02
3.540000000000000000e+02
3.560000000000000000e+02
3.570000000000000000e+02
3.570000000000000000e+02
3.590000000000000000e+02
3.590000000000000000e+02
3.620000000000000000e+02
3.620000000000000000e+02
3.620000000000000000e+02
3.620000000000000000e+02
3.620000000000000000e+02
3.620000000000000000e+02
3.630000000000000000e+02
3.630000000000000000e+02
3.630000000000000000e+02
3.630000000000000000e+02
3.630000000000000000e+02
3.630000000000000000e+02
3.640000000000000000e+02
3.640000000000000000e+02
3.640000000000000000e+02
3.640000000000000000e+02
3.660000000000000000e+02
3.780000000000000000e+02
3.790000000000000000e+02
3.810000000000000000e+02
3.820000000000000000e+02
3.820000000000000000e+02
3.830000000000000000e+02
3.850000000000000000e+02
3.860000000000000000e+02
3.870000000000000000e+02
3.910000000000000000e+02
3.910000000000000000e+02
3.920000000000000000e+02
3.980000000000000000e+02
4.110000000000000000e+02
4.260000000000000000e+02
4.360000000000000000e+02
4.390000000000000000e+02
4.390000000000000000e+02
4.410000000000000000e+02
4.480000000000000000e+02
4.530000000000000000e+02
4.560000000000000000e+02
4.560000000000000000e+02
4.580000000000000000e+02
4.580000000000000000e+02
4.600000000000000000e+02
4.600000000000000000e+02
4.600000000000000000e+02
4.630000000000000000e+02
4.630000000000000000e+02
4.650000000000000000e+02
4.660000000000000000e+02
4.660000000000000000e+02
4.660000000000000000e+02
4.670000000000000000e+02
4.700000000000000000e+02
4.720000000000000000e+02
4.740000000000000000e+02
4.740000000000000000e+02
4.760000000000000000e+02
4.760000000000000000e+02
4.780000000000000000e+02
4.790000000000000000e+02
4.790000000000000000e+02
4.790000000000000000e+02
4.790000000000000000e+02
4.790000000000000000e+02
4.790000000000000000e+02
4.830000000000000000e+02
4.840000000000000000e+02
4.840000000000000000e+02
5.330000000000000000e+02
5.680000000000000000e+02
5.930000000000000000e+02
6.330000000000000000e+02
6.970000000000000000e+02
7.410000000000000000e+02
7.670000000000000000e+02
8.050000000000000000e+02
8.200000000000000000e+02
8.440000000000000000e+02
8.780000000000000000e+02
9.090000000000000000e+02
9.320000000000000000e+02
9.530000000000000000e+02
9.870000000000000000e+02
1.011000000000000000e+03
1.011000000000000000e+03
1.124000000000000000e+03
1.163000000000000000e+03
1.225000000000000000e+03
1.264000000000000000e+03
1.305000000000000000e+03
1.325000000000000000e+03
1.325000000000000000e+03
1.505000000000000000e+03
1.541000000000000000e+03
1.578000000000000000e+03
1.578000000000000000e+03
1.578000000000000000e+03
1.753000000000000000e+03
1.788000000000000000e+03
1.817000000000000000e+03
1.872000000000000000e+03
1.872000000000000000e+03
1.968000000000000000e+03
2.147000000000000000e+03
2.233000000000000000e+03
2.378000000000000000e+03
2.440000000000000000e+03
2.440000000000000000e+03
2.477000000000000000e+03
2.546000000000000000e+03
2.689000000000000000e+03
2.689000000000000000e+03
2.752000000000000000e+03
2.915000000000000000e+03
2.915000000000000000e+03
3.028000000000000000e+03
3.604000000000000000e+03
4.081000000000000000e+03
4.515000000000000000e+03
4.515000000000000000e+03
4.696000000000000000e+03
4.874000000000000000e+03
5.218000000000000000e+03
5.480000000000000000e+03
5.771000000000000000e+03
6.389000000000000000e+03
7.013000000000000000e+03
7.444000000000000000e+03
7.747000000000000000e+03
8.193000000000000000e+03
8.848000000000000000e+03
9.359000000000000000e+03
9.975000000000000000e+03
1.055500000000000000e+04
1.106300000000000000e+04
1.176100000000000000e+04
1.264100000000000000e+04
1.340200000000000000e+04
1.379000000000000000e+04
1.452000000000000000e+04
1.536100000000000000e+04
1.629900000000000000e+04
1.697100000000000000e+04
1.762100000000000000e+04
1.817900000000000000e+04
1.871700000000000000e+04
1.923700000000000000e+04
1.974300000000000000e+04
2.022300000000000000e+04
2.069500000000000000e+04
2.114100000000000000e+04
2.149900000000000000e+04
2.183400000000000000e+04
2.218400000000000000e+04
2.254400000000000000e+04
2.288900000000000000e+04
2.328200000000000000e+04
2.369700000000000000e+04
2.415700000000000000e+04
2.464500000000000000e+04
2.520500000000000000e+04
2.576100000000000000e+04
2.632900000000000000e+04
2.698900000000000000e+04
2.763800000000000000e+04
2.823700000000000000e+04
2.882500000000000000e+04
2.940400000000000000e+04
3.009400000000000000e+04
3.071000000000000000e+04
3.146000000000000000e+04
3.218900000000000000e+04
3.307500000000000000e+04
3.361300000000000000e+04
3.424400000000000000e+04
3.483300000000000000e+04
3.551100000000000000e+04
3.624000000000000000e+04
3.666600000000000000e+04
3.732100000000000000e+04
3.795900000000000000e+04
3.842700000000000000e+04
3.896900000000000000e+04
3.946400000000000000e+04
4.015700000000000000e+04
4.078200000000000000e+04
4.158100000000000000e+04
4.205200000000000000e+04
4.271100000000000000e+04
4.344600000000000000e+04
4.412400000000000000e+04
4.471100000000000000e+04
4.536600000000000000e+04
4.606500000000000000e+04
4.681000000000000000e+04
4.764900000000000000e+04
4.853200000000000000e+04
4.925500000000000000e+04
5.038500000000000000e+04
5.138400000000000000e+04
5.235000000000000000e+04
5.329800000000000000e+04
5.429100000000000000e+04
5.518700000000000000e+04
5.612200000000000000e+04
5.710300000000000000e+04
5.805700000000000000e+04
5.904500000000000000e+04
5.997800000000000000e+04
6.095900000000000000e+04
6.187000000000000000e+04
6.270000000000000000e+04
6.361500000000000000e+04
6.461100000000000000e+04
6.550000000000000000e+04
6.633600000000000000e+04
6.718100000000000000e+04
6.797100000000000000e+04
6.879600000000000000e+04
6.960800000000000000e+04
7.041900000000000000e+04
7.124400000000000000e+04
7.210400000000000000e+04
7.292300000000000000e+04
7.370100000000000000e+04
7.438600000000000000e+04
7.515200000000000000e+04
7.591700000000000000e+04
7.658500000000000000e+04
7.724300000000000000e+04
7.791400000000000000e+04
