0.000000000000000000e+00
0.000000000000000000e+00
0.000000000000000000e+00
0.000000000000000000e+00
0.000000000000000000e+00
1.000000000000000000e+00
0.000000000000000000e+00
0.000000000000000000e+00
0.000000000000000000e+00
0.000000000000000000e+00
0.000000000000000000e+00
0.000000000000000000e+00
0.000000000000000000e+00
0.000000000000000000e+00
0.000000000000000000e+00
0.000000000000000000e+00
0.000000000000000000e+00
0.000000000000000000e+00
0.000000000000000000e+00
0.000000000000000000e+00
0.000000000000000000e+00
0.000000000000000000e+00
0.000000000000000000e+00
0.000000000000000000e+00
0.000000000000000000e+00
0.000000000000000000e+00
0.000000000000000000e+00
0.000000000000000000e+00
0.000000000000000000e+00
0.000000000000000000e+00
0.000000000000000000e+00
0.000000000000000000e+00
0.000000000000000000e+00
0.000000000000000000e+00
0.000000000000000000e+00
0.000000000000000000e+00
0.000000000000000000e+00
0.000000000000000000e+00
0.000000000000000000e+00
0.000000000000000000e+00
0.000000000000000000e+00
0.000000000000000000e+00
0.000000000000000000e+00
0.000000000000000000e+00
0.000000000000000000e+00
0.000000000000000000e+00
1.000000000000000000e+00
0.000000000000000000e+00
0.000000000000000000e+00
1.000000000000000000e+00
0.000000000000000000e+00
2.000000000000000000e+00
2.000000000000000000e+00
0.000000000000000000e+00
0.000000000000000000e+00
2.600000000000000000e+01
2.000000000000000000e+00
2.000000000000000000e+00
1.400000000000000000e+01
2.000000000000000000e+00
3.100000000000000000e+01
3.000000000000000000e+00
4.000000000000000000e+00
5.000000000000000000e+00
0.000000000000000000e+00
3.000000000000000000e+00
0.000000000000000000e+00
4.000000000000000000e+00
4.000000000000000000e+00
2.000000000000000000e+00
0.000000000000000000e+00
1.000000000000000000e+00
4.000000000000000000e+00
0.000000000000000000e+00
0.000000000000000000e+00
0.000000000000000000e+00
1.000000000000000000e+00
2.000000000000000000e+00
2.000000000000000000e+00
0.000000000000000000e+00
1.000000000000000000e+00
2.000000000000000000e+00
0.000000000000000000e+00
0.000000000000000000e+00
0.000000000000000000e+00
0.000000000000000000e+00
0.000000000000000000e+00
0.000000000000000000e+00
0.000000000000000000e+00
0.000000000000000000e+00
0.000000000000000000e+00
0.000000000000000000e+00
0.000000000000000000e+00
0.000000000000000000e+00
0.000000000000000000e+00
0.000000000000000000e+00
0.000000000000000000e+00
0.000000000000000000e+00
0.000000000000000000e+00
0.000000000000000000e+00
0.000000000000000000e+00
0.000000000000000000e+00
0.000000000000000000e+00
0.000000000000000000e+00
0.000000000000000000e+00
0.000000000000000000e+00
0.000000000000000000e+00
0.000000000000000000e+00
0.000000000000000000e+00
0.000000000000000000e+00
0.000000000000000000e+00
0.000000000000000000e+00
0.000000000000000000e+00
0.000000000000000000e+00
0.000000000000000000e+00
0.000000000000000000e+00
0.000000000000000000e+00
0.000000000000000000e+00
0.000000000000000000e+00
0.000000000000000000e+00
1.000000000000000000e+00
0.000000000000000000e+00
1.000000000000000000e+00
0.000000000000000000e+00
0.000000000000000000e+00
0.000000000000000000e+00
0.000000000000000000e+00
0.000000000000000000e+00
0.000000000000000000e+00
1.000000000000000000e+00
0.000000000000000000e+00
0.000000000000000000e+00
0.000000000000000000e+00
0.000000000000000000e+00
0.000000000000000000e+00
0.000000000000000000e+00
0.000000000000000000e+00
1.000000000000000000e+00
0.000000000000000000e+00
0.000000000000000000e+00
0.000000000000000000e+00
0.000000000000000000e+00
0.000000000000000000e+00
2.000000000000000000e+00
0.000000000000000000e+00
0.000000000000000000e+00
0.000000000000000000e+00
0.000000000000000000e+00
1.000000000000000000e+00
0.000000000000000000e+00
0.000000000000000000e+00
0.000000000000000000e+00
1.000000000000000000e+00
0.000000000000000000e+00
0.000000000000000000e+00
0.000000000000000000e+00
9.000000000000000000e+00
2.000000000000000000e+00
0.000000000000000000e+00
0.000000000000000000e+00
0.000000000000000000e+00
0.000000000000000000e+00
0.000000000000000000e+00
0.000000000000000000e+00
0.000000000000000000e+00
0.000000000000000000e+00
0.000000000000000000e+00
0.000000000000000000e+00
0.000000000000000000e+00
0.000000000000000000e+00
0.000000000000000000e+00
1.500000000000000000e+01
0.000000000000000000e+00
9.000000000000000000e+00
0.000000000000000000e+00
1.000000000000000000e+00
5.000000000000000000e+00
0.000000000000000000e+00
0.000000000000000000e+00
0.000000000000000000e+00
0.000000000000000000e+00
2.600000000000000000e+01
1.000000000000000000e+00
4.000000000000000000e+00
0.000000000000000000e+00
2.300000000000000000e+01
0.000000000000000000e+00
1.000000000000000000e+00
0.000000000000000000e+00
0.000000000000000000e+00
8.000000000000000000e+00
5.000000000000000000e+00
1.000000000000000000e+00
0.000000000000000000e+00
0.000000000000000000e+00
3.000000000000000000e+00
0.000000000000000000e+00
0.000000000000000000e+00
3.000000000000000000e+00
2.000000000000000000e+00
3.000000000000000000e+00
0.000000000000000000e+00
1.700000000000000000e+01
4.000000000000000000e+00
1.000000000000000000e+00
0.000000000000000000e+00
0.000000000000000000e+00
0.000000000000000000e+00
0.000000000000000000e+00
0.000000000000000000e+00
0.000000000000000000e+00
0.000000000000000000e+00
0.000000000000000000e+00
0.000000000000000000e+00
0.000000000000000000e+00
0.000000000000000000e+00
0.000000000000000000e+00
0.000000000000000000e+00
0.000000000000000000e+00
0.000000000000000000e+00
0.000000000000000000e+00
0.000000000000000000e+00
1.000000000000000000e+00
0.000000000000000000e+00
0.000000000000000000e+00
0.000000000000000000e+00
0.000000000000000000e+00
0.000000000000000000e+00
0.000000000000000000e+00
0.000000000000000000e+00
0.000000000000000000e+00
0.000000000000000000e+00
0.000000000000000000e+00
0.000000000000000000e+00
1.000000000000000000e+00
0.000000000000000000e+00
0.000000000000000000e+00
0.000000000000000000e+00
0.000000000000000000e+00
0.000000000000000000e+00
0.000000000000000000e+00
0.000000000000000000e+00
0.000000000000000000e+00
0.000000000000000000e+00
0.000000000000000000e+00
0.000000000000000000e+00
0.000000000000000000e+00
0.000000000000000000e+00
1.000000000000000000e+00
0.000000000000000000e+00
1.000000000000000000e+00
0.000000000000000000e+00
0.000000000000000000e+00
1.000000000000000000e+00
0.000000000000000000e+00
0.000000000000000000e+00
0.000000000000000000e+00
2.000000000000000000e+00
0.000000000000000000e+00
1.000000000000000000e+00
0.000000000000000000e+00
2.000000000000000000e+00
0.000000000000000000e+00
0.000000000000000000e+00
0.000000000000000000e+00
0.000000000000000000e+00
0.000000000000000000e+00
0.000000000000000000e+00
0.000000000000000000e+00
0.000000000000000000e+00
0.000000000000000000e+00
2.000000000000000000e+00
1.000000000000000000e+00
0.000000000000000000e+00
0.000000000000000000e+00
1.000000000000000000e+00
0.000000000000000000e+00
0.000000000000000000e+00
1.000000000000000000e+00
2.000000000000000000e+00
0.000000000000000000e+00
1.000000000000000000e+00
0.000000000000000000e+00
0.000000000000000000e+00
1.000000000000000000e+00
0.000000000000000000e+00
0.000000000000000000e+00
0.000000000000000000e+00
0.000000000000000000e+00
2.000000000000000000e+00
1.000000000000000000e+00
2.000000000000000000e+00
3.000000000000000000e+00
0.000000000000000000e+00
1.000000000000000000e+00
0.000000000000000000e+00
1.000000000000000000e+00
0.000000000000000000e+00
0.000000000000000000e+00
1.000000000000000000e+00
1.000000000000000000e+00
0.000000000000000000e+00
0.000000000000000000e+00
1.000000000000000000e+00
1.000000000000000000e+00
0.000000000000000000e+00
0.000000000000000000e+00
1.000000000000000000e+00
0.000000000000000000e+00
0.000000000000000000e+00
1.000000000000000000e+00
7.000000000000000000e+00
8.000000000000000000e+00
3.000000000000000000e+00
3.000000000000000000e+00
2.000000000000000000e+00
4.000000000000000000e+00
1.000000000000000000e+01
1.000000000000000000e+00
2.000000000000000000e+00
2.000000000000000000e+00
4.000000000000000000e+00
2.000000000000000000e+00
1.000000000000000000e+00
0.000000000000000000e+00
2.000000000000000000e+00
0.000000000000000000e+00
3.000000000000000000e+00
0.000000000000000000e+00
0.000000000000000000e+00
0.000000000000000000e+00
0.000000000000000000e+00
0.000000000000000000e+00
1.000000000000000000e+00
0.000000000000000000e+00
0.000000000000000000e+00
0.000000000000000000e+00
0.000000000000000000e+00
0.000000000000000000e+00
1.000000000000000000e+00
0.000000000000000000e+00
0.000000000000000000e+00
0.000000000000000000e+00
2.000000000000000000e+00
1.200000000000000000e+01
1.000000000000000000e+00
2.000000000000000000e+00
1.000000000000000000e+00
0.000000000000000000e+00
1.000000000000000000e+00
2.000000000000000000e+00
1.000000000000000000e+00
1.000000000000000000e+00
4.000000000000000000e+00
0.000000000000000000e+00
1.000000000000000000e+00
6.000000000000000000e+00
1.300000000000000000e+01
1.500000000000000000e+01
1.000000000000000000e+01
3.000000000000000000e+00
0.000000000000000000e+00
2.000000000000000000e+00
7.000000000000000000e+00
5.000000000000000000e+00
3.000000000000000000e+00
0.000000000000000000e+00
2.000000000000000000e+00
0.000000000000000000e+00
2.000000000000000000e+00
0.000000000000000000e+00
0.000000000000000000e+00
3.000000000000000000e+00
0.000000000000000000e+00
2.000000000000000000e+00
1.000000000000000000e+00
0.000000000000000000e+00
0.000000000000000000e+00
1.000000000000000000e+00
3.000000000000000000e+00
2.000000000000000000e+00
2.000000000000000000e+00
0.000000000000000000e+00
2.000000000000000000e+00
0.000000000000000000e+00
2.000000000000000000e+00
1.000000000000000000e+00
0.000000000000000000e+00
0.000000000000000000e+00
0.000000000000000000e+00
0.000000000000000000e+00
0.000000000000000000e+00
4.000000000000000000e+00
1.000000000000000000e+00
0.000000000000000000e+00
4.900000000000000000e+01
3.500000000000000000e+01
2.500000000000000000e+01
4.000000000000000000e+01
6.400000000000000000e+01
4.400000000000000000e+01
2.600000000000000000e+01
3.800000000000000000e+01
1.500000000000000000e+01
2.400000000000000000e+01
3.400000000000000000e+01
3.100000000000000000e+01
2.300000000000000000e+01
2.100000000000000000e+01
3.400000000000000000e+01
2.400000000000000000e+01
0.000000000000000000e+00
1.130000000000000000e+02
3.900000000000000000e+01
6.200000000000000000e+01
3.900000000000000000e+01
4.100000000000000000e+01
2.000000000000000000e+01
0.000000000000000000e+00
1.800000000000000000e+02
3.600000000000000000e+01
3.700000000000000000e+01
0.000000000000000000e+00
0.000000000000000000e+00
1.750000000000000000e+02
3.500000000000000000e+01
2.900000000000000000e+01
5.500000000000000000e+01
0.000000000000000000e+00
9.600000000000000000e+01
1.790000000000000000e+02
8.600000000000000000e+01
1.450000000000000000e+02
6.200000000000000000e+01
0.000000000000000000e+00
3.700000000000000000e+01
6.900000000000000000e+01
1.430000000000000000e+02
0.000000000000000000e+00
6.300000000000000000e+01
1.630000000000000000e+02
0.000000000000000000e+00
1.130000000000000000e+02
5.760000000000000000e+02
4.770000000000000000e+02
4.340000000000000000e+02
0.000000000000000000e+00
1.810000000000000000e+02
1.780000000000000000e+02
3.440000000000000000e+02
2.620000000000000000e+02
2.910000000000000000e+02
6.180000000000000000e+02
6.240000000000000000e+02
4.310000000000000000e+02
3.030000000000000000e+02
4.460000000000000000e+02
6.550000000000000000e+02
5.110000000000000000e+02
6.160000000000000000e+02
5.800000000000000000e+02
5.080000000000000000e+02
6.980000000000000000e+02
8.800000000000000000e+02
7.610000000000000000e+02
3.880000000000000000e+02
7.300000000000000000e+02
8.410000000000000000e+02
9.380000000000000000e+02
6.720000000000000000e+02
6.500000000000000000e+02
5.580000000000000000e+02
5.380000000000000000e+02
5.200000000000000000e+02
5.060000000000000000e+02
4.800000000000000000e+02
4.720000000000000000e+02
4.460000000000000000e+02
3.580000000000000000e+02
3.350000000000000000e+02
3.500000000000000000e+02
3.600000000000000000e+02
3.450000000000000000e+02
3.930000000000000000e+02
4.150000000000000000e+02
4.600000000000000000e+02
4.880000000000000000e+02
5.600000000000000000e+02
5.560000000000000000e+02
5.680000000000000000e+02
6.600000000000000000e+02
6.490000000000000000e+02
5.990000000000000000e+02
5.880000000000000000e+02
5.790000000000000000e+02
6.900000000000000000e+02
6.160000000000000000e+02
7.500000000000000000e+02
7.290000000000000000e+02
8.860000000000000000e+02
5.380000000000000000e+02
6.310000000000000000e+02
5.890000000000000000e+02
6.780000000000000000e+02
7.290000000000000000e+02
4.260000000000000000e+02
6.550000000000000000e+02
6.380000000000000000e+02
4.680000000000000000e+02
5.420000000000000000e+02
4.950000000000000000e+02
6.930000000000000000e+02
6.250000000000000000e+02
7.990000000000000000e+02
4.710000000000000000e+02
6.590000000000000000e+02
7.350000000000000000e+02
6.780000000000000000e+02
5.870000000000000000e+02
6.550000000000000000e+02
6.990000000000000000e+02
7.450000000000000000e+02
8.390000000000000000e+02
8.830000000000000000e+02
7.230000000000000000e+02
1.130000000000000000e+03
9.990000000000000000e+02
9.660000000000000000e+02
9.480000000000000000e+02
9.930000000000000000e+02
8.960000000000000000e+02
9.350000000000000000e+02
9.810000000000000000e+02
9.540000000000000000e+02
9.880000000000000000e+02
9.330000000000000000e+02
9.810000000000000000e+02
9.110000000000000000e+02
8.300000000000000000e+02
9.150000000000000000e+02
9.960000000000000000e+02
8.890000000000000000e+02
8.360000000000000000e+02
8.450000000000000000e+02
7.900000000000000000e+02
8.250000000000000000e+02
8.120000000000000000e+02
8.110000000000000000e+02
8.250000000000000000e+02
8.600000000000000000e+02
8.190000000000000000e+02
7.780000000000000000e+02
6.850000000000000000e+02
7.660000000000000000e+02
7.650000000000000000e+02
6.680000000000000000e+02
6.580000000000000000e+02
6.710000000000000000e+02
