0.000000000000000000e+00
0.000000000000000000e+00
0.000000000000000000e+00
0.000000000000000000e+00
0.000000000000000000e+00
0.000000000000000000e+00
0.000000000000000000e+00
0.000000000000000000e+00
0.000000000000000000e+00
2.000000000000000000e+00
2.000000000000000000e+00
2.000000000000000000e+00
2.000000000000000000e+00
2.000000000000000000e+00
2.000000000000000000e+00
2.000000000000000000e+00
2.000000000000000000e+00
2.000000000000000000e+00
2.000000000000000000e+00
2.000000000000000000e+00
2.000000000000000000e+00
2.000000000000000000e+00
2.000000000000000000e+00
2.000000000000000000e+00
2.000000000000000000e+00
2.000000000000000000e+00
2.000000000000000000e+00
2.000000000000000000e+00
2.000000000000000000e+00
2.000000000000000000e+00
2.000000000000000000e+00
2.000000000000000000e+00
2.000000000000000000e+00
2.000000000000000000e+00
2.000000000000000000e+00
2.000000000000000000e+00
2.000000000000000000e+00
2.000000000000000000e+00
2.000000000000000000e+00
2.000000000000000000e+00
3.000000000000000000e+00
3.000000000000000000e+00
3.000000000000000000e+00
4.000000000000000000e+00
1.300000000000000000e+01
1.300000000000000000e+01
1.700000000000000000e+01
1.700000000000000000e+01
2.000000000000000000e+01
2.000000000000000000e+01
2.800000000000000000e+01
4.500000000000000000e+01
5.900000000000000000e+01
6.300000000000000000e+01
9.000000000000000000e+01
1.140000000000000000e+02
1.470000000000000000e+02
1.990000000000000000e+02
2.530000000000000000e+02
3.060000000000000000e+02
3.670000000000000000e+02
4.380000000000000000e+02
4.950000000000000000e+02
6.580000000000000000e+02
8.400000000000000000e+02
1.036000000000000000e+03
1.264000000000000000e+03
1.534000000000000000e+03
1.836000000000000000e+03
2.337000000000000000e+03
2.777000000000000000e+03
3.548000000000000000e+03
4.149000000000000000e+03
4.731000000000000000e+03
5.389000000000000000e+03
6.343000000000000000e+03
7.497000000000000000e+03
8.672000000000000000e+03
1.013100000000000000e+04
1.191700000000000000e+04
1.358400000000000000e+04
1.577000000000000000e+04
1.832800000000000000e+04
2.110200000000000000e+04
2.449000000000000000e+04
2.793800000000000000e+04
3.200800000000000000e+04
3.679300000000000000e+04
4.285300000000000000e+04
4.712100000000000000e+04
5.276300000000000000e+04
5.799900000000000000e+04
6.277300000000000000e+04
6.862200000000000000e+04
7.458800000000000000e+04
8.094900000000000000e+04
8.714700000000000000e+04
9.355800000000000000e+04
9.939900000000000000e+04
1.064980000000000000e+05
1.144310000000000000e+05
1.240540000000000000e+05
1.346870000000000000e+05
1.452680000000000000e+05
1.553700000000000000e+05
1.659290000000000000e+05
1.771600000000000000e+05
1.878590000000000000e+05
1.986760000000000000e+05
2.096880000000000000e+05
2.213440000000000000e+05
2.322430000000000000e+05
2.422710000000000000e+05
2.522450000000000000e+05
2.628430000000000000e+05
2.720430000000000000e+05
2.817520000000000000e+05
2.906780000000000000e+05
2.999410000000000000e+05
3.087050000000000000e+05
3.175540000000000000e+05
3.264480000000000000e+05
3.358820000000000000e+05
3.444810000000000000e+05
3.534270000000000000e+05
3.623420000000000000e+05
3.706800000000000000e+05
3.790510000000000000e+05
3.876230000000000000e+05
3.965750000000000000e+05
4.058430000000000000e+05
4.143280000000000000e+05
4.231860000000000000e+05
4.317150000000000000e+05
4.405380000000000000e+05
4.492560000000000000e+05
4.581020000000000000e+05
4.670730000000000000e+05
4.760430000000000000e+05
4.846300000000000000e+05
4.930230000000000000e+05
5.018000000000000000e+05
5.107610000000000000e+05
5.194580000000000000e+05
5.282670000000000000e+05
5.364840000000000000e+05
5.447250000000000000e+05
5.525490000000000000e+05
5.603210000000000000e+05
5.682920000000000000e+05
5.761620000000000000e+05
5.838790000000000000e+05
5.914650000000000000e+05
5.988780000000000000e+05
6.060430000000000000e+05
6.131480000000000000e+05
6.199360000000000000e+05
6.267790000000000000e+05
6.335630000000000000e+05
6.402460000000000000e+05
6.469290000000000000e+05
6.534790000000000000e+05
6.602310000000000000e+05
6.669410000000000000e+05
6.735640000000000000e+05
6.802830000000000000e+05
6.868520000000000000e+05
6.932150000000000000e+05
6.997490000000000000e+05
7.062400000000000000e+05
7.128630000000000000e+05
7.194490000000000000e+05
7.260360000000000000e+05
7.325470000000000000e+05
7.387870000000000000e+05
7.451970000000000000e+05
7.516120000000000000e+05
7.580010000000000000e+05
7.642150000000000000e+05
7.703110000000000000e+05
7.762120000000000000e+05
7.820400000000000000e+05
7.878900000000000000e+05
7.937200000000000000e+05
7.994990000000000000e+05
8.053320000000000000e+05
8.110730000000000000e+05
8.166800000000000000e+05
8.220600000000000000e+05
8.275090000000000000e+05
8.329930000000000000e+05
8.384610000000000000e+05
8.438900000000000000e+05
8.492770000000000000e+05
8.546410000000000000e+05
8.597620000000000000e+05
8.649480000000000000e+05
8.701870000000000000e+05
8.753780000000000000e+05
8.805630000000000000e+05
8.857180000000000000e+05
8.907990000000000000e+05
8.956910000000000000e+05
9.007450000000000000e+05
9.057620000000000000e+05
9.107780000000000000e+05
9.158080000000000000e+05
9.207190000000000000e+05
9.255580000000000000e+05
9.302760000000000000e+05
9.350660000000000000e+05
9.398330000000000000e+05
9.446710000000000000e+05
9.495310000000000000e+05
9.543280000000000000e+05
9.590160000000000000e+05
9.636550000000000000e+05
9.682970000000000000e+05
9.729720000000000000e+05
9.777300000000000000e+05
9.825730000000000000e+05
9.874700000000000000e+05
9.924020000000000000e+05
9.970720000000000000e+05
1.001965000000000000e+06
1.006923000000000000e+06
1.011987000000000000e+06
1.017131000000000000e+06
1.022228000000000000e+06
1.027334000000000000e+06
1.032354000000000000e+06
1.037526000000000000e+06
1.042836000000000000e+06
1.048257000000000000e+06
1.053663000000000000e+06
1.059024000000000000e+06
1.064438000000000000e+06
1.069873000000000000e+06
1.075485000000000000e+06
1.081152000000000000e+06
1.086955000000000000e+06
1.092915000000000000e+06
1.098958000000000000e+06
1.105048000000000000e+06
1.111157000000000000e+06
1.117487000000000000e+06
1.123976000000000000e+06
1.131088000000000000e+06
1.138509000000000000e+06
1.146273000000000000e+06
1.154299000000000000e+06
1.162428000000000000e+06
1.170799000000000000e+06
1.179634000000000000e+06
1.188928000000000000e+06
1.198663000000000000e+06
1.209039000000000000e+06
1.219796000000000000e+06
1.231277000000000000e+06
1.242258000000000000e+06
1.253603000000000000e+06
1.265572000000000000e+06
1.278245000000000000e+06
1.291687000000000000e+06
1.305093000000000000e+06
1.318783000000000000e+06
1.332824000000000000e+06
1.346380000000000000e+06
1.361317000000000000e+06
1.376020000000000000e+06
1.390824000000000000e+06
1.406667000000000000e+06
1.422775000000000000e+06
1.438219000000000000e+06
1.453923000000000000e+06
1.471000000000000000e+06
1.487260000000000000e+06
1.503652000000000000e+06
1.520800000000000000e+06
1.537142000000000000e+06
1.553028000000000000e+06
1.570446000000000000e+06
1.588433000000000000e+06
1.606267000000000000e+06
1.624648000000000000e+06
1.642665000000000000e+06
1.661096000000000000e+06
1.680579000000000000e+06
1.699695000000000000e+06
1.720063000000000000e+06
1.740172000000000000e+06
1.760420000000000000e+06
1.781997000000000000e+06
1.802762000000000000e+06
1.822345000000000000e+06
1.843678000000000000e+06
1.865395000000000000e+06
1.887836000000000000e+06
1.910149000000000000e+06
1.932711000000000000e+06
1.954912000000000000e+06
1.975629000000000000e+06
1.998966000000000000e+06
2.023025000000000000e+06
2.047563000000000000e+06
2.071858000000000000e+06
2.096749000000000000e+06
2.120836000000000000e+06
2.144229000000000000e+06
2.169424000000000000e+06
2.196691000000000000e+06
2.223500000000000000e+06
2.249890000000000000e+06
2.275936000000000000e+06
2.302062000000000000e+06
2.327105000000000000e+06
2.354934000000000000e+06
2.382012000000000000e+06
2.410462000000000000e+06
2.439163000000000000e+06
2.466961000000000000e+06
2.492713000000000000e+06
2.518551000000000000e+06
2.546113000000000000e+06
2.574319000000000000e+06
2.602048000000000000e+06
2.629699000000000000e+06
2.656601000000000000e+06
2.682866000000000000e+06
2.708940000000000000e+06
2.736727000000000000e+06
2.764843000000000000e+06
2.792615000000000000e+06
2.821125000000000000e+06
2.850042000000000000e+06
2.878382000000000000e+06
2.905196000000000000e+06
2.934695000000000000e+06
2.963290000000000000e+06
2.992123000000000000e+06
3.019972000000000000e+06
3.047335000000000000e+06
3.073923000000000000e+06
3.100018000000000000e+06
3.127347000000000000e+06
3.153960000000000000e+06
3.179898000000000000e+06
3.203743000000000000e+06
3.226758000000000000e+06
3.250713000000000000e+06
3.274615000000000000e+06
3.297833000000000000e+06
3.321163000000000000e+06
3.344175000000000000e+06
3.366715000000000000e+06
3.389733000000000000e+06
3.412390000000000000e+06
3.434934000000000000e+06
3.459237000000000000e+06
3.483531000000000000e+06
3.507201000000000000e+06
3.530379000000000000e+06
3.552888000000000000e+06
3.574330000000000000e+06
3.595136000000000000e+06
3.616680000000000000e+06
3.637862000000000000e+06
3.658447000000000000e+06
3.679247000000000000e+06
3.698246000000000000e+06
3.716228000000000000e+06
3.733692000000000000e+06
3.752548000000000000e+06
3.771514000000000000e+06
3.790265000000000000e+06
3.808348000000000000e+06
3.825739000000000000e+06
3.842145000000000000e+06
3.858367000000000000e+06
3.874830000000000000e+06
3.891274000000000000e+06
3.907653000000000000e+06
3.923461000000000000e+06
3.939162000000000000e+06
3.953970000000000000e+06
3.968228000000000000e+06
3.983031000000000000e+06
3.997898000000000000e+06
4.012538000000000000e+06
4.026506000000000000e+06
4.040505000000000000e+06
4.053535000000000000e+06
4.066164000000000000e+06
4.079407000000000000e+06
4.092649000000000000e+06
4.105424000000000000e+06
4.117992000000000000e+06
4.130447000000000000e+06
4.142126000000000000e+06
4.153735000000000000e+06
4.164802000000000000e+06
4.175757000000000000e+06
4.187166000000000000e+06
4.198400000000000000e+06
4.209850000000000000e+06
4.220291000000000000e+06
4.230707000000000000e+06
4.241970000000000000e+06
4.252876000000000000e+06
4.263785000000000000e+06
4.274263000000000000e+06
4.284408000000000000e+06
4.293750000000000000e+06
4.302726000000000000e+06
4.311893000000000000e+06
4.321588000000000000e+06
4.331396000000000000e+06
4.341381000000000000e+06
4.350728000000000000e+06
4.360033000000000000e+06
4.368943000000000000e+06
4.378656000000000000e+06
4.388268000000000000e+06
4.397816000000000000e+06
4.407031000000000000e+06
4.416226000000000000e+06
4.424595000000000000e+06
4.433364000000000000e+06
4.442492000000000000e+06
4.451565000000000000e+06
4.460348000000000000e+06
4.469327000000000000e+06
4.477916000000000000e+06
4.486078000000000000e+06
4.494234000000000000e+06
4.503291000000000000e+06
4.511973000000000000e+06
4.520879000000000000e+06
4.529576000000000000e+06
4.538101000000000000e+06
4.546307000000000000e+06
4.554481000000000000e+06
4.563026000000000000e+06
4.572053000000000000e+06
4.580633000000000000e+06
4.589209000000000000e+06
4.597400000000000000e+06
4.605444000000000000e+06
4.613646000000000000e+06
4.622464000000000000e+06
4.631336000000000000e+06
4.640537000000000000e+06
4.649044000000000000e+06
4.657509000000000000e+06
4.665553000000000000e+06
4.673699000000000000e+06
4.682573000000000000e+06
4.691290000000000000e+06
4.699988000000000000e+06
4.708640000000000000e+06
4.717321000000000000e+06
4.725252000000000000e+06
4.732981000000000000e+06
4.742142000000000000e+06
4.750755000000000000e+06
4.759902000000000000e+06
4.768476000000000000e+06
4.776844000000000000e+06
4.784497000000000000e+06
4.792354000000000000e+06
4.799872000000000000e+06
4.808133000000000000e+06
4.816331000000000000e+06
4.824621000000000000e+06
4.832959000000000000e+06
4.840948000000000000e+06
4.849044000000000000e+06
4.857303000000000000e+06
4.866641000000000000e+06
4.875308000000000000e+06
4.883734000000000000e+06
4.892938000000000000e+06
4.900995000000000000e+06
4.908794000000000000e+06
4.917906000000000000e+06
4.926717000000000000e+06
4.935302000000000000e+06
4.944129000000000000e+06
4.952412000000000000e+06
4.960174000000000000e+06
4.968421000000000000e+06
4.977332000000000000e+06
4.986458000000000000e+06
4.995613000000000000e+06
5.005171000000000000e+06
5.013512000000000000e+06
5.022881000000000000e+06
5.031583000000000000e+06
5.040390000000000000e+06
5.049210000000000000e+06
5.058221000000000000e+06
5.067246000000000000e+06
5.076543000000000000e+06
5.086386000000000000e+06
5.096657000000000000e+06
5.108217000000000000e+06
5.120578000000000000e+06
5.133938000000000000e+06
5.148499000000000000e+06
5.162049000000000000e+06
5.176051000000000000e+06
5.189260000000000000e+06
5.203117000000000000e+06
5.220168000000000000e+06
5.237847000000000000e+06
5.255214000000000000e+06
5.272328000000000000e+06
5.288766000000000000e+06
5.306069000000000000e+06
5.325940000000000000e+06
5.346005000000000000e+06
5.367317000000000000e+06
5.387486000000000000e+06
5.408744000000000000e+06
5.428961000000000000e+06
5.449594000000000000e+06
5.472722000000000000e+06
5.495513000000000000e+06
5.519516000000000000e+06
5.544209000000000000e+06
5.568104000000000000e+06
5.591030000000000000e+06
5.614540000000000000e+06
5.638901000000000000e+06
5.664200000000000000e+06
5.688807000000000000e+06
5.713351000000000000e+06
5.738000000000000000e+06
5.762211000000000000e+06
5.785542000000000000e+06
5.810335000000000000e+06
5.835523000000000000e+06
5.860113000000000000e+06
5.884593000000000000e+06
5.908691000000000000e+06
5.931925000000000000e+06
5.955089000000000000e+06
5.979027000000000000e+06
6.002303000000000000e+06
6.025698000000000000e+06
6.049215000000000000e+06
6.071893000000000000e+06
6.094379000000000000e+06
6.116249000000000000e+06
6.138969000000000000e+06
6.161985000000000000e+06
6.185249000000000000e+06
6.207513000000000000e+06
