0.000000000000000000e+00
0.000000000000000000e+00
0.000000000000000000e+00
0.000000000000000000e+00
0.000000000000000000e+00
0.000000000000000000e+00
0.000000000000000000e+00
0.000000000000000000e+00
0.000000000000000000e+00
2.000000000000000000e+00
0.000000000000000000e+00
0.000000000000000000e+00
0.000000000000000000e+00
0.000000000000000000e+00
0.000000000000000000e+00
0.000000000000000000e+00
0.000000000000000000e+00
0.000000000000000000e+00
0.000000000000000000e+00
0.000000000000000000e+00
0.000000000000000000e+00
0.000000000000000000e+00
0.000000000000000000e+00
0.000000000000000000e+00
0.000000000000000000e+00
0.000000000000000000e+00
0.000000000000000000e+00
0.000000000000000000e+00
0.000000000000000000e+00
0.000000000000000000e+00
0.000000000000000000e+00
0.000000000000000000e+00
0.000000000000000000e+00
0.000000000000000000e+00
0.000000000000000000e+00
0.000000000000000000e+00
0.000000000000000000e+00
0.000000000000000000e+00
0.000000000000000000e+00
0.000000000000000000e+00
1.000000000000000000e+00
0.000000000000000000e+00
0.000000000000000000e+00
1.000000000000000000e+00
9.000000000000000000e+00
0.000000000000000000e+00
4.000000000000000000e+00
0.000000000000000000e+00
3.000000000000000000e+00
0.000000000000000000e+00
8.000000000000000000e+00
1.700000000000000000e+01
1.400000000000000000e+01
4.000000000000000000e+00
2.700000000000000000e+01
2.400000000000000000e+01
3.300000000000000000e+01
5.200000000000000000e+01
5.400000000000000000e+01
5.300000000000000000e+01
6.100000000000000000e+01
7.100000000000000000e+01
5.700000000000000000e+01
1.630000000000000000e+02
1.820000000000000000e+02
1.960000000000000000e+02
2.280000000000000000e+02
2.700000000000000000e+02
3.020000000000000000e+02
5.010000000000000000e+02
4.400000000000000000e+02
7.710000000000000000e+02
6.010000000000000000e+02
5.820000000000000000e+02
6.580000000000000000e+02
9.540000000000000000e+02
1.154000000000000000e+03
1.175000000000000000e+03
1.459000000000000000e+03
1.786000000000000000e+03
1.667000000000000000e+03
2.186000000000000000e+03
2.558000000000000000e+03
2.774000000000000000e+03
3.388000000000000000e+03
3.448000000000000000e+03
4.070000000000000000e+03
4.785000000000000000e+03
6.060000000000000000e+03
4.268000000000000000e+03
5.642000000000000000e+03
5.236000000000000000e+03
4.774000000000000000e+03
5.849000000000000000e+03
5.966000000000000000e+03
6.361000000000000000e+03
6.198000000000000000e+03
6.411000000000000000e+03
5.841000000000000000e+03
7.099000000000000000e+03
7.933000000000000000e+03
9.623000000000000000e+03
1.063300000000000000e+04
1.058100000000000000e+04
1.010200000000000000e+04
1.055900000000000000e+04
1.123100000000000000e+04
1.069900000000000000e+04
1.081700000000000000e+04
1.101200000000000000e+04
1.165600000000000000e+04
1.089900000000000000e+04
1.002800000000000000e+04
9.974000000000000000e+03
1.059800000000000000e+04
9.200000000000000000e+03
9.709000000000000000e+03
8.926000000000000000e+03
9.263000000000000000e+03
8.764000000000000000e+03
8.849000000000000000e+03
8.894000000000000000e+03
9.434000000000000000e+03
8.599000000000000000e+03
8.946000000000000000e+03
8.915000000000000000e+03
8.338000000000000000e+03
8.371000000000000000e+03
8.572000000000000000e+03
8.952000000000000000e+03
9.268000000000000000e+03
8.485000000000000000e+03
8.858000000000000000e+03
8.529000000000000000e+03
8.823000000000000000e+03
8.718000000000000000e+03
8.846000000000000000e+03
8.971000000000000000e+03
8.970000000000000000e+03
8.587000000000000000e+03
8.393000000000000000e+03
8.777000000000000000e+03
8.961000000000000000e+03
8.697000000000000000e+03
8.809000000000000000e+03
8.217000000000000000e+03
8.241000000000000000e+03
7.824000000000000000e+03
7.772000000000000000e+03
7.971000000000000000e+03
7.870000000000000000e+03
7.717000000000000000e+03
7.586000000000000000e+03
7.413000000000000000e+03
7.165000000000000000e+03
7.105000000000000000e+03
6.788000000000000000e+03
6.843000000000000000e+03
6.784000000000000000e+03
6.683000000000000000e+03
6.683000000000000000e+03
6.550000000000000000e+03
6.752000000000000000e+03
6.710000000000000000e+03
6.623000000000000000e+03
6.719000000000000000e+03
6.569000000000000000e+03
6.363000000000000000e+03
6.534000000000000000e+03
6.491000000000000000e+03
6.623000000000000000e+03
6.586000000000000000e+03
6.587000000000000000e+03
6.511000000000000000e+03
6.240000000000000000e+03
6.410000000000000000e+03
6.415000000000000000e+03
6.389000000000000000e+03
6.214000000000000000e+03
6.096000000000000000e+03
5.901000000000000000e+03
5.828000000000000000e+03
5.850000000000000000e+03
5.830000000000000000e+03
5.779000000000000000e+03
5.833000000000000000e+03
5.741000000000000000e+03
5.607000000000000000e+03
5.380000000000000000e+03
5.449000000000000000e+03
5.484000000000000000e+03
5.468000000000000000e+03
5.429000000000000000e+03
5.387000000000000000e+03
5.364000000000000000e+03
5.121000000000000000e+03
5.186000000000000000e+03
5.239000000000000000e+03
5.191000000000000000e+03
5.185000000000000000e+03
5.155000000000000000e+03
5.081000000000000000e+03
4.892000000000000000e+03
5.054000000000000000e+03
5.017000000000000000e+03
5.016000000000000000e+03
5.030000000000000000e+03
4.911000000000000000e+03
4.839000000000000000e+03
4.718000000000000000e+03
4.790000000000000000e+03
4.767000000000000000e+03
4.838000000000000000e+03
4.860000000000000000e+03
4.797000000000000000e+03
4.688000000000000000e+03
4.639000000000000000e+03
4.642000000000000000e+03
4.675000000000000000e+03
4.758000000000000000e+03
4.843000000000000000e+03
4.897000000000000000e+03
4.932000000000000000e+03
4.670000000000000000e+03
4.893000000000000000e+03
4.958000000000000000e+03
5.064000000000000000e+03
5.144000000000000000e+03
5.097000000000000000e+03
5.106000000000000000e+03
5.020000000000000000e+03
5.172000000000000000e+03
5.310000000000000000e+03
5.421000000000000000e+03
5.406000000000000000e+03
5.361000000000000000e+03
5.414000000000000000e+03
5.435000000000000000e+03
5.612000000000000000e+03
5.667000000000000000e+03
5.803000000000000000e+03
5.960000000000000000e+03
6.043000000000000000e+03
6.090000000000000000e+03
6.109000000000000000e+03
6.330000000000000000e+03
6.489000000000000000e+03
7.112000000000000000e+03
7.421000000000000000e+03
7.764000000000000000e+03
8.026000000000000000e+03
8.129000000000000000e+03
8.371000000000000000e+03
8.835000000000000000e+03
9.294000000000000000e+03
9.735000000000000000e+03
1.037600000000000000e+04
1.075700000000000000e+04
1.148100000000000000e+04
1.098100000000000000e+04
1.134500000000000000e+04
1.196900000000000000e+04
1.267300000000000000e+04
1.344200000000000000e+04
1.340600000000000000e+04
1.369000000000000000e+04
1.404100000000000000e+04
1.355600000000000000e+04
1.493700000000000000e+04
1.470300000000000000e+04
1.480400000000000000e+04
1.584300000000000000e+04
1.610800000000000000e+04
1.544400000000000000e+04
1.570400000000000000e+04
1.707700000000000000e+04
1.626000000000000000e+04
1.639200000000000000e+04
1.714800000000000000e+04
1.634200000000000000e+04
1.588600000000000000e+04
1.741800000000000000e+04
1.798700000000000000e+04
1.783400000000000000e+04
1.838100000000000000e+04
1.801700000000000000e+04
1.843100000000000000e+04
1.948300000000000000e+04
1.911600000000000000e+04
2.036800000000000000e+04
2.010900000000000000e+04
2.024800000000000000e+04
2.157700000000000000e+04
2.076500000000000000e+04
1.958300000000000000e+04
2.133300000000000000e+04
2.171700000000000000e+04
2.244100000000000000e+04
2.231300000000000000e+04
2.256200000000000000e+04
2.220100000000000000e+04
2.071700000000000000e+04
2.333700000000000000e+04
2.405900000000000000e+04
2.453800000000000000e+04
2.429500000000000000e+04
2.489100000000000000e+04
2.408700000000000000e+04
2.339300000000000000e+04
2.519500000000000000e+04
2.726700000000000000e+04
2.680900000000000000e+04
2.639000000000000000e+04
2.604600000000000000e+04
2.612600000000000000e+04
2.504300000000000000e+04
2.782900000000000000e+04
2.707800000000000000e+04
2.845000000000000000e+04
2.870100000000000000e+04
2.779800000000000000e+04
2.575200000000000000e+04
2.583800000000000000e+04
2.756200000000000000e+04
2.820600000000000000e+04
2.772900000000000000e+04
2.765100000000000000e+04
2.690200000000000000e+04
2.626500000000000000e+04
2.607400000000000000e+04
2.778700000000000000e+04
2.811600000000000000e+04
2.777200000000000000e+04
2.851000000000000000e+04
2.891700000000000000e+04
2.834000000000000000e+04
2.681400000000000000e+04
2.949900000000000000e+04
2.859500000000000000e+04
2.883300000000000000e+04
2.784900000000000000e+04
2.736300000000000000e+04
2.658800000000000000e+04
2.609500000000000000e+04
2.732900000000000000e+04
2.661300000000000000e+04
2.593800000000000000e+04
2.384500000000000000e+04
2.301500000000000000e+04
2.395500000000000000e+04
2.390200000000000000e+04
2.321800000000000000e+04
2.333000000000000000e+04
2.301200000000000000e+04
2.254000000000000000e+04
2.301800000000000000e+04
2.265700000000000000e+04
2.254400000000000000e+04
2.430300000000000000e+04
2.429400000000000000e+04
2.367000000000000000e+04
2.317800000000000000e+04
2.250900000000000000e+04
2.144200000000000000e+04
2.080600000000000000e+04
2.154400000000000000e+04
2.118200000000000000e+04
2.058500000000000000e+04
2.080000000000000000e+04
1.899900000000000000e+04
1.798200000000000000e+04
1.746400000000000000e+04
1.885600000000000000e+04
1.896600000000000000e+04
1.875100000000000000e+04
1.808300000000000000e+04
1.739100000000000000e+04
1.640600000000000000e+04
1.622200000000000000e+04
1.646300000000000000e+04
1.644400000000000000e+04
1.637900000000000000e+04
1.580800000000000000e+04
1.570100000000000000e+04
1.480800000000000000e+04
1.425800000000000000e+04
1.480300000000000000e+04
1.486700000000000000e+04
1.464000000000000000e+04
1.396800000000000000e+04
1.399900000000000000e+04
1.303000000000000000e+04
1.262900000000000000e+04
1.324300000000000000e+04
1.324200000000000000e+04
1.277500000000000000e+04
1.256800000000000000e+04
1.245500000000000000e+04
1.167900000000000000e+04
1.160900000000000000e+04
1.106700000000000000e+04
1.095500000000000000e+04
1.140900000000000000e+04
1.123400000000000000e+04
1.145000000000000000e+04
1.044100000000000000e+04
1.041600000000000000e+04
1.126300000000000000e+04
1.090600000000000000e+04
1.090900000000000000e+04
1.047800000000000000e+04
1.014500000000000000e+04
9.342000000000000000e+03
8.976000000000000000e+03
9.167000000000000000e+03
9.695000000000000000e+03
9.808000000000000000e+03
9.985000000000000000e+03
9.347000000000000000e+03
9.305000000000000000e+03
8.910000000000000000e+03
9.713000000000000000e+03
9.612000000000000000e+03
9.548000000000000000e+03
9.215000000000000000e+03
9.195000000000000000e+03
8.369000000000000000e+03
8.769000000000000000e+03
9.128000000000000000e+03
9.073000000000000000e+03
8.783000000000000000e+03
8.979000000000000000e+03
8.589000000000000000e+03
8.162000000000000000e+03
8.156000000000000000e+03
9.057000000000000000e+03
8.682000000000000000e+03
8.906000000000000000e+03
8.697000000000000000e+03
8.525000000000000000e+03
8.206000000000000000e+03
8.174000000000000000e+03
8.545000000000000000e+03
9.027000000000000000e+03
8.580000000000000000e+03
8.576000000000000000e+03
8.191000000000000000e+03
8.044000000000000000e+03
8.202000000000000000e+03
8.818000000000000000e+03
8.872000000000000000e+03
9.201000000000000000e+03
8.507000000000000000e+03
8.465000000000000000e+03
8.044000000000000000e+03
8.146000000000000000e+03
8.874000000000000000e+03
8.717000000000000000e+03
8.698000000000000000e+03
8.652000000000000000e+03
8.681000000000000000e+03
7.931000000000000000e+03
7.729000000000000000e+03
9.161000000000000000e+03
8.613000000000000000e+03
9.147000000000000000e+03
8.574000000000000000e+03
8.368000000000000000e+03
7.653000000000000000e+03
7.857000000000000000e+03
7.518000000000000000e+03
8.261000000000000000e+03
8.198000000000000000e+03
8.290000000000000000e+03
8.338000000000000000e+03
7.989000000000000000e+03
8.096000000000000000e+03
8.259000000000000000e+03
9.338000000000000000e+03
8.667000000000000000e+03
8.426000000000000000e+03
9.204000000000000000e+03
8.057000000000000000e+03
7.799000000000000000e+03
9.112000000000000000e+03
8.811000000000000000e+03
8.585000000000000000e+03
8.827000000000000000e+03
8.283000000000000000e+03
7.762000000000000000e+03
8.247000000000000000e+03
8.911000000000000000e+03
9.126000000000000000e+03
9.155000000000000000e+03
9.558000000000000000e+03
8.341000000000000000e+03
9.369000000000000000e+03
8.702000000000000000e+03
8.807000000000000000e+03
8.820000000000000000e+03
9.011000000000000000e+03
9.025000000000000000e+03
9.297000000000000000e+03
9.843000000000000000e+03
1.027100000000000000e+04
1.156000000000000000e+04
1.236100000000000000e+04
1.336000000000000000e+04
1.456100000000000000e+04
1.355000000000000000e+04
1.400200000000000000e+04
1.320900000000000000e+04
1.385700000000000000e+04
1.705100000000000000e+04
1.767900000000000000e+04
1.736700000000000000e+04
1.711400000000000000e+04
1.643800000000000000e+04
1.730300000000000000e+04
1.987100000000000000e+04
2.006500000000000000e+04
2.131200000000000000e+04
2.016900000000000000e+04
2.125800000000000000e+04
2.021700000000000000e+04
2.063300000000000000e+04
2.312800000000000000e+04
2.279100000000000000e+04
2.400300000000000000e+04
2.469300000000000000e+04
2.389500000000000000e+04
2.292600000000000000e+04
2.351000000000000000e+04
2.436100000000000000e+04
2.529900000000000000e+04
2.460700000000000000e+04
2.454400000000000000e+04
2.464900000000000000e+04
2.421100000000000000e+04
2.333100000000000000e+04
2.479300000000000000e+04
2.518800000000000000e+04
2.459000000000000000e+04
2.448000000000000000e+04
2.409800000000000000e+04
2.323400000000000000e+04
2.316400000000000000e+04
2.393800000000000000e+04
2.327600000000000000e+04
2.339500000000000000e+04
2.351700000000000000e+04
2.267800000000000000e+04
2.248600000000000000e+04
2.187000000000000000e+04
2.272000000000000000e+04
2.301600000000000000e+04
2.326400000000000000e+04
2.226400000000000000e+04
