0.000000000000000000e+00
0.000000000000000000e+00
0.000000000000000000e+00
0.000000000000000000e+00
0.000000000000000000e+00
0.000000000000000000e+00
0.000000000000000000e+00
0.000000000000000000e+00
0.000000000000000000e+00
0.000000000000000000e+00
0.000000000000000000e+00
0.000000000000000000e+00
0.000000000000000000e+00
0.000000000000000000e+00
0.000000000000000000e+00
0.000000000000000000e+00
0.000000000000000000e+00
0.000000000000000000e+00
0.000000000000000000e+00
0.000000000000000000e+00
0.000000000000000000e+00
0.000000000000000000e+00
0.000000000000000000e+00
0.000000000000000000e+00
0.000000000000000000e+00
0.000000000000000000e+00
0.000000000000000000e+00
0.000000000000000000e+00
0.000000000000000000e+00
0.000000000000000000e+00
0.000000000000000000e+00
0.000000000000000000e+00
0.000000000000000000e+00
0.000000000000000000e+00
0.000000000000000000e+00
0.000000000000000000e+00
0.000000000000000000e+00
0.000000000000000000e+00
0.000000000000000000e+00
3.000000000000000000e+00
3.000000000000000000e+00
5.000000000000000000e+00
8.000000000000000000e+00
1.200000000000000000e+01
1.800000000000000000e+01
1.900000000000000000e+01
3.100000000000000000e+01
3.100000000000000000e+01
4.100000000000000000e+01
9.100000000000000000e+01
9.400000000000000000e+01
1.410000000000000000e+02
1.890000000000000000e+02
2.530000000000000000e+02
2.980000000000000000e+02
3.960000000000000000e+02
4.640000000000000000e+02
6.940000000000000000e+02
8.330000000000000000e+02
9.950000000000000000e+02
1.120000000000000000e+03
1.236000000000000000e+03
1.394000000000000000e+03
1.654000000000000000e+03
1.925000000000000000e+03
2.279000000000000000e+03
2.631000000000000000e+03
2.817000000000000000e+03
3.001000000000000000e+03
3.308000000000000000e+03
3.508000000000000000e+03
3.858000000000000000e+03
4.091000000000000000e+03
4.472000000000000000e+03
4.587000000000000000e+03
4.822000000000000000e+03
5.017000000000000000e+03
5.312000000000000000e+03
5.569000000000000000e+03
5.732000000000000000e+03
5.831000000000000000e+03
5.991000000000000000e+03
6.059000000000000000e+03
6.111000000000000000e+03
6.216000000000000000e+03
6.433000000000000000e+03
6.549000000000000000e+03
6.606000000000000000e+03
6.746000000000000000e+03
6.900000000000000000e+03
7.033000000000000000e+03
7.132000000000000000e+03
7.187000000000000000e+03
7.273000000000000000e+03
7.352000000000000000e+03
7.404000000000000000e+03
7.445000000000000000e+03
7.504000000000000000e+03
7.579000000000000000e+03
7.682000000000000000e+03
7.737000000000000000e+03
7.755000000000000000e+03
7.781000000000000000e+03
7.819000000000000000e+03
7.896000000000000000e+03
7.974000000000000000e+03
8.031000000000000000e+03
8.077000000000000000e+03
8.095000000000000000e+03
8.123000000000000000e+03
8.176000000000000000e+03
8.221000000000000000e+03
8.269000000000000000e+03
8.351000000000000000e+03
8.406000000000000000e+03
8.455000000000000000e+03
8.475000000000000000e+03
8.586000000000000000e+03
8.647000000000000000e+03
8.721000000000000000e+03
8.754000000000000000e+03
8.813000000000000000e+03
8.890000000000000000e+03
8.955000000000000000e+03
9.002000000000000000e+03
9.050000000000000000e+03
9.086000000000000000e+03
9.140000000000000000e+03
9.196000000000000000e+03
9.230000000000000000e+03
9.268000000000000000e+03
9.302000000000000000e+03
9.364000000000000000e+03
9.438000000000000000e+03
9.494000000000000000e+03
9.529000000000000000e+03
9.567000000000000000e+03
9.628000000000000000e+03
9.697000000000000000e+03
9.751000000000000000e+03
9.824000000000000000e+03
9.855000000000000000e+03
9.938000000000000000e+03
9.991000000000000000e+03
1.002400000000000000e+04
1.006400000000000000e+04
1.011100000000000000e+04
1.016200000000000000e+04
1.028000000000000000e+04
1.040600000000000000e+04
1.044800000000000000e+04
1.049800000000000000e+04
1.052300000000000000e+04
1.065000000000000000e+04
1.077700000000000000e+04
1.087000000000000000e+04
1.103800000000000000e+04
1.129800000000000000e+04
1.160300000000000000e+04
1.180500000000000000e+04
1.195400000000000000e+04
1.204600000000000000e+04
1.217800000000000000e+04
1.231900000000000000e+04
1.244000000000000000e+04
1.251500000000000000e+04
1.256600000000000000e+04
1.268500000000000000e+04
1.281400000000000000e+04
1.291900000000000000e+04
1.300100000000000000e+04
1.311500000000000000e+04
1.317400000000000000e+04
1.323800000000000000e+04
1.334100000000000000e+04
1.347500000000000000e+04
1.361200000000000000e+04
1.374200000000000000e+04
1.385500000000000000e+04
1.394500000000000000e+04
1.409800000000000000e+04
1.432400000000000000e+04
1.457000000000000000e+04
1.480000000000000000e+04
1.508100000000000000e+04
1.521200000000000000e+04
1.532400000000000000e+04
1.551600000000000000e+04
1.579900000000000000e+04
1.609300000000000000e+04
1.637100000000000000e+04
1.657400000000000000e+04
1.669900000000000000e+04
1.680000000000000000e+04
1.700800000000000000e+04
1.728600000000000000e+04
1.752900000000000000e+04
1.773100000000000000e+04
1.806000000000000000e+04
1.823500000000000000e+04
1.835300000000000000e+04
1.849400000000000000e+04
1.878300000000000000e+04
1.907500000000000000e+04
1.940100000000000000e+04
1.969300000000000000e+04
1.989100000000000000e+04
2.001200000000000000e+04
2.020200000000000000e+04
2.048300000000000000e+04
2.079800000000000000e+04
2.104500000000000000e+04
2.155100000000000000e+04
2.179000000000000000e+04
2.192300000000000000e+04
2.218100000000000000e+04
2.254800000000000000e+04
2.295100000000000000e+04
2.316900000000000000e+04
2.377700000000000000e+04
2.409400000000000000e+04
2.436700000000000000e+04
2.461800000000000000e+04
2.511700000000000000e+04
2.577300000000000000e+04
2.645200000000000000e+04
2.724900000000000000e+04
2.775200000000000000e+04
2.815600000000000000e+04
2.871600000000000000e+04
2.987700000000000000e+04
3.103600000000000000e+04
3.241300000000000000e+04
3.386000000000000000e+04
3.540100000000000000e+04
3.618800000000000000e+04
3.722200000000000000e+04
3.889600000000000000e+04
4.103200000000000000e+04
4.415500000000000000e+04
4.626200000000000000e+04
4.830600000000000000e+04
4.929000000000000000e+04
5.076400000000000000e+04
5.315800000000000000e+04
5.546400000000000000e+04
5.837400000000000000e+04
6.131800000000000000e+04
6.329400000000000000e+04
6.459700000000000000e+04
6.588300000000000000e+04
6.784300000000000000e+04
7.076300000000000000e+04
7.425500000000000000e+04
7.805100000000000000e+04
8.060500000000000000e+04
8.244600000000000000e+04
8.556600000000000000e+04
9.002200000000000000e+04
9.536000000000000000e+04
1.007570000000000000e+05
1.093740000000000000e+05
1.140050000000000000e+05
1.171100000000000000e+05
1.214210000000000000e+05
1.297470000000000000e+05
1.392900000000000000e+05
1.490100000000000000e+05
1.601120000000000000e+05
1.688270000000000000e+05
1.738850000000000000e+05
1.819620000000000000e+05
1.939460000000000000e+05
2.089150000000000000e+05
2.230650000000000000e+05
2.383230000000000000e+05
2.507970000000000000e+05
2.580970000000000000e+05
2.683700000000000000e+05
2.840330000000000000e+05
2.970130000000000000e+05
3.100680000000000000e+05
3.236730000000000000e+05
3.351020000000000000e+05
3.416440000000000000e+05
3.508960000000000000e+05
3.629850000000000000e+05
3.787160000000000000e+05
3.919450000000000000e+05
4.034970000000000000e+05
4.112200000000000000e+05
4.148280000000000000e+05
4.171810000000000000e+05
4.298800000000000000e+05
4.388050000000000000e+05
4.466750000000000000e+05
4.540300000000000000e+05
4.582290000000000000e+05
4.601160000000000000e+05
4.655230000000000000e+05
4.697690000000000000e+05
4.752840000000000000e+05
4.817550000000000000e+05
4.875630000000000000e+05
4.907500000000000000e+05
4.922630000000000000e+05
4.966380000000000000e+05
5.025340000000000000e+05
5.052150000000000000e+05
5.115200000000000000e+05
5.159840000000000000e+05
5.186490000000000000e+05
5.197230000000000000e+05
5.232980000000000000e+05
5.284740000000000000e+05
5.330420000000000000e+05
5.376630000000000000e+05
5.424060000000000000e+05
5.441790000000000000e+05
5.468330000000000000e+05
5.468330000000000000e+05
5.510700000000000000e+05
5.569270000000000000e+05
5.633330000000000000e+05
5.692050000000000000e+05
5.754220000000000000e+05
5.790790000000000000e+05
5.810790000000000000e+05
5.862510000000000000e+05
5.941480000000000000e+05
6.024040000000000000e+05
6.100060000000000000e+05
6.188360000000000000e+05
6.241400000000000000e+05
6.275230000000000000e+05
6.354140000000000000e+05
6.463120000000000000e+05
6.604610000000000000e+05
6.648630000000000000e+05
6.675690000000000000e+05
6.705990000000000000e+05
6.743400000000000000e+05
6.852020000000000000e+05
7.016220000000000000e+05
7.186610000000000000e+05
7.320220000000000000e+05
7.354690000000000000e+05
7.404810000000000000e+05
7.467140000000000000e+05
7.596350000000000000e+05
7.769670000000000000e+05
7.947400000000000000e+05
8.096010000000000000e+05
8.227160000000000000e+05
8.311650000000000000e+05
8.354540000000000000e+05
8.447990000000000000e+05
8.556000000000000000e+05
8.665220000000000000e+05
8.746050000000000000e+05
8.839060000000000000e+05
8.891590000000000000e+05
8.918520000000000000e+05
8.995030000000000000e+05
9.091310000000000000e+05
9.173590000000000000e+05
9.248470000000000000e+05
9.333610000000000000e+05
9.376170000000000000e+05
9.400040000000000000e+05
9.469460000000000000e+05
9.561550000000000000e+05
9.646600000000000000e+05
9.726420000000000000e+05
9.807140000000000000e+05
9.847740000000000000e+05
9.873290000000000000e+05
9.945140000000000000e+05
1.003657000000000000e+06
1.013352000000000000e+06
1.021477000000000000e+06
1.030112000000000000e+06
1.034975000000000000e+06
1.037405000000000000e+06
1.045132000000000000e+06
1.055415000000000000e+06
1.064952000000000000e+06
1.073966000000000000e+06
1.082849000000000000e+06
1.088009000000000000e+06
1.090860000000000000e+06
1.099654000000000000e+06
1.112322000000000000e+06
1.123252000000000000e+06
1.134957000000000000e+06
1.146321000000000000e+06
1.153159000000000000e+06
1.157180000000000000e+06
1.168491000000000000e+06
1.184352000000000000e+06
1.198168000000000000e+06
1.212780000000000000e+06
1.227595000000000000e+06
1.235480000000000000e+06
1.240051000000000000e+06
1.252242000000000000e+06
1.269058000000000000e+06
1.284288000000000000e+06
1.299002000000000000e+06
1.312164000000000000e+06
1.321331000000000000e+06
1.325291000000000000e+06
1.335815000000000000e+06
1.351195000000000000e+06
1.365724000000000000e+06
1.376998000000000000e+06
1.392108000000000000e+06
1.399078000000000000e+06
1.402420000000000000e+06
1.412962000000000000e+06
1.426991000000000000e+06
1.439019000000000000e+06
1.449696000000000000e+06
1.459406000000000000e+06
1.469547000000000000e+06
1.467333000000000000e+06
1.475538000000000000e+06
1.486510000000000000e+06
1.495361000000000000e+06
1.503307000000000000e+06
1.511021000000000000e+06
1.515029000000000000e+06
1.516772000000000000e+06
1.523668000000000000e+06
1.532332000000000000e+06
1.539617000000000000e+06
1.545865000000000000e+06
1.549734000000000000e+06
1.551896000000000000e+06
1.553820000000000000e+06
1.555245000000000000e+06
1.560777000000000000e+06
1.567848000000000000e+06
1.573153000000000000e+06
1.577972000000000000e+06
1.580189000000000000e+06
1.581184000000000000e+06
1.585037000000000000e+06
1.590124000000000000e+06
1.593847000000000000e+06
1.597103000000000000e+06
1.600341000000000000e+06
1.601881000000000000e+06
1.602711000000000000e+06
1.606030000000000000e+06
1.609861000000000000e+06
1.612832000000000000e+06
1.615461000000000000e+06
1.618068000000000000e+06
1.619383000000000000e+06
1.620206000000000000e+06
1.622777000000000000e+06
1.626033000000000000e+06
1.628536000000000000e+06
1.630758000000000000e+06
1.632932000000000000e+06
1.634114000000000000e+06
1.634619000000000000e+06
1.636836000000000000e+06
1.639248000000000000e+06
1.641120000000000000e+06
1.642696000000000000e+06
1.644335000000000000e+06
1.645061000000000000e+06
1.645448000000000000e+06
1.646981000000000000e+06
1.648667000000000000e+06
1.649947000000000000e+06
1.651178000000000000e+06
1.652238000000000000e+06
1.652840000000000000e+06
1.653099000000000000e+06
1.654219000000000000e+06
1.655414000000000000e+06
1.656202000000000000e+06
1.656874000000000000e+06
1.657558000000000000e+06
1.657893000000000000e+06
1.658092000000000000e+06
1.658778000000000000e+06
1.659433000000000000e+06
1.659980000000000000e+06
1.660481000000000000e+06
1.660935000000000000e+06
1.661159000000000000e+06
1.661272000000000000e+06
1.661780000000000000e+06
1.662256000000000000e+06
1.662608000000000000e+06
1.663040000000000000e+06
1.663363000000000000e+06
1.663517000000000000e+06
1.663607000000000000e+06
1.663998000000000000e+06
1.664382000000000000e+06
1.664649000000000000e+06
1.664839000000000000e+06
1.665022000000000000e+06
1.665097000000000000e+06
1.665138000000000000e+06
1.665327000000000000e+06
1.665526000000000000e+06
1.665660000000000000e+06
1.665818000000000000e+06
1.665961000000000000e+06
1.666025000000000000e+06
1.666082000000000000e+06
1.666192000000000000e+06
1.666325000000000000e+06
1.666521000000000000e+06
1.666686000000000000e+06
1.666821000000000000e+06
1.666890000000000000e+06
1.666947000000000000e+06
1.667115000000000000e+06
1.667287000000000000e+06
1.667435000000000000e+06
1.667608000000000000e+06
1.667796000000000000e+06
1.667935000000000000e+06
1.668040000000000000e+06
1.668170000000000000e+06
1.668277000000000000e+06
1.668619000000000000e+06
1.668891000000000000e+06
1.669182000000000000e+06
1.669351000000000000e+06
1.669496000000000000e+06
1.669745000000000000e+06
1.670073000000000000e+06
1.670348000000000000e+06
1.670583000000000000e+06
1.670823000000000000e+06
1.671027000000000000e+06
1.671145000000000000e+06
1.671372000000000000e+06
1.671685000000000000e+06
1.671933000000000000e+06
1.672140000000000000e+06
1.672340000000000000e+06
1.672409000000000000e+06
1.672547000000000000e+06
1.672764000000000000e+06
1.673017000000000000e+06
1.673219000000000000e+06
1.673429000000000000e+06
1.673576000000000000e+06
1.673694000000000000e+06
