0.000000000000000000e+00
0.000000000000000000e+00
0.000000000000000000e+00
0.000000000000000000e+00
0.000000000000000000e+00
0.000000000000000000e+00
0.000000000000000000e+00
0.000000000000000000e+00
0.000000000000000000e+00
0.000000000000000000e+00
0.000000000000000000e+00
0.000000000000000000e+00
0.000000000000000000e+00
0.000000000000000000e+00
0.000000000000000000e+00
0.000000000000000000e+00
0.000000000000000000e+00
0.000000000000000000e+00
0.000000000000000000e+00
0.000000000000000000e+00
0.000000000000000000e+00
0.000000000000000000e+00
0.000000000000000000e+00
0.000000000000000000e+00
0.000000000000000000e+00
0.000000000000000000e+00
0.000000000000000000e+00
0.000000000000000000e+00
0.000000000000000000e+00
0.000000000000000000e+00
0.000000000000000000e+00
0.000000000000000000e+00
0.000000000000000000e+00
0.000000000000000000e+00
0.000000000000000000e+00
0.000000000000000000e+00
0.000000000000000000e+00
0.000000000000000000e+00
0.000000000000000000e+00
0.000000000000000000e+00
0.000000000000000000e+00
0.000000000000000000e+00
0.000000000000000000e+00
0.000000000000000000e+00
0.000000000000000000e+00
0.000000000000000000e+00
0.000000000000000000e+00
0.000000000000000000e+00
0.000000000000000000e+00
0.000000000000000000e+00
0.000000000000000000e+00
0.000000000000000000e+00
0.000000000000000000e+00
0.000000000000000000e+00
1.000000000000000000e+00
1.000000000000000000e+00
3.000000000000000000e+00
6.000000000000000000e+00
6.000000000000000000e+00
6.000000000000000000e+00
1.200000000000000000e+01
1.200000000000000000e+01
1.200000000000000000e+01
1.200000000000000000e+01
1.300000000000000000e+01
1.300000000000000000e+01
1.400000000000000000e+01
1.400000000000000000e+01
1.900000000000000000e+01
1.900000000000000000e+01
2.000000000000000000e+01
2.000000000000000000e+01
2.000000000000000000e+01
2.000000000000000000e+01
2.200000000000000000e+01
2.400000000000000000e+01
2.400000000000000000e+01
2.500000000000000000e+01
2.500000000000000000e+01
3.200000000000000000e+01
3.200000000000000000e+01
3.200000000000000000e+01
4.900000000000000000e+01
5.300000000000000000e+01
8.800000000000000000e+01
9.400000000000000000e+01
1.470000000000000000e+02
1.470000000000000000e+02
1.700000000000000000e+02
2.540000000000000000e+02
2.540000000000000000e+02
2.840000000000000000e+02
2.840000000000000000e+02
2.990000000000000000e+02
2.990000000000000000e+02
2.990000000000000000e+02
2.990000000000000000e+02
2.990000000000000000e+02
4.800000000000000000e+02
4.800000000000000000e+02
4.800000000000000000e+02
4.800000000000000000e+02
4.800000000000000000e+02
4.800000000000000000e+02
4.800000000000000000e+02
4.800000000000000000e+02
4.800000000000000000e+02
5.090000000000000000e+02
5.090000000000000000e+02
5.090000000000000000e+02
5.090000000000000000e+02
5.090000000000000000e+02
5.090000000000000000e+02
5.090000000000000000e+02
5.090000000000000000e+02
5.090000000000000000e+02
5.090000000000000000e+02
5.090000000000000000e+02
5.090000000000000000e+02
5.090000000000000000e+02
5.090000000000000000e+02
5.090000000000000000e+02
5.090000000000000000e+02
5.090000000000000000e+02
5.090000000000000000e+02
5.090000000000000000e+02
5.090000000000000000e+02
5.090000000000000000e+02
5.090000000000000000e+02
5.090000000000000000e+02
5.090000000000000000e+02
5.090000000000000000e+02
5.090000000000000000e+02
5.090000000000000000e+02
5.090000000000000000e+02
5.090000000000000000e+02
5.090000000000000000e+02
5.090000000000000000e+02
5.090000000000000000e+02
5.090000000000000000e+02
5.090000000000000000e+02
5.090000000000000000e+02
5.090000000000000000e+02
5.090000000000000000e+02
5.090000000000000000e+02
5.090000000000000000e+02
5.090000000000000000e+02
5.090000000000000000e+02
5.090000000000000000e+02
5.090000000000000000e+02
5.090000000000000000e+02
5.090000000000000000e+02
5.090000000000000000e+02
5.090000000000000000e+02
5.090000000000000000e+02
5.090000000000000000e+02
5.090000000000000000e+02
5.090000000000000000e+02
5.090000000000000000e+02
5.090000000000000000e+02
5.090000000000000000e+02
5.090000000000000000e+02
5.090000000000000000e+02
5.090000000000000000e+02
5.090000000000000000e+02
5.090000000000000000e+02
5.090000000000000000e+02
5.090000000000000000e+02
5.090000000000000000e+02
5.090000000000000000e+02
5.090000000000000000e+02
5.090000000000000000e+02
5.090000000000000000e+02
5.090000000000000000e+02
5.090000000000000000e+02
5.090000000000000000e+02
5.090000000000000000e+02
5.090000000000000000e+02
5.090000000000000000e+02
5.090000000000000000e+02
5.090000000000000000e+02
5.090000000000000000e+02
5.090000000000000000e+02
5.090000000000000000e+02
5.090000000000000000e+02
5.090000000000000000e+02
5.090000000000000000e+02
5.090000000000000000e+02
5.090000000000000000e+02
5.090000000000000000e+02
5.090000000000000000e+02
5.090000000000000000e+02
5.090000000000000000e+02
5.090000000000000000e+02
5.090000000000000000e+02
5.090000000000000000e+02
5.090000000000000000e+02
5.090000000000000000e+02
5.090000000000000000e+02
5.090000000000000000e+02
5.090000000000000000e+02
5.090000000000000000e+02
5.090000000000000000e+02
5.090000000000000000e+02
5.090000000000000000e+02
5.090000000000000000e+02
5.090000000000000000e+02
5.090000000000000000e+02
5.090000000000000000e+02
5.090000000000000000e+02
5.090000000000000000e+02
5.090000000000000000e+02
5.090000000000000000e+02
5.090000000000000000e+02
5.090000000000000000e+02
5.090000000000000000e+02
5.090000000000000000e+02
5.090000000000000000e+02
5.090000000000000000e+02
5.090000000000000000e+02
5.090000000000000000e+02
5.090000000000000000e+02
5.090000000000000000e+02
5.090000000000000000e+02
5.090000000000000000e+02
5.090000000000000000e+02
5.090000000000000000e+02
5.090000000000000000e+02
5.090000000000000000e+02
5.090000000000000000e+02
5.090000000000000000e+02
5.090000000000000000e+02
5.090000000000000000e+02
5.090000000000000000e+02
5.090000000000000000e+02
5.090000000000000000e+02
5.090000000000000000e+02
5.090000000000000000e+02
5.090000000000000000e+02
5.090000000000000000e+02
5.090000000000000000e+02
5.090000000000000000e+02
5.090000000000000000e+02
5.090000000000000000e+02
5.090000000000000000e+02
5.090000000000000000e+02
5.090000000000000000e+02
5.090000000000000000e+02
5.090000000000000000e+02
5.090000000000000000e+02
5.090000000000000000e+02
5.090000000000000000e+02
5.090000000000000000e+02
5.090000000000000000e+02
5.090000000000000000e+02
5.090000000000000000e+02
5.090000000000000000e+02
5.090000000000000000e+02
5.090000000000000000e+02
5.090000000000000000e+02
5.090000000000000000e+02
5.090000000000000000e+02
5.090000000000000000e+02
5.090000000000000000e+02
5.090000000000000000e+02
5.090000000000000000e+02
5.090000000000000000e+02
5.090000000000000000e+02
5.090000000000000000e+02
5.090000000000000000e+02
5.090000000000000000e+02
5.090000000000000000e+02
5.090000000000000000e+02
5.090000000000000000e+02
5.090000000000000000e+02
5.090000000000000000e+02
5.090000000000000000e+02
5.090000000000000000e+02
5.090000000000000000e+02
5.090000000000000000e+02
5.090000000000000000e+02
5.090000000000000000e+02
5.090000000000000000e+02
5.090000000000000000e+02
5.090000000000000000e+02
5.090000000000000000e+02
5.090000000000000000e+02
5.090000000000000000e+02
5.090000000000000000e+02
5.090000000000000000e+02
5.090000000000000000e+02
5.090000000000000000e+02
5.090000000000000000e+02
5.090000000000000000e+02
5.090000000000000000e+02
5.090000000000000000e+02
5.090000000000000000e+02
5.090000000000000000e+02
5.090000000000000000e+02
5.090000000000000000e+02
5.090000000000000000e+02
5.090000000000000000e+02
5.090000000000000000e+02
5.090000000000000000e+02
5.090000000000000000e+02
5.090000000000000000e+02
5.090000000000000000e+02
5.090000000000000000e+02
5.090000000000000000e+02
5.090000000000000000e+02
5.090000000000000000e+02
5.090000000000000000e+02
5.090000000000000000e+02
5.090000000000000000e+02
5.090000000000000000e+02
5.090000000000000000e+02
5.090000000000000000e+02
5.090000000000000000e+02
5.090000000000000000e+02
5.090000000000000000e+02
5.090000000000000000e+02
5.090000000000000000e+02
5.090000000000000000e+02
5.090000000000000000e+02
5.090000000000000000e+02
5.090000000000000000e+02
5.090000000000000000e+02
5.090000000000000000e+02
5.090000000000000000e+02
5.090000000000000000e+02
5.090000000000000000e+02
5.090000000000000000e+02
5.090000000000000000e+02
5.090000000000000000e+02
5.090000000000000000e+02
5.090000000000000000e+02
5.090000000000000000e+02
5.090000000000000000e+02
5.090000000000000000e+02
5.090000000000000000e+02
5.090000000000000000e+02
5.090000000000000000e+02
5.090000000000000000e+02
5.090000000000000000e+02
5.090000000000000000e+02
5.090000000000000000e+02
5.090000000000000000e+02
5.090000000000000000e+02
5.090000000000000000e+02
5.090000000000000000e+02
5.090000000000000000e+02
5.090000000000000000e+02
5.090000000000000000e+02
5.090000000000000000e+02
5.090000000000000000e+02
5.090000000000000000e+02
5.090000000000000000e+02
5.090000000000000000e+02
5.090000000000000000e+02
5.090000000000000000e+02
5.090000000000000000e+02
5.090000000000000000e+02
5.090000000000000000e+02
5.090000000000000000e+02
5.090000000000000000e+02
5.090000000000000000e+02
5.090000000000000000e+02
5.090000000000000000e+02
5.090000000000000000e+02
5.090000000000000000e+02
5.090000000000000000e+02
5.090000000000000000e+02
5.090000000000000000e+02
5.090000000000000000e+02
5.090000000000000000e+02
5.090000000000000000e+02
5.090000000000000000e+02
5.090000000000000000e+02
5.090000000000000000e+02
5.090000000000000000e+02
5.090000000000000000e+02
5.090000000000000000e+02
5.090000000000000000e+02
5.090000000000000000e+02
5.090000000000000000e+02
5.090000000000000000e+02
5.090000000000000000e+02
5.090000000000000000e+02
5.090000000000000000e+02
5.090000000000000000e+02
5.090000000000000000e+02
5.090000000000000000e+02
5.090000000000000000e+02
5.090000000000000000e+02
5.090000000000000000e+02
5.090000000000000000e+02
5.090000000000000000e+02
5.090000000000000000e+02
5.090000000000000000e+02
5.090000000000000000e+02
5.090000000000000000e+02
5.090000000000000000e+02
5.090000000000000000e+02
5.090000000000000000e+02
5.090000000000000000e+02
5.090000000000000000e+02
5.090000000000000000e+02
5.090000000000000000e+02
5.090000000000000000e+02
5.090000000000000000e+02
5.090000000000000000e+02
5.090000000000000000e+02
5.090000000000000000e+02
5.090000000000000000e+02
5.090000000000000000e+02
5.090000000000000000e+02
5.090000000000000000e+02
5.090000000000000000e+02
5.090000000000000000e+02
5.090000000000000000e+02
5.090000000000000000e+02
5.090000000000000000e+02
5.090000000000000000e+02
5.090000000000000000e+02
5.090000000000000000e+02
5.090000000000000000e+02
5.090000000000000000e+02
5.090000000000000000e+02
5.090000000000000000e+02
5.090000000000000000e+02
5.090000000000000000e+02
5.090000000000000000e+02
5.090000000000000000e+02
5.090000000000000000e+02
5.090000000000000000e+02
5.090000000000000000e+02
5.090000000000000000e+02
5.090000000000000000e+02
5.090000000000000000e+02
5.090000000000000000e+02
5.090000000000000000e+02
5.090000000000000000e+02
5.090000000000000000e+02
5.090000000000000000e+02
5.090000000000000000e+02
5.090000000000000000e+02
5.090000000000000000e+02
5.090000000000000000e+02
5.090000000000000000e+02
5.090000000000000000e+02
5.090000000000000000e+02
5.090000000000000000e+02
5.090000000000000000e+02
5.090000000000000000e+02
5.090000000000000000e+02
5.090000000000000000e+02
5.090000000000000000e+02
5.090000000000000000e+02
5.090000000000000000e+02
5.090000000000000000e+02
5.090000000000000000e+02
5.090000000000000000e+02
5.090000000000000000e+02
5.090000000000000000e+02
5.090000000000000000e+02
5.090000000000000000e+02
5.090000000000000000e+02
5.090000000000000000e+02
5.090000000000000000e+02
5.090000000000000000e+02
5.090000000000000000e+02
5.090000000000000000e+02
5.090000000000000000e+02
5.090000000000000000e+02
5.090000000000000000e+02
5.090000000000000000e+02
5.090000000000000000e+02
5.090000000000000000e+02
5.090000000000000000e+02
5.090000000000000000e+02
5.090000000000000000e+02
5.090000000000000000e+02
5.090000000000000000e+02
5.090000000000000000e+02
5.090000000000000000e+02
5.090000000000000000e+02
5.090000000000000000e+02
5.090000000000000000e+02
5.090000000000000000e+02
5.090000000000000000e+02
5.090000000000000000e+02
5.090000000000000000e+02
5.090000000000000000e+02
5.090000000000000000e+02
5.090000000000000000e+02
5.090000000000000000e+02
5.090000000000000000e+02
5.090000000000000000e+02
5.090000000000000000e+02
5.090000000000000000e+02
5.090000000000000000e+02
5.090000000000000000e+02
5.090000000000000000e+02
5.090000000000000000e+02
5.090000000000000000e+02
5.090000000000000000e+02
5.090000000000000000e+02
5.090000000000000000e+02
5.090000000000000000e+02
5.090000000000000000e+02
5.090000000000000000e+02
5.090000000000000000e+02
5.090000000000000000e+02
5.090000000000000000e+02
5.090000000000000000e+02
5.090000000000000000e+02
5.090000000000000000e+02
5.090000000000000000e+02
5.090000000000000000e+02
5.090000000000000000e+02
5.090000000000000000e+02
5.090000000000000000e+02
5.090000000000000000e+02
5.090000000000000000e+02
5.090000000000000000e+02
5.090000000000000000e+02
5.090000000000000000e+02
5.090000000000000000e+02
5.090000000000000000e+02
5.090000000000000000e+02
5.090000000000000000e+02
5.090000000000000000e+02
5.090000000000000000e+02
5.090000000000000000e+02
5.090000000000000000e+02
5.090000000000000000e+02
5.090000000000000000e+02
5.090000000000000000e+02
5.090000000000000000e+02
5.090000000000000000e+02
5.090000000000000000e+02
5.090000000000000000e+02
5.090000000000000000e+02
5.090000000000000000e+02
5.090000000000000000e+02
5.090000000000000000e+02
5.090000000000000000e+02
5.090000000000000000e+02
5.090000000000000000e+02
5.090000000000000000e+02
5.090000000000000000e+02
5.090000000000000000e+02
5.090000000000000000e+02
5.090000000000000000e+02
1.017000000000000000e+03
1.017000000000000000e+03
1.017000000000000000e+03
1.017000000000000000e+03
