0.000000000000000000e+00
0.000000000000000000e+00
0.000000000000000000e+00
0.000000000000000000e+00
0.000000000000000000e+00
0.000000000000000000e+00
0.000000000000000000e+00
0.000000000000000000e+00
0.000000000000000000e+00
0.000000000000000000e+00
0.000000000000000000e+00
0.000000000000000000e+00
0.000000000000000000e+00
0.000000000000000000e+00
0.000000000000000000e+00
0.000000000000000000e+00
0.000000000000000000e+00
0.000000000000000000e+00
0.000000000000000000e+00
0.000000000000000000e+00
0.000000000000000000e+00
0.000000000000000000e+00
0.000000000000000000e+00
0.000000000000000000e+00
0.000000000000000000e+00
0.000000000000000000e+00
0.000000000000000000e+00
0.000000000000000000e+00
0.000000000000000000e+00
0.000000000000000000e+00
0.000000000000000000e+00
0.000000000000000000e+00
0.000000000000000000e+00
0.000000000000000000e+00
0.000000000000000000e+00
0.000000000000000000e+00
0.000000000000000000e+00
0.000000000000000000e+00
0.000000000000000000e+00
0.000000000000000000e+00
0.000000000000000000e+00
0.000000000000000000e+00
0.000000000000000000e+00
0.000000000000000000e+00
0.000000000000000000e+00
3.000000000000000000e+00
3.000000000000000000e+00
3.000000000000000000e+00
5.000000000000000000e+00
6.000000000000000000e+00
6.000000000000000000e+00
1.200000000000000000e+01
1.800000000000000000e+01
2.100000000000000000e+01
3.000000000000000000e+01
3.800000000000000000e+01
3.800000000000000000e+01
5.300000000000000000e+01
6.400000000000000000e+01
7.300000000000000000e+01
9.000000000000000000e+01
1.070000000000000000e+02
1.100000000000000000e+02
1.290000000000000000e+02
1.340000000000000000e+02
1.390000000000000000e+02
1.490000000000000000e+02
1.510000000000000000e+02
1.560000000000000000e+02
1.690000000000000000e+02
1.880000000000000000e+02
1.960000000000000000e+02
2.020000000000000000e+02
2.130000000000000000e+02
2.270000000000000000e+02
2.410000000000000000e+02
2.930000000000000000e+02
2.990000000000000000e+02
3.370000000000000000e+02
3.500000000000000000e+02
3.700000000000000000e+02
3.780000000000000000e+02
3.840000000000000000e+02
3.930000000000000000e+02
3.990000000000000000e+02
4.120000000000000000e+02
4.220000000000000000e+02
4.260000000000000000e+02
4.270000000000000000e+02
4.310000000000000000e+02
4.430000000000000000e+02
4.440000000000000000e+02
4.450000000000000000e+02
4.470000000000000000e+02
4.480000000000000000e+02
4.480000000000000000e+02
4.500000000000000000e+02
4.580000000000000000e+02
4.630000000000000000e+02
4.650000000000000000e+02
4.670000000000000000e+02
4.680000000000000000e+02
4.770000000000000000e+02
4.800000000000000000e+02
4.820000000000000000e+02
4.840000000000000000e+02
4.860000000000000000e+02
4.890000000000000000e+02
4.900000000000000000e+02
4.960000000000000000e+02
5.030000000000000000e+02
5.060000000000000000e+02
5.080000000000000000e+02
5.220000000000000000e+02
5.320000000000000000e+02
5.460000000000000000e+02
5.530000000000000000e+02
5.580000000000000000e+02
5.690000000000000000e+02
5.840000000000000000e+02
5.990000000000000000e+02
6.000000000000000000e+02
6.090000000000000000e+02
6.100000000000000000e+02
6.110000000000000000e+02
6.110000000000000000e+02
6.120000000000000000e+02
6.160000000000000000e+02
6.160000000000000000e+02
6.180000000000000000e+02
6.180000000000000000e+02
6.190000000000000000e+02
6.200000000000000000e+02
6.220000000000000000e+02
6.220000000000000000e+02
6.250000000000000000e+02
6.270000000000000000e+02
6.290000000000000000e+02
6.300000000000000000e+02
6.320000000000000000e+02
6.350000000000000000e+02
6.400000000000000000e+02
6.450000000000000000e+02
6.460000000000000000e+02
6.490000000000000000e+02
6.500000000000000000e+02
6.560000000000000000e+02
6.620000000000000000e+02
6.630000000000000000e+02
6.630000000000000000e+02
6.640000000000000000e+02
6.650000000000000000e+02
6.650000000000000000e+02
6.650000000000000000e+02
6.650000000000000000e+02
6.680000000000000000e+02
6.700000000000000000e+02
6.700000000000000000e+02
6.700000000000000000e+02
6.700000000000000000e+02
6.700000000000000000e+02
6.710000000000000000e+02
6.710000000000000000e+02
6.720000000000000000e+02
6.720000000000000000e+02
6.720000000000000000e+02
6.720000000000000000e+02
6.730000000000000000e+02
6.730000000000000000e+02
6.740000000000000000e+02
6.740000000000000000e+02
6.740000000000000000e+02
6.740000000000000000e+02
6.740000000000000000e+02
6.740000000000000000e+02
6.740000000000000000e+02
6.740000000000000000e+02
6.740000000000000000e+02
6.750000000000000000e+02
6.770000000000000000e+02
6.770000000000000000e+02
6.770000000000000000e+02
6.790000000000000000e+02
6.800000000000000000e+02
6.860000000000000000e+02
6.860000000000000000e+02
7.000000000000000000e+02
7.010000000000000000e+02
7.080000000000000000e+02
7.200000000000000000e+02
8.140000000000000000e+02
8.240000000000000000e+02
8.450000000000000000e+02
8.600000000000000000e+02
8.740000000000000000e+02
8.900000000000000000e+02
9.260000000000000000e+02
9.460000000000000000e+02
9.950000000000000000e+02
1.035000000000000000e+03
1.089000000000000000e+03
1.112000000000000000e+03
1.141000000000000000e+03
1.190000000000000000e+03
1.245000000000000000e+03
1.276000000000000000e+03
1.348000000000000000e+03
1.306000000000000000e+03
1.375000000000000000e+03
1.423000000000000000e+03
1.470000000000000000e+03
1.510000000000000000e+03
1.546000000000000000e+03
1.577000000000000000e+03
1.612000000000000000e+03
1.667000000000000000e+03
1.705000000000000000e+03
1.751000000000000000e+03
1.788000000000000000e+03
1.820000000000000000e+03
1.847000000000000000e+03
1.862000000000000000e+03
1.883000000000000000e+03
1.909000000000000000e+03
1.931000000000000000e+03
1.965000000000000000e+03
1.984000000000000000e+03
2.014000000000000000e+03
2.039000000000000000e+03
2.076000000000000000e+03
2.099000000000000000e+03
2.162000000000000000e+03
2.204000000000000000e+03
2.247000000000000000e+03
2.274000000000000000e+03
2.352000000000000000e+03
2.405000000000000000e+03
2.454000000000000000e+03
2.560000000000000000e+03
2.595000000000000000e+03
2.634000000000000000e+03
2.699000000000000000e+03
2.731000000000000000e+03
2.776000000000000000e+03
2.814000000000000000e+03
2.856000000000000000e+03
2.898000000000000000e+03
2.929000000000000000e+03
2.958000000000000000e+03
2.979000000000000000e+03
3.006000000000000000e+03
3.035000000000000000e+03
3.058000000000000000e+03
3.095000000000000000e+03
3.139000000000000000e+03
3.204000000000000000e+03
3.270000000000000000e+03
3.327000000000000000e+03
3.374000000000000000e+03
3.442000000000000000e+03
3.506000000000000000e+03
3.581000000000000000e+03
3.681000000000000000e+03
3.776000000000000000e+03
3.844000000000000000e+03
3.937000000000000000e+03
4.048000000000000000e+03
4.160000000000000000e+03
4.282000000000000000e+03
4.486000000000000000e+03
4.628000000000000000e+03
4.737000000000000000e+03
4.871000000000000000e+03
5.026000000000000000e+03
5.137000000000000000e+03
5.258000000000000000e+03
5.373000000000000000e+03
5.498000000000000000e+03
5.578000000000000000e+03
5.685000000000000000e+03
5.760000000000000000e+03
5.866000000000000000e+03
5.942000000000000000e+03
6.042000000000000000e+03
6.182000000000000000e+03
6.400000000000000000e+03
6.506000000000000000e+03
6.590000000000000000e+03
6.764000000000000000e+03
6.893000000000000000e+03
7.039000000000000000e+03
7.141000000000000000e+03
7.243000000000000000e+03
7.396000000000000000e+03
7.537000000000000000e+03
7.646000000000000000e+03
7.796000000000000000e+03
7.917000000000000000e+03
8.034000000000000000e+03
8.137000000000000000e+03
8.247000000000000000e+03
8.420000000000000000e+03
8.560000000000000000e+03
8.681000000000000000e+03
8.822000000000000000e+03
8.924000000000000000e+03
9.004000000000000000e+03
9.137000000000000000e+03
9.253000000000000000e+03
9.405000000000000000e+03
9.501000000000000000e+03
9.609000000000000000e+03
9.752000000000000000e+03
9.873000000000000000e+03
9.975000000000000000e+03
1.010100000000000000e+04
1.019700000000000000e+04
1.032000000000000000e+04
1.042300000000000000e+04
1.052000000000000000e+04
1.065900000000000000e+04
1.069900000000000000e+04
1.077800000000000000e+04
1.088400000000000000e+04
1.098000000000000000e+04
1.110100000000000000e+04
1.115300000000000000e+04
1.125400000000000000e+04
1.130300000000000000e+04
1.141500000000000000e+04
1.147500000000000000e+04
1.156900000000000000e+04
1.162100000000000000e+04
1.171400000000000000e+04
1.180200000000000000e+04
1.191000000000000000e+04
1.199200000000000000e+04
1.206200000000000000e+04
1.211200000000000000e+04
1.224100000000000000e+04
1.232500000000000000e+04
1.242600000000000000e+04
1.254100000000000000e+04
1.266500000000000000e+04
1.277400000000000000e+04
1.290900000000000000e+04
1.299700000000000000e+04
1.308200000000000000e+04
1.323000000000000000e+04
1.338800000000000000e+04
1.361200000000000000e+04
1.377600000000000000e+04
1.396700000000000000e+04
1.421200000000000000e+04
1.439600000000000000e+04
1.452900000000000000e+04
1.476900000000000000e+04
1.495800000000000000e+04
1.507900000000000000e+04
1.527200000000000000e+04
1.544700000000000000e+04
1.558800000000000000e+04
1.574200000000000000e+04
1.594200000000000000e+04
1.612900000000000000e+04
1.628000000000000000e+04
1.642300000000000000e+04
1.654200000000000000e+04
1.665800000000000000e+04
1.686100000000000000e+04
1.699900000000000000e+04
1.719200000000000000e+04
1.740000000000000000e+04
1.758500000000000000e+04
1.772100000000000000e+04
1.790300000000000000e+04
1.802700000000000000e+04
1.816800000000000000e+04
1.830600000000000000e+04
1.838500000000000000e+04
1.844200000000000000e+04
1.857600000000000000e+04
1.867600000000000000e+04
1.881300000000000000e+04
1.901500000000000000e+04
1.918200000000000000e+04
1.933300000000000000e+04
1.949700000000000000e+04
1.965100000000000000e+04
1.978900000000000000e+04
1.994500000000000000e+04
2.004700000000000000e+04
2.024600000000000000e+04
2.040900000000000000e+04
2.056300000000000000e+04
2.076200000000000000e+04
2.089200000000000000e+04
2.108500000000000000e+04
2.130600000000000000e+04
2.153200000000000000e+04
2.172400000000000000e+04
2.198200000000000000e+04
2.221900000000000000e+04
2.248200000000000000e+04
2.265700000000000000e+04
2.299300000000000000e+04
2.322600000000000000e+04
2.358800000000000000e+04
2.387100000000000000e+04
2.421600000000000000e+04
2.439800000000000000e+04
2.459900000000000000e+04
2.484700000000000000e+04
2.535700000000000000e+04
2.564000000000000000e+04
2.596900000000000000e+04
2.626700000000000000e+04
2.653500000000000000e+04
2.674800000000000000e+04
2.706100000000000000e+04
2.727200000000000000e+04
2.751500000000000000e+04
2.769400000000000000e+04
2.790400000000000000e+04
2.812800000000000000e+04
2.831900000000000000e+04
2.840900000000000000e+04
2.851000000000000000e+04
2.861200000000000000e+04
2.871500000000000000e+04
2.880800000000000000e+04
2.887500000000000000e+04
2.893800000000000000e+04
2.899300000000000000e+04
2.903300000000000000e+04
2.908500000000000000e+04
2.912700000000000000e+04
2.918900000000000000e+04
2.922300000000000000e+04
2.927900000000000000e+04
2.934300000000000000e+04
2.940800000000000000e+04
2.946300000000000000e+04
2.951100000000000000e+04
2.954800000000000000e+04
2.961400000000000000e+04
2.966100000000000000e+04
2.972000000000000000e+04
2.977800000000000000e+04
2.983300000000000000e+04
2.986000000000000000e+04
2.992700000000000000e+04
2.996600000000000000e+04
3.002600000000000000e+04
3.003900000000000000e+04
3.006300000000000000e+04
3.009600000000000000e+04
3.012900000000000000e+04
3.014900000000000000e+04
3.017400000000000000e+04
3.018900000000000000e+04
3.023400000000000000e+04
3.024900000000000000e+04
3.027600000000000000e+04
3.029200000000000000e+04
3.030700000000000000e+04
3.031900000000000000e+04
3.035400000000000000e+04
3.038100000000000000e+04
3.041100000000000000e+04
3.042000000000000000e+04
3.043200000000000000e+04
3.043800000000000000e+04
3.044700000000000000e+04
3.045800000000000000e+04
3.046400000000000000e+04
3.046900000000000000e+04
3.047300000000000000e+04
3.047400000000000000e+04
3.047800000000000000e+04
3.048000000000000000e+04
3.048400000000000000e+04
3.048600000000000000e+04
3.048900000000000000e+04
3.049100000000000000e+04
3.049700000000000000e+04
3.049900000000000000e+04
3.050400000000000000e+04
3.050600000000000000e+04
3.050900000000000000e+04
3.051600000000000000e+04
3.052000000000000000e+04
3.052600000000000000e+04
3.052900000000000000e+04
3.053300000000000000e+04
3.053500000000000000e+04
3.054300000000000000e+04
3.055300000000000000e+04
3.055700000000000000e+04
3.055900000000000000e+04
3.056800000000000000e+04
3.057100000000000000e+04
3.057100000000000000e+04
3.057200000000000000e+04
3.057300000000000000e+04
3.057700000000000000e+04
3.057900000000000000e+04
3.058100000000000000e+04
3.058100000000000000e+04
3.058200000000000000e+04
3.058200000000000000e+04
3.058500000000000000e+04
3.058500000000000000e+04
3.058800000000000000e+04
3.058800000000000000e+04
3.058900000000000000e+04
3.059000000000000000e+04
3.059500000000000000e+04
3.059500000000000000e+04
3.059800000000000000e+04
3.060300000000000000e+04
3.060600000000000000e+04
3.060600000000000000e+04
3.061200000000000000e+04
3.061800000000000000e+04
3.062300000000000000e+04
3.062700000000000000e+04
3.063300000000000000e+04
3.064000000000000000e+04
3.065200000000000000e+04
3.066400000000000000e+04
3.067500000000000000e+04
3.070000000000000000e+04
3.075500000000000000e+04
3.085100000000000000e+04
3.096000000000000000e+04
3.106100000000000000e+04
3.124000000000000000e+04
3.139400000000000000e+04
3.161200000000000000e+04
3.183400000000000000e+04
3.206900000000000000e+04
3.227500000000000000e+04
3.247000000000000000e+04
3.261600000000000000e+04
3.283300000000000000e+04
3.303200000000000000e+04
3.319800000000000000e+04
3.337000000000000000e+04
3.354100000000000000e+04
3.366800000000000000e+04
3.376200000000000000e+04
3.390400000000000000e+04
3.399500000000000000e+04
3.409000000000000000e+04
3.420100000000000000e+04
3.429500000000000000e+04
3.437500000000000000e+04
