0.000000000000000000e+00
0.000000000000000000e+00
0.000000000000000000e+00
0.000000000000000000e+00
0.000000000000000000e+00
0.000000000000000000e+00
0.000000000000000000e+00
0.000000000000000000e+00
0.000000000000000000e+00
0.000000000000000000e+00
0.000000000000000000e+00
0.000000000000000000e+00
0.000000000000000000e+00
0.000000000000000000e+00
0.000000000000000000e+00
0.000000000000000000e+00
0.000000000000000000e+00
0.000000000000000000e+00
0.000000000000000000e+00
0.000000000000000000e+00
0.000000000000000000e+00
0.000000000000000000e+00
0.000000000000000000e+00
0.000000000000000000e+00
0.000000000000000000e+00
0.000000000000000000e+00
0.000000000000000000e+00
0.000000000000000000e+00
0.000000000000000000e+00
0.000000000000000000e+00
0.000000000000000000e+00
0.000000000000000000e+00
0.000000000000000000e+00
0.000000000000000000e+00
0.000000000000000000e+00
0.000000000000000000e+00
0.000000000000000000e+00
0.000000000000000000e+00
0.000000000000000000e+00
0.000000000000000000e+00
0.000000000000000000e+00
0.000000000000000000e+00
0.000000000000000000e+00
0.000000000000000000e+00
0.000000000000000000e+00
0.000000000000000000e+00
0.000000000000000000e+00
0.000000000000000000e+00
0.000000000000000000e+00
0.000000000000000000e+00
0.000000000000000000e+00
0.000000000000000000e+00
0.000000000000000000e+00
0.000000000000000000e+00
0.000000000000000000e+00
0.000000000000000000e+00
0.000000000000000000e+00
0.000000000000000000e+00
0.000000000000000000e+00
0.000000000000000000e+00
0.000000000000000000e+00
0.000000000000000000e+00
0.000000000000000000e+00
2.000000000000000000e+00
2.000000000000000000e+00
2.000000000000000000e+00
2.000000000000000000e+00
2.000000000000000000e+00
8.000000000000000000e+00
8.000000000000000000e+00
9.000000000000000000e+00
9.000000000000000000e+00
1.500000000000000000e+01
1.800000000000000000e+01
1.800000000000000000e+01
1.800000000000000000e+01
3.300000000000000000e+01
3.300000000000000000e+01
3.600000000000000000e+01
3.600000000000000000e+01
3.800000000000000000e+01
3.800000000000000000e+01
3.800000000000000000e+01
3.800000000000000000e+01
4.300000000000000000e+01
4.300000000000000000e+01
4.300000000000000000e+01
4.600000000000000000e+01
5.000000000000000000e+01
5.000000000000000000e+01
5.000000000000000000e+01
5.000000000000000000e+01
5.000000000000000000e+01
5.200000000000000000e+01
5.200000000000000000e+01
5.300000000000000000e+01
7.300000000000000000e+01
7.300000000000000000e+01
2.050000000000000000e+02
2.050000000000000000e+02
2.570000000000000000e+02
2.570000000000000000e+02
2.570000000000000000e+02
4.130000000000000000e+02
4.130000000000000000e+02
4.750000000000000000e+02
5.640000000000000000e+02
5.940000000000000000e+02
6.410000000000000000e+02
7.260000000000000000e+02
7.610000000000000000e+02
8.200000000000000000e+02
8.360000000000000000e+02
9.130000000000000000e+02
9.130000000000000000e+02
9.690000000000000000e+02
9.900000000000000000e+02
1.032000000000000000e+03
1.038000000000000000e+03
1.089000000000000000e+03
1.109000000000000000e+03
1.114000000000000000e+03
1.114000000000000000e+03
1.114000000000000000e+03
1.178000000000000000e+03
1.178000000000000000e+03
1.195000000000000000e+03
1.195000000000000000e+03
1.256000000000000000e+03
1.256000000000000000e+03
1.256000000000000000e+03
1.339000000000000000e+03
1.339000000000000000e+03
1.339000000000000000e+03
1.339000000000000000e+03
1.368000000000000000e+03
1.368000000000000000e+03
1.368000000000000000e+03
1.389000000000000000e+03
1.389000000000000000e+03
1.389000000000000000e+03
1.389000000000000000e+03
1.460000000000000000e+03
1.460000000000000000e+03
1.460000000000000000e+03
1.492000000000000000e+03
1.492000000000000000e+03
1.492000000000000000e+03
1.492000000000000000e+03
1.541000000000000000e+03
1.541000000000000000e+03
1.541000000000000000e+03
1.556000000000000000e+03
1.556000000000000000e+03
1.556000000000000000e+03
1.556000000000000000e+03
1.614000000000000000e+03
1.614000000000000000e+03
1.614000000000000000e+03
1.654000000000000000e+03
1.654000000000000000e+03
1.654000000000000000e+03
1.654000000000000000e+03
1.765000000000000000e+03
1.765000000000000000e+03
1.765000000000000000e+03
1.790000000000000000e+03
1.790000000000000000e+03
1.790000000000000000e+03
1.790000000000000000e+03
1.842000000000000000e+03
1.842000000000000000e+03
1.842000000000000000e+03
1.842000000000000000e+03
1.842000000000000000e+03
1.842000000000000000e+03
1.902000000000000000e+03
1.927000000000000000e+03
1.949000000000000000e+03
1.949000000000000000e+03
1.949000000000000000e+03
1.954000000000000000e+03
1.954000000000000000e+03
1.954000000000000000e+03
1.954000000000000000e+03
1.954000000000000000e+03
1.954000000000000000e+03
1.954000000000000000e+03
1.954000000000000000e+03
1.954000000000000000e+03
1.981000000000000000e+03
1.981000000000000000e+03
1.981000000000000000e+03
1.981000000000000000e+03
1.981000000000000000e+03
1.981000000000000000e+03
2.032000000000000000e+03
2.032000000000000000e+03
2.032000000000000000e+03
2.052000000000000000e+03
2.052000000000000000e+03
2.052000000000000000e+03
2.088000000000000000e+03
2.088000000000000000e+03
2.088000000000000000e+03
2.088000000000000000e+03
2.117000000000000000e+03
2.117000000000000000e+03
2.117000000000000000e+03
2.117000000000000000e+03
2.117000000000000000e+03
2.149000000000000000e+03
2.149000000000000000e+03
2.149000000000000000e+03
2.149000000000000000e+03
2.149000000000000000e+03
2.149000000000000000e+03
2.205000000000000000e+03
2.205000000000000000e+03
2.205000000000000000e+03
2.205000000000000000e+03
2.205000000000000000e+03
2.205000000000000000e+03
2.205000000000000000e+03
2.205000000000000000e+03
2.205000000000000000e+03
2.245000000000000000e+03
2.245000000000000000e+03
2.245000000000000000e+03
2.245000000000000000e+03
2.245000000000000000e+03
2.245000000000000000e+03
2.275000000000000000e+03
2.275000000000000000e+03
2.275000000000000000e+03
2.275000000000000000e+03
2.275000000000000000e+03
2.275000000000000000e+03
2.275000000000000000e+03
2.275000000000000000e+03
2.303000000000000000e+03
2.303000000000000000e+03
2.303000000000000000e+03
2.303000000000000000e+03
2.324000000000000000e+03
2.324000000000000000e+03
2.324000000000000000e+03
2.324000000000000000e+03
2.324000000000000000e+03
2.324000000000000000e+03
2.324000000000000000e+03
2.324000000000000000e+03
2.324000000000000000e+03
2.324000000000000000e+03
2.362000000000000000e+03
2.362000000000000000e+03
2.362000000000000000e+03
2.385000000000000000e+03
2.385000000000000000e+03
2.385000000000000000e+03
2.385000000000000000e+03
2.385000000000000000e+03
2.385000000000000000e+03
2.385000000000000000e+03
2.389000000000000000e+03
2.389000000000000000e+03
2.389000000000000000e+03
2.389000000000000000e+03
2.389000000000000000e+03
2.389000000000000000e+03
2.389000000000000000e+03
2.403000000000000000e+03
2.403000000000000000e+03
2.403000000000000000e+03
2.403000000000000000e+03
2.403000000000000000e+03
2.403000000000000000e+03
2.403000000000000000e+03
2.403000000000000000e+03
2.403000000000000000e+03
2.403000000000000000e+03
2.403000000000000000e+03
2.403000000000000000e+03
2.413000000000000000e+03
2.413000000000000000e+03
2.413000000000000000e+03
2.413000000000000000e+03
2.414000000000000000e+03
2.414000000000000000e+03
2.414000000000000000e+03
2.414000000000000000e+03
2.414000000000000000e+03
2.419000000000000000e+03
2.419000000000000000e+03
2.419000000000000000e+03
2.419000000000000000e+03
2.419000000000000000e+03
2.419000000000000000e+03
2.419000000000000000e+03
2.419000000000000000e+03
2.419000000000000000e+03
2.421000000000000000e+03
2.421000000000000000e+03
2.421000000000000000e+03
2.421000000000000000e+03
2.421000000000000000e+03
2.422000000000000000e+03
2.422000000000000000e+03
2.422000000000000000e+03
2.422000000000000000e+03
2.422000000000000000e+03
2.422000000000000000e+03
2.422000000000000000e+03
2.441000000000000000e+03
2.441000000000000000e+03
2.441000000000000000e+03
2.441000000000000000e+03
2.441000000000000000e+03
2.441000000000000000e+03
2.441000000000000000e+03
2.444000000000000000e+03
2.444000000000000000e+03
2.444000000000000000e+03
2.444000000000000000e+03
2.444000000000000000e+03
2.444000000000000000e+03
2.444000000000000000e+03
2.444000000000000000e+03
2.447000000000000000e+03
2.447000000000000000e+03
2.447000000000000000e+03
2.447000000000000000e+03
2.447000000000000000e+03
2.447000000000000000e+03
2.447000000000000000e+03
2.447000000000000000e+03
2.447000000000000000e+03
2.447000000000000000e+03
2.447000000000000000e+03
2.447000000000000000e+03
2.447000000000000000e+03
2.447000000000000000e+03
2.452000000000000000e+03
2.452000000000000000e+03
2.452000000000000000e+03
2.452000000000000000e+03
2.452000000000000000e+03
2.455000000000000000e+03
2.455000000000000000e+03
2.455000000000000000e+03
2.455000000000000000e+03
2.455000000000000000e+03
2.455000000000000000e+03
2.455000000000000000e+03
2.478000000000000000e+03
2.478000000000000000e+03
2.478000000000000000e+03
2.478000000000000000e+03
2.478000000000000000e+03
2.478000000000000000e+03
2.478000000000000000e+03
2.509000000000000000e+03
2.509000000000000000e+03
2.510000000000000000e+03
2.510000000000000000e+03
2.510000000000000000e+03
2.510000000000000000e+03
2.510000000000000000e+03
2.532000000000000000e+03
2.532000000000000000e+03
2.532000000000000000e+03
2.532000000000000000e+03
2.532000000000000000e+03
2.532000000000000000e+03
2.532000000000000000e+03
2.634000000000000000e+03
2.634000000000000000e+03
2.634000000000000000e+03
2.662000000000000000e+03
2.662000000000000000e+03
2.752000000000000000e+03
2.772000000000000000e+03
2.780000000000000000e+03
2.780000000000000000e+03
2.810000000000000000e+03
2.826000000000000000e+03
2.848000000000000000e+03
2.869000000000000000e+03
2.885000000000000000e+03
2.924000000000000000e+03
2.924000000000000000e+03
2.950000000000000000e+03
2.999000000000000000e+03
3.025000000000000000e+03
3.064000000000000000e+03
3.091000000000000000e+03
3.115000000000000000e+03
3.115000000000000000e+03
3.156000000000000000e+03
3.171000000000000000e+03
3.215000000000000000e+03
3.241000000000000000e+03
3.247000000000000000e+03
3.262000000000000000e+03
3.262000000000000000e+03
3.271000000000000000e+03
3.282000000000000000e+03
3.301000000000000000e+03
3.303000000000000000e+03
3.312000000000000000e+03
3.312000000000000000e+03
3.312000000000000000e+03
3.319000000000000000e+03
3.327000000000000000e+03
3.380000000000000000e+03
3.398000000000000000e+03
3.436000000000000000e+03
3.447000000000000000e+03
3.447000000000000000e+03
3.469000000000000000e+03
3.488000000000000000e+03
3.518000000000000000e+03
3.536000000000000000e+03
3.558000000000000000e+03
3.568000000000000000e+03
3.568000000000000000e+03
3.586000000000000000e+03
3.591000000000000000e+03
3.607000000000000000e+03
3.615000000000000000e+03
3.630000000000000000e+03
3.634000000000000000e+03
3.634000000000000000e+03
3.647000000000000000e+03
3.650000000000000000e+03
3.661000000000000000e+03
3.661000000000000000e+03
3.661000000000000000e+03
3.662000000000000000e+03
3.662000000000000000e+03
3.662000000000000000e+03
3.663000000000000000e+03
3.664000000000000000e+03
3.675000000000000000e+03
3.678000000000000000e+03
3.680000000000000000e+03
3.680000000000000000e+03
3.693000000000000000e+03
3.694000000000000000e+03
3.706000000000000000e+03
3.710000000000000000e+03
3.710000000000000000e+03
3.712000000000000000e+03
3.712000000000000000e+03
3.713000000000000000e+03
3.713000000000000000e+03
3.721000000000000000e+03
3.722000000000000000e+03
3.724000000000000000e+03
3.726000000000000000e+03
3.726000000000000000e+03
3.731000000000000000e+03
3.731000000000000000e+03
3.733000000000000000e+03
3.734000000000000000e+03
3.736000000000000000e+03
3.736000000000000000e+03
3.736000000000000000e+03
3.737000000000000000e+03
3.738000000000000000e+03
3.738000000000000000e+03
3.739000000000000000e+03
3.739000000000000000e+03
3.741000000000000000e+03
3.741000000000000000e+03
3.741000000000000000e+03
3.741000000000000000e+03
3.743000000000000000e+03
3.745000000000000000e+03
3.746000000000000000e+03
3.746000000000000000e+03
3.746000000000000000e+03
3.746000000000000000e+03
3.746000000000000000e+03
3.746000000000000000e+03
3.749000000000000000e+03
3.749000000000000000e+03
3.751000000000000000e+03
3.751000000000000000e+03
3.753000000000000000e+03
3.753000000000000000e+03
3.756000000000000000e+03
3.760000000000000000e+03
3.761000000000000000e+03
3.766000000000000000e+03
3.766000000000000000e+03
3.770000000000000000e+03
3.783000000000000000e+03
3.784000000000000000e+03
3.787000000000000000e+03
3.787000000000000000e+03
3.787000000000000000e+03
3.787000000000000000e+03
3.790000000000000000e+03
3.794000000000000000e+03
3.800000000000000000e+03
3.802000000000000000e+03
3.802000000000000000e+03
3.803000000000000000e+03
3.803000000000000000e+03
3.803000000000000000e+03
3.810000000000000000e+03
3.819000000000000000e+03
3.824000000000000000e+03
3.825000000000000000e+03
3.825000000000000000e+03
3.825000000000000000e+03
3.834000000000000000e+03
3.839000000000000000e+03
3.844000000000000000e+03
3.845000000000000000e+03
3.846000000000000000e+03
3.846000000000000000e+03
3.846000000000000000e+03
3.853000000000000000e+03
3.859000000000000000e+03
3.869000000000000000e+03
3.880000000000000000e+03
3.881000000000000000e+03
3.881000000000000000e+03
3.881000000000000000e+03
3.901000000000000000e+03
3.906000000000000000e+03
3.921000000000000000e+03
3.934000000000000000e+03
3.940000000000000000e+03
3.947000000000000000e+03
3.947000000000000000e+03
3.961000000000000000e+03
3.969000000000000000e+03
3.998000000000000000e+03
4.034000000000000000e+03
4.044000000000000000e+03
4.052000000000000000e+03
4.052000000000000000e+03
4.087000000000000000e+03
4.108000000000000000e+03
4.117000000000000000e+03
4.148000000000000000e+03
4.208000000000000000e+03
4.212000000000000000e+03
4.212000000000000000e+03
4.281000000000000000e+03
4.334000000000000000e+03
4.387000000000000000e+03
4.451000000000000000e+03
4.479000000000000000e+03
4.498000000000000000e+03
