2.000000000000000000e+00
2.000000000000000000e+00
2.000000000000000000e+00
2.000000000000000000e+00
4.000000000000000000e+00
4.000000000000000000e+00
7.000000000000000000e+00
7.000000000000000000e+00
1.100000000000000000e+01
1.500000000000000000e+01
2.000000000000000000e+01
2.000000000000000000e+01
2.000000000000000000e+01
2.200000000000000000e+01
2.300000000000000000e+01
2.300000000000000000e+01
2.300000000000000000e+01
2.400000000000000000e+01
2.400000000000000000e+01
2.600000000000000000e+01
2.700000000000000000e+01
2.800000000000000000e+01
3.300000000000000000e+01
4.300000000000000000e+01
5.400000000000000000e+01
6.000000000000000000e+01
6.700000000000000000e+01
7.900000000000000000e+01
8.500000000000000000e+01
9.500000000000000000e+01
1.120000000000000000e+02
1.370000000000000000e+02
1.490000000000000000e+02
1.600000000000000000e+02
1.730000000000000000e+02
1.920000000000000000e+02
2.180000000000000000e+02
2.360000000000000000e+02
2.450000000000000000e+02
2.590000000000000000e+02
2.780000000000000000e+02
2.980000000000000000e+02
3.330000000000000000e+02
3.650000000000000000e+02
4.200000000000000000e+02
4.660000000000000000e+02
4.990000000000000000e+02
5.270000000000000000e+02
5.850000000000000000e+02
6.400000000000000000e+02
6.960000000000000000e+02
7.330000000000000000e+02
7.950000000000000000e+02
8.260000000000000000e+02
8.430000000000000000e+02
8.930000000000000000e+02
9.280000000000000000e+02
9.680000000000000000e+02
1.022000000000000000e+03
1.059000000000000000e+03
1.104000000000000000e+03
1.144000000000000000e+03
1.217000000000000000e+03
1.314000000000000000e+03
1.416000000000000000e+03
1.530000000000000000e+03
1.728000000000000000e+03
1.907000000000000000e+03
2.001000000000000000e+03
2.255000000000000000e+03
2.535000000000000000e+03
2.818000000000000000e+03
3.154000000000000000e+03
3.525000000000000000e+03
3.876000000000000000e+03
4.110000000000000000e+03
4.485000000000000000e+03
5.020000000000000000e+03
5.614000000000000000e+03
6.250000000000000000e+03
6.951000000000000000e+03
7.473000000000000000e+03
7.773000000000000000e+03
8.277000000000000000e+03
8.835000000000000000e+03
9.398000000000000000e+03
9.958000000000000000e+03
1.054800000000000000e+04
1.091400000000000000e+04
1.125800000000000000e+04
1.164100000000000000e+04
1.203700000000000000e+04
1.246900000000000000e+04
1.285400000000000000e+04
1.318600000000000000e+04
1.340500000000000000e+04
1.357600000000000000e+04
1.386000000000000000e+04
1.407600000000000000e+04
1.428400000000000000e+04
1.455800000000000000e+04
1.486100000000000000e+04
1.506100000000000000e+04
1.522900000000000000e+04
1.535400000000000000e+04
1.545500000000000000e+04
1.555300000000000000e+04
1.564000000000000000e+04
1.575500000000000000e+04
1.582400000000000000e+04
1.586100000000000000e+04
1.594800000000000000e+04
1.599800000000000000e+04
1.609600000000000000e+04
1.614800000000000000e+04
1.620200000000000000e+04
1.622600000000000000e+04
1.625900000000000000e+04
1.628700000000000000e+04
1.632100000000000000e+04
1.636200000000000000e+04
1.638500000000000000e+04
1.641000000000000000e+04
1.645100000000000000e+04
1.647200000000000000e+04
1.650200000000000000e+04
1.652800000000000000e+04
1.659800000000000000e+04
1.667300000000000000e+04
1.671600000000000000e+04
1.675100000000000000e+04
1.678700000000000000e+04
1.683700000000000000e+04
1.686700000000000000e+04
1.691100000000000000e+04
1.695800000000000000e+04
1.700000000000000000e+04
1.703900000000000000e+04
1.706000000000000000e+04
1.711100000000000000e+04
1.714600000000000000e+04
1.718700000000000000e+04
1.725000000000000000e+04
1.729300000000000000e+04
1.736900000000000000e+04
1.743900000000000000e+04
1.748400000000000000e+04
1.753000000000000000e+04
1.758800000000000000e+04
1.765800000000000000e+04
1.772500000000000000e+04
1.778000000000000000e+04
1.782000000000000000e+04
1.787900000000000000e+04
1.796300000000000000e+04
1.805500000000000000e+04
1.816200000000000000e+04
1.825400000000000000e+04
1.836600000000000000e+04
1.847600000000000000e+04
1.861500000000000000e+04
1.883800000000000000e+04
1.905500000000000000e+04
1.918500000000000000e+04
1.946100000000000000e+04
1.966800000000000000e+04
1.984800000000000000e+04
2.005500000000000000e+04
2.026100000000000000e+04
2.061700000000000000e+04
2.104400000000000000e+04
2.143000000000000000e+04
2.184100000000000000e+04
2.212500000000000000e+04
2.243700000000000000e+04
2.317200000000000000e+04
2.351000000000000000e+04
2.410400000000000000e+04
2.494600000000000000e+04
2.544600000000000000e+04
2.570600000000000000e+04
2.646300000000000000e+04
2.713600000000000000e+04
2.811400000000000000e+04
2.888300000000000000e+04
2.968400000000000000e+04
3.054800000000000000e+04
3.114200000000000000e+04
3.211600000000000000e+04
3.338200000000000000e+04
3.514400000000000000e+04
3.623400000000000000e+04
3.780400000000000000e+04
3.911600000000000000e+04
4.009900000000000000e+04
4.134700000000000000e+04
4.268600000000000000e+04
4.416700000000000000e+04
4.576400000000000000e+04
4.734200000000000000e+04
4.878200000000000000e+04
4.961700000000000000e+04
5.030200000000000000e+04
5.128800000000000000e+04
5.247100000000000000e+04
5.381800000000000000e+04
5.505100000000000000e+04
5.607400000000000000e+04
5.671700000000000000e+04
5.763600000000000000e+04
5.872800000000000000e+04
5.990000000000000000e+04
6.094900000000000000e+04
6.191600000000000000e+04
6.265800000000000000e+04
6.315800000000000000e+04
6.388800000000000000e+04
6.477900000000000000e+04
6.565300000000000000e+04
6.649900000000000000e+04
6.735300000000000000e+04
6.795800000000000000e+04
6.839600000000000000e+04
6.902300000000000000e+04
6.961900000000000000e+04
7.027800000000000000e+04
7.086600000000000000e+04
7.146700000000000000e+04
7.191800000000000000e+04
7.221300000000000000e+04
7.272400000000000000e+04
7.326400000000000000e+04
7.391600000000000000e+04
7.455800000000000000e+04
7.520600000000000000e+04
7.564600000000000000e+04
7.591400000000000000e+04
7.644600000000000000e+04
7.699700000000000000e+04
7.748800000000000000e+04
7.806100000000000000e+04
7.866200000000000000e+04
7.914200000000000000e+04
7.946200000000000000e+04
7.977300000000000000e+04
8.000900000000000000e+04
8.049000000000000000e+04
8.105400000000000000e+04
8.170300000000000000e+04
8.218600000000000000e+04
8.248400000000000000e+04
8.302200000000000000e+04
8.359100000000000000e+04
8.424400000000000000e+04
8.476800000000000000e+04
8.534500000000000000e+04
8.574600000000000000e+04
8.602700000000000000e+04
8.654000000000000000e+04
8.703900000000000000e+04
8.767900000000000000e+04
8.826700000000000000e+04
8.896200000000000000e+04
8.940000000000000000e+04
8.965200000000000000e+04
9.015300000000000000e+04
9.069400000000000000e+04
9.140200000000000000e+04
9.204400000000000000e+04
9.267000000000000000e+04
9.309800000000000000e+04
9.340800000000000000e+04
9.389500000000000000e+04
9.451500000000000000e+04
9.513400000000000000e+04
9.586800000000000000e+04
9.659900000000000000e+04
9.709500000000000000e+04
9.750300000000000000e+04
9.814600000000000000e+04
9.887700000000000000e+04
9.967400000000000000e+04
1.004500000000000000e+05
1.013270000000000000e+05
1.019430000000000000e+05
1.024310000000000000e+05
1.033090000000000000e+05
1.039280000000000000e+05
1.049640000000000000e+05
1.061360000000000000e+05
1.074390000000000000e+05
1.083940000000000000e+05
1.091910000000000000e+05
1.104870000000000000e+05
1.120110000000000000e+05
1.136550000000000000e+05
1.153600000000000000e+05
1.171130000000000000e+05
1.186110000000000000e+05
1.195570000000000000e+05
1.212470000000000000e+05
1.234770000000000000e+05
1.258590000000000000e+05
1.282850000000000000e+05
1.308710000000000000e+05
1.330340000000000000e+05
1.345540000000000000e+05
1.357860000000000000e+05
1.377350000000000000e+05
1.402250000000000000e+05
1.427780000000000000e+05
1.454570000000000000e+05
1.475150000000000000e+05
1.489620000000000000e+05
1.509760000000000000e+05
1.534320000000000000e+05
1.559380000000000000e+05
1.583870000000000000e+05
1.608700000000000000e+05
1.629170000000000000e+05
1.644340000000000000e+05
1.665920000000000000e+05
1.694290000000000000e+05
1.724060000000000000e+05
1.753100000000000000e+05
1.782720000000000000e+05
1.806390000000000000e+05
1.823110000000000000e+05
1.847520000000000000e+05
1.877510000000000000e+05
1.909500000000000000e+05
1.937530000000000000e+05
1.968150000000000000e+05
1.992700000000000000e+05
2.010740000000000000e+05
2.037320000000000000e+05
2.070070000000000000e+05
2.107690000000000000e+05
2.145750000000000000e+05
2.184670000000000000e+05
2.214120000000000000e+05
2.237860000000000000e+05
2.274150000000000000e+05
2.312710000000000000e+05
2.358110000000000000e+05
2.390680000000000000e+05
2.420970000000000000e+05
2.452930000000000000e+05
2.486250000000000000e+05
2.535710000000000000e+05
2.595210000000000000e+05
2.670840000000000000e+05
2.749470000000000000e+05
2.827370000000000000e+05
2.888180000000000000e+05
2.937460000000000000e+05
2.983210000000000000e+05
3.041400000000000000e+05
3.107340000000000000e+05
3.178710000000000000e+05
3.249420000000000000e+05
3.307150000000000000e+05
3.356050000000000000e+05
3.409890000000000000e+05
3.465080000000000000e+05
3.521290000000000000e+05
3.571740000000000000e+05
3.619280000000000000e+05
3.658990000000000000e+05
3.686840000000000000e+05
3.725450000000000000e+05
3.764820000000000000e+05
3.806440000000000000e+05
3.841800000000000000e+05
3.874990000000000000e+05
3.901660000000000000e+05
3.919560000000000000e+05
3.942690000000000000e+05
3.969000000000000000e+05
3.994920000000000000e+05
4.018580000000000000e+05
4.041280000000000000e+05
4.057650000000000000e+05
4.069920000000000000e+05
4.085500000000000000e+05
4.104340000000000000e+05
4.121250000000000000e+05
4.134410000000000000e+05
4.148030000000000000e+05
4.161540000000000000e+05
4.171270000000000000e+05
4.184350000000000000e+05
4.198960000000000000e+05
4.214210000000000000e+05
4.227180000000000000e+05
4.239520000000000000e+05
4.249880000000000000e+05
4.257250000000000000e+05
4.268280000000000000e+05
4.277320000000000000e+05
4.288160000000000000e+05
4.298730000000000000e+05
4.310930000000000000e+05
4.320900000000000000e+05
4.327780000000000000e+05
4.337000000000000000e+05
4.349440000000000000e+05
4.360930000000000000e+05
4.372220000000000000e+05
4.376340000000000000e+05
4.393560000000000000e+05
4.399770000000000000e+05
4.411520000000000000e+05
4.424110000000000000e+05
4.437140000000000000e+05
4.449770000000000000e+05
4.463120000000000000e+05
4.472870000000000000e+05
4.480000000000000000e+05
4.491420000000000000e+05
4.506870000000000000e+05
4.521470000000000000e+05
4.536160000000000000e+05
4.552120000000000000e+05
4.563180000000000000e+05
4.571040000000000000e+05
4.586210000000000000e+05
4.605950000000000000e+05
4.625060000000000000e+05
4.644830000000000000e+05
4.665630000000000000e+05
4.683460000000000000e+05
4.696360000000000000e+05
4.717770000000000000e+05
4.746410000000000000e+05
4.772390000000000000e+05
4.799530000000000000e+05
4.827040000000000000e+05
4.852260000000000000e+05
4.867920000000000000e+05
4.894070000000000000e+05
4.928600000000000000e+05
4.963510000000000000e+05
4.998310000000000000e+05
5.035370000000000000e+05
5.062370000000000000e+05
5.083500000000000000e+05
5.117990000000000000e+05
5.172810000000000000e+05
5.217960000000000000e+05
5.263070000000000000e+05
5.311090000000000000e+05
5.352200000000000000e+05
5.374940000000000000e+05
5.424670000000000000e+05
5.478360000000000000e+05
5.533620000000000000e+05
5.583760000000000000e+05
5.639980000000000000e+05
5.686210000000000000e+05
5.719040000000000000e+05
5.768700000000000000e+05
5.806660000000000000e+05
5.885800000000000000e+05
5.932640000000000000e+05
5.992530000000000000e+05
6.051500000000000000e+05
6.096250000000000000e+05
6.138220000000000000e+05
6.178900000000000000e+05
6.222730000000000000e+05
6.283190000000000000e+05
6.355680000000000000e+05
6.421460000000000000e+05
6.470030000000000000e+05
6.533630000000000000e+05
6.608840000000000000e+05
6.672510000000000000e+05
6.735390000000000000e+05
6.798700000000000000e+05
6.851350000000000000e+05
6.888730000000000000e+05
6.940770000000000000e+05
6.999310000000000000e+05
7.056410000000000000e+05
7.108950000000000000e+05
7.158800000000000000e+05
7.199250000000000000e+05
7.226680000000000000e+05
7.265860000000000000e+05
7.310710000000000000e+05
7.352340000000000000e+05
7.389350000000000000e+05
7.425390000000000000e+05
7.453920000000000000e+05
7.471880000000000000e+05
7.498290000000000000e+05
7.528650000000000000e+05
7.557130000000000000e+05
7.582900000000000000e+05
7.609530000000000000e+05
7.629800000000000000e+05
7.641850000000000000e+05
7.660680000000000000e+05
7.683130000000000000e+05
7.703570000000000000e+05
7.722930000000000000e+05
7.742400000000000000e+05
7.756240000000000000e+05
7.765650000000000000e+05
7.779790000000000000e+05
7.796960000000000000e+05
7.812410000000000000e+05
7.828770000000000000e+05
7.843840000000000000e+05
7.857020000000000000e+05
7.865660000000000000e+05
7.880090000000000000e+05
7.897870000000000000e+05
7.914520000000000000e+05
7.931790000000000000e+05
7.948050000000000000e+05
7.960770000000000000e+05
7.970840000000000000e+05
7.984850000000000000e+05
8.003050000000000000e+05
8.020380000000000000e+05
8.038120000000000000e+05
8.056960000000000000e+05
8.071800000000000000e+05
8.082200000000000000e+05
8.099090000000000000e+05
8.120890000000000000e+05
8.143190000000000000e+05
8.165930000000000000e+05
8.190510000000000000e+05
8.210830000000000000e+05
8.225940000000000000e+05
8.249900000000000000e+05
8.282010000000000000e+05
8.316210000000000000e+05
8.350290000000000000e+05
8.389530000000000000e+05
8.420180000000000000e+05
8.443860000000000000e+05
8.482220000000000000e+05
8.531370000000000000e+05
8.585030000000000000e+05
8.625850000000000000e+05
8.663250000000000000e+05
8.713600000000000000e+05
8.760590000000000000e+05
8.837670000000000000e+05
8.934420000000000000e+05
9.041260000000000000e+05
9.147180000000000000e+05
9.270580000000000000e+05
9.373480000000000000e+05
