2.000000000000000000e+00
0.000000000000000000e+00
0.000000000000000000e+00
0.000000000000000000e+00
2.000000000000000000e+00
0.000000000000000000e+00
3.000000000000000000e+00
0.000000000000000000e+00
4.000000000000000000e+00
4.000000000000000000e+00
5.000000000000000000e+00
0.000000000000000000e+00
0.000000000000000000e+00
2.000000000000000000e+00
1.000000000000000000e+00
0.000000000000000000e+00
0.000000000000000000e+00
1.000000000000000000e+00
0.000000000000000000e+00
2.000000000000000000e+00
1.000000000000000000e+00
1.000000000000000000e+00
5.000000000000000000e+00
1.000000000000000000e+01
1.100000000000000000e+01
6.000000000000000000e+00
7.000000000000000000e+00
1.200000000000000000e+01
6.000000000000000000e+00
1.000000000000000000e+01
1.700000000000000000e+01
2.500000000000000000e+01
1.200000000000000000e+01
1.100000000000000000e+01
1.300000000000000000e+01
1.900000000000000000e+01
2.600000000000000000e+01
1.800000000000000000e+01
9.000000000000000000e+00
1.400000000000000000e+01
1.900000000000000000e+01
2.000000000000000000e+01
3.500000000000000000e+01
3.200000000000000000e+01
5.500000000000000000e+01
4.600000000000000000e+01
3.300000000000000000e+01
2.800000000000000000e+01
5.800000000000000000e+01
5.500000000000000000e+01
5.600000000000000000e+01
3.700000000000000000e+01
6.200000000000000000e+01
3.100000000000000000e+01
1.700000000000000000e+01
5.000000000000000000e+01
3.500000000000000000e+01
4.000000000000000000e+01
5.400000000000000000e+01
3.700000000000000000e+01
4.500000000000000000e+01
4.000000000000000000e+01
7.300000000000000000e+01
9.700000000000000000e+01
1.020000000000000000e+02
1.140000000000000000e+02
1.980000000000000000e+02
1.790000000000000000e+02
9.400000000000000000e+01
2.540000000000000000e+02
2.800000000000000000e+02
2.830000000000000000e+02
3.360000000000000000e+02
3.710000000000000000e+02
3.510000000000000000e+02
2.340000000000000000e+02
3.750000000000000000e+02
5.350000000000000000e+02
5.940000000000000000e+02
6.360000000000000000e+02
7.010000000000000000e+02
5.220000000000000000e+02
3.000000000000000000e+02
5.040000000000000000e+02
5.580000000000000000e+02
5.630000000000000000e+02
5.600000000000000000e+02
5.900000000000000000e+02
3.660000000000000000e+02
3.440000000000000000e+02
3.830000000000000000e+02
3.960000000000000000e+02
4.320000000000000000e+02
3.850000000000000000e+02
3.320000000000000000e+02
2.190000000000000000e+02
1.710000000000000000e+02
2.840000000000000000e+02
2.160000000000000000e+02
2.080000000000000000e+02
2.740000000000000000e+02
3.030000000000000000e+02
2.000000000000000000e+02
1.680000000000000000e+02
1.250000000000000000e+02
1.010000000000000000e+02
9.800000000000000000e+01
8.700000000000000000e+01
1.150000000000000000e+02
6.900000000000000000e+01
3.700000000000000000e+01
8.700000000000000000e+01
5.000000000000000000e+01
9.800000000000000000e+01
5.200000000000000000e+01
5.400000000000000000e+01
2.400000000000000000e+01
3.300000000000000000e+01
2.800000000000000000e+01
3.400000000000000000e+01
4.100000000000000000e+01
2.300000000000000000e+01
2.500000000000000000e+01
4.100000000000000000e+01
2.100000000000000000e+01
3.000000000000000000e+01
2.600000000000000000e+01
7.000000000000000000e+01
7.500000000000000000e+01
4.300000000000000000e+01
3.500000000000000000e+01
3.600000000000000000e+01
5.000000000000000000e+01
3.000000000000000000e+01
4.400000000000000000e+01
4.700000000000000000e+01
4.200000000000000000e+01
3.900000000000000000e+01
2.100000000000000000e+01
5.100000000000000000e+01
3.500000000000000000e+01
4.100000000000000000e+01
6.300000000000000000e+01
4.300000000000000000e+01
7.600000000000000000e+01
7.000000000000000000e+01
4.500000000000000000e+01
4.600000000000000000e+01
5.800000000000000000e+01
7.000000000000000000e+01
6.700000000000000000e+01
5.500000000000000000e+01
4.000000000000000000e+01
5.900000000000000000e+01
8.400000000000000000e+01
9.200000000000000000e+01
1.070000000000000000e+02
9.200000000000000000e+01
1.120000000000000000e+02
1.100000000000000000e+02
1.390000000000000000e+02
2.230000000000000000e+02
2.170000000000000000e+02
1.300000000000000000e+02
2.760000000000000000e+02
2.070000000000000000e+02
1.800000000000000000e+02
2.070000000000000000e+02
2.060000000000000000e+02
3.560000000000000000e+02
4.270000000000000000e+02
3.860000000000000000e+02
4.110000000000000000e+02
2.840000000000000000e+02
3.120000000000000000e+02
7.350000000000000000e+02
3.380000000000000000e+02
5.940000000000000000e+02
8.420000000000000000e+02
5.000000000000000000e+02
2.600000000000000000e+02
7.570000000000000000e+02
6.730000000000000000e+02
9.780000000000000000e+02
7.690000000000000000e+02
8.010000000000000000e+02
8.640000000000000000e+02
5.940000000000000000e+02
9.740000000000000000e+02
1.266000000000000000e+03
1.762000000000000000e+03
1.090000000000000000e+03
1.570000000000000000e+03
1.312000000000000000e+03
9.830000000000000000e+02
1.248000000000000000e+03
1.339000000000000000e+03
1.481000000000000000e+03
1.597000000000000000e+03
1.578000000000000000e+03
1.440000000000000000e+03
8.350000000000000000e+02
6.850000000000000000e+02
9.860000000000000000e+02
1.183000000000000000e+03
1.347000000000000000e+03
1.233000000000000000e+03
1.023000000000000000e+03
6.430000000000000000e+02
9.190000000000000000e+02
1.092000000000000000e+03
1.172000000000000000e+03
1.049000000000000000e+03
9.670000000000000000e+02
7.420000000000000000e+02
5.000000000000000000e+02
7.300000000000000000e+02
8.910000000000000000e+02
8.740000000000000000e+02
8.460000000000000000e+02
8.540000000000000000e+02
6.050000000000000000e+02
4.380000000000000000e+02
6.270000000000000000e+02
5.960000000000000000e+02
6.590000000000000000e+02
5.880000000000000000e+02
6.010000000000000000e+02
4.510000000000000000e+02
2.950000000000000000e+02
5.110000000000000000e+02
5.400000000000000000e+02
6.520000000000000000e+02
6.420000000000000000e+02
6.480000000000000000e+02
4.400000000000000000e+02
2.680000000000000000e+02
5.320000000000000000e+02
5.510000000000000000e+02
4.910000000000000000e+02
5.730000000000000000e+02
6.010000000000000000e+02
4.800000000000000000e+02
3.200000000000000000e+02
3.110000000000000000e+02
2.360000000000000000e+02
4.810000000000000000e+02
5.640000000000000000e+02
6.490000000000000000e+02
4.830000000000000000e+02
2.980000000000000000e+02
5.380000000000000000e+02
5.690000000000000000e+02
6.530000000000000000e+02
5.240000000000000000e+02
5.770000000000000000e+02
4.010000000000000000e+02
2.810000000000000000e+02
5.130000000000000000e+02
4.990000000000000000e+02
6.400000000000000000e+02
5.880000000000000000e+02
6.950000000000000000e+02
4.380000000000000000e+02
2.520000000000000000e+02
5.010000000000000000e+02
5.410000000000000000e+02
7.080000000000000000e+02
6.420000000000000000e+02
6.260000000000000000e+02
4.280000000000000000e+02
3.100000000000000000e+02
4.870000000000000000e+02
6.200000000000000000e+02
6.190000000000000000e+02
7.340000000000000000e+02
7.310000000000000000e+02
4.960000000000000000e+02
4.080000000000000000e+02
6.430000000000000000e+02
7.310000000000000000e+02
7.970000000000000000e+02
7.760000000000000000e+02
8.770000000000000000e+02
6.160000000000000000e+02
4.880000000000000000e+02
8.780000000000000000e+02
6.190000000000000000e+02
1.036000000000000000e+03
1.172000000000000000e+03
1.303000000000000000e+03
9.550000000000000000e+02
7.970000000000000000e+02
1.296000000000000000e+03
1.524000000000000000e+03
1.644000000000000000e+03
1.705000000000000000e+03
1.753000000000000000e+03
1.498000000000000000e+03
9.460000000000000000e+02
1.690000000000000000e+03
2.230000000000000000e+03
2.382000000000000000e+03
2.426000000000000000e+03
2.586000000000000000e+03
2.163000000000000000e+03
1.520000000000000000e+03
1.232000000000000000e+03
1.949000000000000000e+03
2.490000000000000000e+03
2.553000000000000000e+03
2.679000000000000000e+03
2.058000000000000000e+03
1.447000000000000000e+03
2.014000000000000000e+03
2.456000000000000000e+03
2.506000000000000000e+03
2.449000000000000000e+03
2.483000000000000000e+03
2.047000000000000000e+03
1.517000000000000000e+03
2.158000000000000000e+03
2.837000000000000000e+03
2.977000000000000000e+03
2.904000000000000000e+03
2.962000000000000000e+03
2.367000000000000000e+03
1.672000000000000000e+03
2.441000000000000000e+03
2.999000000000000000e+03
3.199000000000000000e+03
2.803000000000000000e+03
3.062000000000000000e+03
2.455000000000000000e+03
1.804000000000000000e+03
2.658000000000000000e+03
3.275000000000000000e+03
3.762000000000000000e+03
3.806000000000000000e+03
3.892000000000000000e+03
2.945000000000000000e+03
2.374000000000000000e+03
3.629000000000000000e+03
3.856000000000000000e+03
4.540000000000000000e+03
3.257000000000000000e+03
3.029000000000000000e+03
3.196000000000000000e+03
3.332000000000000000e+03
4.946000000000000000e+03
5.950000000000000000e+03
7.563000000000000000e+03
7.863000000000000000e+03
7.790000000000000000e+03
6.081000000000000000e+03
4.928000000000000000e+03
4.575000000000000000e+03
5.819000000000000000e+03
6.594000000000000000e+03
7.137000000000000000e+03
7.071000000000000000e+03
5.773000000000000000e+03
4.890000000000000000e+03
5.384000000000000000e+03
5.519000000000000000e+03
5.621000000000000000e+03
5.045000000000000000e+03
4.754000000000000000e+03
3.971000000000000000e+03
2.785000000000000000e+03
3.861000000000000000e+03
3.937000000000000000e+03
4.162000000000000000e+03
3.536000000000000000e+03
3.319000000000000000e+03
2.667000000000000000e+03
1.790000000000000000e+03
2.313000000000000000e+03
2.631000000000000000e+03
2.592000000000000000e+03
2.366000000000000000e+03
2.270000000000000000e+03
1.637000000000000000e+03
1.227000000000000000e+03
1.558000000000000000e+03
1.884000000000000000e+03
1.691000000000000000e+03
1.316000000000000000e+03
1.362000000000000000e+03
1.351000000000000000e+03
9.730000000000000000e+02
1.308000000000000000e+03
1.461000000000000000e+03
1.525000000000000000e+03
1.297000000000000000e+03
1.234000000000000000e+03
1.036000000000000000e+03
7.370000000000000000e+02
1.103000000000000000e+03
9.040000000000000000e+02
1.084000000000000000e+03
1.057000000000000000e+03
1.220000000000000000e+03
9.970000000000000000e+02
6.880000000000000000e+02
9.220000000000000000e+02
1.244000000000000000e+03
1.149000000000000000e+03
1.129000000000000000e+03
4.120000000000000000e+02
1.722000000000000000e+03
6.210000000000000000e+02
1.175000000000000000e+03
1.259000000000000000e+03
1.303000000000000000e+03
1.263000000000000000e+03
1.335000000000000000e+03
9.750000000000000000e+02
7.130000000000000000e+02
1.142000000000000000e+03
1.545000000000000000e+03
1.460000000000000000e+03
1.469000000000000000e+03
1.596000000000000000e+03
1.106000000000000000e+03
7.860000000000000000e+02
1.517000000000000000e+03
1.974000000000000000e+03
1.911000000000000000e+03
1.977000000000000000e+03
2.080000000000000000e+03
1.783000000000000000e+03
1.290000000000000000e+03
2.141000000000000000e+03
2.864000000000000000e+03
2.598000000000000000e+03
2.714000000000000000e+03
2.751000000000000000e+03
2.522000000000000000e+03
1.566000000000000000e+03
2.615000000000000000e+03
3.453000000000000000e+03
3.491000000000000000e+03
3.480000000000000000e+03
3.706000000000000000e+03
2.700000000000000000e+03
2.113000000000000000e+03
3.449000000000000000e+03
5.482000000000000000e+03
4.515000000000000000e+03
4.511000000000000000e+03
4.802000000000000000e+03
4.111000000000000000e+03
2.274000000000000000e+03
4.973000000000000000e+03
5.369000000000000000e+03
5.526000000000000000e+03
5.014000000000000000e+03
5.622000000000000000e+03
4.623000000000000000e+03
3.283000000000000000e+03
4.966000000000000000e+03
3.796000000000000000e+03
7.914000000000000000e+03
4.684000000000000000e+03
5.989000000000000000e+03
5.897000000000000000e+03
4.475000000000000000e+03
4.197000000000000000e+03
4.068000000000000000e+03
4.383000000000000000e+03
6.046000000000000000e+03
7.249000000000000000e+03
6.578000000000000000e+03
4.857000000000000000e+03
6.360000000000000000e+03
7.521000000000000000e+03
6.367000000000000000e+03
6.288000000000000000e+03
6.331000000000000000e+03
5.265000000000000000e+03
3.738000000000000000e+03
5.204000000000000000e+03
5.854000000000000000e+03
5.710000000000000000e+03
5.254000000000000000e+03
4.985000000000000000e+03
4.045000000000000000e+03
2.743000000000000000e+03
3.918000000000000000e+03
4.485000000000000000e+03
4.163000000000000000e+03
3.701000000000000000e+03
3.604000000000000000e+03
2.853000000000000000e+03
1.796000000000000000e+03
2.641000000000000000e+03
3.036000000000000000e+03
2.848000000000000000e+03
2.577000000000000000e+03
2.663000000000000000e+03
2.027000000000000000e+03
1.205000000000000000e+03
1.883000000000000000e+03
2.245000000000000000e+03
2.044000000000000000e+03
1.936000000000000000e+03
1.947000000000000000e+03
1.384000000000000000e+03
9.410000000000000000e+02
1.414000000000000000e+03
1.717000000000000000e+03
1.545000000000000000e+03
1.636000000000000000e+03
1.507000000000000000e+03
1.318000000000000000e+03
8.640000000000000000e+02
1.443000000000000000e+03
1.778000000000000000e+03
1.665000000000000000e+03
1.727000000000000000e+03
1.626000000000000000e+03
1.272000000000000000e+03
1.007000000000000000e+03
1.401000000000000000e+03
1.820000000000000000e+03
1.733000000000000000e+03
1.774000000000000000e+03
1.884000000000000000e+03
1.484000000000000000e+03
1.040000000000000000e+03
1.689000000000000000e+03
2.180000000000000000e+03
2.230000000000000000e+03
2.274000000000000000e+03
2.458000000000000000e+03
2.032000000000000000e+03
1.511000000000000000e+03
2.396000000000000000e+03
3.211000000000000000e+03
3.420000000000000000e+03
3.408000000000000000e+03
3.924000000000000000e+03
3.065000000000000000e+03
2.368000000000000000e+03
3.836000000000000000e+03
4.915000000000000000e+03
5.366000000000000000e+03
4.082000000000000000e+03
3.740000000000000000e+03
5.035000000000000000e+03
4.699000000000000000e+03
7.708000000000000000e+03
9.675000000000000000e+03
1.068400000000000000e+04
1.059200000000000000e+04
1.234000000000000000e+04
1.029000000000000000e+04
