0.000000000000000000e+00
0.000000000000000000e+00
0.000000000000000000e+00
0.000000000000000000e+00
0.000000000000000000e+00
0.000000000000000000e+00
0.000000000000000000e+00
0.000000000000000000e+00
0.000000000000000000e+00
0.000000000000000000e+00
0.000000000000000000e+00
0.000000000000000000e+00
0.000000000000000000e+00
0.000000000000000000e+00
0.000000000000000000e+00
0.000000000000000000e+00
0.000000000000000000e+00
0.000000000000000000e+00
0.000000000000000000e+00
0.000000000000000000e+00
0.000000000000000000e+00
0.000000000000000000e+00
0.000000000000000000e+00
0.000000000000000000e+00
0.000000000000000000e+00
0.000000000000000000e+00
0.000000000000000000e+00
0.000000000000000000e+00
0.000000000000000000e+00
0.000000000000000000e+00
0.000000000000000000e+00
0.000000000000000000e+00
0.000000000000000000e+00
0.000000000000000000e+00
0.000000000000000000e+00
0.000000000000000000e+00
0.000000000000000000e+00
0.000000000000000000e+00
0.000000000000000000e+00
0.000000000000000000e+00
0.000000000000000000e+00
0.000000000000000000e+00
0.000000000000000000e+00
0.000000000000000000e+00
0.000000000000000000e+00
0.000000000000000000e+00
0.000000000000000000e+00
0.000000000000000000e+00
0.000000000000000000e+00
0.000000000000000000e+00
0.000000000000000000e+00
1.000000000000000000e+00
1.000000000000000000e+00
3.000000000000000000e+00
3.000000000000000000e+00
3.000000000000000000e+00
3.000000000000000000e+00
7.000000000000000000e+00
7.000000000000000000e+00
7.000000000000000000e+00
1.500000000000000000e+01
1.600000000000000000e+01
2.500000000000000000e+01
2.800000000000000000e+01
3.100000000000000000e+01
3.100000000000000000e+01
3.800000000000000000e+01
4.200000000000000000e+01
5.000000000000000000e+01
5.900000000000000000e+01
8.100000000000000000e+01
1.100000000000000000e+02
1.220000000000000000e+02
1.260000000000000000e+02
1.420000000000000000e+02
1.580000000000000000e+02
1.720000000000000000e+02
1.790000000000000000e+02
1.840000000000000000e+02
1.890000000000000000e+02
1.910000000000000000e+02
1.970000000000000000e+02
2.080000000000000000e+02
2.160000000000000000e+02
2.250000000000000000e+02
2.340000000000000000e+02
2.460000000000000000e+02
2.620000000000000000e+02
2.700000000000000000e+02
2.810000000000000000e+02
2.960000000000000000e+02
3.030000000000000000e+02
3.200000000000000000e+02
3.360000000000000000e+02
3.430000000000000000e+02
3.550000000000000000e+02
3.630000000000000000e+02
3.740000000000000000e+02
3.840000000000000000e+02
3.960000000000000000e+02
4.110000000000000000e+02
4.350000000000000000e+02
4.650000000000000000e+02
4.900000000000000000e+02
5.350000000000000000e+02
5.820000000000000000e+02
6.070000000000000000e+02
6.210000000000000000e+02
6.490000000000000000e+02
6.720000000000000000e+02
7.000000000000000000e+02
7.150000000000000000e+02
7.370000000000000000e+02
7.580000000000000000e+02
7.810000000000000000e+02
8.300000000000000000e+02
8.870000000000000000e+02
9.120000000000000000e+02
9.630000000000000000e+02
1.029000000000000000e+03
1.109000000000000000e+03
1.161000000000000000e+03
1.192000000000000000e+03
1.214000000000000000e+03
1.286000000000000000e+03
1.348000000000000000e+03
1.471000000000000000e+03
1.618000000000000000e+03
1.745000000000000000e+03
1.888000000000000000e+03
1.962000000000000000e+03
2.021000000000000000e+03
2.093000000000000000e+03
2.216000000000000000e+03
2.340000000000000000e+03
2.474000000000000000e+03
2.600000000000000000e+03
2.767000000000000000e+03
2.872000000000000000e+03
2.989000000000000000e+03
3.094000000000000000e+03
3.215000000000000000e+03
3.305000000000000000e+03
3.457000000000000000e+03
3.594000000000000000e+03
3.727000000000000000e+03
3.860000000000000000e+03
4.044000000000000000e+03
4.257000000000000000e+03
4.374000000000000000e+03
4.478000000000000000e+03
4.738000000000000000e+03
4.797000000000000000e+03
4.952000000000000000e+03
5.206000000000000000e+03
5.384000000000000000e+03
5.533000000000000000e+03
5.811000000000000000e+03
6.070000000000000000e+03
6.190000000000000000e+03
6.366000000000000000e+03
6.673000000000000000e+03
6.941000000000000000e+03
7.188000000000000000e+03
7.577000000000000000e+03
7.886000000000000000e+03
8.067000000000000000e+03
8.250000000000000000e+03
8.528000000000000000e+03
8.975000000000000000e+03
9.448000000000000000e+03
9.726000000000000000e+03
1.010500000000000000e+04
1.029400000000000000e+04
1.079100000000000000e+04
1.125200000000000000e+04
1.167300000000000000e+04
1.206200000000000000e+04
1.275000000000000000e+04
1.335300000000000000e+04
1.377100000000000000e+04
1.416800000000000000e+04
1.480500000000000000e+04
1.560100000000000000e+04
1.626800000000000000e+04
1.664300000000000000e+04
1.760300000000000000e+04
1.797500000000000000e+04
1.858100000000000000e+04
1.912500000000000000e+04
1.991300000000000000e+04
2.063600000000000000e+04
2.136300000000000000e+04
2.205300000000000000e+04
2.259700000000000000e+04
2.320200000000000000e+04
2.387300000000000000e+04
2.441100000000000000e+04
2.513800000000000000e+04
2.583700000000000000e+04
2.643600000000000000e+04
2.692800000000000000e+04
2.742500000000000000e+04
2.810400000000000000e+04
2.875400000000000000e+04
2.933400000000000000e+04
2.984900000000000000e+04
3.012000000000000000e+04
3.036500000000000000e+04
3.063600000000000000e+04
3.101500000000000000e+04
3.144100000000000000e+04
3.176300000000000000e+04
3.211800000000000000e+04
3.236400000000000000e+04
3.255700000000000000e+04
3.280300000000000000e+04
3.301600000000000000e+04
3.338900000000000000e+04
3.363000000000000000e+04
3.379400000000000000e+04
3.405700000000000000e+04
3.420100000000000000e+04
3.431500000000000000e+04
3.449300000000000000e+04
3.470500000000000000e+04
3.488400000000000000e+04
3.502000000000000000e+04
3.510300000000000000e+04
3.520500000000000000e+04
3.535600000000000000e+04
3.546000000000000000e+04
3.560300000000000000e+04
3.579300000000000000e+04
3.596900000000000000e+04
3.615700000000000000e+04
3.620500000000000000e+04
3.630100000000000000e+04
3.630100000000000000e+04
3.657600000000000000e+04
3.672400000000000000e+04
3.682900000000000000e+04
3.698100000000000000e+04
3.707900000000000000e+04
3.721800000000000000e+04
3.734800000000000000e+04
3.748900000000000000e+04
3.770700000000000000e+04
3.787100000000000000e+04
3.811500000000000000e+04
3.816800000000000000e+04
3.837800000000000000e+04
3.852900000000000000e+04
3.871300000000000000e+04
3.892300000000000000e+04
3.918400000000000000e+04
3.942700000000000000e+04
3.944900000000000000e+04
3.958600000000000000e+04
3.990700000000000000e+04
4.017800000000000000e+04
4.062000000000000000e+04
4.115800000000000000e+04
4.154600000000000000e+04
4.161900000000000000e+04
4.193700000000000000e+04
4.254100000000000000e+04
4.314300000000000000e+04
4.358000000000000000e+04
4.419600000000000000e+04
4.488100000000000000e+04
4.507600000000000000e+04
4.564700000000000000e+04
4.614400000000000000e+04
4.721200000000000000e+04
4.784300000000000000e+04
4.879000000000000000e+04
4.972100000000000000e+04
4.999700000000000000e+04
5.083300000000000000e+04
5.185100000000000000e+04
5.261200000000000000e+04
5.379700000000000000e+04
5.519200000000000000e+04
5.587700000000000000e+04
5.660100000000000000e+04
5.709300000000000000e+04
5.858700000000000000e+04
5.959500000000000000e+04
6.070400000000000000e+04
6.176900000000000000e+04
6.248800000000000000e+04
6.324400000000000000e+04
6.458800000000000000e+04
6.580400000000000000e+04
6.672300000000000000e+04
6.819300000000000000e+04
6.927300000000000000e+04
7.024500000000000000e+04
7.080400000000000000e+04
7.172900000000000000e+04
7.268600000000000000e+04
7.414500000000000000e+04
7.519300000000000000e+04
7.640400000000000000e+04
7.737200000000000000e+04
7.778500000000000000e+04
7.851200000000000000e+04
7.932200000000000000e+04
8.010200000000000000e+04
8.165600000000000000e+04
8.260500000000000000e+04
8.331600000000000000e+04
8.361800000000000000e+04
8.416900000000000000e+04
8.513000000000000000e+04
8.638300000000000000e+04
8.724900000000000000e+04
8.798400000000000000e+04
8.838000000000000000e+04
8.857900000000000000e+04
8.910000000000000000e+04
8.966100000000000000e+04
9.030500000000000000e+04
9.097800000000000000e+04
9.152600000000000000e+04
9.189200000000000000e+04
9.205500000000000000e+04
9.245900000000000000e+04
9.285300000000000000e+04
9.340500000000000000e+04
9.376100000000000000e+04
9.415100000000000000e+04
9.450000000000000000e+04
9.461400000000000000e+04
9.476800000000000000e+04
9.519500000000000000e+04
9.543100000000000000e+04
9.571300000000000000e+04
9.584300000000000000e+04
9.592300000000000000e+04
9.599200000000000000e+04
9.613900000000000000e+04
9.625100000000000000e+04
9.645800000000000000e+04
9.661400000000000000e+04
9.667800000000000000e+04
9.680200000000000000e+04
9.690800000000000000e+04
9.712700000000000000e+04
9.739800000000000000e+04
9.773300000000000000e+04
9.795400000000000000e+04
9.818400000000000000e+04
9.827100000000000000e+04
9.833400000000000000e+04
9.843200000000000000e+04
9.855500000000000000e+04
9.869300000000000000e+04
9.885900000000000000e+04
9.908200000000000000e+04
9.916200000000000000e+04
9.922700000000000000e+04
9.930800000000000000e+04
9.944400000000000000e+04
9.963000000000000000e+04
9.976900000000000000e+04
9.989800000000000000e+04
9.998300000000000000e+04
1.000520000000000000e+05
1.001930000000000000e+05
1.003230000000000000e+05
1.004220000000000000e+05
1.005630000000000000e+05
1.006750000000000000e+05
1.007730000000000000e+05
1.008560000000000000e+05
1.010090000000000000e+05
1.011590000000000000e+05
1.013390000000000000e+05
1.015340000000000000e+05
1.016900000000000000e+05
1.018190000000000000e+05
1.019440000000000000e+05
1.020480000000000000e+05
1.022210000000000000e+05
1.023530000000000000e+05
1.026130000000000000e+05
1.027920000000000000e+05
1.028670000000000000e+05
1.030140000000000000e+05
1.031880000000000000e+05
1.033320000000000000e+05
1.036150000000000000e+05
1.038410000000000000e+05
1.039930000000000000e+05
1.042010000000000000e+05
1.043060000000000000e+05
1.045000000000000000e+05
1.047800000000000000e+05
1.050570000000000000e+05
1.054670000000000000e+05
1.056480000000000000e+05
1.059730000000000000e+05
1.061250000000000000e+05
1.064700000000000000e+05
1.068010000000000000e+05
1.073290000000000000e+05
1.077290000000000000e+05
1.083620000000000000e+05
1.088270000000000000e+05
1.091640000000000000e+05
1.096430000000000000e+05
1.103560000000000000e+05
1.111850000000000000e+05
1.119350000000000000e+05
1.128050000000000000e+05
1.132360000000000000e+05
1.139670000000000000e+05
1.150310000000000000e+05
1.163100000000000000e+05
1.175350000000000000e+05
1.188890000000000000e+05
1.201630000000000000e+05
1.209100000000000000e+05
1.220400000000000000e+05
1.231670000000000000e+05
1.247070000000000000e+05
1.261700000000000000e+05
1.281780000000000000e+05
1.293300000000000000e+05
1.302140000000000000e+05
1.311160000000000000e+05
1.326460000000000000e+05
1.340580000000000000e+05
1.350420000000000000e+05
1.368930000000000000e+05
1.380770000000000000e+05
1.389880000000000000e+05
1.394480000000000000e+05
1.398420000000000000e+05
1.413650000000000000e+05
1.430630000000000000e+05
1.441540000000000000e+05
1.451840000000000000e+05
1.456700000000000000e+05
1.461560000000000000e+05
1.471470000000000000e+05
1.481280000000000000e+05
1.492190000000000000e+05
1.502600000000000000e+05
1.512870000000000000e+05
1.516530000000000000e+05
1.518940000000000000e+05
1.525230000000000000e+05
1.534880000000000000e+05
1.543920000000000000e+05
1.551650000000000000e+05
1.563180000000000000e+05
1.567870000000000000e+05
1.569810000000000000e+05
1.574920000000000000e+05
1.583260000000000000e+05
1.588210000000000000e+05
1.593180000000000000e+05
1.600530000000000000e+05
1.604220000000000000e+05
1.605590000000000000e+05
1.609040000000000000e+05
1.613930000000000000e+05
1.620980000000000000e+05
1.626660000000000000e+05
1.632380000000000000e+05
1.635540000000000000e+05
1.636200000000000000e+05
1.639760000000000000e+05
1.643860000000000000e+05
1.647200000000000000e+05
1.651120000000000000e+05
1.653790000000000000e+05
1.654650000000000000e+05
1.655370000000000000e+05
1.660060000000000000e+05
1.663820000000000000e+05
1.668760000000000000e+05
1.675350000000000000e+05
1.681080000000000000e+05
1.684320000000000000e+05
1.685430000000000000e+05
1.689250000000000000e+05
1.693560000000000000e+05
1.696970000000000000e+05
1.700410000000000000e+05
1.704850000000000000e+05
1.706470000000000000e+05
1.707350000000000000e+05
1.710840000000000000e+05
1.712260000000000000e+05
1.716580000000000000e+05
1.719420000000000000e+05
1.723250000000000000e+05
1.724910000000000000e+05
1.726390000000000000e+05
1.730720000000000000e+05
1.736610000000000000e+05
1.742850000000000000e+05
1.747730000000000000e+05
1.751760000000000000e+05
1.753370000000000000e+05
1.756810000000000000e+05
1.761370000000000000e+05
1.766220000000000000e+05
1.772820000000000000e+05
1.780780000000000000e+05
1.787920000000000000e+05
1.790750000000000000e+05
1.792930000000000000e+05
1.798760000000000000e+05
1.804980000000000000e+05
1.812390000000000000e+05
1.818850000000000000e+05
1.823930000000000000e+05
1.825970000000000000e+05
1.828840000000000000e+05
1.836030000000000000e+05
1.841610000000000000e+05
1.845370000000000000e+05
1.850600000000000000e+05
1.855910000000000000e+05
1.858680000000000000e+05
1.860530000000000000e+05
1.864530000000000000e+05
1.869590000000000000e+05
1.875250000000000000e+05
1.879770000000000000e+05
1.885130000000000000e+05
1.887540000000000000e+05
1.889420000000000000e+05
1.897030000000000000e+05
1.901830000000000000e+05
1.910200000000000000e+05
1.917120000000000000e+05
1.924350000000000000e+05
1.927580000000000000e+05
1.931890000000000000e+05
1.938070000000000000e+05
1.943100000000000000e+05
1.951110000000000000e+05
1.958980000000000000e+05
1.967450000000000000e+05
1.974090000000000000e+05
1.979590000000000000e+05
1.989350000000000000e+05
1.999410000000000000e+05
2.010090000000000000e+05
2.019540000000000000e+05
2.032130000000000000e+05
2.036800000000000000e+05
