0.000000000000000000e+00
0.000000000000000000e+00
0.000000000000000000e+00
0.000000000000000000e+00
0.000000000000000000e+00
0.000000000000000000e+00
0.000000000000000000e+00
0.000000000000000000e+00
0.000000000000000000e+00
0.000000000000000000e+00
0.000000000000000000e+00
0.000000000000000000e+00
0.000000000000000000e+00
0.000000000000000000e+00
0.000000000000000000e+00
0.000000000000000000e+00
0.000000000000000000e+00
0.000000000000000000e+00
0.000000000000000000e+00
0.000000000000000000e+00
0.000000000000000000e+00
0.000000000000000000e+00
0.000000000000000000e+00
0.000000000000000000e+00
0.000000000000000000e+00
0.000000000000000000e+00
0.000000000000000000e+00
0.000000000000000000e+00
0.000000000000000000e+00
0.000000000000000000e+00
0.000000000000000000e+00
0.000000000000000000e+00
0.000000000000000000e+00
0.000000000000000000e+00
0.000000000000000000e+00
0.000000000000000000e+00
0.000000000000000000e+00
0.000000000000000000e+00
0.000000000000000000e+00
0.000000000000000000e+00
0.000000000000000000e+00
0.000000000000000000e+00
0.000000000000000000e+00
0.000000000000000000e+00
1.000000000000000000e+00
1.000000000000000000e+00
1.000000000000000000e+00
1.000000000000000000e+00
1.000000000000000000e+00
1.000000000000000000e+00
1.000000000000000000e+00
1.000000000000000000e+00
1.000000000000000000e+00
1.000000000000000000e+00
1.000000000000000000e+00
1.000000000000000000e+00
1.000000000000000000e+00
1.000000000000000000e+00
9.000000000000000000e+00
1.600000000000000000e+01
1.600000000000000000e+01
1.800000000000000000e+01
2.000000000000000000e+01
2.300000000000000000e+01
2.300000000000000000e+01
2.500000000000000000e+01
2.500000000000000000e+01
2.500000000000000000e+01
3.000000000000000000e+01
3.400000000000000000e+01
3.600000000000000000e+01
3.900000000000000000e+01
4.000000000000000000e+01
4.100000000000000000e+01
4.400000000000000000e+01
5.800000000000000000e+01
6.500000000000000000e+01
7.000000000000000000e+01
7.300000000000000000e+01
7.600000000000000000e+01
7.600000000000000000e+01
7.600000000000000000e+01
7.700000000000000000e+01
7.700000000000000000e+01
8.100000000000000000e+01
8.100000000000000000e+01
8.300000000000000000e+01
8.400000000000000000e+01
8.400000000000000000e+01
8.400000000000000000e+01
8.600000000000000000e+01
8.800000000000000000e+01
8.800000000000000000e+01
9.000000000000000000e+01
9.600000000000000000e+01
9.800000000000000000e+01
9.800000000000000000e+01
9.900000000000000000e+01
1.090000000000000000e+02
1.160000000000000000e+02
1.230000000000000000e+02
1.230000000000000000e+02
1.240000000000000000e+02
1.260000000000000000e+02
1.280000000000000000e+02
1.280000000000000000e+02
1.350000000000000000e+02
1.450000000000000000e+02
1.530000000000000000e+02
1.740000000000000000e+02
1.810000000000000000e+02
1.990000000000000000e+02
2.190000000000000000e+02
2.380000000000000000e+02
2.630000000000000000e+02
2.980000000000000000e+02
3.010000000000000000e+02
3.300000000000000000e+02
3.380000000000000000e+02
3.400000000000000000e+02
3.540000000000000000e+02
3.630000000000000000e+02
3.730000000000000000e+02
3.810000000000000000e+02
3.860000000000000000e+02
3.910000000000000000e+02
3.950000000000000000e+02
4.220000000000000000e+02
4.280000000000000000e+02
4.330000000000000000e+02
4.420000000000000000e+02
4.430000000000000000e+02
4.450000000000000000e+02
4.520000000000000000e+02
4.650000000000000000e+02
4.850000000000000000e+02
4.870000000000000000e+02
4.950000000000000000e+02
4.970000000000000000e+02
5.010000000000000000e+02
5.220000000000000000e+02
5.240000000000000000e+02
5.250000000000000000e+02
5.300000000000000000e+02
5.300000000000000000e+02
5.310000000000000000e+02
5.370000000000000000e+02
5.440000000000000000e+02
5.470000000000000000e+02
5.550000000000000000e+02
5.610000000000000000e+02
5.690000000000000000e+02
5.690000000000000000e+02
5.760000000000000000e+02
5.830000000000000000e+02
5.880000000000000000e+02
5.910000000000000000e+02
6.150000000000000000e+02
6.420000000000000000e+02
6.430000000000000000e+02
6.500000000000000000e+02
6.610000000000000000e+02
6.670000000000000000e+02
6.710000000000000000e+02
6.760000000000000000e+02
6.800000000000000000e+02
6.800000000000000000e+02
6.890000000000000000e+02
6.950000000000000000e+02
7.040000000000000000e+02
7.100000000000000000e+02
7.100000000000000000e+02
7.200000000000000000e+02
7.210000000000000000e+02
7.310000000000000000e+02
7.400000000000000000e+02
7.490000000000000000e+02
7.660000000000000000e+02
7.740000000000000000e+02
7.780000000000000000e+02
7.830000000000000000e+02
7.900000000000000000e+02
8.060000000000000000e+02
8.280000000000000000e+02
8.390000000000000000e+02
8.530000000000000000e+02
8.680000000000000000e+02
8.740000000000000000e+02
8.960000000000000000e+02
8.960000000000000000e+02
9.080000000000000000e+02
9.410000000000000000e+02
9.580000000000000000e+02
9.610000000000000000e+02
9.760000000000000000e+02
9.880000000000000000e+02
1.001000000000000000e+03
1.012000000000000000e+03
1.028000000000000000e+03
1.046000000000000000e+03
1.060000000000000000e+03
1.067000000000000000e+03
1.070000000000000000e+03
1.092000000000000000e+03
1.104000000000000000e+03
1.124000000000000000e+03
1.130000000000000000e+03
1.147000000000000000e+03
1.154000000000000000e+03
1.173000000000000000e+03
1.190000000000000000e+03
1.212000000000000000e+03
1.239000000000000000e+03
1.275000000000000000e+03
1.277000000000000000e+03
1.295000000000000000e+03
1.309000000000000000e+03
1.326000000000000000e+03
1.326000000000000000e+03
1.365000000000000000e+03
1.390000000000000000e+03
1.396000000000000000e+03
1.400000000000000000e+03
1.416000000000000000e+03
1.434000000000000000e+03
1.443000000000000000e+03
1.457000000000000000e+03
1.477000000000000000e+03
1.488000000000000000e+03
1.493000000000000000e+03
1.513000000000000000e+03
1.528000000000000000e+03
1.537000000000000000e+03
1.548000000000000000e+03
1.555000000000000000e+03
1.572000000000000000e+03
1.578000000000000000e+03
1.595000000000000000e+03
1.608000000000000000e+03
1.618000000000000000e+03
1.640000000000000000e+03
1.659000000000000000e+03
1.666000000000000000e+03
1.669000000000000000e+03
1.683000000000000000e+03
1.701000000000000000e+03
1.707000000000000000e+03
1.722000000000000000e+03
1.736000000000000000e+03
1.743000000000000000e+03
1.749000000000000000e+03
1.759000000000000000e+03
1.784000000000000000e+03
1.809000000000000000e+03
1.818000000000000000e+03
1.840000000000000000e+03
1.854000000000000000e+03
1.864000000000000000e+03
1.881000000000000000e+03
1.898000000000000000e+03
1.907000000000000000e+03
1.921000000000000000e+03
1.935000000000000000e+03
1.940000000000000000e+03
1.949000000000000000e+03
1.972000000000000000e+03
1.983000000000000000e+03
1.996000000000000000e+03
2.027000000000000000e+03
2.049000000000000000e+03
2.057000000000000000e+03
2.071000000000000000e+03
2.104000000000000000e+03
2.120000000000000000e+03
2.139000000000000000e+03
2.162000000000000000e+03
2.187000000000000000e+03
2.200000000000000000e+03
2.204000000000000000e+03
2.229000000000000000e+03
2.238000000000000000e+03
2.296000000000000000e+03
2.312000000000000000e+03
2.331000000000000000e+03
2.357000000000000000e+03
2.364000000000000000e+03
2.381000000000000000e+03
2.406000000000000000e+03
2.442000000000000000e+03
2.460000000000000000e+03
2.483000000000000000e+03
2.516000000000000000e+03
2.523000000000000000e+03
2.558000000000000000e+03
2.593000000000000000e+03
2.605000000000000000e+03
2.627000000000000000e+03
2.651000000000000000e+03
2.675000000000000000e+03
2.693000000000000000e+03
2.722000000000000000e+03
2.752000000000000000e+03
2.771000000000000000e+03
2.796000000000000000e+03
2.829000000000000000e+03
2.843000000000000000e+03
2.854000000000000000e+03
2.872000000000000000e+03
2.889000000000000000e+03
2.904000000000000000e+03
2.926000000000000000e+03
2.946000000000000000e+03
2.962000000000000000e+03
2.974000000000000000e+03
2.997000000000000000e+03
3.014000000000000000e+03
3.039000000000000000e+03
3.051000000000000000e+03
3.051000000000000000e+03
3.095000000000000000e+03
3.111000000000000000e+03
3.132000000000000000e+03
3.151000000000000000e+03
3.182000000000000000e+03
3.202000000000000000e+03
3.221000000000000000e+03
3.251000000000000000e+03
3.266000000000000000e+03
3.295000000000000000e+03
3.315000000000000000e+03
3.330000000000000000e+03
3.350000000000000000e+03
3.396000000000000000e+03
3.416000000000000000e+03
3.436000000000000000e+03
3.467000000000000000e+03
3.494000000000000000e+03
3.520000000000000000e+03
3.546000000000000000e+03
3.555000000000000000e+03
3.555000000000000000e+03
3.576000000000000000e+03
3.604000000000000000e+03
3.611000000000000000e+03
3.633000000000000000e+03
3.662000000000000000e+03
3.683000000000000000e+03
3.702000000000000000e+03
3.722000000000000000e+03
3.770000000000000000e+03
3.807000000000000000e+03
3.845000000000000000e+03
3.894000000000000000e+03
3.932000000000000000e+03
3.957000000000000000e+03
3.978000000000000000e+03
4.045000000000000000e+03
4.109000000000000000e+03
4.165000000000000000e+03
4.220000000000000000e+03
4.272000000000000000e+03
4.302000000000000000e+03
4.324000000000000000e+03
4.383000000000000000e+03
4.459000000000000000e+03
4.505000000000000000e+03
4.545000000000000000e+03
4.636000000000000000e+03
4.662000000000000000e+03
4.682000000000000000e+03
4.682000000000000000e+03
4.870000000000000000e+03
4.922000000000000000e+03
4.922000000000000000e+03
5.041000000000000000e+03
5.074000000000000000e+03
5.092000000000000000e+03
5.166000000000000000e+03
5.224000000000000000e+03
5.290000000000000000e+03
5.356000000000000000e+03
5.436000000000000000e+03
5.483000000000000000e+03
5.496000000000000000e+03
5.576000000000000000e+03
5.606000000000000000e+03
5.687000000000000000e+03
5.757000000000000000e+03
5.823000000000000000e+03
5.874000000000000000e+03
5.882000000000000000e+03
5.953000000000000000e+03
6.007000000000000000e+03
6.085000000000000000e+03
6.182000000000000000e+03
6.268000000000000000e+03
6.319000000000000000e+03
6.348000000000000000e+03
6.466000000000000000e+03
6.548000000000000000e+03
6.637000000000000000e+03
6.730000000000000000e+03
6.851000000000000000e+03
6.901000000000000000e+03
6.933000000000000000e+03
7.086000000000000000e+03
7.188000000000000000e+03
7.323000000000000000e+03
7.428000000000000000e+03
7.521000000000000000e+03
7.570000000000000000e+03
7.598000000000000000e+03
7.680000000000000000e+03
7.737000000000000000e+03
7.857000000000000000e+03
7.953000000000000000e+03
7.953000000000000000e+03
8.070000000000000000e+03
8.222000000000000000e+03
8.322000000000000000e+03
8.472000000000000000e+03
8.582000000000000000e+03
8.695000000000000000e+03
8.839000000000000000e+03
8.918000000000000000e+03
8.960000000000000000e+03
9.147000000000000000e+03
9.147000000000000000e+03
9.506000000000000000e+03
9.676000000000000000e+03
9.676000000000000000e+03
9.955000000000000000e+03
9.992000000000000000e+03
1.024900000000000000e+04
1.024900000000000000e+04
1.065400000000000000e+04
1.084800000000000000e+04
1.106400000000000000e+04
1.118700000000000000e+04
1.124900000000000000e+04
1.131000000000000000e+04
1.150100000000000000e+04
1.164900000000000000e+04
1.181400000000000000e+04
1.194700000000000000e+04
1.200600000000000000e+04
1.203400000000000000e+04
1.203400000000000000e+04
1.221400000000000000e+04
1.221400000000000000e+04
1.239100000000000000e+04
1.249600000000000000e+04
1.253300000000000000e+04
1.255300000000000000e+04
1.261000000000000000e+04
1.265700000000000000e+04
1.269800000000000000e+04
1.274200000000000000e+04
1.278700000000000000e+04
1.278700000000000000e+04
1.282700000000000000e+04
1.288400000000000000e+04
1.289800000000000000e+04
1.293100000000000000e+04
1.296700000000000000e+04
1.299200000000000000e+04
1.301000000000000000e+04
1.301000000000000000e+04
1.303700000000000000e+04
1.306800000000000000e+04
1.306800000000000000e+04
1.310600000000000000e+04
1.310600000000000000e+04
1.315400000000000000e+04
1.316700000000000000e+04
1.316700000000000000e+04
1.321000000000000000e+04
1.323800000000000000e+04
1.324400000000000000e+04
1.326500000000000000e+04
1.327500000000000000e+04
1.327900000000000000e+04
1.328600000000000000e+04
1.329900000000000000e+04
1.334000000000000000e+04
1.335200000000000000e+04
1.336300000000000000e+04
1.337400000000000000e+04
1.337400000000000000e+04
1.338400000000000000e+04
1.339600000000000000e+04
1.342000000000000000e+04
1.343200000000000000e+04
1.343200000000000000e+04
1.345700000000000000e+04
1.346600000000000000e+04
1.348100000000000000e+04
1.349600000000000000e+04
1.351300000000000000e+04
1.352200000000000000e+04
1.353300000000000000e+04
1.353900000000000000e+04
1.354200000000000000e+04
1.355100000000000000e+04
1.356300000000000000e+04
1.357600000000000000e+04
1.359700000000000000e+04
1.359700000000000000e+04
1.362700000000000000e+04
1.363100000000000000e+04
1.365100000000000000e+04
1.366900000000000000e+04
1.368200000000000000e+04
1.370100000000000000e+04
1.371500000000000000e+04
1.372100000000000000e+04
1.373100000000000000e+04
1.373500000000000000e+04
1.374900000000000000e+04
1.374900000000000000e+04
1.378800000000000000e+04
1.378800000000000000e+04
1.381600000000000000e+04
1.384600000000000000e+04
1.388100000000000000e+04
1.391700000000000000e+04
1.396200000000000000e+04
1.399900000000000000e+04
1.403900000000000000e+04
1.406900000000000000e+04
1.408200000000000000e+04
1.410500000000000000e+04
1.414000000000000000e+04
1.417600000000000000e+04
1.417600000000000000e+04
1.423200000000000000e+04
1.427000000000000000e+04
1.427800000000000000e+04
1.432000000000000000e+04
1.437700000000000000e+04
1.442600000000000000e+04
1.451100000000000000e+04
1.460200000000000000e+04
1.464900000000000000e+04
1.468000000000000000e+04
1.476900000000000000e+04
1.480100000000000000e+04
1.480100000000000000e+04
1.497000000000000000e+04
1.507200000000000000e+04
1.514900000000000000e+04
1.517600000000000000e+04
1.529200000000000000e+04
1.539300000000000000e+04
1.552200000000000000e+04
1.562400000000000000e+04
1.579800000000000000e+04
1.587000000000000000e+04
