0.000000000000000000e+00
0.000000000000000000e+00
0.000000000000000000e+00
0.000000000000000000e+00
0.000000000000000000e+00
0.000000000000000000e+00
0.000000000000000000e+00
0.000000000000000000e+00
0.000000000000000000e+00
0.000000000000000000e+00
0.000000000000000000e+00
0.000000000000000000e+00
0.000000000000000000e+00
0.000000000000000000e+00
0.000000000000000000e+00
0.000000000000000000e+00
0.000000000000000000e+00
0.000000000000000000e+00
0.000000000000000000e+00
0.000000000000000000e+00
0.000000000000000000e+00
0.000000000000000000e+00
0.000000000000000000e+00
0.000000000000000000e+00
0.000000000000000000e+00
0.000000000000000000e+00
0.000000000000000000e+00
0.000000000000000000e+00
0.000000000000000000e+00
0.000000000000000000e+00
0.000000000000000000e+00
0.000000000000000000e+00
0.000000000000000000e+00
0.000000000000000000e+00
0.000000000000000000e+00
0.000000000000000000e+00
0.000000000000000000e+00
0.000000000000000000e+00
0.000000000000000000e+00
0.000000000000000000e+00
0.000000000000000000e+00
0.000000000000000000e+00
0.000000000000000000e+00
0.000000000000000000e+00
0.000000000000000000e+00
0.000000000000000000e+00
0.000000000000000000e+00
0.000000000000000000e+00
1.000000000000000000e+00
8.000000000000000000e+00
1.100000000000000000e+01
2.700000000000000000e+01
3.600000000000000000e+01
4.300000000000000000e+01
5.500000000000000000e+01
6.900000000000000000e+01
8.600000000000000000e+01
1.090000000000000000e+02
1.370000000000000000e+02
2.000000000000000000e+02
3.130000000000000000e+02
3.450000000000000000e+02
3.450000000000000000e+02
4.430000000000000000e+02
5.580000000000000000e+02
6.740000000000000000e+02
7.860000000000000000e+02
9.010000000000000000e+02
9.890000000000000000e+02
1.181000000000000000e+03
1.181000000000000000e+03
1.317000000000000000e+03
1.475000000000000000e+03
1.673000000000000000e+03
1.801000000000000000e+03
1.988000000000000000e+03
2.100000000000000000e+03
2.249000000000000000e+03
2.528000000000000000e+03
2.752000000000000000e+03
2.974000000000000000e+03
3.234000000000000000e+03
3.400000000000000000e+03
3.472000000000000000e+03
3.574000000000000000e+03
3.751000000000000000e+03
4.016000000000000000e+03
4.210000000000000000e+03
4.273000000000000000e+03
4.467000000000000000e+03
4.658000000000000000e+03
4.821000000000000000e+03
5.166000000000000000e+03
5.338000000000000000e+03
5.538000000000000000e+03
5.779000000000000000e+03
6.021000000000000000e+03
6.021000000000000000e+03
6.378000000000000000e+03
6.532000000000000000e+03
6.720000000000000000e+03
7.090000000000000000e+03
7.090000000000000000e+03
7.197000000000000000e+03
7.523000000000000000e+03
7.731000000000000000e+03
7.868000000000000000e+03
8.070000000000000000e+03
8.282000000000000000e+03
8.448000000000000000e+03
8.616000000000000000e+03
8.783000000000000000e+03
8.944000000000000000e+03
9.118000000000000000e+03
9.268000000000000000e+03
9.449000000000000000e+03
9.606000000000000000e+03
9.726000000000000000e+03
9.867000000000000000e+03
9.977000000000000000e+03
1.011600000000000000e+04
1.026700000000000000e+04
1.057700000000000000e+04
1.092600000000000000e+04
1.118300000000000000e+04
1.144700000000000000e+04
1.172800000000000000e+04
1.213100000000000000e+04
1.253100000000000000e+04
1.301800000000000000e+04
1.346300000000000000e+04
1.383700000000000000e+04
1.409500000000000000e+04
1.460900000000000000e+04
1.504400000000000000e+04
1.546300000000000000e+04
1.600400000000000000e+04
1.642500000000000000e+04
1.685400000000000000e+04
1.723300000000000000e+04
1.788900000000000000e+04
1.858600000000000000e+04
1.921100000000000000e+04
2.005900000000000000e+04
2.141800000000000000e+04
2.142200000000000000e+04
2.196200000000000000e+04
2.259700000000000000e+04
2.335100000000000000e+04
2.427400000000000000e+04
2.522200000000000000e+04
2.603000000000000000e+04
2.675200000000000000e+04
2.731400000000000000e+04
2.803000000000000000e+04
2.903700000000000000e+04
2.990500000000000000e+04
3.065800000000000000e+04
3.168600000000000000e+04
3.278500000000000000e+04
3.355000000000000000e+04
3.446300000000000000e+04
3.523700000000000000e+04
3.599500000000000000e+04
3.698300000000000000e+04
3.814900000000000000e+04
3.933400000000000000e+04
4.029100000000000000e+04
4.125100000000000000e+04
4.221600000000000000e+04
4.325700000000000000e+04
4.433200000000000000e+04
4.563300000000000000e+04
4.717300000000000000e+04
4.809600000000000000e+04
4.924300000000000000e+04
5.037300000000000000e+04
5.140800000000000000e+04
5.226100000000000000e+04
5.346800000000000000e+04
5.442600000000000000e+04
5.515300000000000000e+04
5.590600000000000000e+04
5.681700000000000000e+04
5.799300000000000000e+04
5.886400000000000000e+04
6.029600000000000000e+04
6.144200000000000000e+04
6.222300000000000000e+04
6.326900000000000000e+04
6.419100000000000000e+04
6.525600000000000000e+04
6.638300000000000000e+04
6.745300000000000000e+04
6.845600000000000000e+04
6.942400000000000000e+04
7.023100000000000000e+04
7.141800000000000000e+04
7.256000000000000000e+04
7.365100000000000000e+04
7.449200000000000000e+04
7.539400000000000000e+04
7.646400000000000000e+04
7.737700000000000000e+04
7.844600000000000000e+04
7.940200000000000000e+04
8.066500000000000000e+04
8.194000000000000000e+04
8.254300000000000000e+04
8.279000000000000000e+04
8.375400000000000000e+04
8.385500000000000000e+04
8.439200000000000000e+04
8.548000000000000000e+04
8.690000000000000000e+04
8.748500000000000000e+04
8.838100000000000000e+04
8.908200000000000000e+04
8.998200000000000000e+04
9.062400000000000000e+04
9.133700000000000000e+04
9.206500000000000000e+04
9.298200000000000000e+04
9.355200000000000000e+04
9.408400000000000000e+04
9.491400000000000000e+04
9.559600000000000000e+04
9.630500000000000000e+04
9.704300000000000000e+04
9.757800000000000000e+04
9.840700000000000000e+04
9.904200000000000000e+04
9.971500000000000000e+04
1.003300000000000000e+05
1.010410000000000000e+05
1.017450000000000000e+05
1.022040000000000000e+05
1.028320000000000000e+05
1.034660000000000000e+05
1.041380000000000000e+05
1.048790000000000000e+05
1.056010000000000000e+05
1.062030000000000000e+05
1.068100000000000000e+05
1.072840000000000000e+05
1.079900000000000000e+05
1.087260000000000000e+05
1.094310000000000000e+05
1.101080000000000000e+05
1.105550000000000000e+05
1.112770000000000000e+05
1.118530000000000000e+05
1.125950000000000000e+05
1.133420000000000000e+05
1.139620000000000000e+05
1.146530000000000000e+05
1.152860000000000000e+05
1.159190000000000000e+05
1.166020000000000000e+05
1.173000000000000000e+05
1.180540000000000000e+05
1.188410000000000000e+05
1.196660000000000000e+05
1.203130000000000000e+05
1.208020000000000000e+05
1.212960000000000000e+05
1.221280000000000000e+05
1.228830000000000000e+05
1.234980000000000000e+05
1.241070000000000000e+05
1.247450000000000000e+05
1.251810000000000000e+05
1.257390000000000000e+05
1.264350000000000000e+05
1.272270000000000000e+05
1.278660000000000000e+05
1.285150000000000000e+05
1.292000000000000000e+05
1.297510000000000000e+05
1.304220000000000000e+05
1.312470000000000000e+05
1.320450000000000000e+05
1.328670000000000000e+05
1.335980000000000000e+05
1.343360000000000000e+05
1.349150000000000000e+05
1.355920000000000000e+05
1.360240000000000000e+05
1.365670000000000000e+05
1.377600000000000000e+05
1.385060000000000000e+05
1.395270000000000000e+05
1.403310000000000000e+05
1.413020000000000000e+05
1.424650000000000000e+05
1.433520000000000000e+05
1.444770000000000000e+05
1.453090000000000000e+05
1.466530000000000000e+05
1.476670000000000000e+05
1.487210000000000000e+05
1.498330000000000000e+05
1.510890000000000000e+05
1.522890000000000000e+05
1.535770000000000000e+05
1.547830000000000000e+05
1.556580000000000000e+05
1.569300000000000000e+05
1.585320000000000000e+05
1.602870000000000000e+05
1.617440000000000000e+05
1.634530000000000000e+05
1.647290000000000000e+05
1.658060000000000000e+05
1.673110000000000000e+05
1.693390000000000000e+05
1.712190000000000000e+05
1.736070000000000000e+05
1.759070000000000000e+05
1.777190000000000000e+05
1.792300000000000000e+05
1.811660000000000000e+05
1.829770000000000000e+05
1.854240000000000000e+05
1.877790000000000000e+05
1.905850000000000000e+05
1.930070000000000000e+05
1.946190000000000000e+05
1.969870000000000000e+05
1.999470000000000000e+05
2.032950000000000000e+05
2.063100000000000000e+05
2.095840000000000000e+05
2.123390000000000000e+05
2.140380000000000000e+05
2.172020000000000000e+05
2.202610000000000000e+05
2.236740000000000000e+05
2.266600000000000000e+05
2.287240000000000000e+05
2.313570000000000000e+05
2.337050000000000000e+05
2.382790000000000000e+05
2.427440000000000000e+05
2.467900000000000000e+05
2.497330000000000000e+05
2.517640000000000000e+05
2.537360000000000000e+05
2.562300000000000000e+05
2.597700000000000000e+05
2.649560000000000000e+05
2.690910000000000000e+05
2.730370000000000000e+05
2.767720000000000000e+05
2.791960000000000000e+05
2.813530000000000000e+05
2.850930000000000000e+05
2.884080000000000000e+05
2.912850000000000000e+05
2.935920000000000000e+05
2.962690000000000000e+05
2.980190000000000000e+05
2.993610000000000000e+05
3.015340000000000000e+05
3.037770000000000000e+05
3.057520000000000000e+05
3.077930000000000000e+05
3.098510000000000000e+05
3.112440000000000000e+05
3.121580000000000000e+05
3.138340000000000000e+05
3.154000000000000000e+05
3.168080000000000000e+05
3.182530000000000000e+05
3.194530000000000000e+05
3.203790000000000000e+05
3.211030000000000000e+05
3.222010000000000000e+05
3.233820000000000000e+05
3.244890000000000000e+05
3.254870000000000000e+05
3.264640000000000000e+05
3.270910000000000000e+05
3.276540000000000000e+05
3.284760000000000000e+05
3.293670000000000000e+05
3.300750000000000000e+05
3.309850000000000000e+05
3.316920000000000000e+05
3.321790000000000000e+05
3.326790000000000000e+05
3.332510000000000000e+05
3.337550000000000000e+05
3.344630000000000000e+05
3.353390000000000000e+05
3.360370000000000000e+05
3.365210000000000000e+05
3.370870000000000000e+05
3.378050000000000000e+05
3.387010000000000000e+05
3.393830000000000000e+05
3.397810000000000000e+05
3.404450000000000000e+05
3.409150000000000000e+05
3.414200000000000000e+05
3.420190000000000000e+05
3.427410000000000000e+05
3.432810000000000000e+05
3.437430000000000000e+05
3.444770000000000000e+05
3.448340000000000000e+05
3.452360000000000000e+05
3.457590000000000000e+05
3.463010000000000000e+05
3.467750000000000000e+05
3.472260000000000000e+05
3.476410000000000000e+05
3.479190000000000000e+05
3.481550000000000000e+05
3.485800000000000000e+05
3.490200000000000000e+05
3.495050000000000000e+05
3.502200000000000000e+05
3.506650000000000000e+05
3.509910000000000000e+05
3.512130000000000000e+05
3.516670000000000000e+05
3.520820000000000000e+05
3.525790000000000000e+05
3.530170000000000000e+05
3.534970000000000000e+05
3.538390000000000000e+05
3.540850000000000000e+05
3.546040000000000000e+05
3.550510000000000000e+05
3.554990000000000000e+05
3.558500000000000000e+05
3.560730000000000000e+05
3.563770000000000000e+05
3.565560000000000000e+05
3.569130000000000000e+05
3.572770000000000000e+05
3.577040000000000000e+05
3.580980000000000000e+05
3.583770000000000000e+05
3.586110000000000000e+05
3.587920000000000000e+05
3.591210000000000000e+05
3.595160000000000000e+05
3.598300000000000000e+05
3.602490000000000000e+05
3.605970000000000000e+05
3.608410000000000000e+05
3.610440000000000000e+05
3.613190000000000000e+05
3.616780000000000000e+05
3.619920000000000000e+05
3.623580000000000000e+05
3.626960000000000000e+05
3.629670000000000000e+05
3.631650000000000000e+05
3.635330000000000000e+05
3.638950000000000000e+05
3.642180000000000000e+05
3.645760000000000000e+05
3.648440000000000000e+05
3.651040000000000000e+05
3.652990000000000000e+05
3.656190000000000000e+05
3.659750000000000000e+05
3.663640000000000000e+05
3.667620000000000000e+05
3.672700000000000000e+05
3.676560000000000000e+05
3.679080000000000000e+05
3.683680000000000000e+05
3.689300000000000000e+05
3.694550000000000000e+05
3.700430000000000000e+05
3.705330000000000000e+05
3.708770000000000000e+05
3.711450000000000000e+05
3.716840000000000000e+05
3.722210000000000000e+05
3.728000000000000000e+05
3.733080000000000000e+05
3.737740000000000000e+05
3.741210000000000000e+05
3.743560000000000000e+05
3.749370000000000000e+05
3.756000000000000000e+05
3.762370000000000000e+05
3.768540000000000000e+05
3.774280000000000000e+05
3.777760000000000000e+05
3.780970000000000000e+05
3.788280000000000000e+05
3.795060000000000000e+05
3.802070000000000000e+05
3.811220000000000000e+05
3.819490000000000000e+05
3.824750000000000000e+05
3.828510000000000000e+05
3.837330000000000000e+05
3.845120000000000000e+05
3.853530000000000000e+05
3.862690000000000000e+05
3.871270000000000000e+05
3.878420000000000000e+05
3.883250000000000000e+05
3.891730000000000000e+05
3.902210000000000000e+05
3.911900000000000000e+05
3.921660000000000000e+05
3.931440000000000000e+05
3.937270000000000000e+05
3.942410000000000000e+05
3.954490000000000000e+05
3.965260000000000000e+05
3.977270000000000000e+05
3.988200000000000000e+05
3.998770000000000000e+05
4.006660000000000000e+05
4.013320000000000000e+05
4.025810000000000000e+05
4.037780000000000000e+05
4.049830000000000000e+05
4.060130000000000000e+05
4.073300000000000000e+05
4.081230000000000000e+05
4.087280000000000000e+05
4.100040000000000000e+05
4.112260000000000000e+05
4.124660000000000000e+05
4.136260000000000000e+05
4.146470000000000000e+05
4.154800000000000000e+05
4.162320000000000000e+05
4.170870000000000000e+05
4.186040000000000000e+05
4.198290000000000000e+05
4.209160000000000000e+05
4.219570000000000000e+05
4.226780000000000000e+05
4.233660000000000000e+05
4.244550000000000000e+05
4.255990000000000000e+05
4.268490000000000000e+05
4.279870000000000000e+05
4.290830000000000000e+05
4.299490000000000000e+05
4.304440000000000000e+05
4.315540000000000000e+05
4.325230000000000000e+05
4.335450000000000000e+05
4.344600000000000000e+05
4.356550000000000000e+05
4.364750000000000000e+05
