0.000000000000000000e+00
0.000000000000000000e+00
0.000000000000000000e+00
0.000000000000000000e+00
0.000000000000000000e+00
0.000000000000000000e+00
0.000000000000000000e+00
0.000000000000000000e+00
0.000000000000000000e+00
0.000000000000000000e+00
0.000000000000000000e+00
0.000000000000000000e+00
0.000000000000000000e+00
0.000000000000000000e+00
0.000000000000000000e+00
0.000000000000000000e+00
0.000000000000000000e+00
0.000000000000000000e+00
0.000000000000000000e+00
0.000000000000000000e+00
0.000000000000000000e+00
0.000000000000000000e+00
0.000000000000000000e+00
0.000000000000000000e+00
0.000000000000000000e+00
0.000000000000000000e+00
0.000000000000000000e+00
0.000000000000000000e+00
0.000000000000000000e+00
0.000000000000000000e+00
0.000000000000000000e+00
0.000000000000000000e+00
0.000000000000000000e+00
0.000000000000000000e+00
0.000000000000000000e+00
0.000000000000000000e+00
0.000000000000000000e+00
0.000000000000000000e+00
0.000000000000000000e+00
0.000000000000000000e+00
0.000000000000000000e+00
0.000000000000000000e+00
0.000000000000000000e+00
0.000000000000000000e+00
0.000000000000000000e+00
0.000000000000000000e+00
0.000000000000000000e+00
0.000000000000000000e+00
1.000000000000000000e+00
7.000000000000000000e+00
3.000000000000000000e+00
1.600000000000000000e+01
9.000000000000000000e+00
7.000000000000000000e+00
1.200000000000000000e+01
1.400000000000000000e+01
1.700000000000000000e+01
2.300000000000000000e+01
2.800000000000000000e+01
6.300000000000000000e+01
1.130000000000000000e+02
3.200000000000000000e+01
0.000000000000000000e+00
9.800000000000000000e+01
1.150000000000000000e+02
1.160000000000000000e+02
1.120000000000000000e+02
1.150000000000000000e+02
8.800000000000000000e+01
1.920000000000000000e+02
0.000000000000000000e+00
1.360000000000000000e+02
1.580000000000000000e+02
1.980000000000000000e+02
1.280000000000000000e+02
1.870000000000000000e+02
1.120000000000000000e+02
1.490000000000000000e+02
2.790000000000000000e+02
2.240000000000000000e+02
2.220000000000000000e+02
2.600000000000000000e+02
1.660000000000000000e+02
7.200000000000000000e+01
1.020000000000000000e+02
1.770000000000000000e+02
2.650000000000000000e+02
1.940000000000000000e+02
6.300000000000000000e+01
1.940000000000000000e+02
1.910000000000000000e+02
1.630000000000000000e+02
3.450000000000000000e+02
1.720000000000000000e+02
2.000000000000000000e+02
2.410000000000000000e+02
2.420000000000000000e+02
0.000000000000000000e+00
3.570000000000000000e+02
1.540000000000000000e+02
1.880000000000000000e+02
3.700000000000000000e+02
0.000000000000000000e+00
1.070000000000000000e+02
3.260000000000000000e+02
2.080000000000000000e+02
1.370000000000000000e+02
2.020000000000000000e+02
2.120000000000000000e+02
1.660000000000000000e+02
1.680000000000000000e+02
1.670000000000000000e+02
1.610000000000000000e+02
1.740000000000000000e+02
1.500000000000000000e+02
1.810000000000000000e+02
1.570000000000000000e+02
1.200000000000000000e+02
1.410000000000000000e+02
1.100000000000000000e+02
1.390000000000000000e+02
1.510000000000000000e+02
3.100000000000000000e+02
3.490000000000000000e+02
2.570000000000000000e+02
2.640000000000000000e+02
2.810000000000000000e+02
4.030000000000000000e+02
4.000000000000000000e+02
4.870000000000000000e+02
4.450000000000000000e+02
3.740000000000000000e+02
2.580000000000000000e+02
5.140000000000000000e+02
4.350000000000000000e+02
4.190000000000000000e+02
5.410000000000000000e+02
4.210000000000000000e+02
4.290000000000000000e+02
3.790000000000000000e+02
6.560000000000000000e+02
6.970000000000000000e+02
6.250000000000000000e+02
8.480000000000000000e+02
1.359000000000000000e+03
4.000000000000000000e+00
5.400000000000000000e+02
6.350000000000000000e+02
7.540000000000000000e+02
9.230000000000000000e+02
9.480000000000000000e+02
8.080000000000000000e+02
7.220000000000000000e+02
5.620000000000000000e+02
7.160000000000000000e+02
1.007000000000000000e+03
8.680000000000000000e+02
7.530000000000000000e+02
1.028000000000000000e+03
1.099000000000000000e+03
7.650000000000000000e+02
9.130000000000000000e+02
7.740000000000000000e+02
7.580000000000000000e+02
9.880000000000000000e+02
1.166000000000000000e+03
1.185000000000000000e+03
9.570000000000000000e+02
9.600000000000000000e+02
9.650000000000000000e+02
1.041000000000000000e+03
1.075000000000000000e+03
1.301000000000000000e+03
1.540000000000000000e+03
9.230000000000000000e+02
1.147000000000000000e+03
1.130000000000000000e+03
1.035000000000000000e+03
8.530000000000000000e+02
1.207000000000000000e+03
9.580000000000000000e+02
7.270000000000000000e+02
7.530000000000000000e+02
9.110000000000000000e+02
1.176000000000000000e+03
8.710000000000000000e+02
1.432000000000000000e+03
1.146000000000000000e+03
7.810000000000000000e+02
1.046000000000000000e+03
9.220000000000000000e+02
1.065000000000000000e+03
1.127000000000000000e+03
1.070000000000000000e+03
1.003000000000000000e+03
9.680000000000000000e+02
8.070000000000000000e+02
1.187000000000000000e+03
1.142000000000000000e+03
1.091000000000000000e+03
8.410000000000000000e+02
9.020000000000000000e+02
1.070000000000000000e+03
9.130000000000000000e+02
1.069000000000000000e+03
9.560000000000000000e+02
1.263000000000000000e+03
1.275000000000000000e+03
6.030000000000000000e+02
2.470000000000000000e+02
9.640000000000000000e+02
1.010000000000000000e+02
5.370000000000000000e+02
1.088000000000000000e+03
1.420000000000000000e+03
5.850000000000000000e+02
8.960000000000000000e+02
7.010000000000000000e+02
9.000000000000000000e+02
6.420000000000000000e+02
7.130000000000000000e+02
7.280000000000000000e+02
9.170000000000000000e+02
5.700000000000000000e+02
5.320000000000000000e+02
8.300000000000000000e+02
6.820000000000000000e+02
7.090000000000000000e+02
7.380000000000000000e+02
5.350000000000000000e+02
8.290000000000000000e+02
6.350000000000000000e+02
6.730000000000000000e+02
6.150000000000000000e+02
7.110000000000000000e+02
7.040000000000000000e+02
4.590000000000000000e+02
6.280000000000000000e+02
6.340000000000000000e+02
6.720000000000000000e+02
7.410000000000000000e+02
7.220000000000000000e+02
6.020000000000000000e+02
6.070000000000000000e+02
4.740000000000000000e+02
7.060000000000000000e+02
7.360000000000000000e+02
7.050000000000000000e+02
6.770000000000000000e+02
4.470000000000000000e+02
7.220000000000000000e+02
5.760000000000000000e+02
7.420000000000000000e+02
7.470000000000000000e+02
6.200000000000000000e+02
6.910000000000000000e+02
6.330000000000000000e+02
6.330000000000000000e+02
6.830000000000000000e+02
6.980000000000000000e+02
7.540000000000000000e+02
7.870000000000000000e+02
8.250000000000000000e+02
6.470000000000000000e+02
4.890000000000000000e+02
4.940000000000000000e+02
8.320000000000000000e+02
7.550000000000000000e+02
6.150000000000000000e+02
6.090000000000000000e+02
6.380000000000000000e+02
4.360000000000000000e+02
5.580000000000000000e+02
6.960000000000000000e+02
7.920000000000000000e+02
6.390000000000000000e+02
6.490000000000000000e+02
6.850000000000000000e+02
5.510000000000000000e+02
6.710000000000000000e+02
8.250000000000000000e+02
7.980000000000000000e+02
8.220000000000000000e+02
7.310000000000000000e+02
7.380000000000000000e+02
5.790000000000000000e+02
6.770000000000000000e+02
4.320000000000000000e+02
5.430000000000000000e+02
1.193000000000000000e+03
7.460000000000000000e+02
1.021000000000000000e+03
8.040000000000000000e+02
9.710000000000000000e+02
1.163000000000000000e+03
8.870000000000000000e+02
1.125000000000000000e+03
8.320000000000000000e+02
1.344000000000000000e+03
1.014000000000000000e+03
1.054000000000000000e+03
1.112000000000000000e+03
1.256000000000000000e+03
1.200000000000000000e+03
1.288000000000000000e+03
1.206000000000000000e+03
8.750000000000000000e+02
1.272000000000000000e+03
1.602000000000000000e+03
1.755000000000000000e+03
1.457000000000000000e+03
1.709000000000000000e+03
1.276000000000000000e+03
1.077000000000000000e+03
1.505000000000000000e+03
2.028000000000000000e+03
1.880000000000000000e+03
2.388000000000000000e+03
2.300000000000000000e+03
1.812000000000000000e+03
1.511000000000000000e+03
1.936000000000000000e+03
1.811000000000000000e+03
2.447000000000000000e+03
2.355000000000000000e+03
2.806000000000000000e+03
2.422000000000000000e+03
1.612000000000000000e+03
2.368000000000000000e+03
2.960000000000000000e+03
3.348000000000000000e+03
3.015000000000000000e+03
3.274000000000000000e+03
2.755000000000000000e+03
1.699000000000000000e+03
3.164000000000000000e+03
3.059000000000000000e+03
3.413000000000000000e+03
2.986000000000000000e+03
2.064000000000000000e+03
2.633000000000000000e+03
2.348000000000000000e+03
4.574000000000000000e+03
4.465000000000000000e+03
4.046000000000000000e+03
2.943000000000000000e+03
2.031000000000000000e+03
1.972000000000000000e+03
2.494000000000000000e+03
3.540000000000000000e+03
5.186000000000000000e+03
4.135000000000000000e+03
3.946000000000000000e+03
3.735000000000000000e+03
2.424000000000000000e+03
2.157000000000000000e+03
3.740000000000000000e+03
3.315000000000000000e+03
2.877000000000000000e+03
2.307000000000000000e+03
2.677000000000000000e+03
1.750000000000000000e+03
1.342000000000000000e+03
2.173000000000000000e+03
2.243000000000000000e+03
1.975000000000000000e+03
2.041000000000000000e+03
2.058000000000000000e+03
1.393000000000000000e+03
9.140000000000000000e+02
1.676000000000000000e+03
1.566000000000000000e+03
1.408000000000000000e+03
1.445000000000000000e+03
1.200000000000000000e+03
9.260000000000000000e+02
7.240000000000000000e+02
1.098000000000000000e+03
1.181000000000000000e+03
1.107000000000000000e+03
9.980000000000000000e+02
9.770000000000000000e+02
6.270000000000000000e+02
5.630000000000000000e+02
8.220000000000000000e+02
8.910000000000000000e+02
7.080000000000000000e+02
9.100000000000000000e+02
7.070000000000000000e+02
4.870000000000000000e+02
5.000000000000000000e+02
5.720000000000000000e+02
5.040000000000000000e+02
7.080000000000000000e+02
8.760000000000000000e+02
6.980000000000000000e+02
4.840000000000000000e+02
5.660000000000000000e+02
7.180000000000000000e+02
8.960000000000000000e+02
6.820000000000000000e+02
3.980000000000000000e+02
6.640000000000000000e+02
4.700000000000000000e+02
5.050000000000000000e+02
5.990000000000000000e+02
7.220000000000000000e+02
5.400000000000000000e+02
4.620000000000000000e+02
7.340000000000000000e+02
3.570000000000000000e+02
4.020000000000000000e+02
5.230000000000000000e+02
5.420000000000000000e+02
4.740000000000000000e+02
4.510000000000000000e+02
4.150000000000000000e+02
2.780000000000000000e+02
2.360000000000000000e+02
4.250000000000000000e+02
4.400000000000000000e+02
4.850000000000000000e+02
7.150000000000000000e+02
4.450000000000000000e+02
3.260000000000000000e+02
2.220000000000000000e+02
4.540000000000000000e+02
4.150000000000000000e+02
4.970000000000000000e+02
4.380000000000000000e+02
4.800000000000000000e+02
3.420000000000000000e+02
2.460000000000000000e+02
5.190000000000000000e+02
4.470000000000000000e+02
4.480000000000000000e+02
3.510000000000000000e+02
2.230000000000000000e+02
3.040000000000000000e+02
1.790000000000000000e+02
3.570000000000000000e+02
3.640000000000000000e+02
4.270000000000000000e+02
3.940000000000000000e+02
2.790000000000000000e+02
2.340000000000000000e+02
1.810000000000000000e+02
3.290000000000000000e+02
3.950000000000000000e+02
3.140000000000000000e+02
4.190000000000000000e+02
3.480000000000000000e+02
2.440000000000000000e+02
2.030000000000000000e+02
2.750000000000000000e+02
3.590000000000000000e+02
3.140000000000000000e+02
3.660000000000000000e+02
3.380000000000000000e+02
2.710000000000000000e+02
1.980000000000000000e+02
3.680000000000000000e+02
3.620000000000000000e+02
3.230000000000000000e+02
3.580000000000000000e+02
2.680000000000000000e+02
2.600000000000000000e+02
1.950000000000000000e+02
3.200000000000000000e+02
3.560000000000000000e+02
3.890000000000000000e+02
3.980000000000000000e+02
5.080000000000000000e+02
3.860000000000000000e+02
2.520000000000000000e+02
4.600000000000000000e+02
5.620000000000000000e+02
5.250000000000000000e+02
5.880000000000000000e+02
4.900000000000000000e+02
3.440000000000000000e+02
2.680000000000000000e+02
5.390000000000000000e+02
5.370000000000000000e+02
5.790000000000000000e+02
5.080000000000000000e+02
4.660000000000000000e+02
3.470000000000000000e+02
2.350000000000000000e+02
5.810000000000000000e+02
6.630000000000000000e+02
6.370000000000000000e+02
6.170000000000000000e+02
5.740000000000000000e+02
3.480000000000000000e+02
3.210000000000000000e+02
7.310000000000000000e+02
6.780000000000000000e+02
7.010000000000000000e+02
9.150000000000000000e+02
8.270000000000000000e+02
5.260000000000000000e+02
3.760000000000000000e+02
8.820000000000000000e+02
7.790000000000000000e+02
8.410000000000000000e+02
9.160000000000000000e+02
8.580000000000000000e+02
7.150000000000000000e+02
4.830000000000000000e+02
8.480000000000000000e+02
1.048000000000000000e+03
9.690000000000000000e+02
9.760000000000000000e+02
9.780000000000000000e+02
5.830000000000000000e+02
5.140000000000000000e+02
1.208000000000000000e+03
1.077000000000000000e+03
1.201000000000000000e+03
1.093000000000000000e+03
1.057000000000000000e+03
7.890000000000000000e+02
6.660000000000000000e+02
1.249000000000000000e+03
1.197000000000000000e+03
1.205000000000000000e+03
1.030000000000000000e+03
1.317000000000000000e+03
7.930000000000000000e+02
6.050000000000000000e+02
1.276000000000000000e+03
1.222000000000000000e+03
1.240000000000000000e+03
1.160000000000000000e+03
1.021000000000000000e+03
8.330000000000000000e+02
7.520000000000000000e+02
8.550000000000000000e+02
1.517000000000000000e+03
1.225000000000000000e+03
1.087000000000000000e+03
1.041000000000000000e+03
7.210000000000000000e+02
6.880000000000000000e+02
1.089000000000000000e+03
1.144000000000000000e+03
1.250000000000000000e+03
1.138000000000000000e+03
1.096000000000000000e+03
8.660000000000000000e+02
4.950000000000000000e+02
1.110000000000000000e+03
9.690000000000000000e+02
1.022000000000000000e+03
9.150000000000000000e+02
1.195000000000000000e+03
8.200000000000000000e+02
