0.000000000000000000e+00
0.000000000000000000e+00
0.000000000000000000e+00
0.000000000000000000e+00
0.000000000000000000e+00
0.000000000000000000e+00
0.000000000000000000e+00
0.000000000000000000e+00
0.000000000000000000e+00
0.000000000000000000e+00
0.000000000000000000e+00
0.000000000000000000e+00
0.000000000000000000e+00
0.000000000000000000e+00
0.000000000000000000e+00
0.000000000000000000e+00
0.000000000000000000e+00
0.000000000000000000e+00
0.000000000000000000e+00
0.000000000000000000e+00
0.000000000000000000e+00
0.000000000000000000e+00
0.000000000000000000e+00
0.000000000000000000e+00
0.000000000000000000e+00
0.000000000000000000e+00
0.000000000000000000e+00
0.000000000000000000e+00
0.000000000000000000e+00
0.000000000000000000e+00
0.000000000000000000e+00
0.000000000000000000e+00
0.000000000000000000e+00
0.000000000000000000e+00
0.000000000000000000e+00
0.000000000000000000e+00
0.000000000000000000e+00
0.000000000000000000e+00
0.000000000000000000e+00
0.000000000000000000e+00
0.000000000000000000e+00
0.000000000000000000e+00
0.000000000000000000e+00
0.000000000000000000e+00
0.000000000000000000e+00
0.000000000000000000e+00
0.000000000000000000e+00
0.000000000000000000e+00
0.000000000000000000e+00
0.000000000000000000e+00
0.000000000000000000e+00
0.000000000000000000e+00
1.000000000000000000e+00
1.000000000000000000e+00
1.000000000000000000e+00
1.000000000000000000e+00
1.000000000000000000e+00
1.000000000000000000e+00
1.000000000000000000e+00
2.000000000000000000e+00
2.000000000000000000e+00
2.000000000000000000e+00
3.000000000000000000e+00
3.000000000000000000e+00
3.000000000000000000e+00
3.000000000000000000e+00
5.000000000000000000e+00
5.000000000000000000e+00
6.000000000000000000e+00
7.000000000000000000e+00
7.000000000000000000e+00
7.000000000000000000e+00
1.000000000000000000e+01
1.000000000000000000e+01
1.200000000000000000e+01
1.200000000000000000e+01
1.400000000000000000e+01
1.400000000000000000e+01
1.400000000000000000e+01
1.500000000000000000e+01
1.900000000000000000e+01
1.900000000000000000e+01
1.900000000000000000e+01
2.900000000000000000e+01
3.200000000000000000e+01
3.200000000000000000e+01
3.200000000000000000e+01
6.600000000000000000e+01
6.600000000000000000e+01
9.200000000000000000e+01
1.070000000000000000e+02
1.400000000000000000e+02
1.620000000000000000e+02
1.740000000000000000e+02
2.130000000000000000e+02
2.370000000000000000e+02
2.750000000000000000e+02
3.180000000000000000e+02
3.750000000000000000e+02
3.750000000000000000e+02
4.420000000000000000e+02
5.330000000000000000e+02
5.920000000000000000e+02
6.780000000000000000e+02
7.780000000000000000e+02
8.520000000000000000e+02
9.300000000000000000e+02
9.300000000000000000e+02
1.111000000000000000e+03
1.164000000000000000e+03
1.365000000000000000e+03
1.526000000000000000e+03
1.660000000000000000e+03
1.818000000000000000e+03
1.964000000000000000e+03
1.964000000000000000e+03
2.289000000000000000e+03
2.591000000000000000e+03
2.591000000000000000e+03
2.728000000000000000e+03
3.138000000000000000e+03
3.138000000000000000e+03
3.378000000000000000e+03
3.634000000000000000e+03
3.826000000000000000e+03
3.976000000000000000e+03
4.146000000000000000e+03
4.346000000000000000e+03
4.346000000000000000e+03
4.521000000000000000e+03
4.800000000000000000e+03
5.026000000000000000e+03
5.173000000000000000e+03
5.310000000000000000e+03
5.499000000000000000e+03
5.714000000000000000e+03
5.866000000000000000e+03
6.081000000000000000e+03
6.081000000000000000e+03
6.242000000000000000e+03
6.427000000000000000e+03
6.582000000000000000e+03
6.730000000000000000e+03
6.879000000000000000e+03
7.007000000000000000e+03
7.220000000000000000e+03
7.435000000000000000e+03
7.740000000000000000e+03
8.020000000000000000e+03
8.020000000000000000e+03
8.416000000000000000e+03
8.580000000000000000e+03
8.698000000000000000e+03
8.796000000000000000e+03
8.887000000000000000e+03
8.887000000000000000e+03
8.982000000000000000e+03
9.257000000000000000e+03
9.314000000000000000e+03
9.320000000000000000e+03
9.372000000000000000e+03
9.500000000000000000e+03
9.573000000000000000e+03
9.689000000000000000e+03
9.689000000000000000e+03
9.767000000000000000e+03
9.767000000000000000e+03
9.894000000000000000e+03
9.997000000000000000e+03
1.008400000000000000e+04
1.020400000000000000e+04
1.020400000000000000e+04
1.025000000000000000e+04
1.025000000000000000e+04
1.031600000000000000e+04
1.041700000000000000e+04
1.052700000000000000e+04
1.052700000000000000e+04
1.052700000000000000e+04
1.076200000000000000e+04
1.099200000000000000e+04
1.099200000000000000e+04
1.112700000000000000e+04
1.123700000000000000e+04
1.130200000000000000e+04
1.130200000000000000e+04
1.138500000000000000e+04
1.142400000000000000e+04
1.149600000000000000e+04
1.157900000000000000e+04
1.157900000000000000e+04
1.157900000000000000e+04
1.164400000000000000e+04
1.173800000000000000e+04
1.173800000000000000e+04
1.178000000000000000e+04
1.178000000000000000e+04
1.185000000000000000e+04
1.189400000000000000e+04
1.189400000000000000e+04
1.195600000000000000e+04
1.203300000000000000e+04
1.203300000000000000e+04
1.211500000000000000e+04
1.216200000000000000e+04
1.221100000000000000e+04
1.231400000000000000e+04
1.241000000000000000e+04
1.248500000000000000e+04
1.254600000000000000e+04
1.258200000000000000e+04
1.262300000000000000e+04
1.268200000000000000e+04
1.283600000000000000e+04
1.290300000000000000e+04
1.297400000000000000e+04
1.297400000000000000e+04
1.304500000000000000e+04
1.308200000000000000e+04
1.318900000000000000e+04
1.318900000000000000e+04
1.318900000000000000e+04
1.318900000000000000e+04
1.318900000000000000e+04
1.318900000000000000e+04
1.318900000000000000e+04
1.318900000000000000e+04
1.340700000000000000e+04
1.343700000000000000e+04
1.343700000000000000e+04
1.347000000000000000e+04
1.347000000000000000e+04
1.347000000000000000e+04
1.351600000000000000e+04
1.353200000000000000e+04
1.353200000000000000e+04
1.353200000000000000e+04
1.353500000000000000e+04
1.353500000000000000e+04
1.353500000000000000e+04
1.355500000000000000e+04
1.355500000000000000e+04
1.355500000000000000e+04
1.357600000000000000e+04
1.357800000000000000e+04
1.357800000000000000e+04
1.359200000000000000e+04
1.360400000000000000e+04
1.360600000000000000e+04
1.361000000000000000e+04
1.361300000000000000e+04
1.364000000000000000e+04
1.364600000000000000e+04
1.365300000000000000e+04
1.365700000000000000e+04
1.365800000000000000e+04
1.366000000000000000e+04
1.366000000000000000e+04
1.366800000000000000e+04
1.366800000000000000e+04
1.367000000000000000e+04
1.367300000000000000e+04
1.368200000000000000e+04
1.368500000000000000e+04
1.369100000000000000e+04
1.369100000000000000e+04
1.369700000000000000e+04
1.369700000000000000e+04
1.370000000000000000e+04
1.370000000000000000e+04
1.371100000000000000e+04
1.372400000000000000e+04
1.372400000000000000e+04
1.372800000000000000e+04
1.372800000000000000e+04
1.373300000000000000e+04
1.373300000000000000e+04
1.374200000000000000e+04
1.374200000000000000e+04
1.374700000000000000e+04
1.376500000000000000e+04
1.377700000000000000e+04
1.380400000000000000e+04
1.380400000000000000e+04
1.380400000000000000e+04
1.381900000000000000e+04
1.386600000000000000e+04
1.390500000000000000e+04
1.399600000000000000e+04
1.403300000000000000e+04
1.409000000000000000e+04
1.415500000000000000e+04
1.420500000000000000e+04
1.430100000000000000e+04
1.434600000000000000e+04
1.440100000000000000e+04
1.449800000000000000e+04
1.462600000000000000e+04
1.472800000000000000e+04
1.504700000000000000e+04
1.515300000000000000e+04
1.529900000000000000e+04
1.553000000000000000e+04
1.583900000000000000e+04
1.605200000000000000e+04
1.618700000000000000e+04
1.643100000000000000e+04
1.664900000000000000e+04
1.686400000000000000e+04
1.706800000000000000e+04
1.740400000000000000e+04
1.762700000000000000e+04
1.781000000000000000e+04
1.804500000000000000e+04
1.825400000000000000e+04
1.853500000000000000e+04
1.888400000000000000e+04
1.919600000000000000e+04
1.946800000000000000e+04
1.974700000000000000e+04
2.008400000000000000e+04
2.029600000000000000e+04
2.046800000000000000e+04
2.084400000000000000e+04
2.114700000000000000e+04
2.138600000000000000e+04
2.159100000000000000e+04
2.186400000000000000e+04
2.208200000000000000e+04
2.226500000000000000e+04
2.262100000000000000e+04
2.282300000000000000e+04
2.299000000000000000e+04
2.310000000000000000e+04
2.331600000000000000e+04
2.357200000000000000e+04
2.384600000000000000e+04
2.405800000000000000e+04
2.434100000000000000e+04
2.458800000000000000e+04
2.469400000000000000e+04
2.488800000000000000e+04
2.506000000000000000e+04
2.523800000000000000e+04
2.550000000000000000e+04
2.573000000000000000e+04
2.588200000000000000e+04
2.603900000000000000e+04
2.627900000000000000e+04
2.627900000000000000e+04
2.627900000000000000e+04
2.627900000000000000e+04
2.627900000000000000e+04
2.627900000000000000e+04
2.749400000000000000e+04
2.761900000000000000e+04
2.776800000000000000e+04
2.782700000000000000e+04
2.796900000000000000e+04
2.809700000000000000e+04
2.817900000000000000e+04
2.823300000000000000e+04
2.831700000000000000e+04
2.845000000000000000e+04
2.852200000000000000e+04
2.852200000000000000e+04
2.852200000000000000e+04
2.852200000000000000e+04
2.852200000000000000e+04
2.852200000000000000e+04
2.852200000000000000e+04
2.899400000000000000e+04
2.906600000000000000e+04
2.929100000000000000e+04
2.929100000000000000e+04
2.938000000000000000e+04
2.944900000000000000e+04
2.948800000000000000e+04
2.953600000000000000e+04
2.957700000000000000e+04
2.963400000000000000e+04
2.963400000000000000e+04
2.963400000000000000e+04
2.976500000000000000e+04
2.985100000000000000e+04
2.985100000000000000e+04
2.993300000000000000e+04
2.993300000000000000e+04
2.993300000000000000e+04
2.993300000000000000e+04
2.993300000000000000e+04
3.005200000000000000e+04
3.007800000000000000e+04
3.011500000000000000e+04
3.012800000000000000e+04
3.012800000000000000e+04
3.012800000000000000e+04
3.012800000000000000e+04
3.020500000000000000e+04
3.023600000000000000e+04
3.023600000000000000e+04
3.028400000000000000e+04
3.031600000000000000e+04
3.034700000000000000e+04
3.036400000000000000e+04
3.041700000000000000e+04
3.047900000000000000e+04
3.047900000000000000e+04
3.047900000000000000e+04
3.047900000000000000e+04
3.054000000000000000e+04
3.054000000000000000e+04
3.068600000000000000e+04
3.068600000000000000e+04
3.068600000000000000e+04
3.087300000000000000e+04
3.087300000000000000e+04
3.087300000000000000e+04
3.087300000000000000e+04
3.098900000000000000e+04
3.098900000000000000e+04
3.098900000000000000e+04
3.098900000000000000e+04
3.098900000000000000e+04
3.098900000000000000e+04
3.114700000000000000e+04
3.114700000000000000e+04
3.128200000000000000e+04
3.140700000000000000e+04
3.140700000000000000e+04
3.140700000000000000e+04
3.140700000000000000e+04
3.140700000000000000e+04
3.140700000000000000e+04
3.183300000000000000e+04
3.183300000000000000e+04
3.183300000000000000e+04
3.183300000000000000e+04
3.183300000000000000e+04
3.183300000000000000e+04
3.183300000000000000e+04
3.183300000000000000e+04
3.183300000000000000e+04
3.183300000000000000e+04
3.183300000000000000e+04
3.183300000000000000e+04
3.183300000000000000e+04
3.183300000000000000e+04
3.293200000000000000e+04
3.293200000000000000e+04
3.302200000000000000e+04
3.302200000000000000e+04
3.302200000000000000e+04
3.302200000000000000e+04
3.308300000000000000e+04
3.315700000000000000e+04
3.359900000000000000e+04
3.367300000000000000e+04
3.367300000000000000e+04
3.367300000000000000e+04
3.367300000000000000e+04
3.389100000000000000e+04
3.394400000000000000e+04
3.394400000000000000e+04
3.394400000000000000e+04
3.394400000000000000e+04
3.394400000000000000e+04
3.394400000000000000e+04
3.394400000000000000e+04
3.408200000000000000e+04
3.446100000000000000e+04
3.446100000000000000e+04
3.446100000000000000e+04
3.446100000000000000e+04
3.488900000000000000e+04
3.488900000000000000e+04
3.488900000000000000e+04
3.488900000000000000e+04
3.488900000000000000e+04
3.488900000000000000e+04
3.488900000000000000e+04
3.488900000000000000e+04
3.488900000000000000e+04
3.488900000000000000e+04
3.488900000000000000e+04
3.488900000000000000e+04
3.488900000000000000e+04
3.488900000000000000e+04
3.488900000000000000e+04
3.488900000000000000e+04
3.488900000000000000e+04
3.488900000000000000e+04
3.528900000000000000e+04
3.528900000000000000e+04
3.528900000000000000e+04
3.549500000000000000e+04
3.551200000000000000e+04
3.553700000000000000e+04
3.565600000000000000e+04
3.565600000000000000e+04
3.565600000000000000e+04
3.565600000000000000e+04
3.600400000000000000e+04
3.600400000000000000e+04
3.612200000000000000e+04
3.620300000000000000e+04
3.620300000000000000e+04
3.620300000000000000e+04
3.620300000000000000e+04
3.630400000000000000e+04
3.630400000000000000e+04
3.630400000000000000e+04
3.634700000000000000e+04
3.634700000000000000e+04
3.634700000000000000e+04
3.634700000000000000e+04
3.634700000000000000e+04
3.634700000000000000e+04
3.652200000000000000e+04
3.655800000000000000e+04
3.657400000000000000e+04
3.657400000000000000e+04
3.657400000000000000e+04
3.662000000000000000e+04
3.662000000000000000e+04
3.665800000000000000e+04
3.665800000000000000e+04
3.665800000000000000e+04
3.665800000000000000e+04
3.665800000000000000e+04
3.670900000000000000e+04
3.679900000000000000e+04
3.680500000000000000e+04
3.680500000000000000e+04
3.680500000000000000e+04
3.680500000000000000e+04
3.680500000000000000e+04
3.680500000000000000e+04
3.680500000000000000e+04
3.680500000000000000e+04
3.698600000000000000e+04
3.698600000000000000e+04
3.698600000000000000e+04
3.698600000000000000e+04
3.713800000000000000e+04
3.713800000000000000e+04
3.713800000000000000e+04
3.713800000000000000e+04
3.713800000000000000e+04
3.713800000000000000e+04
3.713800000000000000e+04
3.713800000000000000e+04
3.713800000000000000e+04
3.713800000000000000e+04
3.713800000000000000e+04
3.713800000000000000e+04
3.713800000000000000e+04
3.713800000000000000e+04
