0.000000000000000000e+00
0.000000000000000000e+00
0.000000000000000000e+00
0.000000000000000000e+00
0.000000000000000000e+00
0.000000000000000000e+00
0.000000000000000000e+00
0.000000000000000000e+00
0.000000000000000000e+00
0.000000000000000000e+00
0.000000000000000000e+00
0.000000000000000000e+00
0.000000000000000000e+00
0.000000000000000000e+00
0.000000000000000000e+00
0.000000000000000000e+00
0.000000000000000000e+00
0.000000000000000000e+00
0.000000000000000000e+00
0.000000000000000000e+00
0.000000000000000000e+00
0.000000000000000000e+00
0.000000000000000000e+00
0.000000000000000000e+00
0.000000000000000000e+00
0.000000000000000000e+00
0.000000000000000000e+00
0.000000000000000000e+00
0.000000000000000000e+00
0.000000000000000000e+00
0.000000000000000000e+00
0.000000000000000000e+00
0.000000000000000000e+00
2.000000000000000000e+00
2.000000000000000000e+00
4.000000000000000000e+00
4.000000000000000000e+00
4.000000000000000000e+00
6.000000000000000000e+00
6.000000000000000000e+00
6.000000000000000000e+00
1.200000000000000000e+01
1.500000000000000000e+01
1.600000000000000000e+01
1.600000000000000000e+01
1.600000000000000000e+01
1.600000000000000000e+01
1.600000000000000000e+01
1.800000000000000000e+01
1.800000000000000000e+01
1.800000000000000000e+01
1.900000000000000000e+01
1.900000000000000000e+01
2.200000000000000000e+01
2.200000000000000000e+01
2.400000000000000000e+01
3.900000000000000000e+01
4.800000000000000000e+01
4.800000000000000000e+01
5.200000000000000000e+01
5.500000000000000000e+01
6.600000000000000000e+01
8.400000000000000000e+01
9.900000000000000000e+01
1.090000000000000000e+02
1.310000000000000000e+02
1.520000000000000000e+02
1.670000000000000000e+02
1.790000000000000000e+02
1.920000000000000000e+02
2.100000000000000000e+02
2.310000000000000000e+02
2.520000000000000000e+02
2.770000000000000000e+02
2.980000000000000000e+02
3.310000000000000000e+02
3.710000000000000000e+02
4.190000000000000000e+02
4.570000000000000000e+02
4.840000000000000000e+02
5.460000000000000000e+02
5.990000000000000000e+02
7.270000000000000000e+02
8.130000000000000000e+02
9.100000000000000000e+02
1.019000000000000000e+03
1.069000000000000000e+03
1.180000000000000000e+03
1.266000000000000000e+03
1.410000000000000000e+03
1.508000000000000000e+03
1.614000000000000000e+03
1.716000000000000000e+03
1.790000000000000000e+03
1.905000000000000000e+03
1.998000000000000000e+03
2.049000000000000000e+03
2.131000000000000000e+03
2.274000000000000000e+03
2.348000000000000000e+03
2.447000000000000000e+03
2.483000000000000000e+03
2.568000000000000000e+03
2.637000000000000000e+03
2.735000000000000000e+03
2.903000000000000000e+03
2.958000000000000000e+03
3.112000000000000000e+03
3.224000000000000000e+03
3.399000000000000000e+03
3.573000000000000000e+03
3.721000000000000000e+03
4.019000000000000000e+03
4.341000000000000000e+03
4.625000000000000000e+03
5.029000000000000000e+03
5.186000000000000000e+03
5.379000000000000000e+03
5.671000000000000000e+03
6.043000000000000000e+03
6.370000000000000000e+03
6.794000000000000000e+03
7.257000000000000000e+03
7.770000000000000000e+03
7.770000000000000000e+03
8.118000000000000000e+03
8.373000000000000000e+03
9.009000000000000000e+03
9.820000000000000000e+03
1.042300000000000000e+04
1.143700000000000000e+04
1.222300000000000000e+04
1.279900000000000000e+04
1.353700000000000000e+04
1.431600000000000000e+04
1.508600000000000000e+04
1.601600000000000000e+04
1.688200000000000000e+04
1.748600000000000000e+04
1.819800000000000000e+04
1.888700000000000000e+04
1.995400000000000000e+04
2.107100000000000000e+04
2.207700000000000000e+04
2.348100000000000000e+04
2.452400000000000000e+04
2.526900000000000000e+04
2.607900000000000000e+04
2.681800000000000000e+04
2.767000000000000000e+04
2.856600000000000000e+04
2.947100000000000000e+04
3.107600000000000000e+04
3.239400000000000000e+04
3.353600000000000000e+04
3.490200000000000000e+04
3.603400000000000000e+04
3.695300000000000000e+04
3.815000000000000000e+04
3.906000000000000000e+04
4.007000000000000000e+04
4.119400000000000000e+04
4.255500000000000000e+04
4.392900000000000000e+04
4.510600000000000000e+04
4.617800000000000000e+04
4.773500000000000000e+04
4.899700000000000000e+04
5.020700000000000000e+04
5.172500000000000000e+04
5.361400000000000000e+04
5.469700000000000000e+04
5.601500000000000000e+04
5.817900000000000000e+04
5.956800000000000000e+04
6.124700000000000000e+04
6.257400000000000000e+04
6.419300000000000000e+04
6.550400000000000000e+04
6.666100000000000000e+04
6.840000000000000000e+04
6.988700000000000000e+04
7.154700000000000000e+04
7.264600000000000000e+04
7.379100000000000000e+04
7.485800000000000000e+04
7.600500000000000000e+04
7.705800000000000000e+04
7.790400000000000000e+04
7.856900000000000000e+04
7.915900000000000000e+04
7.915900000000000000e+04
7.915900000000000000e+04
7.915900000000000000e+04
7.915900000000000000e+04
7.915900000000000000e+04
8.028600000000000000e+04
8.071300000000000000e+04
8.106700000000000000e+04
8.135700000000000000e+04
8.158000000000000000e+04
8.178700000000000000e+04
8.205000000000000000e+04
8.229900000000000000e+04
8.253100000000000000e+04
8.274300000000000000e+04
8.292400000000000000e+04
8.308600000000000000e+04
8.322600000000000000e+04
8.341800000000000000e+04
8.360600000000000000e+04
8.376900000000000000e+04
8.376900000000000000e+04
8.376900000000000000e+04
8.376900000000000000e+04
8.450900000000000000e+04
8.465200000000000000e+04
8.481800000000000000e+04
8.500500000000000000e+04
8.500500000000000000e+04
8.500500000000000000e+04
8.554400000000000000e+04
8.572200000000000000e+04
8.592800000000000000e+04
8.592800000000000000e+04
8.638000000000000000e+04
8.638000000000000000e+04
8.638000000000000000e+04
8.707200000000000000e+04
8.732800000000000000e+04
8.759000000000000000e+04
8.793900000000000000e+04
8.833700000000000000e+04
8.833700000000000000e+04
8.833700000000000000e+04
8.974600000000000000e+04
9.022200000000000000e+04
9.066000000000000000e+04
9.119600000000000000e+04
9.175300000000000000e+04
9.175300000000000000e+04
9.175300000000000000e+04
9.347500000000000000e+04
9.405100000000000000e+04
9.471100000000000000e+04
9.533900000000000000e+04
9.590700000000000000e+04
9.590700000000000000e+04
9.590700000000000000e+04
9.745000000000000000e+04
9.805700000000000000e+04
9.858500000000000000e+04
9.858500000000000000e+04
9.858500000000000000e+04
9.858500000000000000e+04
9.858500000000000000e+04
1.012700000000000000e+05
1.018140000000000000e+05
1.026480000000000000e+05
1.034650000000000000e+05
1.041290000000000000e+05
1.041290000000000000e+05
1.041290000000000000e+05
1.058900000000000000e+05
1.065750000000000000e+05
1.072130000000000000e+05
1.077760000000000000e+05
1.082960000000000000e+05
1.082960000000000000e+05
1.082960000000000000e+05
1.099530000000000000e+05
1.105940000000000000e+05
1.110330000000000000e+05
1.114840000000000000e+05
1.118370000000000000e+05
1.118370000000000000e+05
1.118370000000000000e+05
1.129320000000000000e+05
1.133540000000000000e+05
1.138200000000000000e+05
1.144340000000000000e+05
1.144340000000000000e+05
1.144340000000000000e+05
1.144340000000000000e+05
1.157340000000000000e+05
1.161520000000000000e+05
1.165280000000000000e+05
1.168470000000000000e+05
1.171670000000000000e+05
1.171670000000000000e+05
1.171670000000000000e+05
1.181400000000000000e+05
1.185030000000000000e+05
1.188840000000000000e+05
1.191860000000000000e+05
1.194420000000000000e+05
1.194420000000000000e+05
1.194420000000000000e+05
1.203890000000000000e+05
1.207180000000000000e+05
1.207180000000000000e+05
1.211290000000000000e+05
1.213600000000000000e+05
1.213600000000000000e+05
1.213600000000000000e+05
1.220810000000000000e+05
1.223560000000000000e+05
1.225790000000000000e+05
1.225790000000000000e+05
1.225790000000000000e+05
1.225790000000000000e+05
1.225790000000000000e+05
1.234840000000000000e+05
1.236990000000000000e+05
1.239080000000000000e+05
1.241450000000000000e+05
1.243290000000000000e+05
1.243290000000000000e+05
1.243290000000000000e+05
1.248860000000000000e+05
1.251150000000000000e+05
1.253250000000000000e+05
1.254900000000000000e+05
1.256690000000000000e+05
1.256690000000000000e+05
1.256690000000000000e+05
1.262400000000000000e+05
1.265040000000000000e+05
1.267190000000000000e+05
1.268350000000000000e+05
1.270190000000000000e+05
1.270190000000000000e+05
1.270190000000000000e+05
1.276670000000000000e+05
1.279310000000000000e+05
1.281430000000000000e+05
1.282360000000000000e+05
1.282900000000000000e+05
1.282900000000000000e+05
1.282900000000000000e+05
1.284720000000000000e+05
1.285630000000000000e+05
1.286330000000000000e+05
1.287190000000000000e+05
1.288670000000000000e+05
1.288670000000000000e+05
1.288670000000000000e+05
1.294040000000000000e+05
1.295840000000000000e+05
1.297740000000000000e+05
1.298880000000000000e+05
1.300700000000000000e+05
1.300700000000000000e+05
1.300700000000000000e+05
1.306080000000000000e+05
1.307800000000000000e+05
1.309440000000000000e+05
1.310860000000000000e+05
1.312640000000000000e+05
1.312640000000000000e+05
1.312640000000000000e+05
1.317900000000000000e+05
1.320110000000000000e+05
1.321460000000000000e+05
1.323170000000000000e+05
1.324860000000000000e+05
1.324860000000000000e+05
1.324860000000000000e+05
1.330440000000000000e+05
1.332530000000000000e+05
1.334070000000000000e+05
1.335740000000000000e+05
1.337280000000000000e+05
1.337280000000000000e+05
1.337280000000000000e+05
1.343260000000000000e+05
1.345240000000000000e+05
1.346850000000000000e+05
1.348560000000000000e+05
1.350410000000000000e+05
1.350410000000000000e+05
1.350410000000000000e+05
1.356740000000000000e+05
1.359900000000000000e+05
1.361870000000000000e+05
1.363770000000000000e+05
1.366220000000000000e+05
1.366220000000000000e+05
1.366220000000000000e+05
1.373060000000000000e+05
1.375920000000000000e+05
1.379290000000000000e+05
1.382060000000000000e+05
1.384940000000000000e+05
1.384940000000000000e+05
1.384940000000000000e+05
1.393620000000000000e+05
1.396920000000000000e+05
1.399890000000000000e+05
1.403000000000000000e+05
1.405880000000000000e+05
1.405880000000000000e+05
1.405880000000000000e+05
1.414960000000000000e+05
1.418080000000000000e+05
1.421690000000000000e+05
1.425270000000000000e+05
1.428960000000000000e+05
1.428960000000000000e+05
1.428960000000000000e+05
1.439550000000000000e+05
1.444040000000000000e+05
1.448310000000000000e+05
1.452570000000000000e+05
1.452570000000000000e+05
1.452570000000000000e+05
1.452570000000000000e+05
1.468670000000000000e+05
1.474230000000000000e+05
1.480100000000000000e+05
1.485580000000000000e+05
1.491350000000000000e+05
1.491350000000000000e+05
1.491350000000000000e+05
1.508000000000000000e+05
1.515280000000000000e+05
1.523640000000000000e+05
1.531050000000000000e+05
1.538380000000000000e+05
1.538380000000000000e+05
1.538380000000000000e+05
1.560870000000000000e+05
1.568830000000000000e+05
1.580560000000000000e+05
1.592180000000000000e+05
1.600180000000000000e+05
1.600180000000000000e+05
1.600180000000000000e+05
1.631570000000000000e+05
1.642740000000000000e+05
1.654800000000000000e+05
1.666850000000000000e+05
1.680050000000000000e+05
1.680050000000000000e+05
1.680050000000000000e+05
1.715490000000000000e+05
1.730290000000000000e+05
1.743640000000000000e+05
1.756330000000000000e+05
1.766680000000000000e+05
1.766680000000000000e+05
1.766680000000000000e+05
1.800310000000000000e+05
1.814300000000000000e+05
1.826930000000000000e+05
1.837700000000000000e+05
1.852780000000000000e+05
1.852780000000000000e+05
1.852780000000000000e+05
1.888160000000000000e+05
1.902700000000000000e+05
1.913980000000000000e+05
1.923260000000000000e+05
1.932530000000000000e+05
1.932530000000000000e+05
1.932530000000000000e+05
1.958070000000000000e+05
1.969000000000000000e+05
1.978020000000000000e+05
1.985720000000000000e+05
1.993440000000000000e+05
1.993440000000000000e+05
1.993440000000000000e+05
2.013500000000000000e+05
2.021370000000000000e+05
2.027130000000000000e+05
2.027130000000000000e+05
2.027130000000000000e+05
2.027130000000000000e+05
2.027130000000000000e+05
2.055110000000000000e+05
2.062970000000000000e+05
2.071090000000000000e+05
2.078050000000000000e+05
2.086070000000000000e+05
2.086070000000000000e+05
2.086070000000000000e+05
2.103640000000000000e+05
2.112210000000000000e+05
2.120380000000000000e+05
2.129040000000000000e+05
2.137840000000000000e+05
2.137840000000000000e+05
2.137840000000000000e+05
2.161830000000000000e+05
2.172240000000000000e+05
2.182710000000000000e+05
2.195290000000000000e+05
2.207020000000000000e+05
2.207020000000000000e+05
2.207020000000000000e+05
2.238790000000000000e+05
2.250950000000000000e+05
2.266480000000000000e+05
2.285790000000000000e+05
2.302190000000000000e+05
2.302190000000000000e+05
2.302190000000000000e+05
2.346340000000000000e+05
2.364400000000000000e+05
2.385660000000000000e+05
2.407080000000000000e+05
2.427230000000000000e+05
2.427230000000000000e+05
2.427230000000000000e+05
2.480430000000000000e+05
2.505720000000000000e+05
2.526090000000000000e+05
2.546560000000000000e+05
2.565420000000000000e+05
2.565420000000000000e+05
2.565420000000000000e+05
2.620590000000000000e+05
2.643020000000000000e+05
2.665360000000000000e+05
2.685450000000000000e+05
2.705040000000000000e+05
2.705040000000000000e+05
2.705040000000000000e+05
2.751660000000000000e+05
2.767360000000000000e+05
2.785600000000000000e+05
2.802350000000000000e+05
2.816880000000000000e+05
2.816880000000000000e+05
2.816880000000000000e+05
2.849050000000000000e+05
2.860720000000000000e+05
2.870540000000000000e+05
2.881380000000000000e+05
2.890420000000000000e+05
2.890420000000000000e+05
2.890420000000000000e+05
2.890420000000000000e+05
2.890420000000000000e+05
2.890420000000000000e+05
2.890420000000000000e+05
2.890420000000000000e+05
2.890420000000000000e+05
2.890420000000000000e+05
2.939540000000000000e+05
2.945260000000000000e+05
2.950170000000000000e+05
2.955350000000000000e+05
2.958570000000000000e+05
2.958570000000000000e+05
2.958570000000000000e+05
2.968350000000000000e+05
