0.000000000000000000e+00
0.000000000000000000e+00
0.000000000000000000e+00
0.000000000000000000e+00
0.000000000000000000e+00
0.000000000000000000e+00
0.000000000000000000e+00
0.000000000000000000e+00
0.000000000000000000e+00
0.000000000000000000e+00
0.000000000000000000e+00
0.000000000000000000e+00
0.000000000000000000e+00
0.000000000000000000e+00
0.000000000000000000e+00
0.000000000000000000e+00
0.000000000000000000e+00
0.000000000000000000e+00
0.000000000000000000e+00
0.000000000000000000e+00
0.000000000000000000e+00
0.000000000000000000e+00
0.000000000000000000e+00
0.000000000000000000e+00
0.000000000000000000e+00
0.000000000000000000e+00
0.000000000000000000e+00
0.000000000000000000e+00
0.000000000000000000e+00
0.000000000000000000e+00
0.000000000000000000e+00
0.000000000000000000e+00
0.000000000000000000e+00
2.000000000000000000e+00
0.000000000000000000e+00
2.000000000000000000e+00
0.000000000000000000e+00
0.000000000000000000e+00
2.000000000000000000e+00
0.000000000000000000e+00
0.000000000000000000e+00
6.000000000000000000e+00
3.000000000000000000e+00
1.000000000000000000e+00
0.000000000000000000e+00
0.000000000000000000e+00
0.000000000000000000e+00
0.000000000000000000e+00
2.000000000000000000e+00
0.000000000000000000e+00
0.000000000000000000e+00
1.000000000000000000e+00
0.000000000000000000e+00
3.000000000000000000e+00
0.000000000000000000e+00
2.000000000000000000e+00
1.500000000000000000e+01
9.000000000000000000e+00
0.000000000000000000e+00
4.000000000000000000e+00
3.000000000000000000e+00
1.100000000000000000e+01
1.800000000000000000e+01
1.500000000000000000e+01
1.000000000000000000e+01
2.200000000000000000e+01
2.100000000000000000e+01
1.500000000000000000e+01
1.200000000000000000e+01
1.300000000000000000e+01
1.800000000000000000e+01
2.100000000000000000e+01
2.100000000000000000e+01
2.500000000000000000e+01
2.100000000000000000e+01
3.300000000000000000e+01
4.000000000000000000e+01
4.800000000000000000e+01
3.800000000000000000e+01
2.700000000000000000e+01
6.200000000000000000e+01
5.300000000000000000e+01
1.280000000000000000e+02
8.600000000000000000e+01
9.700000000000000000e+01
1.090000000000000000e+02
5.000000000000000000e+01
1.110000000000000000e+02
8.600000000000000000e+01
1.440000000000000000e+02
9.800000000000000000e+01
1.060000000000000000e+02
1.020000000000000000e+02
7.400000000000000000e+01
1.150000000000000000e+02
9.300000000000000000e+01
5.100000000000000000e+01
8.200000000000000000e+01
1.430000000000000000e+02
7.400000000000000000e+01
9.900000000000000000e+01
3.600000000000000000e+01
8.500000000000000000e+01
6.900000000000000000e+01
9.800000000000000000e+01
1.680000000000000000e+02
5.500000000000000000e+01
1.540000000000000000e+02
1.120000000000000000e+02
1.750000000000000000e+02
1.740000000000000000e+02
1.480000000000000000e+02
2.980000000000000000e+02
3.220000000000000000e+02
2.840000000000000000e+02
4.040000000000000000e+02
1.570000000000000000e+02
1.930000000000000000e+02
2.920000000000000000e+02
3.720000000000000000e+02
3.270000000000000000e+02
4.240000000000000000e+02
4.630000000000000000e+02
5.130000000000000000e+02
0.000000000000000000e+00
3.480000000000000000e+02
2.550000000000000000e+02
6.360000000000000000e+02
8.110000000000000000e+02
6.030000000000000000e+02
1.014000000000000000e+03
7.860000000000000000e+02
5.760000000000000000e+02
7.380000000000000000e+02
7.790000000000000000e+02
7.700000000000000000e+02
9.300000000000000000e+02
8.660000000000000000e+02
6.040000000000000000e+02
7.120000000000000000e+02
6.890000000000000000e+02
1.067000000000000000e+03
1.117000000000000000e+03
1.006000000000000000e+03
1.404000000000000000e+03
1.043000000000000000e+03
7.450000000000000000e+02
8.100000000000000000e+02
7.390000000000000000e+02
8.520000000000000000e+02
8.960000000000000000e+02
9.050000000000000000e+02
1.605000000000000000e+03
1.318000000000000000e+03
1.142000000000000000e+03
1.366000000000000000e+03
1.132000000000000000e+03
9.190000000000000000e+02
1.197000000000000000e+03
9.100000000000000000e+02
1.010000000000000000e+03
1.124000000000000000e+03
1.361000000000000000e+03
1.374000000000000000e+03
1.177000000000000000e+03
1.072000000000000000e+03
1.557000000000000000e+03
1.262000000000000000e+03
1.210000000000000000e+03
1.518000000000000000e+03
1.889000000000000000e+03
1.083000000000000000e+03
1.318000000000000000e+03
2.164000000000000000e+03
1.389000000000000000e+03
1.679000000000000000e+03
1.327000000000000000e+03
1.619000000000000000e+03
1.311000000000000000e+03
1.157000000000000000e+03
1.739000000000000000e+03
1.487000000000000000e+03
1.660000000000000000e+03
1.099000000000000000e+03
1.145000000000000000e+03
1.067000000000000000e+03
1.147000000000000000e+03
1.053000000000000000e+03
8.460000000000000000e+02
6.650000000000000000e+02
5.900000000000000000e+02
0.000000000000000000e+00
0.000000000000000000e+00
0.000000000000000000e+00
0.000000000000000000e+00
0.000000000000000000e+00
1.127000000000000000e+03
4.270000000000000000e+02
3.540000000000000000e+02
2.900000000000000000e+02
2.230000000000000000e+02
2.070000000000000000e+02
2.630000000000000000e+02
2.490000000000000000e+02
2.320000000000000000e+02
2.120000000000000000e+02
1.810000000000000000e+02
1.620000000000000000e+02
1.400000000000000000e+02
1.920000000000000000e+02
1.880000000000000000e+02
1.630000000000000000e+02
0.000000000000000000e+00
0.000000000000000000e+00
0.000000000000000000e+00
7.400000000000000000e+02
1.430000000000000000e+02
1.660000000000000000e+02
1.870000000000000000e+02
0.000000000000000000e+00
0.000000000000000000e+00
5.390000000000000000e+02
1.780000000000000000e+02
2.060000000000000000e+02
0.000000000000000000e+00
4.520000000000000000e+02
0.000000000000000000e+00
0.000000000000000000e+00
6.920000000000000000e+02
2.560000000000000000e+02
2.620000000000000000e+02
3.490000000000000000e+02
3.980000000000000000e+02
0.000000000000000000e+00
0.000000000000000000e+00
1.409000000000000000e+03
4.760000000000000000e+02
4.380000000000000000e+02
5.360000000000000000e+02
5.570000000000000000e+02
0.000000000000000000e+00
0.000000000000000000e+00
1.722000000000000000e+03
5.760000000000000000e+02
6.600000000000000000e+02
6.280000000000000000e+02
5.680000000000000000e+02
0.000000000000000000e+00
0.000000000000000000e+00
1.543000000000000000e+03
6.070000000000000000e+02
5.280000000000000000e+02
0.000000000000000000e+00
0.000000000000000000e+00
0.000000000000000000e+00
0.000000000000000000e+00
2.685000000000000000e+03
5.440000000000000000e+02
8.340000000000000000e+02
8.170000000000000000e+02
6.640000000000000000e+02
0.000000000000000000e+00
0.000000000000000000e+00
1.761000000000000000e+03
6.850000000000000000e+02
6.380000000000000000e+02
5.630000000000000000e+02
5.200000000000000000e+02
0.000000000000000000e+00
0.000000000000000000e+00
1.657000000000000000e+03
6.410000000000000000e+02
4.390000000000000000e+02
4.510000000000000000e+02
3.530000000000000000e+02
0.000000000000000000e+00
0.000000000000000000e+00
1.095000000000000000e+03
4.220000000000000000e+02
4.660000000000000000e+02
6.140000000000000000e+02
0.000000000000000000e+00
0.000000000000000000e+00
0.000000000000000000e+00
1.300000000000000000e+03
4.180000000000000000e+02
3.760000000000000000e+02
3.190000000000000000e+02
3.200000000000000000e+02
0.000000000000000000e+00
0.000000000000000000e+00
9.730000000000000000e+02
3.630000000000000000e+02
3.810000000000000000e+02
3.020000000000000000e+02
2.560000000000000000e+02
0.000000000000000000e+00
0.000000000000000000e+00
9.470000000000000000e+02
3.290000000000000000e+02
0.000000000000000000e+00
4.110000000000000000e+02
2.310000000000000000e+02
0.000000000000000000e+00
0.000000000000000000e+00
7.210000000000000000e+02
2.750000000000000000e+02
2.230000000000000000e+02
0.000000000000000000e+00
0.000000000000000000e+00
0.000000000000000000e+00
0.000000000000000000e+00
9.050000000000000000e+02
2.150000000000000000e+02
2.090000000000000000e+02
2.370000000000000000e+02
1.840000000000000000e+02
0.000000000000000000e+00
0.000000000000000000e+00
5.570000000000000000e+02
2.290000000000000000e+02
2.100000000000000000e+02
1.650000000000000000e+02
1.790000000000000000e+02
0.000000000000000000e+00
0.000000000000000000e+00
5.710000000000000000e+02
2.640000000000000000e+02
2.150000000000000000e+02
1.160000000000000000e+02
1.840000000000000000e+02
0.000000000000000000e+00
0.000000000000000000e+00
6.480000000000000000e+02
2.640000000000000000e+02
2.120000000000000000e+02
9.300000000000000000e+01
5.400000000000000000e+01
0.000000000000000000e+00
0.000000000000000000e+00
1.820000000000000000e+02
9.100000000000000000e+01
7.000000000000000000e+01
8.600000000000000000e+01
1.480000000000000000e+02
0.000000000000000000e+00
0.000000000000000000e+00
5.370000000000000000e+02
1.800000000000000000e+02
1.900000000000000000e+02
1.140000000000000000e+02
1.820000000000000000e+02
0.000000000000000000e+00
0.000000000000000000e+00
5.380000000000000000e+02
1.720000000000000000e+02
1.640000000000000000e+02
1.420000000000000000e+02
1.780000000000000000e+02
0.000000000000000000e+00
0.000000000000000000e+00
5.260000000000000000e+02
2.210000000000000000e+02
1.350000000000000000e+02
1.710000000000000000e+02
1.690000000000000000e+02
0.000000000000000000e+00
0.000000000000000000e+00
5.580000000000000000e+02
2.090000000000000000e+02
1.540000000000000000e+02
1.670000000000000000e+02
1.540000000000000000e+02
0.000000000000000000e+00
0.000000000000000000e+00
5.980000000000000000e+02
1.980000000000000000e+02
1.610000000000000000e+02
1.710000000000000000e+02
1.850000000000000000e+02
0.000000000000000000e+00
0.000000000000000000e+00
6.330000000000000000e+02
3.160000000000000000e+02
1.970000000000000000e+02
1.900000000000000000e+02
2.450000000000000000e+02
0.000000000000000000e+00
0.000000000000000000e+00
6.840000000000000000e+02
2.860000000000000000e+02
3.370000000000000000e+02
2.770000000000000000e+02
2.880000000000000000e+02
0.000000000000000000e+00
0.000000000000000000e+00
8.680000000000000000e+02
3.300000000000000000e+02
2.970000000000000000e+02
3.110000000000000000e+02
2.880000000000000000e+02
0.000000000000000000e+00
0.000000000000000000e+00
9.080000000000000000e+02
3.120000000000000000e+02
3.610000000000000000e+02
3.580000000000000000e+02
3.690000000000000000e+02
0.000000000000000000e+00
0.000000000000000000e+00
1.059000000000000000e+03
4.490000000000000000e+02
4.270000000000000000e+02
4.260000000000000000e+02
0.000000000000000000e+00
0.000000000000000000e+00
0.000000000000000000e+00
1.610000000000000000e+03
5.560000000000000000e+02
5.870000000000000000e+02
5.480000000000000000e+02
5.770000000000000000e+02
0.000000000000000000e+00
0.000000000000000000e+00
1.665000000000000000e+03
7.280000000000000000e+02
8.360000000000000000e+02
7.410000000000000000e+02
7.330000000000000000e+02
0.000000000000000000e+00
0.000000000000000000e+00
2.249000000000000000e+03
7.960000000000000000e+02
1.173000000000000000e+03
1.162000000000000000e+03
8.000000000000000000e+02
0.000000000000000000e+00
0.000000000000000000e+00
3.139000000000000000e+03
1.117000000000000000e+03
1.206000000000000000e+03
1.205000000000000000e+03
1.320000000000000000e+03
0.000000000000000000e+00
0.000000000000000000e+00
3.544000000000000000e+03
1.480000000000000000e+03
1.335000000000000000e+03
1.269000000000000000e+03
1.035000000000000000e+03
0.000000000000000000e+00
0.000000000000000000e+00
3.363000000000000000e+03
1.399000000000000000e+03
1.263000000000000000e+03
1.077000000000000000e+03
1.508000000000000000e+03
0.000000000000000000e+00
0.000000000000000000e+00
3.538000000000000000e+03
1.454000000000000000e+03
1.128000000000000000e+03
9.280000000000000000e+02
9.270000000000000000e+02
0.000000000000000000e+00
0.000000000000000000e+00
2.554000000000000000e+03
1.093000000000000000e+03
9.020000000000000000e+02
7.700000000000000000e+02
7.720000000000000000e+02
0.000000000000000000e+00
0.000000000000000000e+00
2.006000000000000000e+03
7.870000000000000000e+02
5.760000000000000000e+02
0.000000000000000000e+00
0.000000000000000000e+00
0.000000000000000000e+00
0.000000000000000000e+00
2.798000000000000000e+03
7.860000000000000000e+02
8.120000000000000000e+02
6.960000000000000000e+02
8.020000000000000000e+02
0.000000000000000000e+00
0.000000000000000000e+00
1.757000000000000000e+03
8.570000000000000000e+02
8.170000000000000000e+02
8.660000000000000000e+02
8.800000000000000000e+02
0.000000000000000000e+00
0.000000000000000000e+00
2.399000000000000000e+03
1.041000000000000000e+03
1.047000000000000000e+03
1.258000000000000000e+03
1.173000000000000000e+03
0.000000000000000000e+00
0.000000000000000000e+00
3.177000000000000000e+03
1.216000000000000000e+03
1.553000000000000000e+03
1.931000000000000000e+03
1.640000000000000000e+03
0.000000000000000000e+00
0.000000000000000000e+00
4.415000000000000000e+03
1.806000000000000000e+03
2.126000000000000000e+03
2.142000000000000000e+03
2.015000000000000000e+03
0.000000000000000000e+00
0.000000000000000000e+00
5.320000000000000000e+03
2.529000000000000000e+03
2.037000000000000000e+03
2.047000000000000000e+03
1.886000000000000000e+03
0.000000000000000000e+00
0.000000000000000000e+00
5.517000000000000000e+03
2.243000000000000000e+03
2.234000000000000000e+03
2.009000000000000000e+03
1.959000000000000000e+03
0.000000000000000000e+00
0.000000000000000000e+00
4.662000000000000000e+03
1.570000000000000000e+03
1.824000000000000000e+03
1.675000000000000000e+03
1.453000000000000000e+03
0.000000000000000000e+00
0.000000000000000000e+00
3.217000000000000000e+03
1.167000000000000000e+03
9.820000000000000000e+02
1.084000000000000000e+03
9.040000000000000000e+02
0.000000000000000000e+00
0.000000000000000000e+00
0.000000000000000000e+00
0.000000000000000000e+00
0.000000000000000000e+00
0.000000000000000000e+00
0.000000000000000000e+00
0.000000000000000000e+00
0.000000000000000000e+00
4.912000000000000000e+03
5.720000000000000000e+02
4.910000000000000000e+02
5.180000000000000000e+02
3.220000000000000000e+02
0.000000000000000000e+00
0.000000000000000000e+00
9.780000000000000000e+02
