0.000000000000000000e+00
0.000000000000000000e+00
0.000000000000000000e+00
0.000000000000000000e+00
0.000000000000000000e+00
0.000000000000000000e+00
0.000000000000000000e+00
0.000000000000000000e+00
0.000000000000000000e+00
0.000000000000000000e+00
0.000000000000000000e+00
0.000000000000000000e+00
0.000000000000000000e+00
0.000000000000000000e+00
0.000000000000000000e+00
0.000000000000000000e+00
0.000000000000000000e+00
0.000000000000000000e+00
0.000000000000000000e+00
0.000000000000000000e+00
0.000000000000000000e+00
0.000000000000000000e+00
0.000000000000000000e+00
0.000000000000000000e+00
0.000000000000000000e+00
0.000000000000000000e+00
0.000000000000000000e+00
0.000000000000000000e+00
0.000000000000000000e+00
0.000000000000000000e+00
0.000000000000000000e+00
0.000000000000000000e+00
0.000000000000000000e+00
0.000000000000000000e+00
0.000000000000000000e+00
0.000000000000000000e+00
0.000000000000000000e+00
0.000000000000000000e+00
0.000000000000000000e+00
0.000000000000000000e+00
0.000000000000000000e+00
0.000000000000000000e+00
0.000000000000000000e+00
0.000000000000000000e+00
0.000000000000000000e+00
0.000000000000000000e+00
0.000000000000000000e+00
0.000000000000000000e+00
0.000000000000000000e+00
0.000000000000000000e+00
0.000000000000000000e+00
0.000000000000000000e+00
0.000000000000000000e+00
0.000000000000000000e+00
0.000000000000000000e+00
0.000000000000000000e+00
3.000000000000000000e+00
3.000000000000000000e+00
1.200000000000000000e+01
1.400000000000000000e+01
2.800000000000000000e+01
3.600000000000000000e+01
4.200000000000000000e+01
4.800000000000000000e+01
8.100000000000000000e+01
9.400000000000000000e+01
1.020000000000000000e+02
1.070000000000000000e+02
1.280000000000000000e+02
1.430000000000000000e+02
1.610000000000000000e+02
1.690000000000000000e+02
1.860000000000000000e+02
1.960000000000000000e+02
2.270000000000000000e+02
2.440000000000000000e+02
2.680000000000000000e+02
2.730000000000000000e+02
3.140000000000000000e+02
3.180000000000000000e+02
3.190000000000000000e+02
3.240000000000000000e+02
3.240000000000000000e+02
3.240000000000000000e+02
3.240000000000000000e+02
3.240000000000000000e+02
3.240000000000000000e+02
3.250000000000000000e+02
3.280000000000000000e+02
3.280000000000000000e+02
3.280000000000000000e+02
3.290000000000000000e+02
3.310000000000000000e+02
3.310000000000000000e+02
3.310000000000000000e+02
3.320000000000000000e+02
3.340000000000000000e+02
3.340000000000000000e+02
3.320000000000000000e+02
3.320000000000000000e+02
3.320000000000000000e+02
3.320000000000000000e+02
3.320000000000000000e+02
3.320000000000000000e+02
3.320000000000000000e+02
3.320000000000000000e+02
3.320000000000000000e+02
3.320000000000000000e+02
3.320000000000000000e+02
3.320000000000000000e+02
3.320000000000000000e+02
3.320000000000000000e+02
3.320000000000000000e+02
3.320000000000000000e+02
3.320000000000000000e+02
3.320000000000000000e+02
3.320000000000000000e+02
3.320000000000000000e+02
3.320000000000000000e+02
3.320000000000000000e+02
3.320000000000000000e+02
3.320000000000000000e+02
3.320000000000000000e+02
3.340000000000000000e+02
3.340000000000000000e+02
3.340000000000000000e+02
3.340000000000000000e+02
3.340000000000000000e+02
3.350000000000000000e+02
3.350000000000000000e+02
3.350000000000000000e+02
3.350000000000000000e+02
3.350000000000000000e+02
3.350000000000000000e+02
3.350000000000000000e+02
3.370000000000000000e+02
3.370000000000000000e+02
3.370000000000000000e+02
3.370000000000000000e+02
3.370000000000000000e+02
3.370000000000000000e+02
3.370000000000000000e+02
3.370000000000000000e+02
3.370000000000000000e+02
3.370000000000000000e+02
3.370000000000000000e+02
3.370000000000000000e+02
3.370000000000000000e+02
3.370000000000000000e+02
3.370000000000000000e+02
3.370000000000000000e+02
3.370000000000000000e+02
3.400000000000000000e+02
3.400000000000000000e+02
3.410000000000000000e+02
3.410000000000000000e+02
3.410000000000000000e+02
3.410000000000000000e+02
3.410000000000000000e+02
3.410000000000000000e+02
3.410000000000000000e+02
3.410000000000000000e+02
3.410000000000000000e+02
3.410000000000000000e+02
3.410000000000000000e+02
3.410000000000000000e+02
3.420000000000000000e+02
3.420000000000000000e+02
3.420000000000000000e+02
3.420000000000000000e+02
3.420000000000000000e+02
3.420000000000000000e+02
3.420000000000000000e+02
3.420000000000000000e+02
3.420000000000000000e+02
3.430000000000000000e+02
3.430000000000000000e+02
3.430000000000000000e+02
3.430000000000000000e+02
3.430000000000000000e+02
3.430000000000000000e+02
3.430000000000000000e+02
3.430000000000000000e+02
3.430000000000000000e+02
3.440000000000000000e+02
3.440000000000000000e+02
3.440000000000000000e+02
3.440000000000000000e+02
3.440000000000000000e+02
3.440000000000000000e+02
3.440000000000000000e+02
3.440000000000000000e+02
3.440000000000000000e+02
3.440000000000000000e+02
3.440000000000000000e+02
3.440000000000000000e+02
3.440000000000000000e+02
3.440000000000000000e+02
3.440000000000000000e+02
3.440000000000000000e+02
3.440000000000000000e+02
3.440000000000000000e+02
3.440000000000000000e+02
3.440000000000000000e+02
3.440000000000000000e+02
3.450000000000000000e+02
3.460000000000000000e+02
3.460000000000000000e+02
3.460000000000000000e+02
3.460000000000000000e+02
3.460000000000000000e+02
3.460000000000000000e+02
3.460000000000000000e+02
3.460000000000000000e+02
3.460000000000000000e+02
3.470000000000000000e+02
3.480000000000000000e+02
3.480000000000000000e+02
3.550000000000000000e+02
3.550000000000000000e+02
3.550000000000000000e+02
3.550000000000000000e+02
3.560000000000000000e+02
3.560000000000000000e+02
3.560000000000000000e+02
3.560000000000000000e+02
3.560000000000000000e+02
3.560000000000000000e+02
3.560000000000000000e+02
3.560000000000000000e+02
3.610000000000000000e+02
3.610000000000000000e+02
3.610000000000000000e+02
3.610000000000000000e+02
3.610000000000000000e+02
3.610000000000000000e+02
3.610000000000000000e+02
3.650000000000000000e+02
3.650000000000000000e+02
3.660000000000000000e+02
3.660000000000000000e+02
3.660000000000000000e+02
3.660000000000000000e+02
3.660000000000000000e+02
3.670000000000000000e+02
3.670000000000000000e+02
3.670000000000000000e+02
3.670000000000000000e+02
3.670000000000000000e+02
3.670000000000000000e+02
3.670000000000000000e+02
3.670000000000000000e+02
3.810000000000000000e+02
3.810000000000000000e+02
3.850000000000000000e+02
3.850000000000000000e+02
3.850000000000000000e+02
3.870000000000000000e+02
3.950000000000000000e+02
3.950000000000000000e+02
3.950000000000000000e+02
3.950000000000000000e+02
3.950000000000000000e+02
3.950000000000000000e+02
4.040000000000000000e+02
4.070000000000000000e+02
4.070000000000000000e+02
4.150000000000000000e+02
4.170000000000000000e+02
4.170000000000000000e+02
4.170000000000000000e+02
4.190000000000000000e+02
4.190000000000000000e+02
4.190000000000000000e+02
4.250000000000000000e+02
4.350000000000000000e+02
4.350000000000000000e+02
4.350000000000000000e+02
4.390000000000000000e+02
4.390000000000000000e+02
4.390000000000000000e+02
4.390000000000000000e+02
4.410000000000000000e+02
4.410000000000000000e+02
4.460000000000000000e+02
4.510000000000000000e+02
4.510000000000000000e+02
4.520000000000000000e+02
4.530000000000000000e+02
4.530000000000000000e+02
4.530000000000000000e+02
4.530000000000000000e+02
4.530000000000000000e+02
4.530000000000000000e+02
4.530000000000000000e+02
4.680000000000000000e+02
4.700000000000000000e+02
4.700000000000000000e+02
4.780000000000000000e+02
4.910000000000000000e+02
4.910000000000000000e+02
4.940000000000000000e+02
4.940000000000000000e+02
4.940000000000000000e+02
4.940000000000000000e+02
4.940000000000000000e+02
4.940000000000000000e+02
4.940000000000000000e+02
4.970000000000000000e+02
4.980000000000000000e+02
5.010000000000000000e+02
5.010000000000000000e+02
5.010000000000000000e+02
5.040000000000000000e+02
5.050000000000000000e+02
5.080000000000000000e+02
5.080000000000000000e+02
5.080000000000000000e+02
5.080000000000000000e+02
5.080000000000000000e+02
5.110000000000000000e+02
5.150000000000000000e+02
5.150000000000000000e+02
5.150000000000000000e+02
5.150000000000000000e+02
5.150000000000000000e+02
5.150000000000000000e+02
5.230000000000000000e+02
5.240000000000000000e+02
5.240000000000000000e+02
5.240000000000000000e+02
5.240000000000000000e+02
5.240000000000000000e+02
5.240000000000000000e+02
5.240000000000000000e+02
5.260000000000000000e+02
5.270000000000000000e+02
5.270000000000000000e+02
5.270000000000000000e+02
5.270000000000000000e+02
5.270000000000000000e+02
5.270000000000000000e+02
5.270000000000000000e+02
5.270000000000000000e+02
5.270000000000000000e+02
5.270000000000000000e+02
5.270000000000000000e+02
5.270000000000000000e+02
5.310000000000000000e+02
5.310000000000000000e+02
5.390000000000000000e+02
5.390000000000000000e+02
5.390000000000000000e+02
5.390000000000000000e+02
5.390000000000000000e+02
5.450000000000000000e+02
5.460000000000000000e+02
5.470000000000000000e+02
5.470000000000000000e+02
5.470000000000000000e+02
5.470000000000000000e+02
5.470000000000000000e+02
5.560000000000000000e+02
5.560000000000000000e+02
5.560000000000000000e+02
5.560000000000000000e+02
5.560000000000000000e+02
5.560000000000000000e+02
5.560000000000000000e+02
5.680000000000000000e+02
5.680000000000000000e+02
5.690000000000000000e+02
5.690000000000000000e+02
5.690000000000000000e+02
5.690000000000000000e+02
5.690000000000000000e+02
5.820000000000000000e+02
5.830000000000000000e+02
5.840000000000000000e+02
5.840000000000000000e+02
5.840000000000000000e+02
5.840000000000000000e+02
5.840000000000000000e+02
5.930000000000000000e+02
5.940000000000000000e+02
5.950000000000000000e+02
5.950000000000000000e+02
5.950000000000000000e+02
5.950000000000000000e+02
5.950000000000000000e+02
6.010000000000000000e+02
6.030000000000000000e+02
6.030000000000000000e+02
6.030000000000000000e+02
6.030000000000000000e+02
6.030000000000000000e+02
6.030000000000000000e+02
6.030000000000000000e+02
6.100000000000000000e+02
6.100000000000000000e+02
6.100000000000000000e+02
6.100000000000000000e+02
6.100000000000000000e+02
6.100000000000000000e+02
6.190000000000000000e+02
6.190000000000000000e+02
6.190000000000000000e+02
6.200000000000000000e+02
6.250000000000000000e+02
6.390000000000000000e+02
6.410000000000000000e+02
6.410000000000000000e+02
6.410000000000000000e+02
6.410000000000000000e+02
6.640000000000000000e+02
7.110000000000000000e+02
7.390000000000000000e+02
7.420000000000000000e+02
7.470000000000000000e+02
7.580000000000000000e+02
7.620000000000000000e+02
7.680000000000000000e+02
7.930000000000000000e+02
7.960000000000000000e+02
8.050000000000000000e+02
8.090000000000000000e+02
8.260000000000000000e+02
8.500000000000000000e+02
8.530000000000000000e+02
8.710000000000000000e+02
8.710000000000000000e+02
9.330000000000000000e+02
9.580000000000000000e+02
9.960000000000000000e+02
1.028000000000000000e+03
1.039000000000000000e+03
1.095000000000000000e+03
1.104000000000000000e+03
1.112000000000000000e+03
1.121000000000000000e+03
1.130000000000000000e+03
1.167000000000000000e+03
1.171000000000000000e+03
1.183000000000000000e+03
1.190000000000000000e+03
1.192000000000000000e+03
1.193000000000000000e+03
1.198000000000000000e+03
1.201000000000000000e+03
1.202000000000000000e+03
1.202000000000000000e+03
1.203000000000000000e+03
1.203000000000000000e+03
1.203000000000000000e+03
1.203000000000000000e+03
1.204000000000000000e+03
1.205000000000000000e+03
1.205000000000000000e+03
1.206000000000000000e+03
1.206000000000000000e+03
1.206000000000000000e+03
1.206000000000000000e+03
1.207000000000000000e+03
1.208000000000000000e+03
1.209000000000000000e+03
1.211000000000000000e+03
1.211000000000000000e+03
1.211000000000000000e+03
1.214000000000000000e+03
1.216000000000000000e+03
1.216000000000000000e+03
1.226000000000000000e+03
1.240000000000000000e+03
1.246000000000000000e+03
1.256000000000000000e+03
1.257000000000000000e+03
1.266000000000000000e+03
1.274000000000000000e+03
1.277000000000000000e+03
1.280000000000000000e+03
1.282000000000000000e+03
1.287000000000000000e+03
1.288000000000000000e+03
1.288000000000000000e+03
1.288000000000000000e+03
1.292000000000000000e+03
1.293000000000000000e+03
1.293000000000000000e+03
1.296000000000000000e+03
1.311000000000000000e+03
1.332000000000000000e+03
1.341000000000000000e+03
1.356000000000000000e+03
1.363000000000000000e+03
1.367000000000000000e+03
1.375000000000000000e+03
1.399000000000000000e+03
1.418000000000000000e+03
1.421000000000000000e+03
1.421000000000000000e+03
1.421000000000000000e+03
1.458000000000000000e+03
1.458000000000000000e+03
1.458000000000000000e+03
1.496000000000000000e+03
1.496000000000000000e+03
1.564000000000000000e+03
1.566000000000000000e+03
1.673000000000000000e+03
1.709000000000000000e+03
1.729000000000000000e+03
1.729000000000000000e+03
1.729000000000000000e+03
1.773000000000000000e+03
1.773000000000000000e+03
1.773000000000000000e+03
1.800000000000000000e+03
1.820000000000000000e+03
1.836000000000000000e+03
1.845000000000000000e+03
1.852000000000000000e+03
1.852000000000000000e+03
1.852000000000000000e+03
1.880000000000000000e+03
1.898000000000000000e+03
1.898000000000000000e+03
1.898000000000000000e+03
1.913000000000000000e+03
1.913000000000000000e+03
1.913000000000000000e+03
1.984000000000000000e+03
2.047000000000000000e+03
2.078000000000000000e+03
2.078000000000000000e+03
2.131000000000000000e+03
2.131000000000000000e+03
2.131000000000000000e+03
2.131000000000000000e+03
2.260000000000000000e+03
2.324000000000000000e+03
2.364000000000000000e+03
2.364000000000000000e+03
2.364000000000000000e+03
2.535000000000000000e+03
2.535000000000000000e+03
2.731000000000000000e+03
3.120000000000000000e+03
3.181000000000000000e+03
3.388000000000000000e+03
3.388000000000000000e+03
3.388000000000000000e+03
3.785000000000000000e+03
3.785000000000000000e+03
3.913000000000000000e+03
3.913000000000000000e+03
3.913000000000000000e+03
3.913000000000000000e+03
3.913000000000000000e+03
