0.000000000000000000e+00
0.000000000000000000e+00
0.000000000000000000e+00
0.000000000000000000e+00
0.000000000000000000e+00
0.000000000000000000e+00
0.000000000000000000e+00
0.000000000000000000e+00
0.000000000000000000e+00
0.000000000000000000e+00
0.000000000000000000e+00
0.000000000000000000e+00
0.000000000000000000e+00
0.000000000000000000e+00
0.000000000000000000e+00
0.000000000000000000e+00
0.000000000000000000e+00
0.000000000000000000e+00
0.000000000000000000e+00
0.000000000000000000e+00
0.000000000000000000e+00
0.000000000000000000e+00
0.000000000000000000e+00
0.000000000000000000e+00
0.000000000000000000e+00
0.000000000000000000e+00
0.000000000000000000e+00
0.000000000000000000e+00
0.000000000000000000e+00
0.000000000000000000e+00
0.000000000000000000e+00
0.000000000000000000e+00
0.000000000000000000e+00
0.000000000000000000e+00
0.000000000000000000e+00
0.000000000000000000e+00
0.000000000000000000e+00
0.000000000000000000e+00
0.000000000000000000e+00
0.000000000000000000e+00
0.000000000000000000e+00
0.000000000000000000e+00
0.000000000000000000e+00
0.000000000000000000e+00
0.000000000000000000e+00
0.000000000000000000e+00
0.000000000000000000e+00
0.000000000000000000e+00
0.000000000000000000e+00
0.000000000000000000e+00
0.000000000000000000e+00
0.000000000000000000e+00
0.000000000000000000e+00
0.000000000000000000e+00
0.000000000000000000e+00
0.000000000000000000e+00
2.000000000000000000e+00
2.000000000000000000e+00
2.000000000000000000e+00
2.000000000000000000e+00
3.000000000000000000e+00
3.000000000000000000e+00
3.000000000000000000e+00
1.200000000000000000e+01
1.600000000000000000e+01
2.200000000000000000e+01
2.800000000000000000e+01
2.900000000000000000e+01
3.500000000000000000e+01
3.500000000000000000e+01
3.600000000000000000e+01
3.900000000000000000e+01
3.900000000000000000e+01
3.900000000000000000e+01
3.900000000000000000e+01
3.900000000000000000e+01
3.900000000000000000e+01
3.900000000000000000e+01
3.900000000000000000e+01
4.000000000000000000e+01
4.000000000000000000e+01
4.300000000000000000e+01
4.500000000000000000e+01
4.500000000000000000e+01
4.800000000000000000e+01
4.800000000000000000e+01
5.200000000000000000e+01
5.700000000000000000e+01
6.100000000000000000e+01
6.500000000000000000e+01
7.000000000000000000e+01
7.400000000000000000e+01
7.600000000000000000e+01
8.400000000000000000e+01
8.400000000000000000e+01
8.800000000000000000e+01
8.800000000000000000e+01
9.500000000000000000e+01
9.700000000000000000e+01
1.060000000000000000e+02
1.090000000000000000e+02
1.190000000000000000e+02
1.240000000000000000e+02
1.370000000000000000e+02
1.380000000000000000e+02
1.460000000000000000e+02
1.530000000000000000e+02
1.670000000000000000e+02
2.520000000000000000e+02
2.670000000000000000e+02
2.670000000000000000e+02
4.410000000000000000e+02
4.460000000000000000e+02
6.540000000000000000e+02
6.540000000000000000e+02
6.790000000000000000e+02
7.530000000000000000e+02
7.610000000000000000e+02
7.720000000000000000e+02
8.320000000000000000e+02
8.660000000000000000e+02
9.200000000000000000e+02
9.200000000000000000e+02
9.200000000000000000e+02
9.200000000000000000e+02
9.200000000000000000e+02
1.057000000000000000e+03
1.057000000000000000e+03
1.057000000000000000e+03
1.057000000000000000e+03
1.057000000000000000e+03
1.089000000000000000e+03
1.089000000000000000e+03
1.089000000000000000e+03
1.089000000000000000e+03
1.089000000000000000e+03
1.089000000000000000e+03
1.089000000000000000e+03
1.200000000000000000e+03
1.200000000000000000e+03
1.200000000000000000e+03
1.200000000000000000e+03
1.321000000000000000e+03
1.357000000000000000e+03
1.358000000000000000e+03
1.382000000000000000e+03
1.405000000000000000e+03
1.412000000000000000e+03
1.416000000000000000e+03
1.430000000000000000e+03
1.430000000000000000e+03
1.430000000000000000e+03
1.430000000000000000e+03
1.477000000000000000e+03
1.489000000000000000e+03
1.497000000000000000e+03
1.531000000000000000e+03
1.531000000000000000e+03
1.557000000000000000e+03
1.568000000000000000e+03
1.594000000000000000e+03
1.632000000000000000e+03
1.632000000000000000e+03
1.632000000000000000e+03
1.632000000000000000e+03
1.632000000000000000e+03
1.632000000000000000e+03
1.895000000000000000e+03
1.895000000000000000e+03
1.895000000000000000e+03
1.895000000000000000e+03
1.895000000000000000e+03
1.895000000000000000e+03
1.895000000000000000e+03
1.895000000000000000e+03
1.895000000000000000e+03
1.895000000000000000e+03
2.810000000000000000e+03
2.980000000000000000e+03
2.980000000000000000e+03
3.326000000000000000e+03
3.386000000000000000e+03
3.583000000000000000e+03
3.789000000000000000e+03
3.856000000000000000e+03
4.328000000000000000e+03
4.481000000000000000e+03
4.552000000000000000e+03
5.002000000000000000e+03
5.249000000000000000e+03
5.555000000000000000e+03
5.963000000000000000e+03
6.228000000000000000e+03
6.347000000000000000e+03
6.580000000000000000e+03
6.793000000000000000e+03
7.022000000000000000e+03
7.164000000000000000e+03
7.486000000000000000e+03
7.903000000000000000e+03
8.085000000000000000e+03
8.210000000000000000e+03
8.275000000000000000e+03
8.501000000000000000e+03
8.663000000000000000e+03
9.021000000000000000e+03
9.186000000000000000e+03
9.343000000000000000e+03
9.839000000000000000e+03
9.981000000000000000e+03
1.021800000000000000e+04
1.037200000000000000e+04
1.062700000000000000e+04
1.083100000000000000e+04
1.108200000000000000e+04
1.114800000000000000e+04
1.128500000000000000e+04
1.137600000000000000e+04
1.160100000000000000e+04
1.177900000000000000e+04
1.190200000000000000e+04
1.202500000000000000e+04
1.209700000000000000e+04
1.238100000000000000e+04
1.241500000000000000e+04
1.252300000000000000e+04
1.263900000000000000e+04
1.270900000000000000e+04
1.277600000000000000e+04
1.283600000000000000e+04
1.295200000000000000e+04
1.311200000000000000e+04
1.321400000000000000e+04
1.332300000000000000e+04
1.346600000000000000e+04
1.353900000000000000e+04
1.372000000000000000e+04
1.381900000000000000e+04
1.388700000000000000e+04
1.392800000000000000e+04
1.402200000000000000e+04
1.407000000000000000e+04
1.413100000000000000e+04
1.417500000000000000e+04
1.438900000000000000e+04
1.444300000000000000e+04
1.449100000000000000e+04
1.451500000000000000e+04
1.461200000000000000e+04
1.464100000000000000e+04
1.466000000000000000e+04
1.471500000000000000e+04
1.475900000000000000e+04
1.480200000000000000e+04
1.483000000000000000e+04
1.497400000000000000e+04
1.505200000000000000e+04
1.508900000000000000e+04
1.517000000000000000e+04
1.522400000000000000e+04
1.530100000000000000e+04
1.533900000000000000e+04
1.541500000000000000e+04
1.545800000000000000e+04
1.554900000000000000e+04
1.558700000000000000e+04
1.561600000000000000e+04
1.565900000000000000e+04
1.565900000000000000e+04
1.578900000000000000e+04
1.585300000000000000e+04
1.589700000000000000e+04
1.598200000000000000e+04
1.600000000000000000e+04
1.603500000000000000e+04
1.609500000000000000e+04
1.611700000000000000e+04
1.611700000000000000e+04
1.620000000000000000e+04
1.624300000000000000e+04
1.628500000000000000e+04
1.632500000000000000e+04
1.641500000000000000e+04
1.643200000000000000e+04
1.648000000000000000e+04
1.654300000000000000e+04
1.666100000000000000e+04
1.669800000000000000e+04
1.677000000000000000e+04
1.681900000000000000e+04
1.690800000000000000e+04
1.695400000000000000e+04
1.697100000000000000e+04
1.699700000000000000e+04
1.703600000000000000e+04
1.705600000000000000e+04
1.709300000000000000e+04
1.709700000000000000e+04
1.712300000000000000e+04
1.718700000000000000e+04
1.724300000000000000e+04
1.728000000000000000e+04
1.735000000000000000e+04
1.737300000000000000e+04
1.739400000000000000e+04
1.742400000000000000e+04
1.745400000000000000e+04
1.746600000000000000e+04
1.753500000000000000e+04
1.755300000000000000e+04
1.756900000000000000e+04
1.758900000000000000e+04
1.760800000000000000e+04
1.764700000000000000e+04
1.766500000000000000e+04
1.770000000000000000e+04
1.773000000000000000e+04
1.785700000000000000e+04
1.789800000000000000e+04
1.791600000000000000e+04
1.793100000000000000e+04
1.796300000000000000e+04
1.806200000000000000e+04
1.809100000000000000e+04
1.816100000000000000e+04
1.821700000000000000e+04
1.827400000000000000e+04
1.832200000000000000e+04
1.842800000000000000e+04
1.845600000000000000e+04
1.850400000000000000e+04
1.857500000000000000e+04
1.862000000000000000e+04
1.871600000000000000e+04
1.876800000000000000e+04
1.888100000000000000e+04
1.912200000000000000e+04
1.923400000000000000e+04
1.957100000000000000e+04
1.967100000000000000e+04
1.983400000000000000e+04
1.994300000000000000e+04
2.017700000000000000e+04
2.046200000000000000e+04
2.072500000000000000e+04
2.099700000000000000e+04
2.123000000000000000e+04
2.158200000000000000e+04
2.199300000000000000e+04
2.264500000000000000e+04
2.349500000000000000e+04
2.429700000000000000e+04
2.532600000000000000e+04
2.656700000000000000e+04
2.772800000000000000e+04
2.859600000000000000e+04
2.975700000000000000e+04
3.110000000000000000e+04
3.280000000000000000e+04
3.427800000000000000e+04
3.607400000000000000e+04
3.760500000000000000e+04
3.820700000000000000e+04
3.951500000000000000e+04
4.094900000000000000e+04
4.221300000000000000e+04
4.333300000000000000e+04
4.459200000000000000e+04
4.533700000000000000e+04
4.614600000000000000e+04
4.762200000000000000e+04
4.891100000000000000e+04
5.031900000000000000e+04
5.162400000000000000e+04
5.335200000000000000e+04
5.421700000000000000e+04
5.504200000000000000e+04
5.623300000000000000e+04
5.748900000000000000e+04
5.900300000000000000e+04
6.042700000000000000e+04
6.142700000000000000e+04
6.263300000000000000e+04
6.357300000000000000e+04
6.461000000000000000e+04
6.557300000000000000e+04
6.659800000000000000e+04
6.768100000000000000e+04
6.845400000000000000e+04
6.943700000000000000e+04
7.024800000000000000e+04
7.082300000000000000e+04
7.167700000000000000e+04
7.246700000000000000e+04
7.320300000000000000e+04
7.389400000000000000e+04
7.450300000000000000e+04
7.502700000000000000e+04
7.558200000000000000e+04
7.648400000000000000e+04
7.717100000000000000e+04
7.763900000000000000e+04
7.820200000000000000e+04
7.853400000000000000e+04
7.900200000000000000e+04
7.955700000000000000e+04
8.009000000000000000e+04
8.068700000000000000e+04
8.134100000000000000e+04
8.201100000000000000e+04
8.242100000000000000e+04
8.265500000000000000e+04
8.289700000000000000e+04
8.333300000000000000e+04
8.391300000000000000e+04
8.424000000000000000e+04
8.447400000000000000e+04
8.479700000000000000e+04
8.495000000000000000e+04
8.524000000000000000e+04
8.550200000000000000e+04
8.588900000000000000e+04
8.605900000000000000e+04
8.627300000000000000e+04
8.644900000000000000e+04
8.653500000000000000e+04
8.677900000000000000e+04
8.699300000000000000e+04
8.731800000000000000e+04
8.758300000000000000e+04
8.758300000000000000e+04
8.787200000000000000e+04
8.801200000000000000e+04
8.819900000000000000e+04
8.841800000000000000e+04
8.854900000000000000e+04
8.873000000000000000e+04
8.880000000000000000e+04
8.893000000000000000e+04
8.900900000000000000e+04
8.907100000000000000e+04
8.938600000000000000e+04
8.959200000000000000e+04
8.978300000000000000e+04
8.991800000000000000e+04
9.002900000000000000e+04
9.006400000000000000e+04
9.021800000000000000e+04
9.038900000000000000e+04
9.053200000000000000e+04
9.075000000000000000e+04
9.084400000000000000e+04
9.091800000000000000e+04
9.094200000000000000e+04
9.104200000000000000e+04
9.111900000000000000e+04
9.118900000000000000e+04
9.125100000000000000e+04
9.131700000000000000e+04
9.135800000000000000e+04
9.137800000000000000e+04
9.141800000000000000e+04
9.148400000000000000e+04
9.153300000000000000e+04
9.158600000000000000e+04
9.167000000000000000e+04
9.169300000000000000e+04
9.172200000000000000e+04
9.180400000000000000e+04
9.184900000000000000e+04
9.194600000000000000e+04
9.200400000000000000e+04
9.205700000000000000e+04
9.209200000000000000e+04
9.211200000000000000e+04
9.215200000000000000e+04
9.221100000000000000e+04
9.226200000000000000e+04
9.235600000000000000e+04
9.240900000000000000e+04
9.243600000000000000e+04
9.246000000000000000e+04
9.252000000000000000e+04
9.263000000000000000e+04
9.275400000000000000e+04
9.292000000000000000e+04
9.310600000000000000e+04
9.320100000000000000e+04
9.327900000000000000e+04
9.342800000000000000e+04
9.362700000000000000e+04
9.394700000000000000e+04
9.443000000000000000e+04
9.475100000000000000e+04
9.505000000000000000e+04
9.526300000000000000e+04
9.582100000000000000e+04
9.656300000000000000e+04
9.738800000000000000e+04
9.837600000000000000e+04
9.954000000000000000e+04
1.002780000000000000e+05
1.007650000000000000e+05
1.019960000000000000e+05
1.037630000000000000e+05
1.059090000000000000e+05
1.079740000000000000e+05
1.103320000000000000e+05
1.117460000000000000e+05
1.131340000000000000e+05
1.158240000000000000e+05
1.188500000000000000e+05
1.222440000000000000e+05
1.251570000000000000e+05
1.269730000000000000e+05
1.290330000000000000e+05
1.306310000000000000e+05
1.336590000000000000e+05
1.370260000000000000e+05
1.406200000000000000e+05
1.432150000000000000e+05
1.460310000000000000e+05
1.485680000000000000e+05
1.496610000000000000e+05
1.520560000000000000e+05
1.549480000000000000e+05
1.578320000000000000e+05
1.606130000000000000e+05
1.624870000000000000e+05
1.642820000000000000e+05
1.655130000000000000e+05
1.671320000000000000e+05
1.690030000000000000e+05
1.704560000000000000e+05
1.724050000000000000e+05
1.747890000000000000e+05
1.757290000000000000e+05
1.767420000000000000e+05
1.787480000000000000e+05
1.805490000000000000e+05
1.821290000000000000e+05
1.833440000000000000e+05
1.846720000000000000e+05
1.856490000000000000e+05
1.862790000000000000e+05
1.876020000000000000e+05
1.885730000000000000e+05
1.897310000000000000e+05
1.906150000000000000e+05
1.915270000000000000e+05
1.920710000000000000e+05
1.923160000000000000e+05
1.929560000000000000e+05
1.934320000000000000e+05
1.941400000000000000e+05
1.950960000000000000e+05
1.958160000000000000e+05
1.962930000000000000e+05
