0.000000000000000000e+00
0.000000000000000000e+00
0.000000000000000000e+00
0.000000000000000000e+00
0.000000000000000000e+00
0.000000000000000000e+00
0.000000000000000000e+00
0.000000000000000000e+00
0.000000000000000000e+00
0.000000000000000000e+00
0.000000000000000000e+00
0.000000000000000000e+00
0.000000000000000000e+00
0.000000000000000000e+00
0.000000000000000000e+00
0.000000000000000000e+00
0.000000000000000000e+00
0.000000000000000000e+00
0.000000000000000000e+00
0.000000000000000000e+00
0.000000000000000000e+00
0.000000000000000000e+00
0.000000000000000000e+00
0.000000000000000000e+00
0.000000000000000000e+00
0.000000000000000000e+00
0.000000000000000000e+00
0.000000000000000000e+00
0.000000000000000000e+00
0.000000000000000000e+00
0.000000000000000000e+00
0.000000000000000000e+00
0.000000000000000000e+00
0.000000000000000000e+00
0.000000000000000000e+00
0.000000000000000000e+00
0.000000000000000000e+00
0.000000000000000000e+00
0.000000000000000000e+00
0.000000000000000000e+00
0.000000000000000000e+00
0.000000000000000000e+00
0.000000000000000000e+00
0.000000000000000000e+00
0.000000000000000000e+00
0.000000000000000000e+00
0.000000000000000000e+00
0.000000000000000000e+00
0.000000000000000000e+00
0.000000000000000000e+00
0.000000000000000000e+00
0.000000000000000000e+00
0.000000000000000000e+00
0.000000000000000000e+00
0.000000000000000000e+00
0.000000000000000000e+00
2.000000000000000000e+00
0.000000000000000000e+00
0.000000000000000000e+00
0.000000000000000000e+00
1.000000000000000000e+00
0.000000000000000000e+00
0.000000000000000000e+00
9.000000000000000000e+00
4.000000000000000000e+00
6.000000000000000000e+00
6.000000000000000000e+00
1.000000000000000000e+00
6.000000000000000000e+00
0.000000000000000000e+00
1.000000000000000000e+00
3.000000000000000000e+00
0.000000000000000000e+00
0.000000000000000000e+00
0.000000000000000000e+00
0.000000000000000000e+00
0.000000000000000000e+00
0.000000000000000000e+00
0.000000000000000000e+00
1.000000000000000000e+00
0.000000000000000000e+00
3.000000000000000000e+00
2.000000000000000000e+00
0.000000000000000000e+00
3.000000000000000000e+00
0.000000000000000000e+00
4.000000000000000000e+00
5.000000000000000000e+00
4.000000000000000000e+00
4.000000000000000000e+00
5.000000000000000000e+00
4.000000000000000000e+00
2.000000000000000000e+00
8.000000000000000000e+00
0.000000000000000000e+00
4.000000000000000000e+00
0.000000000000000000e+00
7.000000000000000000e+00
2.000000000000000000e+00
9.000000000000000000e+00
3.000000000000000000e+00
1.000000000000000000e+01
5.000000000000000000e+00
1.300000000000000000e+01
1.000000000000000000e+00
8.000000000000000000e+00
7.000000000000000000e+00
1.400000000000000000e+01
8.500000000000000000e+01
1.500000000000000000e+01
0.000000000000000000e+00
1.740000000000000000e+02
5.000000000000000000e+00
2.080000000000000000e+02
0.000000000000000000e+00
2.500000000000000000e+01
7.400000000000000000e+01
8.000000000000000000e+00
1.100000000000000000e+01
6.000000000000000000e+01
3.400000000000000000e+01
5.400000000000000000e+01
0.000000000000000000e+00
0.000000000000000000e+00
0.000000000000000000e+00
0.000000000000000000e+00
1.370000000000000000e+02
0.000000000000000000e+00
0.000000000000000000e+00
0.000000000000000000e+00
0.000000000000000000e+00
3.200000000000000000e+01
0.000000000000000000e+00
0.000000000000000000e+00
0.000000000000000000e+00
0.000000000000000000e+00
0.000000000000000000e+00
0.000000000000000000e+00
1.110000000000000000e+02
0.000000000000000000e+00
0.000000000000000000e+00
0.000000000000000000e+00
1.210000000000000000e+02
3.600000000000000000e+01
1.000000000000000000e+00
2.400000000000000000e+01
2.300000000000000000e+01
7.000000000000000000e+00
4.000000000000000000e+00
1.400000000000000000e+01
0.000000000000000000e+00
0.000000000000000000e+00
0.000000000000000000e+00
4.700000000000000000e+01
1.200000000000000000e+01
8.000000000000000000e+00
3.400000000000000000e+01
0.000000000000000000e+00
2.600000000000000000e+01
1.100000000000000000e+01
2.600000000000000000e+01
3.800000000000000000e+01
0.000000000000000000e+00
0.000000000000000000e+00
0.000000000000000000e+00
0.000000000000000000e+00
0.000000000000000000e+00
2.630000000000000000e+02
0.000000000000000000e+00
0.000000000000000000e+00
0.000000000000000000e+00
0.000000000000000000e+00
0.000000000000000000e+00
0.000000000000000000e+00
0.000000000000000000e+00
0.000000000000000000e+00
0.000000000000000000e+00
9.150000000000000000e+02
1.700000000000000000e+02
0.000000000000000000e+00
3.460000000000000000e+02
6.000000000000000000e+01
1.970000000000000000e+02
2.060000000000000000e+02
6.700000000000000000e+01
4.720000000000000000e+02
1.530000000000000000e+02
7.100000000000000000e+01
4.500000000000000000e+02
2.470000000000000000e+02
3.060000000000000000e+02
4.080000000000000000e+02
2.650000000000000000e+02
1.190000000000000000e+02
2.330000000000000000e+02
2.130000000000000000e+02
2.290000000000000000e+02
1.420000000000000000e+02
3.220000000000000000e+02
4.170000000000000000e+02
1.820000000000000000e+02
1.250000000000000000e+02
6.500000000000000000e+01
2.260000000000000000e+02
1.620000000000000000e+02
3.580000000000000000e+02
1.650000000000000000e+02
1.570000000000000000e+02
4.960000000000000000e+02
1.420000000000000000e+02
2.370000000000000000e+02
1.540000000000000000e+02
2.550000000000000000e+02
2.040000000000000000e+02
2.510000000000000000e+02
6.600000000000000000e+01
1.370000000000000000e+02
9.100000000000000000e+01
2.250000000000000000e+02
1.780000000000000000e+02
1.230000000000000000e+02
1.230000000000000000e+02
7.200000000000000000e+01
2.840000000000000000e+02
3.400000000000000000e+01
1.080000000000000000e+02
1.160000000000000000e+02
7.000000000000000000e+01
6.700000000000000000e+01
6.000000000000000000e+01
1.160000000000000000e+02
1.600000000000000000e+02
1.020000000000000000e+02
1.090000000000000000e+02
1.430000000000000000e+02
7.300000000000000000e+01
1.810000000000000000e+02
9.900000000000000000e+01
6.800000000000000000e+01
4.100000000000000000e+01
9.400000000000000000e+01
4.800000000000000000e+01
6.100000000000000000e+01
4.400000000000000000e+01
2.140000000000000000e+02
5.400000000000000000e+01
4.800000000000000000e+01
2.400000000000000000e+01
9.700000000000000000e+01
2.900000000000000000e+01
1.900000000000000000e+01
5.500000000000000000e+01
4.400000000000000000e+01
4.300000000000000000e+01
2.800000000000000000e+01
1.440000000000000000e+02
7.800000000000000000e+01
3.700000000000000000e+01
8.100000000000000000e+01
5.400000000000000000e+01
7.700000000000000000e+01
3.800000000000000000e+01
7.600000000000000000e+01
4.300000000000000000e+01
9.100000000000000000e+01
3.800000000000000000e+01
2.900000000000000000e+01
4.300000000000000000e+01
0.000000000000000000e+00
1.300000000000000000e+02
6.400000000000000000e+01
4.400000000000000000e+01
8.500000000000000000e+01
1.800000000000000000e+01
3.500000000000000000e+01
6.000000000000000000e+01
2.200000000000000000e+01
0.000000000000000000e+00
8.300000000000000000e+01
4.300000000000000000e+01
4.200000000000000000e+01
4.000000000000000000e+01
9.000000000000000000e+01
1.700000000000000000e+01
4.800000000000000000e+01
6.300000000000000000e+01
1.180000000000000000e+02
3.700000000000000000e+01
7.200000000000000000e+01
4.900000000000000000e+01
8.900000000000000000e+01
4.600000000000000000e+01
1.700000000000000000e+01
2.600000000000000000e+01
3.900000000000000000e+01
2.000000000000000000e+01
3.700000000000000000e+01
4.000000000000000000e+00
2.600000000000000000e+01
6.400000000000000000e+01
5.600000000000000000e+01
3.700000000000000000e+01
7.000000000000000000e+01
2.300000000000000000e+01
2.100000000000000000e+01
3.000000000000000000e+01
3.000000000000000000e+01
1.200000000000000000e+01
6.900000000000000000e+01
1.800000000000000000e+01
1.600000000000000000e+01
2.000000000000000000e+01
1.900000000000000000e+01
3.900000000000000000e+01
1.800000000000000000e+01
3.500000000000000000e+01
3.000000000000000000e+01
1.270000000000000000e+02
4.100000000000000000e+01
1.800000000000000000e+01
1.500000000000000000e+01
3.200000000000000000e+01
9.900000000000000000e+01
2.900000000000000000e+01
7.000000000000000000e+01
5.600000000000000000e+01
5.700000000000000000e+01
4.800000000000000000e+01
1.060000000000000000e+02
2.800000000000000000e+01
4.800000000000000000e+01
7.100000000000000000e+01
4.500000000000000000e+01
9.600000000000000000e+01
5.200000000000000000e+01
1.130000000000000000e+02
2.410000000000000000e+02
1.120000000000000000e+02
3.370000000000000000e+02
1.000000000000000000e+02
1.630000000000000000e+02
1.090000000000000000e+02
2.340000000000000000e+02
2.850000000000000000e+02
2.630000000000000000e+02
2.720000000000000000e+02
2.330000000000000000e+02
3.520000000000000000e+02
4.110000000000000000e+02
6.520000000000000000e+02
8.500000000000000000e+02
8.020000000000000000e+02
1.029000000000000000e+03
1.241000000000000000e+03
1.161000000000000000e+03
8.680000000000000000e+02
1.161000000000000000e+03
1.343000000000000000e+03
1.700000000000000000e+03
1.478000000000000000e+03
1.796000000000000000e+03
1.531000000000000000e+03
6.020000000000000000e+02
1.308000000000000000e+03
1.434000000000000000e+03
1.264000000000000000e+03
1.120000000000000000e+03
1.259000000000000000e+03
7.450000000000000000e+02
8.090000000000000000e+02
1.476000000000000000e+03
1.289000000000000000e+03
1.408000000000000000e+03
1.305000000000000000e+03
1.728000000000000000e+03
8.650000000000000000e+02
8.250000000000000000e+02
1.191000000000000000e+03
1.256000000000000000e+03
1.514000000000000000e+03
1.424000000000000000e+03
1.000000000000000000e+03
1.206000000000000000e+03
9.400000000000000000e+02
1.037000000000000000e+03
9.630000000000000000e+02
1.025000000000000000e+03
1.083000000000000000e+03
7.730000000000000000e+02
9.830000000000000000e+02
8.110000000000000000e+02
5.750000000000000000e+02
8.540000000000000000e+02
7.900000000000000000e+02
7.360000000000000000e+02
6.910000000000000000e+02
6.090000000000000000e+02
5.240000000000000000e+02
5.550000000000000000e+02
9.020000000000000000e+02
6.870000000000000000e+02
4.680000000000000000e+02
5.630000000000000000e+02
3.320000000000000000e+02
4.680000000000000000e+02
5.550000000000000000e+02
5.330000000000000000e+02
5.970000000000000000e+02
6.540000000000000000e+02
6.700000000000000000e+02
4.100000000000000000e+02
2.340000000000000000e+02
2.420000000000000000e+02
4.360000000000000000e+02
5.800000000000000000e+02
3.270000000000000000e+02
2.340000000000000000e+02
3.230000000000000000e+02
1.530000000000000000e+02
2.900000000000000000e+02
2.620000000000000000e+02
3.870000000000000000e+02
1.700000000000000000e+02
2.140000000000000000e+02
1.760000000000000000e+02
8.600000000000000000e+01
2.440000000000000000e+02
2.140000000000000000e+02
3.250000000000000000e+02
2.650000000000000000e+02
0.000000000000000000e+00
2.890000000000000000e+02
1.400000000000000000e+02
1.870000000000000000e+02
2.190000000000000000e+02
1.310000000000000000e+02
1.810000000000000000e+02
7.000000000000000000e+01
1.300000000000000000e+02
7.900000000000000000e+01
6.200000000000000000e+01
3.150000000000000000e+02
2.060000000000000000e+02
1.910000000000000000e+02
1.350000000000000000e+02
1.110000000000000000e+02
3.500000000000000000e+01
1.540000000000000000e+02
1.710000000000000000e+02
1.430000000000000000e+02
2.180000000000000000e+02
9.400000000000000000e+01
7.400000000000000000e+01
2.400000000000000000e+01
1.000000000000000000e+02
7.700000000000000000e+01
7.000000000000000000e+01
6.200000000000000000e+01
6.600000000000000000e+01
4.100000000000000000e+01
2.000000000000000000e+01
4.000000000000000000e+01
6.600000000000000000e+01
4.900000000000000000e+01
5.300000000000000000e+01
8.400000000000000000e+01
2.300000000000000000e+01
2.900000000000000000e+01
8.200000000000000000e+01
4.500000000000000000e+01
9.700000000000000000e+01
5.800000000000000000e+01
5.300000000000000000e+01
3.500000000000000000e+01
2.000000000000000000e+01
4.000000000000000000e+01
5.900000000000000000e+01
5.100000000000000000e+01
9.400000000000000000e+01
5.300000000000000000e+01
2.700000000000000000e+01
2.400000000000000000e+01
6.000000000000000000e+01
1.100000000000000000e+02
1.240000000000000000e+02
1.660000000000000000e+02
1.860000000000000000e+02
9.500000000000000000e+01
7.800000000000000000e+01
1.490000000000000000e+02
1.990000000000000000e+02
3.200000000000000000e+02
4.830000000000000000e+02
3.210000000000000000e+02
2.990000000000000000e+02
2.130000000000000000e+02
5.580000000000000000e+02
7.420000000000000000e+02
8.250000000000000000e+02
9.880000000000000000e+02
1.164000000000000000e+03
7.380000000000000000e+02
4.870000000000000000e+02
1.231000000000000000e+03
1.767000000000000000e+03
2.146000000000000000e+03
2.065000000000000000e+03
2.358000000000000000e+03
1.414000000000000000e+03
1.388000000000000000e+03
2.690000000000000000e+03
3.026000000000000000e+03
3.394000000000000000e+03
2.913000000000000000e+03
1.816000000000000000e+03
2.060000000000000000e+03
1.598000000000000000e+03
3.028000000000000000e+03
3.367000000000000000e+03
3.594000000000000000e+03
2.595000000000000000e+03
2.816000000000000000e+03
2.537000000000000000e+03
1.093000000000000000e+03
2.395000000000000000e+03
2.892000000000000000e+03
2.884000000000000000e+03
2.781000000000000000e+03
1.874000000000000000e+03
1.795000000000000000e+03
1.231000000000000000e+03
1.619000000000000000e+03
1.871000000000000000e+03
1.453000000000000000e+03
1.949000000000000000e+03
2.384000000000000000e+03
9.400000000000000000e+02
1.013000000000000000e+03
2.006000000000000000e+03
1.801000000000000000e+03
1.580000000000000000e+03
1.215000000000000000e+03
1.328000000000000000e+03
9.770000000000000000e+02
6.300000000000000000e+02
1.323000000000000000e+03
9.710000000000000000e+02
1.158000000000000000e+03
8.840000000000000000e+02
9.120000000000000000e+02
5.440000000000000000e+02
2.450000000000000000e+02
6.400000000000000000e+02
4.760000000000000000e+02
7.080000000000000000e+02
9.560000000000000000e+02
7.200000000000000000e+02
4.770000000000000000e+02
