0.000000000000000000e+00
0.000000000000000000e+00
0.000000000000000000e+00
0.000000000000000000e+00
0.000000000000000000e+00
0.000000000000000000e+00
0.000000000000000000e+00
0.000000000000000000e+00
0.000000000000000000e+00
0.000000000000000000e+00
0.000000000000000000e+00
0.000000000000000000e+00
0.000000000000000000e+00
0.000000000000000000e+00
0.000000000000000000e+00
0.000000000000000000e+00
0.000000000000000000e+00
0.000000000000000000e+00
0.000000000000000000e+00
0.000000000000000000e+00
0.000000000000000000e+00
0.000000000000000000e+00
0.000000000000000000e+00
0.000000000000000000e+00
0.000000000000000000e+00
0.000000000000000000e+00
0.000000000000000000e+00
0.000000000000000000e+00
0.000000000000000000e+00
0.000000000000000000e+00
0.000000000000000000e+00
0.000000000000000000e+00
0.000000000000000000e+00
0.000000000000000000e+00
0.000000000000000000e+00
0.000000000000000000e+00
0.000000000000000000e+00
0.000000000000000000e+00
1.000000000000000000e+00
1.000000000000000000e+00
1.000000000000000000e+00
1.000000000000000000e+00
1.000000000000000000e+00
1.000000000000000000e+00
2.000000000000000000e+00
2.000000000000000000e+00
3.000000000000000000e+00
3.000000000000000000e+00
5.000000000000000000e+00
7.000000000000000000e+00
1.900000000000000000e+01
3.400000000000000000e+01
5.100000000000000000e+01
5.900000000000000000e+01
7.700000000000000000e+01
1.400000000000000000e+02
2.030000000000000000e+02
3.350000000000000000e+02
4.840000000000000000e+02
6.700000000000000000e+02
7.980000000000000000e+02
8.750000000000000000e+02
1.099000000000000000e+03
1.333000000000000000e+03
1.453000000000000000e+03
1.605000000000000000e+03
1.831000000000000000e+03
1.950000000000000000e+03
1.988000000000000000e+03
2.178000000000000000e+03
2.319000000000000000e+03
2.487000000000000000e+03
2.612000000000000000e+03
2.729000000000000000e+03
2.804000000000000000e+03
2.843000000000000000e+03
2.970000000000000000e+03
3.034000000000000000e+03
3.115000000000000000e+03
3.223000000000000000e+03
3.270000000000000000e+03
3.281000000000000000e+03
3.292000000000000000e+03
3.307000000000000000e+03
3.373000000000000000e+03
3.444000000000000000e+03
3.480000000000000000e+03
3.537000000000000000e+03
3.550000000000000000e+03
3.558000000000000000e+03
3.618000000000000000e+03
3.654000000000000000e+03
3.665000000000000000e+03
3.695000000000000000e+03
3.711000000000000000e+03
3.723000000000000000e+03
3.729000000000000000e+03
3.741000000000000000e+03
3.769000000000000000e+03
3.784000000000000000e+03
3.802000000000000000e+03
3.812000000000000000e+03
3.824000000000000000e+03
3.828000000000000000e+03
3.840000000000000000e+03
3.851000000000000000e+03
3.859000000000000000e+03
3.871000000000000000e+03
3.877000000000000000e+03
3.886000000000000000e+03
3.888000000000000000e+03
3.894000000000000000e+03
3.904000000000000000e+03
3.915000000000000000e+03
3.923000000000000000e+03
3.930000000000000000e+03
3.945000000000000000e+03
3.947000000000000000e+03
3.958000000000000000e+03
3.971000000000000000e+03
3.980000000000000000e+03
3.981000000000000000e+03
3.990000000000000000e+03
3.992000000000000000e+03
3.993000000000000000e+03
3.995000000000000000e+03
4.001000000000000000e+03
4.008000000000000000e+03
4.012000000000000000e+03
4.016000000000000000e+03
4.018000000000000000e+03
4.019000000000000000e+03
4.020000000000000000e+03
4.024000000000000000e+03
4.027000000000000000e+03
4.032000000000000000e+03
4.035000000000000000e+03
4.039000000000000000e+03
4.040000000000000000e+03
4.046000000000000000e+03
4.049000000000000000e+03
4.052000000000000000e+03
4.055000000000000000e+03
4.063000000000000000e+03
4.070000000000000000e+03
4.072000000000000000e+03
4.075000000000000000e+03
4.085000000000000000e+03
4.091000000000000000e+03
4.099000000000000000e+03
4.105000000000000000e+03
4.120000000000000000e+03
4.121000000000000000e+03
4.133000000000000000e+03
4.140000000000000000e+03
4.151000000000000000e+03
4.173000000000000000e+03
4.217000000000000000e+03
4.242000000000000000e+03
4.256000000000000000e+03
4.299000000000000000e+03
4.345000000000000000e+03
4.395000000000000000e+03
4.447000000000000000e+03
4.476000000000000000e+03
4.522000000000000000e+03
4.542000000000000000e+03
4.603000000000000000e+03
4.650000000000000000e+03
4.719000000000000000e+03
4.777000000000000000e+03
4.842000000000000000e+03
4.925000000000000000e+03
4.956000000000000000e+03
5.056000000000000000e+03
5.122000000000000000e+03
5.285000000000000000e+03
5.409000000000000000e+03
5.483000000000000000e+03
5.605000000000000000e+03
5.639000000000000000e+03
5.725000000000000000e+03
5.854000000000000000e+03
5.952000000000000000e+03
6.056000000000000000e+03
6.189000000000000000e+03
6.272000000000000000e+03
6.321000000000000000e+03
6.375000000000000000e+03
6.533000000000000000e+03
6.616000000000000000e+03
6.695000000000000000e+03
6.793000000000000000e+03
6.855000000000000000e+03
6.864000000000000000e+03
6.917000000000000000e+03
7.007000000000000000e+03
7.073000000000000000e+03
7.113000000000000000e+03
7.169000000000000000e+03
7.205000000000000000e+03
7.216000000000000000e+03
7.242000000000000000e+03
7.300000000000000000e+03
7.368000000000000000e+03
7.405000000000000000e+03
7.439000000000000000e+03
7.458000000000000000e+03
7.469000000000000000e+03
7.499000000000000000e+03
7.566000000000000000e+03
7.637000000000000000e+03
7.704000000000000000e+03
7.762000000000000000e+03
7.775000000000000000e+03
7.794000000000000000e+03
7.838000000000000000e+03
7.928000000000000000e+03
7.928000000000000000e+03
6.580000000000000000e+03
6.625000000000000000e+03
6.625000000000000000e+03
6.625000000000000000e+03
6.625000000000000000e+03
6.745000000000000000e+03
6.811000000000000000e+03
6.854000000000000000e+03
6.896000000000000000e+03
6.950000000000000000e+03
6.960000000000000000e+03
6.974000000000000000e+03
7.023000000000000000e+03
7.088000000000000000e+03
7.088000000000000000e+03
7.159000000000000000e+03
7.159000000000000000e+03
7.244000000000000000e+03
7.284000000000000000e+03
7.394000000000000000e+03
7.541000000000000000e+03
7.718000000000000000e+03
7.718000000000000000e+03
7.718000000000000000e+03
7.916000000000000000e+03
8.016000000000000000e+03
8.090000000000000000e+03
8.158000000000000000e+03
8.233000000000000000e+03
8.233000000000000000e+03
8.233000000000000000e+03
8.376000000000000000e+03
8.431000000000000000e+03
8.509000000000000000e+03
8.595000000000000000e+03
8.709000000000000000e+03
8.709000000000000000e+03
8.709000000000000000e+03
8.925000000000000000e+03
8.979000000000000000e+03
9.119000000000000000e+03
9.219000000000000000e+03
9.360000000000000000e+03
9.514000000000000000e+03
9.722000000000000000e+03
9.731000000000000000e+03
9.840000000000000000e+03
1.003000000000000000e+04
1.024400000000000000e+04
1.047100000000000000e+04
1.047100000000000000e+04
1.088800000000000000e+04
1.101000000000000000e+04
1.124100000000000000e+04
1.167100000000000000e+04
1.233300000000000000e+04
1.285100000000000000e+04
1.285100000000000000e+04
1.285100000000000000e+04
1.439900000000000000e+04
1.488400000000000000e+04
1.565900000000000000e+04
1.635600000000000000e+04
1.713400000000000000e+04
1.713400000000000000e+04
1.713400000000000000e+04
1.910100000000000000e+04
1.963400000000000000e+04
2.034400000000000000e+04
2.114700000000000000e+04
2.180600000000000000e+04
2.180600000000000000e+04
2.180600000000000000e+04
2.322700000000000000e+04
2.371000000000000000e+04
2.371000000000000000e+04
2.521800000000000000e+04
2.593100000000000000e+04
2.593100000000000000e+04
2.593100000000000000e+04
2.725600000000000000e+04
2.768100000000000000e+04
2.857300000000000000e+04
2.924300000000000000e+04
2.976200000000000000e+04
2.976200000000000000e+04
2.976200000000000000e+04
3.111100000000000000e+04
3.148400000000000000e+04
3.210000000000000000e+04
3.287300000000000000e+04
3.340900000000000000e+04
3.340900000000000000e+04
3.340900000000000000e+04
3.467800000000000000e+04
3.512900000000000000e+04
3.580200000000000000e+04
3.642900000000000000e+04
3.701700000000000000e+04
3.701700000000000000e+04
3.701700000000000000e+04
3.847600000000000000e+04
3.847600000000000000e+04
3.847600000000000000e+04
4.003700000000000000e+04
4.075500000000000000e+04
4.075500000000000000e+04
4.075500000000000000e+04
4.190000000000000000e+04
4.225000000000000000e+04
4.284500000000000000e+04
4.327900000000000000e+04
4.372800000000000000e+04
4.372800000000000000e+04
4.372800000000000000e+04
4.458200000000000000e+04
4.480900000000000000e+04
4.520900000000000000e+04
4.520900000000000000e+04
4.520900000000000000e+04
4.520900000000000000e+04
4.520900000000000000e+04
4.584900000000000000e+04
4.608800000000000000e+04
4.641500000000000000e+04
4.641500000000000000e+04
4.641500000000000000e+04
4.641500000000000000e+04
4.641500000000000000e+04
4.698600000000000000e+04
4.714900000000000000e+04
4.743000000000000000e+04
4.759200000000000000e+04
4.774400000000000000e+04
4.774400000000000000e+04
4.774400000000000000e+04
4.802700000000000000e+04
4.818100000000000000e+04
4.837200000000000000e+04
4.848600000000000000e+04
4.863000000000000000e+04
4.863000000000000000e+04
4.863000000000000000e+04
4.889000000000000000e+04
4.897500000000000000e+04
4.920400000000000000e+04
4.931900000000000000e+04
4.943800000000000000e+04
4.943800000000000000e+04
4.943800000000000000e+04
4.973300000000000000e+04
4.985200000000000000e+04
5.008900000000000000e+04
5.022800000000000000e+04
5.038800000000000000e+04
5.038800000000000000e+04
5.038800000000000000e+04
5.073300000000000000e+04
5.092300000000000000e+04
5.112800000000000000e+04
5.133000000000000000e+04
5.151200000000000000e+04
5.151200000000000000e+04
5.151200000000000000e+04
5.187900000000000000e+04
5.202200000000000000e+04
5.224700000000000000e+04
5.239200000000000000e+04
5.253900000000000000e+04
5.253900000000000000e+04
5.253900000000000000e+04
5.292300000000000000e+04
5.306200000000000000e+04
5.332900000000000000e+04
5.356200000000000000e+04
5.378200000000000000e+04
5.378200000000000000e+04
5.378200000000000000e+04
5.417200000000000000e+04
5.435400000000000000e+04
5.467800000000000000e+04
5.487100000000000000e+04
5.511000000000000000e+04
5.511000000000000000e+04
5.511000000000000000e+04
5.548000000000000000e+04
5.563200000000000000e+04
5.590200000000000000e+04
5.611000000000000000e+04
5.629600000000000000e+04
5.629600000000000000e+04
5.629600000000000000e+04
5.667700000000000000e+04
5.682200000000000000e+04
5.705600000000000000e+04
5.732100000000000000e+04
5.750300000000000000e+04
5.750300000000000000e+04
5.750300000000000000e+04
5.792600000000000000e+04
5.811100000000000000e+04
5.840800000000000000e+04
5.867400000000000000e+04
5.895500000000000000e+04
5.895500000000000000e+04
5.895500000000000000e+04
5.949700000000000000e+04
5.966200000000000000e+04
5.990700000000000000e+04
6.020500000000000000e+04
6.046500000000000000e+04
6.046500000000000000e+04
6.046500000000000000e+04
6.107300000000000000e+04
6.125500000000000000e+04
6.164200000000000000e+04
6.188100000000000000e+04
6.210500000000000000e+04
6.210500000000000000e+04
6.210500000000000000e+04
6.210500000000000000e+04
6.262500000000000000e+04
6.279300000000000000e+04
6.318000000000000000e+04
6.346700000000000000e+04
6.346700000000000000e+04
6.346700000000000000e+04
6.388000000000000000e+04
6.406200000000000000e+04
6.433400000000000000e+04
6.454900000000000000e+04
6.474600000000000000e+04
6.474600000000000000e+04
6.474600000000000000e+04
6.514400000000000000e+04
6.531900000000000000e+04
6.560400000000000000e+04
6.581300000000000000e+04
6.600700000000000000e+04
6.600700000000000000e+04
6.600700000000000000e+04
6.637400000000000000e+04
6.659400000000000000e+04
6.682600000000000000e+04
6.704500000000000000e+04
6.720500000000000000e+04
6.720500000000000000e+04
6.720500000000000000e+04
6.749500000000000000e+04
6.764200000000000000e+04
6.785000000000000000e+04
6.802000000000000000e+04
6.815300000000000000e+04
6.815300000000000000e+04
6.815300000000000000e+04
6.843100000000000000e+04
6.855200000000000000e+04
6.874800000000000000e+04
6.874800000000000000e+04
6.892200000000000000e+04
6.892200000000000000e+04
6.892200000000000000e+04
6.919000000000000000e+04
6.923900000000000000e+04
6.939800000000000000e+04
6.946500000000000000e+04
6.954500000000000000e+04
6.954500000000000000e+04
6.954500000000000000e+04
6.954500000000000000e+04
6.957900000000000000e+04
6.966900000000000000e+04
6.974900000000000000e+04
6.983000000000000000e+04
6.983000000000000000e+04
6.983000000000000000e+04
6.993200000000000000e+04
6.998300000000000000e+04
7.002700000000000000e+04
7.008800000000000000e+04
7.018200000000000000e+04
7.018200000000000000e+04
7.018200000000000000e+04
7.025600000000000000e+04
7.029100000000000000e+04
7.034300000000000000e+04
7.038300000000000000e+04
7.040600000000000000e+04
7.040600000000000000e+04
7.040600000000000000e+04
7.044500000000000000e+04
7.046600000000000000e+04
7.048500000000000000e+04
7.050300000000000000e+04
7.051600000000000000e+04
7.051600000000000000e+04
7.051600000000000000e+04
7.053500000000000000e+04
7.054700000000000000e+04
7.054700000000000000e+04
7.058600000000000000e+04
7.060000000000000000e+04
7.060000000000000000e+04
7.060000000000000000e+04
7.064200000000000000e+04
7.069500000000000000e+04
7.078700000000000000e+04
7.089500000000000000e+04
7.103100000000000000e+04
7.103100000000000000e+04
7.103100000000000000e+04
7.142900000000000000e+04
7.154700000000000000e+04
7.174800000000000000e+04
7.187900000000000000e+04
7.201000000000000000e+04
7.201000000000000000e+04
7.201000000000000000e+04
7.225700000000000000e+04
7.239100000000000000e+04
7.250900000000000000e+04
7.263200000000000000e+04
7.275900000000000000e+04
7.275900000000000000e+04
7.275900000000000000e+04
7.298500000000000000e+04
7.307400000000000000e+04
7.321500000000000000e+04
7.330900000000000000e+04
7.341200000000000000e+04
7.341200000000000000e+04
7.341200000000000000e+04
7.355100000000000000e+04
7.363700000000000000e+04
7.374400000000000000e+04
7.381600000000000000e+04
7.387000000000000000e+04
7.387000000000000000e+04
7.387000000000000000e+04
