0.000000000000000000e+00
0.000000000000000000e+00
0.000000000000000000e+00
0.000000000000000000e+00
0.000000000000000000e+00
0.000000000000000000e+00
0.000000000000000000e+00
0.000000000000000000e+00
0.000000000000000000e+00
0.000000000000000000e+00
0.000000000000000000e+00
0.000000000000000000e+00
0.000000000000000000e+00
0.000000000000000000e+00
0.000000000000000000e+00
0.000000000000000000e+00
0.000000000000000000e+00
0.000000000000000000e+00
0.000000000000000000e+00
0.000000000000000000e+00
0.000000000000000000e+00
0.000000000000000000e+00
0.000000000000000000e+00
0.000000000000000000e+00
0.000000000000000000e+00
0.000000000000000000e+00
0.000000000000000000e+00
0.000000000000000000e+00
0.000000000000000000e+00
0.000000000000000000e+00
0.000000000000000000e+00
0.000000000000000000e+00
0.000000000000000000e+00
0.000000000000000000e+00
0.000000000000000000e+00
0.000000000000000000e+00
0.000000000000000000e+00
0.000000000000000000e+00
0.000000000000000000e+00
0.000000000000000000e+00
0.000000000000000000e+00
0.000000000000000000e+00
0.000000000000000000e+00
0.000000000000000000e+00
0.000000000000000000e+00
0.000000000000000000e+00
0.000000000000000000e+00
0.000000000000000000e+00
0.000000000000000000e+00
0.000000000000000000e+00
0.000000000000000000e+00
0.000000000000000000e+00
0.000000000000000000e+00
0.000000000000000000e+00
0.000000000000000000e+00
0.000000000000000000e+00
0.000000000000000000e+00
0.000000000000000000e+00
0.000000000000000000e+00
0.000000000000000000e+00
1.000000000000000000e+00
1.000000000000000000e+00
3.000000000000000000e+00
5.000000000000000000e+00
7.000000000000000000e+00
7.000000000000000000e+00
8.000000000000000000e+00
8.000000000000000000e+00
8.000000000000000000e+00
8.000000000000000000e+00
1.000000000000000000e+01
1.000000000000000000e+01
1.000000000000000000e+01
1.000000000000000000e+01
1.000000000000000000e+01
1.000000000000000000e+01
1.000000000000000000e+01
1.700000000000000000e+01
1.700000000000000000e+01
2.000000000000000000e+01
2.000000000000000000e+01
2.100000000000000000e+01
2.100000000000000000e+01
2.800000000000000000e+01
2.900000000000000000e+01
3.100000000000000000e+01
3.400000000000000000e+01
3.500000000000000000e+01
3.900000000000000000e+01
3.900000000000000000e+01
3.900000000000000000e+01
4.100000000000000000e+01
4.600000000000000000e+01
6.500000000000000000e+01
7.000000000000000000e+01
7.600000000000000000e+01
7.600000000000000000e+01
7.600000000000000000e+01
7.600000000000000000e+01
7.600000000000000000e+01
7.900000000000000000e+01
7.900000000000000000e+01
8.000000000000000000e+01
8.000000000000000000e+01
8.100000000000000000e+01
8.100000000000000000e+01
8.100000000000000000e+01
8.200000000000000000e+01
8.700000000000000000e+01
9.100000000000000000e+01
1.030000000000000000e+02
1.040000000000000000e+02
1.040000000000000000e+02
1.150000000000000000e+02
1.190000000000000000e+02
1.290000000000000000e+02
1.370000000000000000e+02
1.450000000000000000e+02
1.460000000000000000e+02
1.560000000000000000e+02
1.620000000000000000e+02
1.640000000000000000e+02
1.680000000000000000e+02
1.940000000000000000e+02
2.090000000000000000e+02
2.130000000000000000e+02
2.270000000000000000e+02
2.330000000000000000e+02
2.340000000000000000e+02
2.440000000000000000e+02
2.540000000000000000e+02
2.540000000000000000e+02
3.070000000000000000e+02
3.160000000000000000e+02
3.520000000000000000e+02
3.540000000000000000e+02
4.090000000000000000e+02
4.240000000000000000e+02
4.330000000000000000e+02
4.530000000000000000e+02
4.720000000000000000e+02
4.890000000000000000e+02
5.090000000000000000e+02
5.530000000000000000e+02
5.830000000000000000e+02
6.090000000000000000e+02
6.380000000000000000e+02
6.510000000000000000e+02
6.620000000000000000e+02
6.680000000000000000e+02
6.880000000000000000e+02
7.330000000000000000e+02
7.370000000000000000e+02
7.570000000000000000e+02
7.620000000000000000e+02
7.880000000000000000e+02
8.160000000000000000e+02
8.390000000000000000e+02
8.590000000000000000e+02
8.830000000000000000e+02
8.890000000000000000e+02
9.030000000000000000e+02
9.180000000000000000e+02
9.390000000000000000e+02
9.690000000000000000e+02
9.870000000000000000e+02
1.012000000000000000e+03
1.040000000000000000e+03
1.071000000000000000e+03
1.092000000000000000e+03
1.111000000000000000e+03
1.135000000000000000e+03
1.157000000000000000e+03
1.219000000000000000e+03
1.268000000000000000e+03
1.330000000000000000e+03
1.383000000000000000e+03
1.402000000000000000e+03
1.435000000000000000e+03
1.491000000000000000e+03
1.507000000000000000e+03
1.536000000000000000e+03
1.557000000000000000e+03
1.582000000000000000e+03
1.590000000000000000e+03
1.616000000000000000e+03
1.669000000000000000e+03
1.701000000000000000e+03
1.720000000000000000e+03
1.748000000000000000e+03
1.808000000000000000e+03
1.864000000000000000e+03
1.907000000000000000e+03
1.946000000000000000e+03
1.973000000000000000e+03
2.029000000000000000e+03
2.079000000000000000e+03
2.120000000000000000e+03
2.213000000000000000e+03
2.241000000000000000e+03
2.269000000000000000e+03
2.411000000000000000e+03
2.481000000000000000e+03
2.559000000000000000e+03
2.638000000000000000e+03
2.708000000000000000e+03
2.791000000000000000e+03
2.855000000000000000e+03
2.914000000000000000e+03
2.991000000000000000e+03
3.045000000000000000e+03
3.115000000000000000e+03
3.195000000000000000e+03
3.304000000000000000e+03
3.395000000000000000e+03
3.440000000000000000e+03
3.508000000000000000e+03
3.590000000000000000e+03
3.651000000000000000e+03
3.697000000000000000e+03
3.760000000000000000e+03
3.821000000000000000e+03
3.916000000000000000e+03
4.039000000000000000e+03
4.117000000000000000e+03
4.207000000000000000e+03
4.265000000000000000e+03
4.341000000000000000e+03
4.444000000000000000e+03
4.557000000000000000e+03
4.647000000000000000e+03
4.764000000000000000e+03
4.832000000000000000e+03
4.918000000000000000e+03
5.040000000000000000e+03
5.269000000000000000e+03
5.482000000000000000e+03
5.713000000000000000e+03
5.994000000000000000e+03
6.161000000000000000e+03
6.264000000000000000e+03
6.537000000000000000e+03
6.771000000000000000e+03
6.912000000000000000e+03
7.114000000000000000e+03
7.262000000000000000e+03
7.399000000000000000e+03
7.589000000000000000e+03
7.757000000000000000e+03
7.983000000000000000e+03
8.288000000000000000e+03
8.556000000000000000e+03
8.728000000000000000e+03
8.888000000000000000e+03
8.979000000000000000e+03
9.049000000000000000e+03
9.196000000000000000e+03
9.296000000000000000e+03
9.398000000000000000e+03
9.494000000000000000e+03
9.639000000000000000e+03
9.742000000000000000e+03
9.844000000000000000e+03
1.000100000000000000e+04
1.008800000000000000e+04
1.025800000000000000e+04
1.039200000000000000e+04
1.053700000000000000e+04
1.061200000000000000e+04
1.070700000000000000e+04
1.086600000000000000e+04
1.108000000000000000e+04
1.119000000000000000e+04
1.133100000000000000e+04
1.155900000000000000e+04
1.174800000000000000e+04
1.189500000000000000e+04
1.198600000000000000e+04
1.216100000000000000e+04
1.227300000000000000e+04
1.241500000000000000e+04
1.252500000000000000e+04
1.277700000000000000e+04
1.286900000000000000e+04
1.298800000000000000e+04
1.313000000000000000e+04
1.320200000000000000e+04
1.328300000000000000e+04
1.339100000000000000e+04
1.348500000000000000e+04
1.357700000000000000e+04
1.376800000000000000e+04
1.382300000000000000e+04
1.389200000000000000e+04
1.399100000000000000e+04
1.409400000000000000e+04
1.422700000000000000e+04
1.434000000000000000e+04
1.444800000000000000e+04
1.451400000000000000e+04
1.456600000000000000e+04
1.462900000000000000e+04
1.472300000000000000e+04
1.487700000000000000e+04
1.498100000000000000e+04
1.503700000000000000e+04
1.510900000000000000e+04
1.523100000000000000e+04
1.530200000000000000e+04
1.546700000000000000e+04
1.550600000000000000e+04
1.558600000000000000e+04
1.561300000000000000e+04
1.570100000000000000e+04
1.577000000000000000e+04
1.586600000000000000e+04
1.591800000000000000e+04
1.603800000000000000e+04
1.613300000000000000e+04
1.624400000000000000e+04
1.632600000000000000e+04
1.637300000000000000e+04
1.644000000000000000e+04
1.652100000000000000e+04
1.668000000000000000e+04
1.681200000000000000e+04
1.695400000000000000e+04
1.700200000000000000e+04
1.704200000000000000e+04
1.714300000000000000e+04
1.725600000000000000e+04
1.733800000000000000e+04
1.747700000000000000e+04
1.756800000000000000e+04
1.769500000000000000e+04
1.776700000000000000e+04
1.776700000000000000e+04
1.803100000000000000e+04
1.810800000000000000e+04
1.816200000000000000e+04
1.826500000000000000e+04
1.831000000000000000e+04
1.837200000000000000e+04
1.848500000000000000e+04
1.864200000000000000e+04
1.879400000000000000e+04
1.896800000000000000e+04
1.930900000000000000e+04
1.946300000000000000e+04
1.954200000000000000e+04
1.966700000000000000e+04
1.996100000000000000e+04
2.048200000000000000e+04
2.136100000000000000e+04
2.193900000000000000e+04
2.233400000000000000e+04
2.299600000000000000e+04
2.372600000000000000e+04
2.426900000000000000e+04
2.500400000000000000e+04
2.586200000000000000e+04
2.655100000000000000e+04
2.744600000000000000e+04
2.827000000000000000e+04
2.939600000000000000e+04
3.022500000000000000e+04
3.084800000000000000e+04
3.162800000000000000e+04
3.241800000000000000e+04
3.278100000000000000e+04
3.405500000000000000e+04
3.492600000000000000e+04
3.583300000000000000e+04
3.710800000000000000e+04
3.770500000000000000e+04
3.865400000000000000e+04
3.946000000000000000e+04
4.026000000000000000e+04
4.143300000000000000e+04
4.248800000000000000e+04
4.318400000000000000e+04
4.411200000000000000e+04
4.460000000000000000e+04
4.491200000000000000e+04
4.578500000000000000e+04
4.673600000000000000e+04
4.779000000000000000e+04
4.858800000000000000e+04
4.913500000000000000e+04
5.026500000000000000e+04
5.069100000000000000e+04
5.180000000000000000e+04
5.262900000000000000e+04
5.352700000000000000e+04
5.420400000000000000e+04
5.496800000000000000e+04
5.564300000000000000e+04
5.616000000000000000e+04
5.659500000000000000e+04
5.692000000000000000e+04
5.759700000000000000e+04
5.821800000000000000e+04
5.877200000000000000e+04
5.935000000000000000e+04
5.960700000000000000e+04
5.991400000000000000e+04
6.039500000000000000e+04
6.117000000000000000e+04
6.152900000000000000e+04
6.213100000000000000e+04
6.252000000000000000e+04
6.270300000000000000e+04
6.288200000000000000e+04
6.317400000000000000e+04
6.364500000000000000e+04
6.400400000000000000e+04
6.429600000000000000e+04
6.451600000000000000e+04
6.451600000000000000e+04
6.492900000000000000e+04
6.519700000000000000e+04
6.545200000000000000e+04
6.579900000000000000e+04
6.606400000000000000e+04
6.621200000000000000e+04
6.630600000000000000e+04
6.649600000000000000e+04
6.664900000000000000e+04
6.676200000000000000e+04
6.687900000000000000e+04
6.701100000000000000e+04
6.719700000000000000e+04
6.719700000000000000e+04
6.729200000000000000e+04
6.757900000000000000e+04
6.772900000000000000e+04
6.792300000000000000e+04
6.800500000000000000e+04
6.811900000000000000e+04
6.822700000000000000e+04
6.829200000000000000e+04
6.843100000000000000e+04
6.846600000000000000e+04
6.850600000000000000e+04
6.857800000000000000e+04
6.875800000000000000e+04
6.879200000000000000e+04
6.887100000000000000e+04
6.892700000000000000e+04
6.900200000000000000e+04
6.906700000000000000e+04
6.913400000000000000e+04
6.920300000000000000e+04
6.922800000000000000e+04
6.930900000000000000e+04
6.943700000000000000e+04
6.952300000000000000e+04
6.959700000000000000e+04
6.964300000000000000e+04
6.966500000000000000e+04
6.971500000000000000e+04
6.976200000000000000e+04
6.980400000000000000e+04
6.986400000000000000e+04
6.991700000000000000e+04
6.996500000000000000e+04
6.998400000000000000e+04
7.000000000000000000e+04
7.003100000000000000e+04
7.005200000000000000e+04
7.010800000000000000e+04
7.013800000000000000e+04
7.016600000000000000e+04
7.021200000000000000e+04
7.028300000000000000e+04
7.026700000000000000e+04
7.028700000000000000e+04
7.031500000000000000e+04
7.036100000000000000e+04
7.041000000000000000e+04
7.044200000000000000e+04
7.046300000000000000e+04
7.048500000000000000e+04
7.050900000000000000e+04
7.052700000000000000e+04
7.055100000000000000e+04
7.056800000000000000e+04
7.059000000000000000e+04
7.060600000000000000e+04
7.063600000000000000e+04
7.065100000000000000e+04
7.067300000000000000e+04
7.069700000000000000e+04
7.072400000000000000e+04
7.078000000000000000e+04
7.079500000000000000e+04
7.085000000000000000e+04
7.092300000000000000e+04
7.096500000000000000e+04
7.101900000000000000e+04
7.108200000000000000e+04
7.111400000000000000e+04
7.114500000000000000e+04
7.116500000000000000e+04
7.123900000000000000e+04
7.127900000000000000e+04
7.135500000000000000e+04
7.146100000000000000e+04
7.153800000000000000e+04
7.156800000000000000e+04
7.165100000000000000e+04
7.176400000000000000e+04
7.192900000000000000e+04
7.212300000000000000e+04
7.236700000000000000e+04
7.250700000000000000e+04
7.257700000000000000e+04
7.277500000000000000e+04
7.321100000000000000e+04
7.365200000000000000e+04
7.418600000000000000e+04
7.470400000000000000e+04
7.513800000000000000e+04
7.542200000000000000e+04
7.582800000000000000e+04
7.640400000000000000e+04
7.720500000000000000e+04
7.807400000000000000e+04
7.921300000000000000e+04
8.015100000000000000e+04
8.088800000000000000e+04
8.234600000000000000e+04
8.311600000000000000e+04
8.492200000000000000e+04
8.624900000000000000e+04
8.793500000000000000e+04
8.886800000000000000e+04
9.055500000000000000e+04
9.188600000000000000e+04
9.342900000000000000e+04
9.473300000000000000e+04
9.612700000000000000e+04
9.815200000000000000e+04
9.941200000000000000e+04
1.007850000000000000e+05
1.020090000000000000e+05
1.037130000000000000e+05
1.058660000000000000e+05
1.073090000000000000e+05
1.087600000000000000e+05
1.102880000000000000e+05
1.117230000000000000e+05
1.134260000000000000e+05
1.158860000000000000e+05
1.176600000000000000e+05
1.199500000000000000e+05
1.220280000000000000e+05
1.235410000000000000e+05
