0.000000000000000000e+00
0.000000000000000000e+00
0.000000000000000000e+00
0.000000000000000000e+00
0.000000000000000000e+00
0.000000000000000000e+00
0.000000000000000000e+00
0.000000000000000000e+00
0.000000000000000000e+00
0.000000000000000000e+00
0.000000000000000000e+00
0.000000000000000000e+00
0.000000000000000000e+00
0.000000000000000000e+00
0.000000000000000000e+00
0.000000000000000000e+00
0.000000000000000000e+00
0.000000000000000000e+00
0.000000000000000000e+00
0.000000000000000000e+00
0.000000000000000000e+00
0.000000000000000000e+00
0.000000000000000000e+00
0.000000000000000000e+00
0.000000000000000000e+00
0.000000000000000000e+00
0.000000000000000000e+00
0.000000000000000000e+00
0.000000000000000000e+00
0.000000000000000000e+00
0.000000000000000000e+00
0.000000000000000000e+00
0.000000000000000000e+00
0.000000000000000000e+00
0.000000000000000000e+00
0.000000000000000000e+00
0.000000000000000000e+00
0.000000000000000000e+00
0.000000000000000000e+00
0.000000000000000000e+00
0.000000000000000000e+00
0.000000000000000000e+00
0.000000000000000000e+00
0.000000000000000000e+00
0.000000000000000000e+00
0.000000000000000000e+00
0.000000000000000000e+00
0.000000000000000000e+00
0.000000000000000000e+00
2.000000000000000000e+00
2.000000000000000000e+00
2.000000000000000000e+00
2.000000000000000000e+00
3.000000000000000000e+00
6.000000000000000000e+00
8.000000000000000000e+00
9.000000000000000000e+00
1.200000000000000000e+01
2.400000000000000000e+01
2.400000000000000000e+01
2.600000000000000000e+01
3.000000000000000000e+01
3.000000000000000000e+01
3.600000000000000000e+01
5.200000000000000000e+01
6.800000000000000000e+01
9.500000000000000000e+01
1.100000000000000000e+02
1.390000000000000000e+02
1.410000000000000000e+02
1.720000000000000000e+02
2.190000000000000000e+02
2.220000000000000000e+02
2.640000000000000000e+02
2.680000000000000000e+02
2.980000000000000000e+02
3.050000000000000000e+02
3.120000000000000000e+02
3.430000000000000000e+02
3.820000000000000000e+02
3.920000000000000000e+02
3.930000000000000000e+02
3.970000000000000000e+02
4.070000000000000000e+02
4.190000000000000000e+02
4.260000000000000000e+02
4.420000000000000000e+02
4.570000000000000000e+02
4.720000000000000000e+02
4.770000000000000000e+02
4.940000000000000000e+02
5.100000000000000000e+02
5.190000000000000000e+02
5.910000000000000000e+02
6.270000000000000000e+02
6.270000000000000000e+02
6.610000000000000000e+02
7.020000000000000000e+02
7.380000000000000000e+02
7.710000000000000000e+02
8.040000000000000000e+02
1.010000000000000000e+03
1.055000000000000000e+03
1.178000000000000000e+03
1.270000000000000000e+03
1.461000000000000000e+03
1.685000000000000000e+03
1.771000000000000000e+03
1.830000000000000000e+03
1.972000000000000000e+03
2.100000000000000000e+03
2.080000000000000000e+03
2.255000000000000000e+03
2.318000000000000000e+03
2.460000000000000000e+03
2.565000000000000000e+03
2.646000000000000000e+03
2.798000000000000000e+03
2.955000000000000000e+03
2.955000000000000000e+03
3.204000000000000000e+03
3.477000000000000000e+03
3.477000000000000000e+03
3.950000000000000000e+03
4.189000000000000000e+03
4.401000000000000000e+03
4.640000000000000000e+03
4.752000000000000000e+03
4.752000000000000000e+03
5.094000000000000000e+03
5.202000000000000000e+03
5.362000000000000000e+03
5.527000000000000000e+03
5.690000000000000000e+03
5.880000000000000000e+03
5.971000000000000000e+03
6.155000000000000000e+03
6.327000000000000000e+03
6.450000000000000000e+03
6.935000000000000000e+03
7.360000000000000000e+03
7.669000000000000000e+03
8.132000000000000000e+03
8.455000000000000000e+03
8.858000000000000000e+03
9.178000000000000000e+03
9.656000000000000000e+03
1.029900000000000000e+04
1.073900000000000000e+04
1.125800000000000000e+04
1.230600000000000000e+04
1.276900000000000000e+04
1.335600000000000000e+04
1.394300000000000000e+04
1.457100000000000000e+04
1.536600000000000000e+04
1.599400000000000000e+04
1.700700000000000000e+04
1.808200000000000000e+04
1.881800000000000000e+04
1.955800000000000000e+04
2.026200000000000000e+04
2.112000000000000000e+04
2.211600000000000000e+04
2.292100000000000000e+04
2.394300000000000000e+04
2.466500000000000000e+04
2.542800000000000000e+04
2.597800000000000000e+04
2.638400000000000000e+04
2.705300000000000000e+04
2.758300000000000000e+04
2.809000000000000000e+04
2.857900000000000000e+04
2.910600000000000000e+04
3.003600000000000000e+04
3.086700000000000000e+04
3.174500000000000000e+04
3.279300000000000000e+04
3.383500000000000000e+04
3.461100000000000000e+04
3.534500000000000000e+04
3.610200000000000000e+04
3.690200000000000000e+04
3.755900000000000000e+04
3.843800000000000000e+04
3.927600000000000000e+04
3.974100000000000000e+04
4.046000000000000000e+04
4.094400000000000000e+04
4.142600000000000000e+04
4.201400000000000000e+04
4.268500000000000000e+04
4.319700000000000000e+04
4.379400000000000000e+04
4.429900000000000000e+04
4.509800000000000000e+04
4.575500000000000000e+04
4.636500000000000000e+04
4.697300000000000000e+04
4.745400000000000000e+04
4.787200000000000000e+04
4.840300000000000000e+04
4.865700000000000000e+04
4.904200000000000000e+04
4.946700000000000000e+04
4.997900000000000000e+04
5.050200000000000000e+04
5.099500000000000000e+04
5.167000000000000000e+04
5.229800000000000000e+04
5.281900000000000000e+04
5.338100000000000000e+04
5.398300000000000000e+04
5.451100000000000000e+04
5.547900000000000000e+04
5.587700000000000000e+04
5.664900000000000000e+04
5.766900000000000000e+04
5.881000000000000000e+04
5.964500000000000000e+04
6.017400000000000000e+04
6.101400000000000000e+04
6.176900000000000000e+04
6.252600000000000000e+04
6.315800000000000000e+04
6.379800000000000000e+04
6.435200000000000000e+04
6.476400000000000000e+04
6.481400000000000000e+04
6.521800000000000000e+04
6.559700000000000000e+04
6.580200000000000000e+04
6.604900000000000000e+04
6.713600000000000000e+04
6.778900000000000000e+04
6.862000000000000000e+04
6.862000000000000000e+04
6.966000000000000000e+04
7.012000000000000000e+04
7.061100000000000000e+04
7.114300000000000000e+04
7.161600000000000000e+04
7.207500000000000000e+04
7.230600000000000000e+04
7.267500000000000000e+04
7.319300000000000000e+04
7.384000000000000000e+04
7.454800000000000000e+04
7.454800000000000000e+04
7.553700000000000000e+04
7.609800000000000000e+04
7.690000000000000000e+04
7.759800000000000000e+04
7.826900000000000000e+04
7.878800000000000000e+04
7.962900000000000000e+04
8.002000000000000000e+04
8.066200000000000000e+04
8.101600000000000000e+04
8.167200000000000000e+04
8.255200000000000000e+04
8.314600000000000000e+04
8.408100000000000000e+04
8.441300000000000000e+04
8.485200000000000000e+04
8.545800000000000000e+04
8.608900000000000000e+04
8.669100000000000000e+04
8.759400000000000000e+04
8.842500000000000000e+04
8.938100000000000000e+04
9.023200000000000000e+04
9.107800000000000000e+04
9.150900000000000000e+04
9.150900000000000000e+04
9.272400000000000000e+04
9.321400000000000000e+04
9.396600000000000000e+04
9.462300000000000000e+04
9.519900000000000000e+04
9.615000000000000000e+04
9.688800000000000000e+04
9.688800000000000000e+04
9.821200000000000000e+04
9.840500000000000000e+04
9.868800000000000000e+04
9.912400000000000000e+04
9.934700000000000000e+04
9.957600000000000000e+04
1.000410000000000000e+05
1.000410000000000000e+05
1.005730000000000000e+05
1.008040000000000000e+05
1.011690000000000000e+05
1.014680000000000000e+05
1.020790000000000000e+05
1.025550000000000000e+05
1.031020000000000000e+05
1.032390000000000000e+05
1.034880000000000000e+05
1.034880000000000000e+05
1.034880000000000000e+05
1.035510000000000000e+05
1.044350000000000000e+05
1.044350000000000000e+05
1.052110000000000000e+05
1.052110000000000000e+05
1.061160000000000000e+05
1.066810000000000000e+05
1.071340000000000000e+05
1.075130000000000000e+05
1.078880000000000000e+05
1.082530000000000000e+05
1.082530000000000000e+05
1.091440000000000000e+05
1.097600000000000000e+05
1.097600000000000000e+05
1.099600000000000000e+05
1.110230000000000000e+05
1.110230000000000000e+05
1.117070000000000000e+05
1.127920000000000000e+05
1.132070000000000000e+05
1.137080000000000000e+05
1.140430000000000000e+05
1.143590000000000000e+05
1.146420000000000000e+05
1.149430000000000000e+05
1.153170000000000000e+05
1.154740000000000000e+05
1.162120000000000000e+05
1.162120000000000000e+05
1.170220000000000000e+05
1.171900000000000000e+05
1.175880000000000000e+05
1.180360000000000000e+05
1.180360000000000000e+05
1.186590000000000000e+05
1.190970000000000000e+05
1.190970000000000000e+05
1.197130000000000000e+05
1.209120000000000000e+05
1.209120000000000000e+05
1.218270000000000000e+05
1.229740000000000000e+05
1.231440000000000000e+05
1.233690000000000000e+05
1.233980000000000000e+05
1.238220000000000000e+05
1.248990000000000000e+05
1.251180000000000000e+05
1.255570000000000000e+05
1.269430000000000000e+05
1.279450000000000000e+05
1.287010000000000000e+05
1.298050000000000000e+05
1.310090000000000000e+05
1.319630000000000000e+05
1.324120000000000000e+05
1.335070000000000000e+05
1.341110000000000000e+05
1.349380000000000000e+05
1.360680000000000000e+05
1.368980000000000000e+05
1.380440000000000000e+05
1.391820000000000000e+05
1.402380000000000000e+05
1.409290000000000000e+05
1.419840000000000000e+05
1.428800000000000000e+05
1.440070000000000000e+05
1.449920000000000000e+05
1.461100000000000000e+05
1.471000000000000000e+05
1.478430000000000000e+05
1.478430000000000000e+05
1.489510000000000000e+05
1.511030000000000000e+05
1.522250000000000000e+05
1.532530000000000000e+05
1.539050000000000000e+05
1.545680000000000000e+05
1.557350000000000000e+05
1.566060000000000000e+05
1.574680000000000000e+05
1.583550000000000000e+05
1.590240000000000000e+05
1.597880000000000000e+05
1.601710000000000000e+05
1.609830000000000000e+05
1.617270000000000000e+05
1.625840000000000000e+05
1.633050000000000000e+05
1.640770000000000000e+05
1.644950000000000000e+05
1.650950000000000000e+05
1.657370000000000000e+05
1.665470000000000000e+05
1.674940000000000000e+05
1.682430000000000000e+05
1.689110000000000000e+05
1.697540000000000000e+05
1.703040000000000000e+05
1.709850000000000000e+05
1.717580000000000000e+05
1.721000000000000000e+05
1.725770000000000000e+05
1.725770000000000000e+05
1.730200000000000000e+05
1.737290000000000000e+05
1.742430000000000000e+05
1.745080000000000000e+05
1.754420000000000000e+05
1.764270000000000000e+05
1.771680000000000000e+05
1.778320000000000000e+05
1.782770000000000000e+05
1.789250000000000000e+05
1.795150000000000000e+05
1.802710000000000000e+05
1.807960000000000000e+05
1.813570000000000000e+05
1.819310000000000000e+05
1.824090000000000000e+05
1.832800000000000000e+05
1.840310000000000000e+05
1.848210000000000000e+05
1.854840000000000000e+05
1.863370000000000000e+05
1.870150000000000000e+05
1.874600000000000000e+05
1.879750000000000000e+05
1.885140000000000000e+05
1.890430000000000000e+05
1.897260000000000000e+05
1.897260000000000000e+05
1.901420000000000000e+05
1.906310000000000000e+05
1.911360000000000000e+05
1.924130000000000000e+05
1.930290000000000000e+05
1.937830000000000000e+05
1.945480000000000000e+05
1.955250000000000000e+05
1.957800000000000000e+05
1.960860000000000000e+05
1.967040000000000000e+05
1.982140000000000000e+05
1.989750000000000000e+05
1.996820000000000000e+05
2.002590000000000000e+05
2.009350000000000000e+05
2.016770000000000000e+05
2.024130000000000000e+05
2.024130000000000000e+05
2.048280000000000000e+05
2.056960000000000000e+05
2.056960000000000000e+05
2.069070000000000000e+05
2.069070000000000000e+05
2.073200000000000000e+05
2.083560000000000000e+05
2.110760000000000000e+05
2.123330000000000000e+05
2.131670000000000000e+05
2.131670000000000000e+05
2.144750000000000000e+05
2.158330000000000000e+05
2.169640000000000000e+05
2.175950000000000000e+05
2.183300000000000000e+05
2.192880000000000000e+05
2.192880000000000000e+05
2.201850000000000000e+05
2.221180000000000000e+05
2.229920000000000000e+05
2.229920000000000000e+05
2.239220000000000000e+05
2.259640000000000000e+05
2.267190000000000000e+05
2.275160000000000000e+05
2.282870000000000000e+05
2.292110000000000000e+05
2.303110000000000000e+05
2.315600000000000000e+05
2.321410000000000000e+05
2.326720000000000000e+05
2.331160000000000000e+05
2.339160000000000000e+05
2.349230000000000000e+05
2.355990000000000000e+05
2.364510000000000000e+05
2.369520000000000000e+05
2.369520000000000000e+05
2.382270000000000000e+05
2.388200000000000000e+05
2.394280000000000000e+05
2.403820000000000000e+05
2.410390000000000000e+05
2.415740000000000000e+05
2.418260000000000000e+05
2.423770000000000000e+05
2.427960000000000000e+05
2.434670000000000000e+05
2.442950000000000000e+05
2.456950000000000000e+05
2.470740000000000000e+05
2.477280000000000000e+05
2.481150000000000000e+05
2.491180000000000000e+05
2.499310000000000000e+05
2.499310000000000000e+05
2.511490000000000000e+05
2.531280000000000000e+05
2.538750000000000000e+05
2.541940000000000000e+05
2.551170000000000000e+05
2.556630000000000000e+05
2.568180000000000000e+05
2.583490000000000000e+05
2.596280000000000000e+05
2.596280000000000000e+05
2.603310000000000000e+05
2.620690000000000000e+05
2.627600000000000000e+05
2.633760000000000000e+05
2.651740000000000000e+05
2.669180000000000000e+05
2.678580000000000000e+05
2.690000000000000000e+05
2.700200000000000000e+05
2.706890000000000000e+05
2.716190000000000000e+05
2.727300000000000000e+05
2.737020000000000000e+05
2.744780000000000000e+05
2.749770000000000000e+05
2.756750000000000000e+05
2.769890000000000000e+05
2.779740000000000000e+05
2.792570000000000000e+05
2.792570000000000000e+05
2.792570000000000000e+05
2.816040000000000000e+05
2.826860000000000000e+05
2.841870000000000000e+05
2.853750000000000000e+05
2.866350000000000000e+05
2.866350000000000000e+05
2.866350000000000000e+05
2.904470000000000000e+05
2.916870000000000000e+05
2.929690000000000000e+05
2.945610000000000000e+05
2.971110000000000000e+05
2.971110000000000000e+05
2.971110000000000000e+05
