0.000000000000000000e+00
0.000000000000000000e+00
0.000000000000000000e+00
0.000000000000000000e+00
0.000000000000000000e+00
0.000000000000000000e+00
0.000000000000000000e+00
0.000000000000000000e+00
0.000000000000000000e+00
0.000000000000000000e+00
0.000000000000000000e+00
0.000000000000000000e+00
0.000000000000000000e+00
0.000000000000000000e+00
0.000000000000000000e+00
0.000000000000000000e+00
0.000000000000000000e+00
0.000000000000000000e+00
0.000000000000000000e+00
0.000000000000000000e+00
0.000000000000000000e+00
0.000000000000000000e+00
0.000000000000000000e+00
0.000000000000000000e+00
0.000000000000000000e+00
0.000000000000000000e+00
0.000000000000000000e+00
0.000000000000000000e+00
0.000000000000000000e+00
0.000000000000000000e+00
0.000000000000000000e+00
0.000000000000000000e+00
0.000000000000000000e+00
0.000000000000000000e+00
0.000000000000000000e+00
0.000000000000000000e+00
0.000000000000000000e+00
0.000000000000000000e+00
0.000000000000000000e+00
0.000000000000000000e+00
0.000000000000000000e+00
0.000000000000000000e+00
0.000000000000000000e+00
0.000000000000000000e+00
0.000000000000000000e+00
0.000000000000000000e+00
0.000000000000000000e+00
0.000000000000000000e+00
0.000000000000000000e+00
2.000000000000000000e+00
0.000000000000000000e+00
0.000000000000000000e+00
0.000000000000000000e+00
1.000000000000000000e+00
3.000000000000000000e+00
2.000000000000000000e+00
1.000000000000000000e+00
3.000000000000000000e+00
1.200000000000000000e+01
0.000000000000000000e+00
2.000000000000000000e+00
4.000000000000000000e+00
0.000000000000000000e+00
6.000000000000000000e+00
1.600000000000000000e+01
1.600000000000000000e+01
2.700000000000000000e+01
1.500000000000000000e+01
2.900000000000000000e+01
2.000000000000000000e+00
3.100000000000000000e+01
4.700000000000000000e+01
3.000000000000000000e+00
4.200000000000000000e+01
4.000000000000000000e+00
3.000000000000000000e+01
7.000000000000000000e+00
7.000000000000000000e+00
3.100000000000000000e+01
3.900000000000000000e+01
1.000000000000000000e+01
1.000000000000000000e+00
4.000000000000000000e+00
1.000000000000000000e+01
1.200000000000000000e+01
7.000000000000000000e+00
1.600000000000000000e+01
1.500000000000000000e+01
1.500000000000000000e+01
5.000000000000000000e+00
1.700000000000000000e+01
1.600000000000000000e+01
9.000000000000000000e+00
7.200000000000000000e+01
3.600000000000000000e+01
0.000000000000000000e+00
3.400000000000000000e+01
4.100000000000000000e+01
3.600000000000000000e+01
3.300000000000000000e+01
3.300000000000000000e+01
2.060000000000000000e+02
4.500000000000000000e+01
1.230000000000000000e+02
9.200000000000000000e+01
1.910000000000000000e+02
2.240000000000000000e+02
8.600000000000000000e+01
5.900000000000000000e+01
1.420000000000000000e+02
1.280000000000000000e+02
-2.000000000000000000e+01
1.750000000000000000e+02
6.300000000000000000e+01
1.420000000000000000e+02
1.050000000000000000e+02
8.100000000000000000e+01
1.520000000000000000e+02
1.570000000000000000e+02
0.000000000000000000e+00
2.490000000000000000e+02
2.730000000000000000e+02
0.000000000000000000e+00
4.730000000000000000e+02
2.390000000000000000e+02
2.120000000000000000e+02
2.390000000000000000e+02
1.120000000000000000e+02
0.000000000000000000e+00
3.420000000000000000e+02
1.080000000000000000e+02
1.600000000000000000e+02
1.650000000000000000e+02
1.630000000000000000e+02
1.900000000000000000e+02
9.100000000000000000e+01
1.840000000000000000e+02
1.720000000000000000e+02
1.230000000000000000e+02
4.850000000000000000e+02
4.250000000000000000e+02
3.090000000000000000e+02
4.630000000000000000e+02
3.230000000000000000e+02
4.030000000000000000e+02
3.200000000000000000e+02
4.780000000000000000e+02
6.430000000000000000e+02
4.400000000000000000e+02
5.190000000000000000e+02
1.048000000000000000e+03
4.630000000000000000e+02
5.870000000000000000e+02
5.870000000000000000e+02
6.280000000000000000e+02
7.950000000000000000e+02
6.280000000000000000e+02
1.013000000000000000e+03
1.075000000000000000e+03
7.360000000000000000e+02
7.400000000000000000e+02
7.040000000000000000e+02
8.580000000000000000e+02
9.960000000000000000e+02
8.050000000000000000e+02
1.022000000000000000e+03
7.220000000000000000e+02
7.630000000000000000e+02
5.500000000000000000e+02
4.060000000000000000e+02
6.690000000000000000e+02
5.300000000000000000e+02
5.070000000000000000e+02
4.890000000000000000e+02
5.270000000000000000e+02
9.300000000000000000e+02
8.310000000000000000e+02
8.780000000000000000e+02
1.048000000000000000e+03
1.042000000000000000e+03
7.760000000000000000e+02
7.340000000000000000e+02
7.570000000000000000e+02
8.000000000000000000e+02
6.570000000000000000e+02
8.790000000000000000e+02
8.380000000000000000e+02
4.650000000000000000e+02
7.190000000000000000e+02
4.840000000000000000e+02
4.820000000000000000e+02
5.880000000000000000e+02
6.710000000000000000e+02
5.120000000000000000e+02
5.970000000000000000e+02
5.050000000000000000e+02
7.990000000000000000e+02
6.570000000000000000e+02
6.100000000000000000e+02
6.080000000000000000e+02
4.810000000000000000e+02
4.180000000000000000e+02
5.310000000000000000e+02
2.540000000000000000e+02
3.850000000000000000e+02
4.250000000000000000e+02
5.120000000000000000e+02
5.230000000000000000e+02
4.930000000000000000e+02
6.750000000000000000e+02
6.280000000000000000e+02
5.210000000000000000e+02
5.620000000000000000e+02
6.020000000000000000e+02
5.280000000000000000e+02
9.680000000000000000e+02
3.980000000000000000e+02
7.720000000000000000e+02
1.020000000000000000e+03
1.141000000000000000e+03
8.350000000000000000e+02
5.290000000000000000e+02
8.400000000000000000e+02
7.550000000000000000e+02
7.570000000000000000e+02
6.320000000000000000e+02
6.400000000000000000e+02
5.540000000000000000e+02
4.120000000000000000e+02
5.000000000000000000e+01
4.040000000000000000e+02
3.790000000000000000e+02
2.050000000000000000e+02
2.470000000000000000e+02
1.087000000000000000e+03
6.530000000000000000e+02
8.310000000000000000e+02
0.000000000000000000e+00
1.040000000000000000e+03
4.600000000000000000e+02
4.910000000000000000e+02
5.320000000000000000e+02
4.730000000000000000e+02
4.590000000000000000e+02
2.310000000000000000e+02
3.690000000000000000e+02
5.180000000000000000e+02
6.470000000000000000e+02
7.080000000000000000e+02
0.000000000000000000e+00
9.890000000000000000e+02
5.610000000000000000e+02
8.020000000000000000e+02
6.980000000000000000e+02
6.710000000000000000e+02
5.190000000000000000e+02
8.410000000000000000e+02
3.910000000000000000e+02
6.420000000000000000e+02
3.540000000000000000e+02
6.560000000000000000e+02
8.800000000000000000e+02
5.940000000000000000e+02
9.350000000000000000e+02
3.320000000000000000e+02
4.390000000000000000e+02
6.060000000000000000e+02
6.310000000000000000e+02
6.020000000000000000e+02
9.030000000000000000e+02
8.310000000000000000e+02
9.560000000000000000e+02
8.510000000000000000e+02
8.460000000000000000e+02
4.310000000000000000e+02
0.000000000000000000e+00
1.215000000000000000e+03
4.900000000000000000e+02
7.520000000000000000e+02
6.570000000000000000e+02
5.760000000000000000e+02
9.510000000000000000e+02
7.380000000000000000e+02
0.000000000000000000e+00
1.324000000000000000e+03
1.930000000000000000e+02
2.830000000000000000e+02
4.360000000000000000e+02
2.230000000000000000e+02
2.290000000000000000e+02
4.650000000000000000e+02
0.000000000000000000e+00
5.320000000000000000e+02
2.310000000000000000e+02
3.650000000000000000e+02
2.990000000000000000e+02
6.110000000000000000e+02
4.760000000000000000e+02
5.470000000000000000e+02
1.370000000000000000e+02
2.490000000000000000e+02
0.000000000000000000e+00
0.000000000000000000e+00
6.300000000000000000e+01
8.840000000000000000e+02
0.000000000000000000e+00
7.760000000000000000e+02
0.000000000000000000e+00
9.050000000000000000e+02
5.650000000000000000e+02
4.530000000000000000e+02
3.790000000000000000e+02
3.750000000000000000e+02
3.650000000000000000e+02
0.000000000000000000e+00
8.910000000000000000e+02
6.160000000000000000e+02
0.000000000000000000e+00
2.000000000000000000e+02
1.063000000000000000e+03
0.000000000000000000e+00
6.840000000000000000e+02
1.085000000000000000e+03
4.150000000000000000e+02
5.010000000000000000e+02
3.350000000000000000e+02
3.160000000000000000e+02
2.830000000000000000e+02
3.010000000000000000e+02
3.740000000000000000e+02
1.570000000000000000e+02
7.380000000000000000e+02
0.000000000000000000e+00
8.100000000000000000e+02
1.680000000000000000e+02
3.980000000000000000e+02
4.480000000000000000e+02
0.000000000000000000e+00
6.230000000000000000e+02
4.380000000000000000e+02
0.000000000000000000e+00
6.160000000000000000e+02
1.199000000000000000e+03
0.000000000000000000e+00
9.150000000000000000e+02
1.147000000000000000e+03
1.700000000000000000e+02
2.250000000000000000e+02
2.900000000000000000e+01
4.240000000000000000e+02
1.077000000000000000e+03
2.190000000000000000e+02
4.390000000000000000e+02
1.386000000000000000e+03
1.002000000000000000e+03
7.560000000000000000e+02
1.104000000000000000e+03
1.204000000000000000e+03
9.540000000000000000e+02
4.490000000000000000e+02
1.095000000000000000e+03
6.040000000000000000e+02
8.270000000000000000e+02
1.130000000000000000e+03
8.300000000000000000e+02
1.146000000000000000e+03
1.138000000000000000e+03
1.056000000000000000e+03
6.910000000000000000e+02
1.055000000000000000e+03
8.960000000000000000e+02
1.127000000000000000e+03
9.850000000000000000e+02
1.118000000000000000e+03
9.900000000000000000e+02
7.430000000000000000e+02
0.000000000000000000e+00
1.108000000000000000e+03
2.152000000000000000e+03
1.122000000000000000e+03
1.028000000000000000e+03
6.520000000000000000e+02
6.630000000000000000e+02
1.167000000000000000e+03
8.710000000000000000e+02
8.620000000000000000e+02
8.870000000000000000e+02
6.690000000000000000e+02
7.640000000000000000e+02
3.830000000000000000e+02
8.120000000000000000e+02
7.440000000000000000e+02
8.570000000000000000e+02
7.210000000000000000e+02
7.720000000000000000e+02
4.180000000000000000e+02
6.000000000000000000e+02
6.420000000000000000e+02
8.100000000000000000e+02
9.470000000000000000e+02
7.490000000000000000e+02
6.680000000000000000e+02
8.430000000000000000e+02
5.500000000000000000e+02
6.810000000000000000e+02
7.730000000000000000e+02
3.420000000000000000e+02
4.770000000000000000e+02
0.000000000000000000e+00
4.430000000000000000e+02
7.090000000000000000e+02
5.140000000000000000e+02
2.650000000000000000e+02
9.340000000000000000e+02
9.850000000000000000e+02
7.410000000000000000e+02
6.640000000000000000e+02
4.450000000000000000e+02
6.480000000000000000e+02
5.900000000000000000e+02
7.560000000000000000e+02
5.250000000000000000e+02
5.610000000000000000e+02
5.740000000000000000e+02
4.780000000000000000e+02
8.710000000000000000e+02
7.510000000000000000e+02
7.900000000000000000e+02
6.630000000000000000e+02
8.530000000000000000e+02
6.780000000000000000e+02
4.450000000000000000e+02
5.150000000000000000e+02
5.390000000000000000e+02
5.290000000000000000e+02
6.830000000000000000e+02
0.000000000000000000e+00
4.160000000000000000e+02
4.890000000000000000e+02
5.050000000000000000e+02
1.277000000000000000e+03
6.160000000000000000e+02
7.540000000000000000e+02
7.650000000000000000e+02
9.770000000000000000e+02
2.550000000000000000e+02
3.060000000000000000e+02
6.180000000000000000e+02
1.510000000000000000e+03
7.610000000000000000e+02
7.070000000000000000e+02
5.770000000000000000e+02
6.760000000000000000e+02
7.420000000000000000e+02
7.360000000000000000e+02
0.000000000000000000e+00
2.415000000000000000e+03
8.680000000000000000e+02
0.000000000000000000e+00
1.211000000000000000e+03
0.000000000000000000e+00
4.130000000000000000e+02
1.036000000000000000e+03
2.720000000000000000e+03
1.257000000000000000e+03
8.340000000000000000e+02
0.000000000000000000e+00
1.308000000000000000e+03
1.358000000000000000e+03
1.131000000000000000e+03
6.310000000000000000e+02
7.350000000000000000e+02
9.580000000000000000e+02
0.000000000000000000e+00
8.970000000000000000e+02
1.933000000000000000e+03
8.740000000000000000e+02
0.000000000000000000e+00
9.300000000000000000e+02
2.042000000000000000e+03
7.550000000000000000e+02
7.970000000000000000e+02
7.710000000000000000e+02
9.240000000000000000e+02
1.100000000000000000e+03
1.249000000000000000e+03
5.810000000000000000e+02
5.310000000000000000e+02
4.440000000000000000e+02
8.000000000000000000e+02
1.007000000000000000e+03
6.760000000000000000e+02
8.520000000000000000e+02
5.010000000000000000e+02
0.000000000000000000e+00
1.275000000000000000e+03
5.930000000000000000e+02
6.080000000000000000e+02
9.540000000000000000e+02
6.570000000000000000e+02
5.350000000000000000e+02
2.520000000000000000e+02
5.510000000000000000e+02
4.190000000000000000e+02
6.710000000000000000e+02
8.280000000000000000e+02
1.400000000000000000e+03
1.379000000000000000e+03
6.540000000000000000e+02
3.870000000000000000e+02
1.003000000000000000e+03
8.130000000000000000e+02
0.000000000000000000e+00
1.218000000000000000e+03
1.979000000000000000e+03
7.470000000000000000e+02
3.190000000000000000e+02
9.230000000000000000e+02
5.460000000000000000e+02
1.155000000000000000e+03
1.531000000000000000e+03
1.279000000000000000e+03
0.000000000000000000e+00
7.030000000000000000e+02
1.738000000000000000e+03
6.910000000000000000e+02
6.160000000000000000e+02
1.798000000000000000e+03
1.744000000000000000e+03
9.400000000000000000e+02
1.142000000000000000e+03
1.020000000000000000e+03
6.690000000000000000e+02
9.300000000000000000e+02
1.111000000000000000e+03
9.720000000000000000e+02
7.760000000000000000e+02
4.990000000000000000e+02
6.980000000000000000e+02
1.314000000000000000e+03
9.850000000000000000e+02
1.283000000000000000e+03
0.000000000000000000e+00
0.000000000000000000e+00
2.347000000000000000e+03
1.082000000000000000e+03
1.501000000000000000e+03
1.188000000000000000e+03
1.260000000000000000e+03
0.000000000000000000e+00
0.000000000000000000e+00
3.812000000000000000e+03
1.240000000000000000e+03
1.282000000000000000e+03
1.592000000000000000e+03
2.550000000000000000e+03
0.000000000000000000e+00
0.000000000000000000e+00
