0.000000000000000000e+00
0.000000000000000000e+00
0.000000000000000000e+00
0.000000000000000000e+00
0.000000000000000000e+00
0.000000000000000000e+00
0.000000000000000000e+00
0.000000000000000000e+00
0.000000000000000000e+00
0.000000000000000000e+00
0.000000000000000000e+00
0.000000000000000000e+00
0.000000000000000000e+00
0.000000000000000000e+00
0.000000000000000000e+00
0.000000000000000000e+00
0.000000000000000000e+00
0.000000000000000000e+00
0.000000000000000000e+00
0.000000000000000000e+00
0.000000000000000000e+00
0.000000000000000000e+00
0.000000000000000000e+00
0.000000000000000000e+00
0.000000000000000000e+00
0.000000000000000000e+00
0.000000000000000000e+00
0.000000000000000000e+00
0.000000000000000000e+00
0.000000000000000000e+00
0.000000000000000000e+00
0.000000000000000000e+00
0.000000000000000000e+00
0.000000000000000000e+00
0.000000000000000000e+00
0.000000000000000000e+00
0.000000000000000000e+00
0.000000000000000000e+00
0.000000000000000000e+00
0.000000000000000000e+00
0.000000000000000000e+00
0.000000000000000000e+00
1.000000000000000000e+00
1.000000000000000000e+00
1.000000000000000000e+00
1.000000000000000000e+00
2.000000000000000000e+00
2.000000000000000000e+00
5.000000000000000000e+00
7.000000000000000000e+00
7.000000000000000000e+00
1.600000000000000000e+01
1.800000000000000000e+01
1.800000000000000000e+01
2.000000000000000000e+01
2.400000000000000000e+01
2.900000000000000000e+01
3.900000000000000000e+01
5.400000000000000000e+01
6.000000000000000000e+01
7.500000000000000000e+01
8.900000000000000000e+01
1.140000000000000000e+02
1.730000000000000000e+02
1.970000000000000000e+02
2.270000000000000000e+02
2.780000000000000000e+02
3.120000000000000000e+02
3.120000000000000000e+02
3.940000000000000000e+02
4.230000000000000000e+02
4.550000000000000000e+02
4.950000000000000000e+02
5.530000000000000000e+02
5.740000000000000000e+02
5.960000000000000000e+02
6.230000000000000000e+02
6.280000000000000000e+02
6.430000000000000000e+02
6.710000000000000000e+02
6.850000000000000000e+02
7.070000000000000000e+02
7.260000000000000000e+02
7.470000000000000000e+02
7.800000000000000000e+02
8.220000000000000000e+02
8.640000000000000000e+02
8.640000000000000000e+02
8.790000000000000000e+02
8.840000000000000000e+02
8.840000000000000000e+02
9.090000000000000000e+02
9.180000000000000000e+02
9.220000000000000000e+02
9.390000000000000000e+02
9.490000000000000000e+02
9.670000000000000000e+02
9.750000000000000000e+02
9.800000000000000000e+02
9.940000000000000000e+02
9.980000000000000000e+02
1.009000000000000000e+03
1.013000000000000000e+03
1.018000000000000000e+03
1.022000000000000000e+03
1.025000000000000000e+03
1.026000000000000000e+03
1.030000000000000000e+03
1.032000000000000000e+03
1.032000000000000000e+03
1.032000000000000000e+03
1.032000000000000000e+03
1.032000000000000000e+03
1.032000000000000000e+03
1.035000000000000000e+03
1.037000000000000000e+03
1.037000000000000000e+03
1.043000000000000000e+03
1.044000000000000000e+03
1.045000000000000000e+03
1.046000000000000000e+03
1.048000000000000000e+03
1.048000000000000000e+03
1.051000000000000000e+03
1.051000000000000000e+03
1.051000000000000000e+03
1.051000000000000000e+03
1.068000000000000000e+03
1.071000000000000000e+03
1.076000000000000000e+03
1.077000000000000000e+03
1.084000000000000000e+03
1.086000000000000000e+03
1.087000000000000000e+03
1.087000000000000000e+03
1.087000000000000000e+03
1.087000000000000000e+03
1.087000000000000000e+03
1.087000000000000000e+03
1.087000000000000000e+03
1.087000000000000000e+03
1.087000000000000000e+03
1.093000000000000000e+03
1.094000000000000000e+03
1.096000000000000000e+03
1.110000000000000000e+03
1.125000000000000000e+03
1.128000000000000000e+03
1.132000000000000000e+03
1.146000000000000000e+03
1.156000000000000000e+03
1.157000000000000000e+03
1.159000000000000000e+03
1.159000000000000000e+03
1.160000000000000000e+03
1.162000000000000000e+03
1.164000000000000000e+03
1.168000000000000000e+03
1.169000000000000000e+03
1.172000000000000000e+03
1.174000000000000000e+03
1.175000000000000000e+03
1.178000000000000000e+03
1.181000000000000000e+03
1.186000000000000000e+03
1.188000000000000000e+03
1.199000000000000000e+03
1.205000000000000000e+03
1.221000000000000000e+03
1.231000000000000000e+03
1.240000000000000000e+03
1.245000000000000000e+03
1.263000000000000000e+03
1.302000000000000000e+03
1.306000000000000000e+03
1.319000000000000000e+03
1.327000000000000000e+03
1.336000000000000000e+03
1.348000000000000000e+03
1.374000000000000000e+03
1.381000000000000000e+03
1.389000000000000000e+03
1.394000000000000000e+03
1.406000000000000000e+03
1.425000000000000000e+03
1.443000000000000000e+03
1.452000000000000000e+03
1.455000000000000000e+03
1.468000000000000000e+03
1.488000000000000000e+03
1.514000000000000000e+03
1.535000000000000000e+03
1.552000000000000000e+03
1.561000000000000000e+03
1.565000000000000000e+03
1.584000000000000000e+03
1.601000000000000000e+03
1.642000000000000000e+03
1.656000000000000000e+03
1.678000000000000000e+03
1.697000000000000000e+03
1.717000000000000000e+03
1.738000000000000000e+03
1.780000000000000000e+03
1.847000000000000000e+03
1.903000000000000000e+03
2.023000000000000000e+03
2.107000000000000000e+03
2.185000000000000000e+03
2.314000000000000000e+03
2.427000000000000000e+03
2.543000000000000000e+03
2.607000000000000000e+03
2.738000000000000000e+03
2.818000000000000000e+03
2.893000000000000000e+03
3.069000000000000000e+03
3.206000000000000000e+03
3.323000000000000000e+03
3.461000000000000000e+03
3.572000000000000000e+03
3.685000000000000000e+03
3.803000000000000000e+03
3.963000000000000000e+03
4.196000000000000000e+03
4.394000000000000000e+03
4.542000000000000000e+03
4.776000000000000000e+03
5.041000000000000000e+03
5.124000000000000000e+03
5.417000000000000000e+03
5.417000000000000000e+03
5.882000000000000000e+03
6.259000000000000000e+03
6.635000000000000000e+03
6.635000000000000000e+03
7.382000000000000000e+03
7.623000000000000000e+03
8.100000000000000000e+03
8.570000000000000000e+03
8.570000000000000000e+03
9.110000000000000000e+03
1.073200000000000000e+04
1.126000000000000000e+04
1.126000000000000000e+04
1.247900000000000000e+04
1.330500000000000000e+04
1.439200000000000000e+04
1.439200000000000000e+04
1.611400000000000000e+04
1.611400000000000000e+04
1.740500000000000000e+04
1.841300000000000000e+04
1.841300000000000000e+04
1.972100000000000000e+04
2.094400000000000000e+04
2.223000000000000000e+04
2.223000000000000000e+04
2.223000000000000000e+04
2.454200000000000000e+04
2.689900000000000000e+04
2.689900000000000000e+04
3.125900000000000000e+04
3.255600000000000000e+04
3.255600000000000000e+04
3.255600000000000000e+04
3.479000000000000000e+04
3.479000000000000000e+04
3.479000000000000000e+04
4.054200000000000000e+04
4.054200000000000000e+04
4.272700000000000000e+04
4.445000000000000000e+04
4.589200000000000000e+04
4.589200000000000000e+04
4.721400000000000000e+04
4.879900000000000000e+04
4.879900000000000000e+04
5.239900000000000000e+04
5.239900000000000000e+04
5.427800000000000000e+04
5.427800000000000000e+04
5.802900000000000000e+04
5.981300000000000000e+04
6.111500000000000000e+04
6.190600000000000000e+04
6.312600000000000000e+04
6.436300000000000000e+04
6.633400000000000000e+04
6.633400000000000000e+04
6.954300000000000000e+04
7.111900000000000000e+04
7.156900000000000000e+04
7.299300000000000000e+04
7.452200000000000000e+04
7.610600000000000000e+04
7.766800000000000000e+04
7.933900000000000000e+04
8.040400000000000000e+04
8.100300000000000000e+04
8.172300000000000000e+04
8.377200000000000000e+04
8.377200000000000000e+04
8.626500000000000000e+04
8.747100000000000000e+04
8.871100000000000000e+04
8.919600000000000000e+04
9.021300000000000000e+04
9.130700000000000000e+04
9.247500000000000000e+04
9.377000000000000000e+04
9.498000000000000000e+04
9.625100000000000000e+04
9.676900000000000000e+04
9.676900000000000000e+04
9.928000000000000000e+04
9.928000000000000000e+04
1.019000000000000000e+05
1.029910000000000000e+05
1.040020000000000000e+05
1.043290000000000000e+05
1.054450000000000000e+05
1.068560000000000000e+05
1.078140000000000000e+05
1.091040000000000000e+05
1.103930000000000000e+05
1.113610000000000000e+05
1.113610000000000000e+05
1.132410000000000000e+05
1.145470000000000000e+05
1.159660000000000000e+05
1.175820000000000000e+05
1.191510000000000000e+05
1.206870000000000000e+05
1.217180000000000000e+05
1.233230000000000000e+05
1.250000000000000000e+05
1.267520000000000000e+05
1.285780000000000000e+05
1.302300000000000000e+05
1.315920000000000000e+05
1.332040000000000000e+05
1.348020000000000000e+05
1.372160000000000000e+05
1.391400000000000000e+05
1.405570000000000000e+05
1.419790000000000000e+05
1.435440000000000000e+05
1.447960000000000000e+05
1.470610000000000000e+05
1.498810000000000000e+05
1.522540000000000000e+05
1.549030000000000000e+05
1.575140000000000000e+05
1.592760000000000000e+05
1.623500000000000000e+05
1.649360000000000000e+05
1.685680000000000000e+05
1.708950000000000000e+05
1.750650000000000000e+05
1.772310000000000000e+05
1.800900000000000000e+05
1.818850000000000000e+05
1.844830000000000000e+05
1.883730000000000000e+05
1.908840000000000000e+05
1.932730000000000000e+05
1.953140000000000000e+05
1.973730000000000000e+05
1.986360000000000000e+05
2.006620000000000000e+05
2.023230000000000000e+05
2.043510000000000000e+05
2.060300000000000000e+05
2.074680000000000000e+05
2.088850000000000000e+05
2.100450000000000000e+05
2.114120000000000000e+05
2.126790000000000000e+05
2.139490000000000000e+05
2.151120000000000000e+05
2.161760000000000000e+05
2.170860000000000000e+05
2.177530000000000000e+05
2.185640000000000000e+05
2.196500000000000000e+05
2.204780000000000000e+05
2.214550000000000000e+05
2.225040000000000000e+05
2.232440000000000000e+05
2.235490000000000000e+05
2.243290000000000000e+05
2.251160000000000000e+05
2.260150000000000000e+05
2.267400000000000000e+05
2.276430000000000000e+05
2.283620000000000000e+05
2.289370000000000000e+05
2.297810000000000000e+05
2.304430000000000000e+05
2.312980000000000000e+05
2.319640000000000000e+05
2.326150000000000000e+05
2.332770000000000000e+05
2.336690000000000000e+05
2.342310000000000000e+05
2.350080000000000000e+05
2.356430000000000000e+05
2.363560000000000000e+05
2.370280000000000000e+05
2.377040000000000000e+05
2.380170000000000000e+05
2.386130000000000000e+05
2.393680000000000000e+05
2.399770000000000000e+05
2.406170000000000000e+05
2.412570000000000000e+05
2.418340000000000000e+05
2.421240000000000000e+05
2.426730000000000000e+05
2.434390000000000000e+05
2.439350000000000000e+05
2.447760000000000000e+05
2.454050000000000000e+05
2.457060000000000000e+05
2.459230000000000000e+05
2.465070000000000000e+05
2.472540000000000000e+05
2.480370000000000000e+05
2.487820000000000000e+05
2.497030000000000000e+05
2.505650000000000000e+05
2.511690000000000000e+05
2.521710000000000000e+05
2.540180000000000000e+05
2.553080000000000000e+05
2.569310000000000000e+05
2.583350000000000000e+05
2.600440000000000000e+05
2.611770000000000000e+05
2.630430000000000000e+05
2.649940000000000000e+05
2.668270000000000000e+05
2.688370000000000000e+05
2.702970000000000000e+05
2.718610000000000000e+05
2.729400000000000000e+05
2.746040000000000000e+05
2.767270000000000000e+05
2.793760000000000000e+05
2.817770000000000000e+05
2.839760000000000000e+05
2.854900000000000000e+05
2.870610000000000000e+05
2.892300000000000000e+05
2.918330000000000000e+05
2.941380000000000000e+05
2.963430000000000000e+05
2.985720000000000000e+05
3.003420000000000000e+05
3.016270000000000000e+05
3.035840000000000000e+05
3.053130000000000000e+05
3.072150000000000000e+05
3.091190000000000000e+05
3.107340000000000000e+05
3.117430000000000000e+05
3.127470000000000000e+05
3.141520000000000000e+05
3.156000000000000000e+05
3.170100000000000000e+05
3.182360000000000000e+05
3.195120000000000000e+05
3.208130000000000000e+05
3.218370000000000000e+05
3.229980000000000000e+05
3.241030000000000000e+05
3.248230000000000000e+05
3.252800000000000000e+05
3.258320000000000000e+05
3.265720000000000000e+05
3.274730000000000000e+05
3.285280000000000000e+05
3.299250000000000000e+05
3.316740000000000000e+05
3.328330000000000000e+05
3.340990000000000000e+05
3.353450000000000000e+05
3.364140000000000000e+05
3.375290000000000000e+05
3.388530000000000000e+05
3.402500000000000000e+05
3.419520000000000000e+05
3.433740000000000000e+05
3.446880000000000000e+05
3.454740000000000000e+05
3.469860000000000000e+05
3.489110000000000000e+05
3.504870000000000000e+05
3.523030000000000000e+05
3.537820000000000000e+05
3.557320000000000000e+05
3.567500000000000000e+05
3.581830000000000000e+05
3.602850000000000000e+05
3.626580000000000000e+05
3.648190000000000000e+05
3.670470000000000000e+05
3.689080000000000000e+05
3.702240000000000000e+05
3.722210000000000000e+05
3.743120000000000000e+05
3.766910000000000000e+05
3.789820000000000000e+05
3.811750000000000000e+05
3.829500000000000000e+05
3.854280000000000000e+05
3.877730000000000000e+05
3.914110000000000000e+05
3.953620000000000000e+05
3.988290000000000000e+05
4.034930000000000000e+05
4.070170000000000000e+05
4.089310000000000000e+05
4.141820000000000000e+05
4.201030000000000000e+05
4.268790000000000000e+05
4.327610000000000000e+05
4.389450000000000000e+05
4.436310000000000000e+05
4.471610000000000000e+05
4.550910000000000000e+05
4.649140000000000000e+05
4.732290000000000000e+05
4.817350000000000000e+05
4.910210000000000000e+05
4.976130000000000000e+05
5.019230000000000000e+05
5.103960000000000000e+05
5.186090000000000000e+05
5.264870000000000000e+05
5.332740000000000000e+05
5.407980000000000000e+05
5.462330000000000000e+05
5.487530000000000000e+05
5.549110000000000000e+05
5.559970000000000000e+05
5.583060000000000000e+05
5.583060000000000000e+05
5.639300000000000000e+05
5.692890000000000000e+05
5.733940000000000000e+05
5.750020000000000000e+05
5.789620000000000000e+05
5.826380000000000000e+05
5.861460000000000000e+05
5.895650000000000000e+05
5.955320000000000000e+05
