0.000000000000000000e+00
0.000000000000000000e+00
0.000000000000000000e+00
0.000000000000000000e+00
0.000000000000000000e+00
0.000000000000000000e+00
0.000000000000000000e+00
0.000000000000000000e+00
0.000000000000000000e+00
0.000000000000000000e+00
0.000000000000000000e+00
0.000000000000000000e+00
0.000000000000000000e+00
0.000000000000000000e+00
0.000000000000000000e+00
0.000000000000000000e+00
0.000000000000000000e+00
0.000000000000000000e+00
0.000000000000000000e+00
0.000000000000000000e+00
0.000000000000000000e+00
0.000000000000000000e+00
0.000000000000000000e+00
0.000000000000000000e+00
0.000000000000000000e+00
0.000000000000000000e+00
0.000000000000000000e+00
0.000000000000000000e+00
0.000000000000000000e+00
0.000000000000000000e+00
0.000000000000000000e+00
0.000000000000000000e+00
0.000000000000000000e+00
0.000000000000000000e+00
0.000000000000000000e+00
0.000000000000000000e+00
0.000000000000000000e+00
0.000000000000000000e+00
0.000000000000000000e+00
0.000000000000000000e+00
0.000000000000000000e+00
0.000000000000000000e+00
1.000000000000000000e+00
0.000000000000000000e+00
0.000000000000000000e+00
0.000000000000000000e+00
1.000000000000000000e+00
0.000000000000000000e+00
3.000000000000000000e+00
2.000000000000000000e+00
0.000000000000000000e+00
9.000000000000000000e+00
2.000000000000000000e+00
0.000000000000000000e+00
2.000000000000000000e+00
4.000000000000000000e+00
5.000000000000000000e+00
1.000000000000000000e+01
1.500000000000000000e+01
6.000000000000000000e+00
1.500000000000000000e+01
1.400000000000000000e+01
2.500000000000000000e+01
5.900000000000000000e+01
2.400000000000000000e+01
3.000000000000000000e+01
5.100000000000000000e+01
3.400000000000000000e+01
0.000000000000000000e+00
8.200000000000000000e+01
2.900000000000000000e+01
3.200000000000000000e+01
4.000000000000000000e+01
5.800000000000000000e+01
2.100000000000000000e+01
2.200000000000000000e+01
2.700000000000000000e+01
5.000000000000000000e+00
1.500000000000000000e+01
2.800000000000000000e+01
1.400000000000000000e+01
2.200000000000000000e+01
1.900000000000000000e+01
2.100000000000000000e+01
3.300000000000000000e+01
4.200000000000000000e+01
4.200000000000000000e+01
0.000000000000000000e+00
1.500000000000000000e+01
5.000000000000000000e+00
0.000000000000000000e+00
2.500000000000000000e+01
9.000000000000000000e+00
4.000000000000000000e+00
1.700000000000000000e+01
1.000000000000000000e+01
1.800000000000000000e+01
8.000000000000000000e+00
5.000000000000000000e+00
1.400000000000000000e+01
4.000000000000000000e+00
1.100000000000000000e+01
4.000000000000000000e+00
5.000000000000000000e+00
4.000000000000000000e+00
3.000000000000000000e+00
1.000000000000000000e+00
4.000000000000000000e+00
2.000000000000000000e+00
0.000000000000000000e+00
0.000000000000000000e+00
0.000000000000000000e+00
0.000000000000000000e+00
0.000000000000000000e+00
3.000000000000000000e+00
2.000000000000000000e+00
0.000000000000000000e+00
6.000000000000000000e+00
1.000000000000000000e+00
1.000000000000000000e+00
1.000000000000000000e+00
2.000000000000000000e+00
0.000000000000000000e+00
3.000000000000000000e+00
0.000000000000000000e+00
0.000000000000000000e+00
0.000000000000000000e+00
1.700000000000000000e+01
3.000000000000000000e+00
5.000000000000000000e+00
1.000000000000000000e+00
7.000000000000000000e+00
2.000000000000000000e+00
1.000000000000000000e+00
0.000000000000000000e+00
0.000000000000000000e+00
0.000000000000000000e+00
0.000000000000000000e+00
0.000000000000000000e+00
0.000000000000000000e+00
0.000000000000000000e+00
0.000000000000000000e+00
6.000000000000000000e+00
1.000000000000000000e+00
2.000000000000000000e+00
1.400000000000000000e+01
1.500000000000000000e+01
3.000000000000000000e+00
4.000000000000000000e+00
1.400000000000000000e+01
1.000000000000000000e+01
1.000000000000000000e+00
2.000000000000000000e+00
0.000000000000000000e+00
1.000000000000000000e+00
2.000000000000000000e+00
2.000000000000000000e+00
4.000000000000000000e+00
1.000000000000000000e+00
3.000000000000000000e+00
2.000000000000000000e+00
1.000000000000000000e+00
3.000000000000000000e+00
3.000000000000000000e+00
5.000000000000000000e+00
2.000000000000000000e+00
1.100000000000000000e+01
6.000000000000000000e+00
1.600000000000000000e+01
1.000000000000000000e+01
9.000000000000000000e+00
5.000000000000000000e+00
1.800000000000000000e+01
3.900000000000000000e+01
4.000000000000000000e+00
1.300000000000000000e+01
8.000000000000000000e+00
9.000000000000000000e+00
1.200000000000000000e+01
2.600000000000000000e+01
7.000000000000000000e+00
8.000000000000000000e+00
5.000000000000000000e+00
1.200000000000000000e+01
1.900000000000000000e+01
1.800000000000000000e+01
9.000000000000000000e+00
3.000000000000000000e+00
1.300000000000000000e+01
2.000000000000000000e+01
2.600000000000000000e+01
2.100000000000000000e+01
1.700000000000000000e+01
9.000000000000000000e+00
4.000000000000000000e+00
1.900000000000000000e+01
1.700000000000000000e+01
4.100000000000000000e+01
1.400000000000000000e+01
2.200000000000000000e+01
1.900000000000000000e+01
2.000000000000000000e+01
2.100000000000000000e+01
4.200000000000000000e+01
6.700000000000000000e+01
5.600000000000000000e+01
1.200000000000000000e+02
8.400000000000000000e+01
7.800000000000000000e+01
1.290000000000000000e+02
1.130000000000000000e+02
1.160000000000000000e+02
6.400000000000000000e+01
1.310000000000000000e+02
8.000000000000000000e+01
7.500000000000000000e+01
1.760000000000000000e+02
1.370000000000000000e+02
1.170000000000000000e+02
1.380000000000000000e+02
1.110000000000000000e+02
1.130000000000000000e+02
1.180000000000000000e+02
1.600000000000000000e+02
2.330000000000000000e+02
1.980000000000000000e+02
1.480000000000000000e+02
2.340000000000000000e+02
2.650000000000000000e+02
8.300000000000000000e+01
2.930000000000000000e+02
0.000000000000000000e+00
4.650000000000000000e+02
3.770000000000000000e+02
3.760000000000000000e+02
0.000000000000000000e+00
7.470000000000000000e+02
2.410000000000000000e+02
4.770000000000000000e+02
4.700000000000000000e+02
0.000000000000000000e+00
5.400000000000000000e+02
1.622000000000000000e+03
5.280000000000000000e+02
0.000000000000000000e+00
1.219000000000000000e+03
8.260000000000000000e+02
1.087000000000000000e+03
0.000000000000000000e+00
1.722000000000000000e+03
0.000000000000000000e+00
1.291000000000000000e+03
1.008000000000000000e+03
0.000000000000000000e+00
1.308000000000000000e+03
1.223000000000000000e+03
1.286000000000000000e+03
0.000000000000000000e+00
0.000000000000000000e+00
2.312000000000000000e+03
2.357000000000000000e+03
0.000000000000000000e+00
4.360000000000000000e+03
1.297000000000000000e+03
0.000000000000000000e+00
0.000000000000000000e+00
2.234000000000000000e+03
0.000000000000000000e+00
0.000000000000000000e+00
5.752000000000000000e+03
0.000000000000000000e+00
2.185000000000000000e+03
1.723000000000000000e+03
1.442000000000000000e+03
0.000000000000000000e+00
1.322000000000000000e+03
1.585000000000000000e+03
0.000000000000000000e+00
3.600000000000000000e+03
0.000000000000000000e+00
1.879000000000000000e+03
0.000000000000000000e+00
3.751000000000000000e+03
1.784000000000000000e+03
1.302000000000000000e+03
7.910000000000000000e+02
1.220000000000000000e+03
1.237000000000000000e+03
1.971000000000000000e+03
0.000000000000000000e+00
3.209000000000000000e+03
1.576000000000000000e+03
4.500000000000000000e+02
1.424000000000000000e+03
1.529000000000000000e+03
1.584000000000000000e+03
1.562000000000000000e+03
1.671000000000000000e+03
1.065000000000000000e+03
5.990000000000000000e+02
7.200000000000000000e+02
2.049000000000000000e+03
0.000000000000000000e+00
2.493000000000000000e+03
1.206000000000000000e+03
1.240000000000000000e+03
4.850000000000000000e+02
1.017000000000000000e+03
1.094000000000000000e+03
1.168000000000000000e+03
1.295000000000000000e+03
1.210000000000000000e+03
1.271000000000000000e+03
5.180000000000000000e+02
0.000000000000000000e+00
2.511000000000000000e+03
0.000000000000000000e+00
2.620000000000000000e+03
1.091000000000000000e+03
1.011000000000000000e+03
3.270000000000000000e+02
1.116000000000000000e+03
1.411000000000000000e+03
9.580000000000000000e+02
1.290000000000000000e+03
1.289000000000000000e+03
9.680000000000000000e+02
0.000000000000000000e+00
1.880000000000000000e+03
1.306000000000000000e+03
1.419000000000000000e+03
1.616000000000000000e+03
1.569000000000000000e+03
1.536000000000000000e+03
1.031000000000000000e+03
1.605000000000000000e+03
1.677000000000000000e+03
1.752000000000000000e+03
1.826000000000000000e+03
1.652000000000000000e+03
1.362000000000000000e+03
1.612000000000000000e+03
1.598000000000000000e+03
2.414000000000000000e+03
1.924000000000000000e+03
1.417000000000000000e+03
1.422000000000000000e+03
1.565000000000000000e+03
1.252000000000000000e+03
2.265000000000000000e+03
2.820000000000000000e+03
2.373000000000000000e+03
2.649000000000000000e+03
2.611000000000000000e+03
1.762000000000000000e+03
3.074000000000000000e+03
2.586000000000000000e+03
3.632000000000000000e+03
2.327000000000000000e+03
4.170000000000000000e+03
2.166000000000000000e+03
2.859000000000000000e+03
1.795000000000000000e+03
2.598000000000000000e+03
3.890000000000000000e+03
2.511000000000000000e+03
2.389000000000000000e+03
2.041000000000000000e+03
2.059000000000000000e+03
1.263000000000000000e+03
2.026000000000000000e+03
1.661000000000000000e+03
2.028000000000000000e+03
1.679000000000000000e+03
1.438000000000000000e+03
1.417000000000000000e+03
1.160000000000000000e+03
1.367000000000000000e+03
1.267000000000000000e+03
1.270000000000000000e+03
1.163000000000000000e+03
1.064000000000000000e+03
9.100000000000000000e+02
6.670000000000000000e+02
8.110000000000000000e+02
1.086000000000000000e+03
8.280000000000000000e+02
9.770000000000000000e+02
1.049000000000000000e+03
7.400000000000000000e+02
3.050000000000000000e+02
7.800000000000000000e+02
7.870000000000000000e+02
8.990000000000000000e+02
7.250000000000000000e+02
9.030000000000000000e+02
7.190000000000000000e+02
5.750000000000000000e+02
8.440000000000000000e+02
6.620000000000000000e+02
8.550000000000000000e+02
6.660000000000000000e+02
6.510000000000000000e+02
6.620000000000000000e+02
3.920000000000000000e+02
5.620000000000000000e+02
7.770000000000000000e+02
6.350000000000000000e+02
7.130000000000000000e+02
6.720000000000000000e+02
6.760000000000000000e+02
3.130000000000000000e+02
5.960000000000000000e+02
7.550000000000000000e+02
6.090000000000000000e+02
6.400000000000000000e+02
6.400000000000000000e+02
5.770000000000000000e+02
2.900000000000000000e+02
5.490000000000000000e+02
7.660000000000000000e+02
4.960000000000000000e+02
8.410000000000000000e+02
6.290000000000000000e+02
3.010000000000000000e+02
2.170000000000000000e+02
5.840000000000000000e+02
7.470000000000000000e+02
7.830000000000000000e+02
7.450000000000000000e+02
9.210000000000000000e+02
8.620000000000000000e+02
6.040000000000000000e+02
1.002000000000000000e+03
1.847000000000000000e+03
1.290000000000000000e+03
1.623000000000000000e+03
1.404000000000000000e+03
1.709000000000000000e+03
1.133000000000000000e+03
1.866000000000000000e+03
1.951000000000000000e+03
1.833000000000000000e+03
2.010000000000000000e+03
1.460000000000000000e+03
1.564000000000000000e+03
1.079000000000000000e+03
1.664000000000000000e+03
2.123000000000000000e+03
2.649000000000000000e+03
2.401000000000000000e+03
2.199000000000000000e+03
1.514000000000000000e+03
1.571000000000000000e+03
2.169000000000000000e+03
2.603000000000000000e+03
2.305000000000000000e+03
2.205000000000000000e+03
2.229000000000000000e+03
1.770000000000000000e+03
1.285000000000000000e+03
1.957000000000000000e+03
1.729000000000000000e+03
1.902000000000000000e+03
1.904000000000000000e+03
1.615000000000000000e+03
1.009000000000000000e+03
1.004000000000000000e+03
1.405000000000000000e+03
1.448000000000000000e+03
1.410000000000000000e+03
1.226000000000000000e+03
1.276000000000000000e+03
1.301000000000000000e+03
1.024000000000000000e+03
1.161000000000000000e+03
1.105000000000000000e+03
7.200000000000000000e+02
4.570000000000000000e+02
5.520000000000000000e+02
7.400000000000000000e+02
9.010000000000000000e+02
1.055000000000000000e+03
1.397000000000000000e+03
1.749000000000000000e+03
1.159000000000000000e+03
1.266000000000000000e+03
1.246000000000000000e+03
1.069000000000000000e+03
1.115000000000000000e+03
1.324000000000000000e+03
1.397000000000000000e+03
1.702000000000000000e+03
1.422000000000000000e+03
1.314000000000000000e+03
7.860000000000000000e+02
1.512000000000000000e+03
1.925000000000000000e+03
1.576000000000000000e+03
1.816000000000000000e+03
1.479000000000000000e+03
1.950000000000000000e+03
1.018000000000000000e+03
1.433000000000000000e+03
2.102000000000000000e+03
2.373000000000000000e+03
2.161000000000000000e+03
2.228000000000000000e+03
1.861000000000000000e+03
1.316000000000000000e+03
1.997000000000000000e+03
2.091000000000000000e+03
2.379000000000000000e+03
2.291000000000000000e+03
2.193000000000000000e+03
1.775000000000000000e+03
2.478000000000000000e+03
2.345000000000000000e+03
3.638000000000000000e+03
3.951000000000000000e+03
3.467000000000000000e+03
4.664000000000000000e+03
3.524000000000000000e+03
1.914000000000000000e+03
5.251000000000000000e+03
5.921000000000000000e+03
6.776000000000000000e+03
5.882000000000000000e+03
6.184000000000000000e+03
4.686000000000000000e+03
3.530000000000000000e+03
7.930000000000000000e+03
9.823000000000000000e+03
8.315000000000000000e+03
8.506000000000000000e+03
9.286000000000000000e+03
6.592000000000000000e+03
4.310000000000000000e+03
8.473000000000000000e+03
8.213000000000000000e+03
7.878000000000000000e+03
6.787000000000000000e+03
7.524000000000000000e+03
5.435000000000000000e+03
2.520000000000000000e+03
6.158000000000000000e+03
1.086000000000000000e+03
2.309000000000000000e+03
0.000000000000000000e+00
5.624000000000000000e+03
5.359000000000000000e+03
4.105000000000000000e+03
1.608000000000000000e+03
3.960000000000000000e+03
3.676000000000000000e+03
3.508000000000000000e+03
3.419000000000000000e+03
5.967000000000000000e+03
