0.000000000000000000e+00
0.000000000000000000e+00
0.000000000000000000e+00
0.000000000000000000e+00
0.000000000000000000e+00
0.000000000000000000e+00
0.000000000000000000e+00
0.000000000000000000e+00
0.000000000000000000e+00
0.000000000000000000e+00
0.000000000000000000e+00
0.000000000000000000e+00
0.000000000000000000e+00
0.000000000000000000e+00
0.000000000000000000e+00
0.000000000000000000e+00
0.000000000000000000e+00
0.000000000000000000e+00
0.000000000000000000e+00
0.000000000000000000e+00
0.000000000000000000e+00
0.000000000000000000e+00
0.000000000000000000e+00
0.000000000000000000e+00
0.000000000000000000e+00
0.000000000000000000e+00
0.000000000000000000e+00
0.000000000000000000e+00
0.000000000000000000e+00
0.000000000000000000e+00
0.000000000000000000e+00
0.000000000000000000e+00
0.000000000000000000e+00
0.000000000000000000e+00
0.000000000000000000e+00
0.000000000000000000e+00
0.000000000000000000e+00
0.000000000000000000e+00
0.000000000000000000e+00
0.000000000000000000e+00
0.000000000000000000e+00
0.000000000000000000e+00
1.000000000000000000e+00
1.000000000000000000e+00
1.000000000000000000e+00
1.000000000000000000e+00
1.000000000000000000e+00
1.000000000000000000e+00
1.000000000000000000e+00
1.000000000000000000e+00
1.000000000000000000e+00
1.000000000000000000e+00
4.000000000000000000e+00
4.000000000000000000e+00
4.000000000000000000e+00
7.000000000000000000e+00
2.800000000000000000e+01
2.800000000000000000e+01
2.800000000000000000e+01
3.700000000000000000e+01
3.700000000000000000e+01
5.100000000000000000e+01
5.100000000000000000e+01
5.100000000000000000e+01
5.600000000000000000e+01
5.600000000000000000e+01
5.600000000000000000e+01
5.600000000000000000e+01
6.200000000000000000e+01
6.800000000000000000e+01
6.800000000000000000e+01
7.500000000000000000e+01
7.600000000000000000e+01
7.700000000000000000e+01
7.700000000000000000e+01
7.700000000000000000e+01
7.800000000000000000e+01
7.800000000000000000e+01
7.800000000000000000e+01
7.900000000000000000e+01
7.900000000000000000e+01
7.900000000000000000e+01
7.900000000000000000e+01
7.900000000000000000e+01
7.900000000000000000e+01
7.900000000000000000e+01
7.900000000000000000e+01
7.900000000000000000e+01
8.100000000000000000e+01
8.100000000000000000e+01
8.100000000000000000e+01
8.100000000000000000e+01
8.100000000000000000e+01
8.100000000000000000e+01
8.100000000000000000e+01
8.200000000000000000e+01
8.200000000000000000e+01
8.200000000000000000e+01
8.200000000000000000e+01
8.200000000000000000e+01
8.200000000000000000e+01
8.200000000000000000e+01
8.200000000000000000e+01
8.200000000000000000e+01
8.200000000000000000e+01
8.200000000000000000e+01
8.200000000000000000e+01
8.200000000000000000e+01
8.200000000000000000e+01
8.200000000000000000e+01
8.200000000000000000e+01
8.200000000000000000e+01
8.200000000000000000e+01
8.200000000000000000e+01
8.200000000000000000e+01
8.200000000000000000e+01
8.200000000000000000e+01
8.200000000000000000e+01
8.200000000000000000e+01
8.200000000000000000e+01
8.200000000000000000e+01
8.200000000000000000e+01
8.200000000000000000e+01
8.200000000000000000e+01
8.200000000000000000e+01
8.200000000000000000e+01
8.200000000000000000e+01
8.200000000000000000e+01
8.200000000000000000e+01
8.200000000000000000e+01
8.200000000000000000e+01
8.200000000000000000e+01
8.200000000000000000e+01
8.200000000000000000e+01
8.200000000000000000e+01
8.200000000000000000e+01
8.200000000000000000e+01
8.200000000000000000e+01
8.200000000000000000e+01
8.200000000000000000e+01
8.200000000000000000e+01
8.200000000000000000e+01
8.200000000000000000e+01
8.200000000000000000e+01
8.200000000000000000e+01
8.200000000000000000e+01
8.200000000000000000e+01
8.200000000000000000e+01
8.200000000000000000e+01
8.200000000000000000e+01
8.200000000000000000e+01
8.200000000000000000e+01
8.200000000000000000e+01
8.200000000000000000e+01
8.200000000000000000e+01
8.200000000000000000e+01
8.200000000000000000e+01
8.200000000000000000e+01
8.200000000000000000e+01
8.200000000000000000e+01
8.200000000000000000e+01
8.200000000000000000e+01
8.300000000000000000e+01
8.300000000000000000e+01
8.300000000000000000e+01
8.300000000000000000e+01
8.400000000000000000e+01
8.400000000000000000e+01
8.400000000000000000e+01
8.400000000000000000e+01
8.400000000000000000e+01
8.400000000000000000e+01
8.400000000000000000e+01
8.400000000000000000e+01
8.400000000000000000e+01
8.400000000000000000e+01
8.400000000000000000e+01
8.500000000000000000e+01
8.600000000000000000e+01
8.600000000000000000e+01
8.600000000000000000e+01
8.600000000000000000e+01
8.600000000000000000e+01
8.600000000000000000e+01
8.600000000000000000e+01
8.600000000000000000e+01
8.600000000000000000e+01
8.600000000000000000e+01
8.700000000000000000e+01
8.800000000000000000e+01
8.800000000000000000e+01
8.800000000000000000e+01
8.800000000000000000e+01
8.900000000000000000e+01
8.900000000000000000e+01
8.900000000000000000e+01
8.900000000000000000e+01
8.900000000000000000e+01
8.900000000000000000e+01
8.900000000000000000e+01
8.900000000000000000e+01
8.900000000000000000e+01
8.900000000000000000e+01
9.000000000000000000e+01
9.000000000000000000e+01
9.100000000000000000e+01
9.100000000000000000e+01
9.100000000000000000e+01
9.400000000000000000e+01
9.700000000000000000e+01
9.800000000000000000e+01
9.900000000000000000e+01
9.900000000000000000e+01
9.900000000000000000e+01
9.900000000000000000e+01
1.000000000000000000e+02
1.020000000000000000e+02
1.020000000000000000e+02
1.050000000000000000e+02
1.060000000000000000e+02
1.070000000000000000e+02
1.070000000000000000e+02
1.070000000000000000e+02
1.070000000000000000e+02
1.070000000000000000e+02
1.070000000000000000e+02
1.070000000000000000e+02
1.070000000000000000e+02
1.070000000000000000e+02
1.070000000000000000e+02
1.070000000000000000e+02
1.080000000000000000e+02
1.090000000000000000e+02
1.090000000000000000e+02
1.110000000000000000e+02
1.110000000000000000e+02
1.110000000000000000e+02
1.110000000000000000e+02
1.110000000000000000e+02
1.120000000000000000e+02
1.120000000000000000e+02
1.130000000000000000e+02
1.130000000000000000e+02
1.140000000000000000e+02
1.150000000000000000e+02
1.160000000000000000e+02
1.160000000000000000e+02
1.170000000000000000e+02
1.170000000000000000e+02
1.170000000000000000e+02
1.170000000000000000e+02
1.180000000000000000e+02
1.180000000000000000e+02
1.190000000000000000e+02
1.200000000000000000e+02
1.230000000000000000e+02
1.260000000000000000e+02
1.270000000000000000e+02
1.300000000000000000e+02
1.310000000000000000e+02
1.350000000000000000e+02
1.390000000000000000e+02
1.420000000000000000e+02
1.440000000000000000e+02
1.480000000000000000e+02
1.630000000000000000e+02
1.740000000000000000e+02
1.830000000000000000e+02
1.920000000000000000e+02
2.170000000000000000e+02
2.240000000000000000e+02
2.240000000000000000e+02
2.350000000000000000e+02
2.520000000000000000e+02
2.820000000000000000e+02
3.240000000000000000e+02
3.400000000000000000e+02
3.650000000000000000e+02
4.020000000000000000e+02
4.280000000000000000e+02
4.500000000000000000e+02
4.760000000000000000e+02
5.130000000000000000e+02
5.330000000000000000e+02
5.510000000000000000e+02
5.980000000000000000e+02
6.310000000000000000e+02
6.590000000000000000e+02
6.920000000000000000e+02
7.410000000000000000e+02
7.650000000000000000e+02
7.880000000000000000e+02
8.010000000000000000e+02
8.460000000000000000e+02
8.770000000000000000e+02
9.050000000000000000e+02
9.280000000000000000e+02
9.700000000000000000e+02
9.850000000000000000e+02
9.890000000000000000e+02
1.002000000000000000e+03
1.051000000000000000e+03
1.072000000000000000e+03
1.094000000000000000e+03
1.109000000000000000e+03
1.112000000000000000e+03
1.156000000000000000e+03
1.158000000000000000e+03
1.183000000000000000e+03
1.208000000000000000e+03
1.231000000000000000e+03
1.253000000000000000e+03
1.253000000000000000e+03
1.270000000000000000e+03
1.286000000000000000e+03
1.318000000000000000e+03
1.339000000000000000e+03
1.351000000000000000e+03
1.378000000000000000e+03
1.396000000000000000e+03
1.397000000000000000e+03
1.404000000000000000e+03
1.432000000000000000e+03
1.441000000000000000e+03
1.466000000000000000e+03
1.482000000000000000e+03
1.514000000000000000e+03
1.566000000000000000e+03
1.579000000000000000e+03
1.600000000000000000e+03
1.635000000000000000e+03
1.676000000000000000e+03
1.711000000000000000e+03
1.758000000000000000e+03
1.784000000000000000e+03
1.826000000000000000e+03
1.858000000000000000e+03
1.920000000000000000e+03
1.980000000000000000e+03
2.000000000000000000e+03
2.018000000000000000e+03
2.038000000000000000e+03
2.069000000000000000e+03
2.104000000000000000e+03
2.136000000000000000e+03
2.175000000000000000e+03
2.202000000000000000e+03
2.222000000000000000e+03
2.224000000000000000e+03
2.246000000000000000e+03
2.295000000000000000e+03
2.309000000000000000e+03
2.311000000000000000e+03
2.329000000000000000e+03
2.340000000000000000e+03
2.346000000000000000e+03
2.355000000000000000e+03
2.370000000000000000e+03
2.375000000000000000e+03
2.378000000000000000e+03
2.383000000000000000e+03
2.389000000000000000e+03
2.395000000000000000e+03
2.398000000000000000e+03
2.405000000000000000e+03
2.415000000000000000e+03
2.432000000000000000e+03
2.437000000000000000e+03
2.441000000000000000e+03
2.454000000000000000e+03
2.455000000000000000e+03
2.458000000000000000e+03
2.475000000000000000e+03
2.484000000000000000e+03
2.493000000000000000e+03
2.493000000000000000e+03
2.497000000000000000e+03
2.497000000000000000e+03
2.509000000000000000e+03
2.513000000000000000e+03
2.518000000000000000e+03
2.518000000000000000e+03
2.523000000000000000e+03
2.526000000000000000e+03
2.527000000000000000e+03
2.532000000000000000e+03
2.534000000000000000e+03
2.537000000000000000e+03
2.538000000000000000e+03
2.539000000000000000e+03
2.540000000000000000e+03
2.540000000000000000e+03
2.540000000000000000e+03
2.542000000000000000e+03
2.543000000000000000e+03
2.545000000000000000e+03
2.546000000000000000e+03
2.550000000000000000e+03
2.553000000000000000e+03
2.553000000000000000e+03
2.558000000000000000e+03
2.564000000000000000e+03
2.566000000000000000e+03
2.567000000000000000e+03
2.575000000000000000e+03
2.576000000000000000e+03
2.577000000000000000e+03
2.582000000000000000e+03
2.588000000000000000e+03
2.589000000000000000e+03
2.590000000000000000e+03
2.592000000000000000e+03
2.594000000000000000e+03
2.594000000000000000e+03
2.596000000000000000e+03
2.601000000000000000e+03
2.602000000000000000e+03
2.612000000000000000e+03
2.612000000000000000e+03
2.615000000000000000e+03
2.616000000000000000e+03
2.620000000000000000e+03
2.622000000000000000e+03
2.627000000000000000e+03
2.628000000000000000e+03
2.632000000000000000e+03
2.634000000000000000e+03
2.636000000000000000e+03
2.642000000000000000e+03
2.645000000000000000e+03
2.649000000000000000e+03
2.658000000000000000e+03
2.664000000000000000e+03
2.664000000000000000e+03
2.670000000000000000e+03
2.675000000000000000e+03
2.678000000000000000e+03
2.679000000000000000e+03
2.685000000000000000e+03
2.697000000000000000e+03
2.697000000000000000e+03
2.702000000000000000e+03
2.714000000000000000e+03
2.722000000000000000e+03
2.738000000000000000e+03
2.753000000000000000e+03
2.754000000000000000e+03
2.768000000000000000e+03
2.770000000000000000e+03
2.780000000000000000e+03
2.790000000000000000e+03
2.804000000000000000e+03
2.813000000000000000e+03
2.823000000000000000e+03
2.836000000000000000e+03
2.849000000000000000e+03
2.851000000000000000e+03
2.855000000000000000e+03
2.866000000000000000e+03
2.884000000000000000e+03
2.885000000000000000e+03
2.903000000000000000e+03
2.908000000000000000e+03
2.921000000000000000e+03
2.926000000000000000e+03
2.936000000000000000e+03
2.940000000000000000e+03
2.946000000000000000e+03
2.948000000000000000e+03
2.956000000000000000e+03
2.961000000000000000e+03
2.963000000000000000e+03
2.967000000000000000e+03
2.970000000000000000e+03
2.974000000000000000e+03
2.975000000000000000e+03
2.978000000000000000e+03
2.980000000000000000e+03
2.981000000000000000e+03
2.984000000000000000e+03
2.985000000000000000e+03
2.990000000000000000e+03
2.992000000000000000e+03
2.993000000000000000e+03
2.994000000000000000e+03
2.997000000000000000e+03
2.998000000000000000e+03
3.000000000000000000e+03
3.000000000000000000e+03
3.002000000000000000e+03
3.002000000000000000e+03
3.006000000000000000e+03
3.006000000000000000e+03
3.008000000000000000e+03
3.008000000000000000e+03
3.012000000000000000e+03
3.012000000000000000e+03
3.016000000000000000e+03
3.017000000000000000e+03
3.019000000000000000e+03
3.020000000000000000e+03
3.022000000000000000e+03
3.022000000000000000e+03
3.022000000000000000e+03
3.022000000000000000e+03
3.023000000000000000e+03
3.024000000000000000e+03
3.026000000000000000e+03
3.026000000000000000e+03
3.026000000000000000e+03
3.026000000000000000e+03
3.026000000000000000e+03
3.026000000000000000e+03
3.026000000000000000e+03
3.026000000000000000e+03
3.026000000000000000e+03
3.028000000000000000e+03
3.028000000000000000e+03
3.030000000000000000e+03
3.031000000000000000e+03
3.032000000000000000e+03
3.032000000000000000e+03
3.032000000000000000e+03
3.034000000000000000e+03
3.034000000000000000e+03
3.036000000000000000e+03
3.039000000000000000e+03
3.040000000000000000e+03
3.042000000000000000e+03
3.042000000000000000e+03
3.045000000000000000e+03
3.047000000000000000e+03
3.049000000000000000e+03
3.052000000000000000e+03
3.054000000000000000e+03
3.056000000000000000e+03
3.057000000000000000e+03
3.058000000000000000e+03
3.058000000000000000e+03
3.060000000000000000e+03
3.061000000000000000e+03
3.061000000000000000e+03
3.061000000000000000e+03
3.061000000000000000e+03
3.069000000000000000e+03
3.069000000000000000e+03
3.070000000000000000e+03
3.073000000000000000e+03
3.073000000000000000e+03
3.075000000000000000e+03
3.075000000000000000e+03
3.076000000000000000e+03
3.080000000000000000e+03
3.083000000000000000e+03
3.085000000000000000e+03
3.085000000000000000e+03
3.085000000000000000e+03
3.085000000000000000e+03
