0.000000000000000000e+00
0.000000000000000000e+00
0.000000000000000000e+00
0.000000000000000000e+00
0.000000000000000000e+00
0.000000000000000000e+00
0.000000000000000000e+00
0.000000000000000000e+00
0.000000000000000000e+00
0.000000000000000000e+00
0.000000000000000000e+00
0.000000000000000000e+00
0.000000000000000000e+00
0.000000000000000000e+00
0.000000000000000000e+00
0.000000000000000000e+00
0.000000000000000000e+00
0.000000000000000000e+00
0.000000000000000000e+00
0.000000000000000000e+00
0.000000000000000000e+00
0.000000000000000000e+00
0.000000000000000000e+00
0.000000000000000000e+00
0.000000000000000000e+00
0.000000000000000000e+00
0.000000000000000000e+00
0.000000000000000000e+00
0.000000000000000000e+00
0.000000000000000000e+00
0.000000000000000000e+00
0.000000000000000000e+00
0.000000000000000000e+00
0.000000000000000000e+00
0.000000000000000000e+00
0.000000000000000000e+00
0.000000000000000000e+00
0.000000000000000000e+00
0.000000000000000000e+00
0.000000000000000000e+00
0.000000000000000000e+00
0.000000000000000000e+00
0.000000000000000000e+00
0.000000000000000000e+00
1.000000000000000000e+00
1.000000000000000000e+00
1.000000000000000000e+00
1.000000000000000000e+00
3.000000000000000000e+00
9.000000000000000000e+00
9.000000000000000000e+00
1.300000000000000000e+01
2.200000000000000000e+01
3.400000000000000000e+01
5.700000000000000000e+01
7.500000000000000000e+01
1.020000000000000000e+02
1.080000000000000000e+02
1.580000000000000000e+02
1.960000000000000000e+02
2.310000000000000000e+02
2.770000000000000000e+02
3.780000000000000000e+02
4.700000000000000000e+02
4.910000000000000000e+02
5.390000000000000000e+02
6.080000000000000000e+02
7.020000000000000000e+02
7.980000000000000000e+02
9.060000000000000000e+02
1.065000000000000000e+03
1.161000000000000000e+03
1.267000000000000000e+03
1.406000000000000000e+03
1.485000000000000000e+03
1.579000000000000000e+03
1.780000000000000000e+03
2.054000000000000000e+03
2.223000000000000000e+03
2.473000000000000000e+03
2.709000000000000000e+03
2.776000000000000000e+03
2.852000000000000000e+03
2.979000000000000000e+03
3.105000000000000000e+03
3.233000000000000000e+03
3.439000000000000000e+03
3.621000000000000000e+03
3.792000000000000000e+03
3.977000000000000000e+03
4.149000000000000000e+03
4.356000000000000000e+03
4.561000000000000000e+03
4.881000000000000000e+03
5.142000000000000000e+03
5.379000000000000000e+03
5.597000000000000000e+03
5.949000000000000000e+03
6.207000000000000000e+03
6.507000000000000000e+03
7.006000000000000000e+03
7.285000000000000000e+03
7.668000000000000000e+03
7.973000000000000000e+03
8.613000000000000000e+03
8.959000000000000000e+03
9.456000000000000000e+03
1.005100000000000000e+04
1.049500000000000000e+04
1.106300000000000000e+04
1.161300000000000000e+04
1.227200000000000000e+04
1.293000000000000000e+04
1.361000000000000000e+04
1.421600000000000000e+04
1.493900000000000000e+04
1.557400000000000000e+04
1.629500000000000000e+04
1.693500000000000000e+04
1.768700000000000000e+04
1.833000000000000000e+04
1.913100000000000000e+04
2.017700000000000000e+04
2.117500000000000000e+04
2.198100000000000000e+04
2.300300000000000000e+04
2.410400000000000000e+04
2.536600000000000000e+04
2.668800000000000000e+04
2.823600000000000000e+04
2.938300000000000000e+04
3.049300000000000000e+04
3.183300000000000000e+04
3.335400000000000000e+04
3.512000000000000000e+04
3.663500000000000000e+04
3.802700000000000000e+04
3.923600000000000000e+04
4.071900000000000000e+04
4.207800000000000000e+04
4.368200000000000000e+04
4.521200000000000000e+04
4.685800000000000000e+04
4.874600000000000000e+04
5.093900000000000000e+04
5.306300000000000000e+04
5.493100000000000000e+04
5.704600000000000000e+04
6.021700000000000000e+04
6.327600000000000000e+04
6.563300000000000000e+04
6.865200000000000000e+04
7.118300000000000000e+04
7.357200000000000000e+04
7.711300000000000000e+04
8.059900000000000000e+04
8.444200000000000000e+04
8.859100000000000000e+04
9.176900000000000000e+04
9.504300000000000000e+04
9.784600000000000000e+04
1.020090000000000000e+05
1.061100000000000000e+05
1.095050000000000000e+05
1.133890000000000000e+05
1.171100000000000000e+05
1.202810000000000000e+05
1.244940000000000000e+05
1.286380000000000000e+05
1.339730000000000000e+05
1.407760000000000000e+05
1.456320000000000000e+05
1.504450000000000000e+05
1.542770000000000000e+05
1.598980000000000000e+05
1.651690000000000000e+05
1.732060000000000000e+05
1.821400000000000000e+05
1.907000000000000000e+05
1.972780000000000000e+05
2.040050000000000000e+05
2.110380000000000000e+05
2.184280000000000000e+05
2.263730000000000000e+05
2.335410000000000000e+05
2.407950000000000000e+05
2.489760000000000000e+05
2.571010000000000000e+05
2.673850000000000000e+05
2.760550000000000000e+05
2.860200000000000000e+05
2.955080000000000000e+05
3.061810000000000000e+05
3.176510000000000000e+05
3.278500000000000000e+05
3.349790000000000000e+05
3.457140000000000000e+05
3.577100000000000000e+05
3.672040000000000000e+05
3.768700000000000000e+05
3.874810000000000000e+05
3.976230000000000000e+05
4.104530000000000000e+05
4.225190000000000000e+05
4.338050000000000000e+05
4.451110000000000000e+05
4.566890000000000000e+05
4.683320000000000000e+05
4.766600000000000000e+05
4.891220000000000000e+05
5.021780000000000000e+05
5.137190000000000000e+05
5.221380000000000000e+05
5.331030000000000000e+05
5.411390000000000000e+05
5.516880000000000000e+05
5.621130000000000000e+05
5.722430000000000000e+05
5.819950000000000000e+05
5.904920000000000000e+05
5.998840000000000000e+05
6.079040000000000000e+05
6.150940000000000000e+05
6.240260000000000000e+05
6.333210000000000000e+05
6.415740000000000000e+05
6.500630000000000000e+05
6.584560000000000000e+05
6.665210000000000000e+05
6.718480000000000000e+05
6.795130000000000000e+05
6.868510000000000000e+05
6.946640000000000000e+05
7.020880000000000000e+05
7.089640000000000000e+05
7.163190000000000000e+05
7.218920000000000000e+05
7.285900000000000000e+05
7.363770000000000000e+05
7.439450000000000000e+05
7.504710000000000000e+05
7.583980000000000000e+05
7.650760000000000000e+05
7.704350000000000000e+05
7.775370000000000000e+05
7.842680000000000000e+05
7.908230000000000000e+05
7.983170000000000000e+05
8.060380000000000000e+05
8.130560000000000000e+05
8.182030000000000000e+05
8.240420000000000000e+05
8.296790000000000000e+05
8.353390000000000000e+05
8.415320000000000000e+05
8.481470000000000000e+05
8.550520000000000000e+05
8.621580000000000000e+05
8.698080000000000000e+05
8.776840000000000000e+05
8.861790000000000000e+05
8.943000000000000000e+05
9.027470000000000000e+05
9.113160000000000000e+05
9.190840000000000000e+05
9.240980000000000000e+05
9.301590000000000000e+05
9.369820000000000000e+05
9.453540000000000000e+05
9.523710000000000000e+05
9.595720000000000000e+05
9.658830000000000000e+05
9.741390000000000000e+05
9.817000000000000000e+05
9.903730000000000000e+05
9.989420000000000000e+05
1.007711000000000000e+06
1.015885000000000000e+06
1.025052000000000000e+06
1.033218000000000000e+06
1.041935000000000000e+06
1.053122000000000000e+06
1.063151000000000000e+06
1.074184000000000000e+06
1.083321000000000000e+06
1.093256000000000000e+06
1.099392000000000000e+06
1.108086000000000000e+06
1.117977000000000000e+06
1.127733000000000000e+06
1.136447000000000000e+06
1.143887000000000000e+06
1.149064000000000000e+06
1.155356000000000000e+06
1.165326000000000000e+06
1.174012000000000000e+06
1.182697000000000000e+06
1.191634000000000000e+06
1.198746000000000000e+06
1.205217000000000000e+06
1.211128000000000000e+06
1.218003000000000000e+06
1.225490000000000000e+06
1.233444000000000000e+06
1.240493000000000000e+06
1.248417000000000000e+06
1.254979000000000000e+06
1.262494000000000000e+06
1.270991000000000000e+06
1.280487000000000000e+06
1.290510000000000000e+06
1.299613000000000000e+06
1.308376000000000000e+06
1.316806000000000000e+06
1.324792000000000000e+06
1.334089000000000000e+06
1.343322000000000000e+06
1.352607000000000000e+06
1.362249000000000000e+06
1.371103000000000000e+06
1.377100000000000000e+06
1.384610000000000000e+06
1.392133000000000000e+06
1.399911000000000000e+06
1.408909000000000000e+06
1.417072000000000000e+06
1.425774000000000000e+06
1.434516000000000000e+06
1.444646000000000000e+06
1.456599000000000000e+06
1.468795000000000000e+06
1.482072000000000000e+06
1.496062000000000000e+06
1.507222000000000000e+06
1.518067000000000000e+06
1.530593000000000000e+06
1.544826000000000000e+06
1.559766000000000000e+06
1.574707000000000000e+06
1.584903000000000000e+06
1.594497000000000000e+06
1.603807000000000000e+06
1.614822000000000000e+06
1.626461000000000000e+06
1.642775000000000000e+06
1.654880000000000000e+06
1.666408000000000000e+06
1.675820000000000000e+06
1.686131000000000000e+06
1.702966000000000000e+06
1.719771000000000000e+06
1.737347000000000000e+06
1.755568000000000000e+06
1.771363000000000000e+06
1.786900000000000000e+06
1.801903000000000000e+06
1.816082000000000000e+06
1.831980000000000000e+06
1.849101000000000000e+06
1.870179000000000000e+06
1.891034000000000000e+06
1.908413000000000000e+06
1.923132000000000000e+06
1.939071000000000000e+06
1.956979000000000000e+06
1.972345000000000000e+06
1.987418000000000000e+06
2.002969000000000000e+06
2.015485000000000000e+06
2.027746000000000000e+06
2.041352000000000000e+06
2.055305000000000000e+06
2.067575000000000000e+06
2.077633000000000000e+06
2.086806000000000000e+06
2.094884000000000000e+06
2.104506000000000000e+06
2.114597000000000000e+06
2.125622000000000000e+06
2.135412000000000000e+06
2.142660000000000000e+06
2.151207000000000000e+06
2.157216000000000000e+06
2.161462000000000000e+06
2.166904000000000000e+06
2.173347000000000000e+06
2.179641000000000000e+06
2.185169000000000000e+06
2.190116000000000000e+06
2.195039000000000000e+06
2.198549000000000000e+06
2.202598000000000000e+06
2.207701000000000000e+06
2.212525000000000000e+06
2.217001000000000000e+06
2.222018000000000000e+06
2.226262000000000000e+06
2.229663000000000000e+06
2.233589000000000000e+06
2.237542000000000000e+06
2.241225000000000000e+06
2.244792000000000000e+06
2.248135000000000000e+06
2.251690000000000000e+06
2.255260000000000000e+06
2.259599000000000000e+06
2.262646000000000000e+06
2.266211000000000000e+06
2.269582000000000000e+06
2.273245000000000000e+06
2.276656000000000000e+06
2.278861000000000000e+06
2.282372000000000000e+06
2.285960000000000000e+06
2.290539000000000000e+06
2.294617000000000000e+06
2.299082000000000000e+06
2.303144000000000000e+06
2.305884000000000000e+06
2.309600000000000000e+06
2.314154000000000000e+06
2.319293000000000000e+06
2.324426000000000000e+06
2.331187000000000000e+06
2.337230000000000000e+06
2.342278000000000000e+06
2.347224000000000000e+06
2.353210000000000000e+06
2.359942000000000000e+06
2.367337000000000000e+06
2.375591000000000000e+06
2.382730000000000000e+06
2.389779000000000000e+06
2.397731000000000000e+06
2.406377000000000000e+06
2.417826000000000000e+06
2.428048000000000000e+06
2.437197000000000000e+06
2.446219000000000000e+06
2.456409000000000000e+06
2.468236000000000000e+06
2.479617000000000000e+06
2.492081000000000000e+06
2.504206000000000000e+06
2.518715000000000000e+06
2.536198000000000000e+06
2.552937000000000000e+06
2.569314000000000000e+06
2.585801000000000000e+06
2.602719000000000000e+06
2.619422000000000000e+06
2.636076000000000000e+06
2.652947000000000000e+06
2.667136000000000000e+06
2.684101000000000000e+06
2.701313000000000000e+06
2.720619000000000000e+06
2.740544000000000000e+06
2.757274000000000000e+06
2.774464000000000000e+06
2.787303000000000000e+06
2.804881000000000000e+06
2.824626000000000000e+06
2.841934000000000000e+06
2.859724000000000000e+06
2.877746000000000000e+06
2.893655000000000000e+06
2.905254000000000000e+06
2.919805000000000000e+06
2.934611000000000000e+06
2.951101000000000000e+06
2.968626000000000000e+06
2.985536000000000000e+06
3.002758000000000000e+06
3.015301000000000000e+06
3.031726000000000000e+06
3.048719000000000000e+06
3.067879000000000000e+06
3.084460000000000000e+06
3.103333000000000000e+06
3.118426000000000000e+06
3.131410000000000000e+06
3.144547000000000000e+06
3.161126000000000000e+06
3.177212000000000000e+06
3.192050000000000000e+06
3.210787000000000000e+06
3.232456000000000000e+06
3.249433000000000000e+06
3.270614000000000000e+06
3.294101000000000000e+06
3.319193000000000000e+06
3.342567000000000000e+06
3.363061000000000000e+06
3.383279000000000000e+06
3.406456000000000000e+06
3.432422000000000000e+06
3.459422000000000000e+06
3.488046000000000000e+06
3.518046000000000000e+06
3.547017000000000000e+06
3.571067000000000000e+06
3.593016000000000000e+06
3.611602000000000000e+06
3.633481000000000000e+06
3.665137000000000000e+06
3.694707000000000000e+06
3.724705000000000000e+06
3.753224000000000000e+06
3.777600000000000000e+06
3.802052000000000000e+06
3.829879000000000000e+06
3.859824000000000000e+06
3.888614000000000000e+06
3.917348000000000000e+06
3.945166000000000000e+06
3.968405000000000000e+06
3.997021000000000000e+06
4.027016000000000000e+06
4.060013000000000000e+06
4.092746000000000000e+06
4.126340000000000000e+06
4.158716000000000000e+06
4.187194000000000000e+06
4.213074000000000000e+06
4.240982000000000000e+06
4.269297000000000000e+06
4.297302000000000000e+06
4.324230000000000000e+06
4.350495000000000000e+06
4.375861000000000000e+06
4.402582000000000000e+06
4.426811000000000000e+06
4.450086000000000000e+06
4.471622000000000000e+06
4.492537000000000000e+06
4.511960000000000000e+06
4.530610000000000000e+06
4.548142000000000000e+06
4.565372000000000000e+06
4.583442000000000000e+06
4.601335000000000000e+06
4.621260000000000000e+06
4.639466000000000000e+06
4.655921000000000000e+06
4.668750000000000000e+06
4.679994000000000000e+06
4.692570000000000000e+06
4.705734000000000000e+06
4.716798000000000000e+06
4.727846000000000000e+06
4.736349000000000000e+06
4.747775000000000000e+06
4.757139000000000000e+06
4.766829000000000000e+06
4.776291000000000000e+06
4.785320000000000000e+06
4.794414000000000000e+06
