0.000000000000000000e+00
0.000000000000000000e+00
0.000000000000000000e+00
0.000000000000000000e+00
0.000000000000000000e+00
0.000000000000000000e+00
0.000000000000000000e+00
0.000000000000000000e+00
0.000000000000000000e+00
0.000000000000000000e+00
0.000000000000000000e+00
0.000000000000000000e+00
0.000000000000000000e+00
0.000000000000000000e+00
0.000000000000000000e+00
0.000000000000000000e+00
0.000000000000000000e+00
0.000000000000000000e+00
0.000000000000000000e+00
0.000000000000000000e+00
0.000000000000000000e+00
0.000000000000000000e+00
0.000000000000000000e+00
0.000000000000000000e+00
0.000000000000000000e+00
0.000000000000000000e+00
0.000000000000000000e+00
0.000000000000000000e+00
0.000000000000000000e+00
0.000000000000000000e+00
0.000000000000000000e+00
0.000000000000000000e+00
0.000000000000000000e+00
0.000000000000000000e+00
0.000000000000000000e+00
0.000000000000000000e+00
0.000000000000000000e+00
0.000000000000000000e+00
0.000000000000000000e+00
0.000000000000000000e+00
0.000000000000000000e+00
0.000000000000000000e+00
0.000000000000000000e+00
0.000000000000000000e+00
1.000000000000000000e+00
0.000000000000000000e+00
0.000000000000000000e+00
0.000000000000000000e+00
2.000000000000000000e+00
6.000000000000000000e+00
0.000000000000000000e+00
4.000000000000000000e+00
9.000000000000000000e+00
1.200000000000000000e+01
2.300000000000000000e+01
1.800000000000000000e+01
2.700000000000000000e+01
6.000000000000000000e+00
5.000000000000000000e+01
3.800000000000000000e+01
3.500000000000000000e+01
4.600000000000000000e+01
1.010000000000000000e+02
9.200000000000000000e+01
2.100000000000000000e+01
4.800000000000000000e+01
6.900000000000000000e+01
9.400000000000000000e+01
9.600000000000000000e+01
1.080000000000000000e+02
1.590000000000000000e+02
9.600000000000000000e+01
1.060000000000000000e+02
1.390000000000000000e+02
7.900000000000000000e+01
9.400000000000000000e+01
2.010000000000000000e+02
2.740000000000000000e+02
1.690000000000000000e+02
2.500000000000000000e+02
2.360000000000000000e+02
6.700000000000000000e+01
7.600000000000000000e+01
1.270000000000000000e+02
1.260000000000000000e+02
1.280000000000000000e+02
2.060000000000000000e+02
1.820000000000000000e+02
1.710000000000000000e+02
1.850000000000000000e+02
1.720000000000000000e+02
2.070000000000000000e+02
2.050000000000000000e+02
3.200000000000000000e+02
2.610000000000000000e+02
2.370000000000000000e+02
2.180000000000000000e+02
3.520000000000000000e+02
2.580000000000000000e+02
3.000000000000000000e+02
4.990000000000000000e+02
2.790000000000000000e+02
3.830000000000000000e+02
3.050000000000000000e+02
6.400000000000000000e+02
3.460000000000000000e+02
4.970000000000000000e+02
5.950000000000000000e+02
4.440000000000000000e+02
5.680000000000000000e+02
5.500000000000000000e+02
6.590000000000000000e+02
6.580000000000000000e+02
6.800000000000000000e+02
6.060000000000000000e+02
7.230000000000000000e+02
6.350000000000000000e+02
7.210000000000000000e+02
6.400000000000000000e+02
7.520000000000000000e+02
6.430000000000000000e+02
8.010000000000000000e+02
1.046000000000000000e+03
9.980000000000000000e+02
8.060000000000000000e+02
1.022000000000000000e+03
1.101000000000000000e+03
1.262000000000000000e+03
1.322000000000000000e+03
1.548000000000000000e+03
1.147000000000000000e+03
1.110000000000000000e+03
1.340000000000000000e+03
1.521000000000000000e+03
1.766000000000000000e+03
1.515000000000000000e+03
1.392000000000000000e+03
1.209000000000000000e+03
1.483000000000000000e+03
1.359000000000000000e+03
1.604000000000000000e+03
1.530000000000000000e+03
1.646000000000000000e+03
1.888000000000000000e+03
2.193000000000000000e+03
2.124000000000000000e+03
1.868000000000000000e+03
2.115000000000000000e+03
3.171000000000000000e+03
3.059000000000000000e+03
2.357000000000000000e+03
3.019000000000000000e+03
2.531000000000000000e+03
2.389000000000000000e+03
3.541000000000000000e+03
3.486000000000000000e+03
3.843000000000000000e+03
4.149000000000000000e+03
3.178000000000000000e+03
3.274000000000000000e+03
2.803000000000000000e+03
4.163000000000000000e+03
4.101000000000000000e+03
3.395000000000000000e+03
3.884000000000000000e+03
3.721000000000000000e+03
3.171000000000000000e+03
4.213000000000000000e+03
4.144000000000000000e+03
5.335000000000000000e+03
6.803000000000000000e+03
4.856000000000000000e+03
4.813000000000000000e+03
3.832000000000000000e+03
5.621000000000000000e+03
5.271000000000000000e+03
8.037000000000000000e+03
8.934000000000000000e+03
8.560000000000000000e+03
6.578000000000000000e+03
6.727000000000000000e+03
7.033000000000000000e+03
7.390000000000000000e+03
7.945000000000000000e+03
7.168000000000000000e+03
7.254000000000000000e+03
8.181000000000000000e+03
8.125000000000000000e+03
1.028400000000000000e+04
8.670000000000000000e+03
9.965000000000000000e+03
9.488000000000000000e+03
1.067300000000000000e+04
1.147000000000000000e+04
1.019900000000000000e+04
7.129000000000000000e+03
1.073500000000000000e+04
1.199600000000000000e+04
9.494000000000000000e+03
9.666000000000000000e+03
1.061100000000000000e+04
1.014200000000000000e+04
1.283000000000000000e+04
1.206600000000000000e+04
1.128600000000000000e+04
1.130600000000000000e+04
1.157800000000000000e+04
1.164300000000000000e+04
8.328000000000000000e+03
1.246200000000000000e+04
1.305600000000000000e+04
1.154100000000000000e+04
8.419000000000000000e+03
1.096500000000000000e+04
8.036000000000000000e+03
1.054900000000000000e+04
1.042500000000000000e+04
1.013000000000000000e+04
9.752000000000000000e+03
8.497000000000000000e+03
9.392000000000000000e+03
8.020000000000000000e+03
7.190000000000000000e+03
8.932000000000000000e+03
9.295000000000000000e+03
8.253000000000000000e+03
8.489000000000000000e+03
8.393000000000000000e+03
8.065000000000000000e+03
5.327000000000000000e+03
7.665000000000000000e+03
7.338000000000000000e+03
7.813000000000000000e+03
7.424000000000000000e+03
6.876000000000000000e+03
7.355000000000000000e+03
5.573000000000000000e+03
6.698000000000000000e+03
7.787000000000000000e+03
7.568000000000000000e+03
6.526000000000000000e+03
7.927000000000000000e+03
6.678000000000000000e+03
5.359000000000000000e+03
7.102000000000000000e+03
6.731000000000000000e+03
6.555000000000000000e+03
7.494000000000000000e+03
7.721000000000000000e+03
7.018000000000000000e+03
5.147000000000000000e+03
5.839000000000000000e+03
5.637000000000000000e+03
5.660000000000000000e+03
6.193000000000000000e+03
6.615000000000000000e+03
6.905000000000000000e+03
7.106000000000000000e+03
7.650000000000000000e+03
7.876000000000000000e+03
8.495000000000000000e+03
8.121000000000000000e+03
8.447000000000000000e+03
8.569000000000000000e+03
7.768000000000000000e+03
5.014000000000000000e+03
6.061000000000000000e+03
6.823000000000000000e+03
8.372000000000000000e+03
7.017000000000000000e+03
7.201000000000000000e+03
6.311000000000000000e+03
8.256000000000000000e+03
7.561000000000000000e+03
8.673000000000000000e+03
8.569000000000000000e+03
8.769000000000000000e+03
8.174000000000000000e+03
9.167000000000000000e+03
8.166000000000000000e+03
8.717000000000000000e+03
1.118700000000000000e+04
1.002900000000000000e+04
1.103300000000000000e+04
9.137000000000000000e+03
9.935000000000000000e+03
6.136000000000000000e+03
8.694000000000000000e+03
9.891000000000000000e+03
9.756000000000000000e+03
8.714000000000000000e+03
7.440000000000000000e+03
5.177000000000000000e+03
6.292000000000000000e+03
9.970000000000000000e+03
8.686000000000000000e+03
8.685000000000000000e+03
8.937000000000000000e+03
7.112000000000000000e+03
6.471000000000000000e+03
5.911000000000000000e+03
6.875000000000000000e+03
7.487000000000000000e+03
7.954000000000000000e+03
7.049000000000000000e+03
7.924000000000000000e+03
6.562000000000000000e+03
7.515000000000000000e+03
8.497000000000000000e+03
9.496000000000000000e+03
1.002300000000000000e+04
9.103000000000000000e+03
8.763000000000000000e+03
8.430000000000000000e+03
7.986000000000000000e+03
9.297000000000000000e+03
9.233000000000000000e+03
9.285000000000000000e+03
9.642000000000000000e+03
8.854000000000000000e+03
5.997000000000000000e+03
7.510000000000000000e+03
7.523000000000000000e+03
7.778000000000000000e+03
8.998000000000000000e+03
8.163000000000000000e+03
8.702000000000000000e+03
8.742000000000000000e+03
1.013000000000000000e+04
1.195300000000000000e+04
1.219600000000000000e+04
1.327700000000000000e+04
1.399000000000000000e+04
1.116000000000000000e+04
1.084500000000000000e+04
1.252600000000000000e+04
1.423300000000000000e+04
1.494000000000000000e+04
1.494100000000000000e+04
1.019600000000000000e+04
9.594000000000000000e+03
9.310000000000000000e+03
1.101500000000000000e+04
1.163900000000000000e+04
1.631400000000000000e+04
1.210500000000000000e+04
1.152800000000000000e+04
9.412000000000000000e+03
1.031100000000000000e+04
1.683500000000000000e+04
1.680500000000000000e+04
1.757600000000000000e+04
1.822100000000000000e+04
1.579500000000000000e+04
1.553700000000000000e+04
1.500300000000000000e+04
1.417900000000000000e+04
1.589800000000000000e+04
1.712100000000000000e+04
2.107800000000000000e+04
2.085500000000000000e+04
1.737900000000000000e+04
1.471900000000000000e+04
1.593900000000000000e+04
1.790800000000000000e+04
1.536600000000000000e+04
1.507300000000000000e+04
1.555100000000000000e+04
1.251600000000000000e+04
1.226100000000000000e+04
1.360600000000000000e+04
1.395300000000000000e+04
1.227000000000000000e+04
1.005800000000000000e+04
9.173000000000000000e+03
8.078000000000000000e+03
9.622000000000000000e+03
1.009100000000000000e+04
1.102500000000000000e+04
9.790000000000000000e+03
7.248000000000000000e+03
8.547000000000000000e+03
6.009000000000000000e+03
4.246000000000000000e+03
5.442000000000000000e+03
6.443000000000000000e+03
6.294000000000000000e+03
5.528000000000000000e+03
4.947000000000000000e+03
4.923000000000000000e+03
3.510000000000000000e+03
4.049000000000000000e+03
5.103000000000000000e+03
4.824000000000000000e+03
4.476000000000000000e+03
5.017000000000000000e+03
4.244000000000000000e+03
3.401000000000000000e+03
3.926000000000000000e+03
3.953000000000000000e+03
3.683000000000000000e+03
3.567000000000000000e+03
3.343000000000000000e+03
3.555000000000000000e+03
3.570000000000000000e+03
4.339000000000000000e+03
3.047000000000000000e+03
3.565000000000000000e+03
3.371000000000000000e+03
3.663000000000000000e+03
3.411000000000000000e+03
2.205000000000000000e+03
3.511000000000000000e+03
3.588000000000000000e+03
4.579000000000000000e+03
4.078000000000000000e+03
4.465000000000000000e+03
4.062000000000000000e+03
2.740000000000000000e+03
3.716000000000000000e+03
4.554000000000000000e+03
5.139000000000000000e+03
5.133000000000000000e+03
6.761000000000000000e+03
6.043000000000000000e+03
5.048000000000000000e+03
4.946000000000000000e+03
5.986000000000000000e+03
6.732000000000000000e+03
7.395000000000000000e+03
8.254000000000000000e+03
7.139000000000000000e+03
7.049000000000000000e+03
7.952000000000000000e+03
8.646000000000000000e+03
1.144900000000000000e+04
1.022200000000000000e+04
9.149000000000000000e+03
9.022000000000000000e+03
1.019000000000000000e+04
1.182700000000000000e+04
1.138100000000000000e+04
1.246400000000000000e+04
1.212500000000000000e+04
1.450900000000000000e+04
1.748300000000000000e+04
1.673900000000000000e+04
1.637700000000000000e+04
1.648700000000000000e+04
1.691800000000000000e+04
1.670300000000000000e+04
1.665400000000000000e+04
1.687100000000000000e+04
1.418900000000000000e+04
1.696500000000000000e+04
1.721200000000000000e+04
1.930600000000000000e+04
1.992500000000000000e+04
1.673000000000000000e+04
1.719000000000000000e+04
1.283900000000000000e+04
1.757800000000000000e+04
1.974500000000000000e+04
1.730800000000000000e+04
1.779000000000000000e+04
1.802200000000000000e+04
1.590900000000000000e+04
1.159900000000000000e+04
1.455100000000000000e+04
1.480600000000000000e+04
1.649000000000000000e+04
1.752500000000000000e+04
1.691000000000000000e+04
1.722200000000000000e+04
1.254300000000000000e+04
1.642500000000000000e+04
1.699300000000000000e+04
1.916000000000000000e+04
1.658100000000000000e+04
1.887300000000000000e+04
1.509300000000000000e+04
1.298400000000000000e+04
1.313700000000000000e+04
1.657900000000000000e+04
1.608600000000000000e+04
1.483800000000000000e+04
1.873700000000000000e+04
2.166900000000000000e+04
1.697700000000000000e+04
2.118100000000000000e+04
2.348700000000000000e+04
2.509200000000000000e+04
2.337400000000000000e+04
2.049400000000000000e+04
2.021800000000000000e+04
2.317700000000000000e+04
2.596600000000000000e+04
2.700000000000000000e+04
2.862400000000000000e+04
3.000000000000000000e+04
2.897100000000000000e+04
2.405000000000000000e+04
2.194900000000000000e+04
1.858600000000000000e+04
2.187900000000000000e+04
3.165600000000000000e+04
2.957000000000000000e+04
2.999800000000000000e+04
2.851900000000000000e+04
2.437600000000000000e+04
2.445200000000000000e+04
2.782700000000000000e+04
2.994500000000000000e+04
2.879000000000000000e+04
2.873400000000000000e+04
2.781800000000000000e+04
2.323900000000000000e+04
2.861600000000000000e+04
2.999500000000000000e+04
3.299700000000000000e+04
3.273300000000000000e+04
3.359400000000000000e+04
3.237600000000000000e+04
2.847800000000000000e+04
2.588000000000000000e+04
2.790800000000000000e+04
2.831500000000000000e+04
2.800500000000000000e+04
2.692800000000000000e+04
2.626500000000000000e+04
2.536600000000000000e+04
2.672100000000000000e+04
2.422900000000000000e+04
2.327500000000000000e+04
2.153600000000000000e+04
2.091500000000000000e+04
1.942300000000000000e+04
1.865000000000000000e+04
1.753200000000000000e+04
1.723000000000000000e+04
1.807000000000000000e+04
1.789300000000000000e+04
1.992500000000000000e+04
1.820600000000000000e+04
1.645500000000000000e+04
1.282900000000000000e+04
1.124400000000000000e+04
1.257600000000000000e+04
1.316400000000000000e+04
1.106400000000000000e+04
1.104800000000000000e+04
8.503000000000000000e+03
1.142600000000000000e+04
9.364000000000000000e+03
9.690000000000000000e+03
9.462000000000000000e+03
9.029000000000000000e+03
9.094000000000000000e+03
