0.000000000000000000e+00
0.000000000000000000e+00
0.000000000000000000e+00
0.000000000000000000e+00
0.000000000000000000e+00
0.000000000000000000e+00
0.000000000000000000e+00
0.000000000000000000e+00
0.000000000000000000e+00
0.000000000000000000e+00
0.000000000000000000e+00
0.000000000000000000e+00
0.000000000000000000e+00
0.000000000000000000e+00
0.000000000000000000e+00
0.000000000000000000e+00
0.000000000000000000e+00
0.000000000000000000e+00
0.000000000000000000e+00
0.000000000000000000e+00
0.000000000000000000e+00
0.000000000000000000e+00
0.000000000000000000e+00
0.000000000000000000e+00
0.000000000000000000e+00
0.000000000000000000e+00
0.000000000000000000e+00
0.000000000000000000e+00
0.000000000000000000e+00
0.000000000000000000e+00
0.000000000000000000e+00
0.000000000000000000e+00
0.000000000000000000e+00
0.000000000000000000e+00
0.000000000000000000e+00
0.000000000000000000e+00
0.000000000000000000e+00
0.000000000000000000e+00
0.000000000000000000e+00
0.000000000000000000e+00
2.000000000000000000e+00
2.000000000000000000e+00
2.000000000000000000e+00
2.000000000000000000e+00
4.000000000000000000e+00
4.000000000000000000e+00
6.000000000000000000e+00
1.900000000000000000e+01
2.700000000000000000e+01
3.400000000000000000e+01
3.400000000000000000e+01
6.900000000000000000e+01
9.600000000000000000e+01
1.170000000000000000e+02
1.340000000000000000e+02
1.720000000000000000e+02
2.270000000000000000e+02
3.110000000000000000e+02
3.690000000000000000e+02
4.500000000000000000e+02
5.140000000000000000e+02
5.790000000000000000e+02
6.860000000000000000e+02
7.900000000000000000e+02
8.930000000000000000e+02
1.046000000000000000e+03
1.155000000000000000e+03
1.285000000000000000e+03
1.414000000000000000e+03
1.528000000000000000e+03
1.677000000000000000e+03
1.790000000000000000e+03
1.986000000000000000e+03
2.092000000000000000e+03
2.273000000000000000e+03
2.491000000000000000e+03
2.738000000000000000e+03
2.956000000000000000e+03
3.293000000000000000e+03
3.512000000000000000e+03
3.842000000000000000e+03
4.241000000000000000e+03
4.557000000000000000e+03
4.839000000000000000e+03
5.136000000000000000e+03
5.516000000000000000e+03
5.923000000000000000e+03
6.248000000000000000e+03
6.575000000000000000e+03
6.760000000000000000e+03
7.135000000000000000e+03
7.418000000000000000e+03
7.775000000000000000e+03
8.211000000000000000e+03
8.607000000000000000e+03
8.882000000000000000e+03
9.096000000000000000e+03
9.511000000000000000e+03
9.771000000000000000e+03
1.011800000000000000e+04
1.055100000000000000e+04
1.084300000000000000e+04
1.119200000000000000e+04
1.158700000000000000e+04
1.207100000000000000e+04
1.243800000000000000e+04
1.277600000000000000e+04
1.311200000000000000e+04
1.364500000000000000e+04
1.403200000000000000e+04
1.426500000000000000e+04
1.474900000000000000e+04
1.543800000000000000e+04
1.600600000000000000e+04
1.649600000000000000e+04
1.702500000000000000e+04
1.751400000000000000e+04
1.801000000000000000e+04
1.849600000000000000e+04
1.918900000000000000e+04
2.016200000000000000e+04
2.079600000000000000e+04
2.174500000000000000e+04
2.227100000000000000e+04
2.275000000000000000e+04
2.316500000000000000e+04
2.385100000000000000e+04
2.453800000000000000e+04
2.521600000000000000e+04
2.577300000000000000e+04
2.647300000000000000e+04
2.694000000000000000e+04
2.754900000000000000e+04
2.823300000000000000e+04
2.881800000000000000e+04
2.952100000000000000e+04
3.051400000000000000e+04
3.118600000000000000e+04
3.203300000000000000e+04
3.307600000000000000e+04
3.431600000000000000e+04
3.529500000000000000e+04
3.640600000000000000e+04
3.742000000000000000e+04
3.827700000000000000e+04
3.929400000000000000e+04
4.040000000000000000e+04
4.143100000000000000e+04
4.276200000000000000e+04
4.380300000000000000e+04
4.502900000000000000e+04
4.589100000000000000e+04
4.684500000000000000e+04
4.789600000000000000e+04
4.900900000000000000e+04
5.018700000000000000e+04
5.142700000000000000e+04
5.281200000000000000e+04
5.401000000000000000e+04
5.509200000000000000e+04
5.638500000000000000e+04
5.777000000000000000e+04
5.939400000000000000e+04
6.069500000000000000e+04
6.214200000000000000e+04
6.374900000000000000e+04
6.495800000000000000e+04
6.622600000000000000e+04
6.807900000000000000e+04
7.073600000000000000e+04
7.234700000000000000e+04
7.401800000000000000e+04
7.569900000000000000e+04
7.698100000000000000e+04
7.857200000000000000e+04
8.009400000000000000e+04
8.166800000000000000e+04
8.313000000000000000e+04
8.488200000000000000e+04
8.652100000000000000e+04
8.821400000000000000e+04
8.986900000000000000e+04
9.175100000000000000e+04
9.365700000000000000e+04
9.541800000000000000e+04
9.728600000000000000e+04
9.877800000000000000e+04
1.003030000000000000e+05
1.020510000000000000e+05
1.044320000000000000e+05
1.063360000000000000e+05
1.083760000000000000e+05
1.099360000000000000e+05
1.114550000000000000e+05
1.131340000000000000e+05
1.150560000000000000e+05
1.168710000000000000e+05
1.187530000000000000e+05
1.212260000000000000e+05
1.235030000000000000e+05
1.253960000000000000e+05
1.270830000000000000e+05
1.287760000000000000e+05
1.307180000000000000e+05
1.328160000000000000e+05
1.351230000000000000e+05
1.374680000000000000e+05
1.395490000000000000e+05
1.413700000000000000e+05
1.430430000000000000e+05
1.449450000000000000e+05
1.472110000000000000e+05
1.494080000000000000e+05
1.514980000000000000e+05
1.535350000000000000e+05
1.554120000000000000e+05
1.578590000000000000e+05
1.601650000000000000e+05
1.628840000000000000e+05
1.658870000000000000e+05
1.691950000000000000e+05
1.720530000000000000e+05
1.747960000000000000e+05
1.775710000000000000e+05
1.806460000000000000e+05
1.842680000000000000e+05
1.875370000000000000e+05
1.906650000000000000e+05
1.941090000000000000e+05
1.969890000000000000e+05
2.000350000000000000e+05
2.033420000000000000e+05
2.072030000000000000e+05
2.109400000000000000e+05
2.147460000000000000e+05
2.183820000000000000e+05
2.215230000000000000e+05
2.250300000000000000e+05
2.289930000000000000e+05
2.326280000000000000e+05
2.365190000000000000e+05
2.406870000000000000e+05
2.446760000000000000e+05
2.488520000000000000e+05
2.529230000000000000e+05
2.573880000000000000e+05
2.620220000000000000e+05
2.668450000000000000e+05
2.713390000000000000e+05
2.752130000000000000e+05
2.787220000000000000e+05
2.827240000000000000e+05
2.870080000000000000e+05
2.911820000000000000e+05
2.954990000000000000e+05
2.995060000000000000e+05
3.034980000000000000e+05
3.071200000000000000e+05
3.111760000000000000e+05
3.157140000000000000e+05
3.205640000000000000e+05
3.246580000000000000e+05
3.289520000000000000e+05
3.334490000000000000e+05
3.367160000000000000e+05
3.406220000000000000e+05
3.447490000000000000e+05
3.491600000000000000e+05
3.534610000000000000e+05
3.577620000000000000e+05
3.618670000000000000e+05
3.652400000000000000e+05
3.688420000000000000e+05
3.731090000000000000e+05
3.775410000000000000e+05
3.819100000000000000e+05
3.859800000000000000e+05
3.897120000000000000e+05
3.929340000000000000e+05
3.964540000000000000e+05
4.004830000000000000e+05
4.040480000000000000e+05
4.069450000000000000e+05
4.100880000000000000e+05
4.127840000000000000e+05
4.154020000000000000e+05
4.183750000000000000e+05
4.217310000000000000e+05
4.257960000000000000e+05
4.295740000000000000e+05
4.338360000000000000e+05
4.377160000000000000e+05
4.405690000000000000e+05
4.443480000000000000e+05
4.481180000000000000e+05
4.522910000000000000e+05
4.577350000000000000e+05
4.630070000000000000e+05
4.671130000000000000e+05
4.706480000000000000e+05
4.744550000000000000e+05
4.787200000000000000e+05
4.835180000000000000e+05
4.883100000000000000e+05
4.933080000000000000e+05
4.976680000000000000e+05
5.021100000000000000e+05
5.063020000000000000e+05
5.118360000000000000e+05
5.167530000000000000e+05
5.225810000000000000e+05
5.279990000000000000e+05
5.342660000000000000e+05
5.388830000000000000e+05
5.439750000000000000e+05
5.495080000000000000e+05
5.578770000000000000e+05
5.636800000000000000e+05
5.697070000000000000e+05
5.757960000000000000e+05
5.815500000000000000e+05
5.868420000000000000e+05
5.929000000000000000e+05
5.989330000000000000e+05
6.052430000000000000e+05
6.116310000000000000e+05
6.178200000000000000e+05
6.233090000000000000e+05
6.294290000000000000e+05
6.361540000000000000e+05
6.435080000000000000e+05
6.501970000000000000e+05
6.579480000000000000e+05
6.649300000000000000e+05
6.717780000000000000e+05
6.781250000000000000e+05
6.856390000000000000e+05
6.928380000000000000e+05
7.000970000000000000e+05
7.068370000000000000e+05
7.133650000000000000e+05
7.192190000000000000e+05
7.271220000000000000e+05
7.351240000000000000e+05
7.431980000000000000e+05
7.512700000000000000e+05
7.584730000000000000e+05
7.653500000000000000e+05
7.721030000000000000e+05
7.795480000000000000e+05
7.884020000000000000e+05
7.977230000000000000e+05
8.083400000000000000e+05
8.183860000000000000e+05
8.280260000000000000e+05
8.367180000000000000e+05
8.467650000000000000e+05
8.580430000000000000e+05
8.696000000000000000e+05
8.824180000000000000e+05
8.966420000000000000e+05
9.079290000000000000e+05
9.170150000000000000e+05
9.273800000000000000e+05
9.399480000000000000e+05
9.516510000000000000e+05
9.652830000000000000e+05
9.774740000000000000e+05
9.892620000000000000e+05
9.992560000000000000e+05
1.012350000000000000e+06
1.024298000000000000e+06
1.037993000000000000e+06
1.051795000000000000e+06
1.066313000000000000e+06
1.078314000000000000e+06
1.089308000000000000e+06
1.099687000000000000e+06
1.111671000000000000e+06
1.123105000000000000e+06
1.134854000000000000e+06
1.147010000000000000e+06
1.157837000000000000e+06
1.166079000000000000e+06
1.174779000000000000e+06
1.183555000000000000e+06
1.191990000000000000e+06
1.201859000000000000e+06
1.210703000000000000e+06
1.217468000000000000e+06
1.223930000000000000e+06
1.233959000000000000e+06
1.243646000000000000e+06
1.252685000000000000e+06
1.263299000000000000e+06
1.271353000000000000e+06
1.278653000000000000e+06
1.288833000000000000e+06
1.298608000000000000e+06
1.306141000000000000e+06
1.314634000000000000e+06
1.322866000000000000e+06
1.329074000000000000e+06
1.334634000000000000e+06
1.341314000000000000e+06
1.347026000000000000e+06
1.353834000000000000e+06
1.361098000000000000e+06
1.368069000000000000e+06
1.373836000000000000e+06
1.379662000000000000e+06
1.386556000000000000e+06
1.392945000000000000e+06
1.398578000000000000e+06
1.403722000000000000e+06
1.410134000000000000e+06
1.414741000000000000e+06
1.419455000000000000e+06
1.425044000000000000e+06
1.430458000000000000e+06
1.437283000000000000e+06
1.443853000000000000e+06
1.450132000000000000e+06
1.455788000000000000e+06
1.460184000000000000e+06
1.465928000000000000e+06
1.471225000000000000e+06
1.476452000000000000e+06
1.482559000000000000e+06
1.487541000000000000e+06
1.492002000000000000e+06
1.496085000000000000e+06
1.501093000000000000e+06
1.505775000000000000e+06
1.511712000000000000e+06
1.517854000000000000e+06
1.523179000000000000e+06
1.527524000000000000e+06
1.534255000000000000e+06
1.537967000000000000e+06
1.542516000000000000e+06
1.547376000000000000e+06
1.552880000000000000e+06
1.558145000000000000e+06
1.562868000000000000e+06
1.566995000000000000e+06
1.571824000000000000e+06
1.577526000000000000e+06
1.583182000000000000e+06
1.589359000000000000e+06
1.594722000000000000e+06
1.599763000000000000e+06
1.604348000000000000e+06
1.609300000000000000e+06
1.614849000000000000e+06
1.620569000000000000e+06
1.626812000000000000e+06
1.632248000000000000e+06
1.636792000000000000e+06
1.641194000000000000e+06
1.647138000000000000e+06
1.651794000000000000e+06
1.657035000000000000e+06
1.662868000000000000e+06
1.668368000000000000e+06
1.672880000000000000e+06
1.677274000000000000e+06
1.682004000000000000e+06
1.686373000000000000e+06
1.691658000000000000e+06
1.697305000000000000e+06
1.703632000000000000e+06
1.709762000000000000e+06
1.713684000000000000e+06
1.718575000000000000e+06
1.723596000000000000e+06
1.728204000000000000e+06
1.731652000000000000e+06
1.734285000000000000e+06
1.736670000000000000e+06
1.739750000000000000e+06
1.744045000000000000e+06
1.748230000000000000e+06
1.753101000000000000e+06
1.758898000000000000e+06
1.764644000000000000e+06
1.769940000000000000e+06
1.775220000000000000e+06
1.781127000000000000e+06
1.786187000000000000e+06
1.791221000000000000e+06
1.797499000000000000e+06
1.803361000000000000e+06
1.809926000000000000e+06
1.816041000000000000e+06
1.821703000000000000e+06
1.826527000000000000e+06
1.831773000000000000e+06
1.837126000000000000e+06
1.843612000000000000e+06
1.850206000000000000e+06
1.856038000000000000e+06
1.863031000000000000e+06
1.869325000000000000e+06
1.877050000000000000e+06
1.885942000000000000e+06
1.894025000000000000e+06
1.901490000000000000e+06
1.911358000000000000e+06
1.919547000000000000e+06
1.927708000000000000e+06
1.937652000000000000e+06
1.950276000000000000e+06
1.963266000000000000e+06
1.976172000000000000e+06
1.989909000000000000e+06
2.004445000000000000e+06
2.018113000000000000e+06
2.033421000000000000e+06
2.053995000000000000e+06
2.072867000000000000e+06
2.093962000000000000e+06
2.115304000000000000e+06
2.135998000000000000e+06
2.156465000000000000e+06
2.178272000000000000e+06
2.203108000000000000e+06
2.228938000000000000e+06
2.256851000000000000e+06
2.284084000000000000e+06
2.313829000000000000e+06
2.345018000000000000e+06
2.379397000000000000e+06
2.417788000000000000e+06
2.455912000000000000e+06
2.491006000000000000e+06
2.527203000000000000e+06
2.567630000000000000e+06
2.615529000000000000e+06
2.670046000000000000e+06
2.726803000000000000e+06
2.780803000000000000e+06
2.832755000000000000e+06
2.877476000000000000e+06
2.911733000000000000e+06
2.950058000000000000e+06
2.983830000000000000e+06
3.033339000000000000e+06
3.082410000000000000e+06
3.127826000000000000e+06
3.166505000000000000e+06
3.194733000000000000e+06
3.239936000000000000e+06
3.287727000000000000e+06
3.331206000000000000e+06
3.372374000000000000e+06
3.409658000000000000e+06
3.440396000000000000e+06
