0.000000000000000000e+00
0.000000000000000000e+00
0.000000000000000000e+00
0.000000000000000000e+00
0.000000000000000000e+00
0.000000000000000000e+00
0.000000000000000000e+00
0.000000000000000000e+00
0.000000000000000000e+00
0.000000000000000000e+00
0.000000000000000000e+00
0.000000000000000000e+00
0.000000000000000000e+00
0.000000000000000000e+00
0.000000000000000000e+00
0.000000000000000000e+00
0.000000000000000000e+00
0.000000000000000000e+00
0.000000000000000000e+00
0.000000000000000000e+00
0.000000000000000000e+00
0.000000000000000000e+00
0.000000000000000000e+00
0.000000000000000000e+00
0.000000000000000000e+00
0.000000000000000000e+00
0.000000000000000000e+00
0.000000000000000000e+00
0.000000000000000000e+00
0.000000000000000000e+00
0.000000000000000000e+00
0.000000000000000000e+00
0.000000000000000000e+00
0.000000000000000000e+00
0.000000000000000000e+00
0.000000000000000000e+00
0.000000000000000000e+00
0.000000000000000000e+00
0.000000000000000000e+00
0.000000000000000000e+00
2.000000000000000000e+00
0.000000000000000000e+00
0.000000000000000000e+00
0.000000000000000000e+00
2.000000000000000000e+00
0.000000000000000000e+00
2.000000000000000000e+00
1.300000000000000000e+01
8.000000000000000000e+00
7.000000000000000000e+00
0.000000000000000000e+00
3.500000000000000000e+01
2.700000000000000000e+01
2.100000000000000000e+01
1.700000000000000000e+01
3.800000000000000000e+01
5.500000000000000000e+01
8.400000000000000000e+01
5.800000000000000000e+01
8.100000000000000000e+01
6.400000000000000000e+01
6.500000000000000000e+01
1.070000000000000000e+02
1.040000000000000000e+02
1.030000000000000000e+02
1.530000000000000000e+02
1.090000000000000000e+02
1.300000000000000000e+02
1.290000000000000000e+02
1.140000000000000000e+02
1.490000000000000000e+02
1.130000000000000000e+02
1.960000000000000000e+02
1.060000000000000000e+02
1.810000000000000000e+02
2.180000000000000000e+02
2.470000000000000000e+02
2.180000000000000000e+02
3.370000000000000000e+02
2.190000000000000000e+02
3.300000000000000000e+02
3.990000000000000000e+02
3.160000000000000000e+02
2.820000000000000000e+02
2.970000000000000000e+02
3.800000000000000000e+02
4.070000000000000000e+02
3.250000000000000000e+02
3.270000000000000000e+02
1.850000000000000000e+02
3.750000000000000000e+02
2.830000000000000000e+02
3.570000000000000000e+02
4.360000000000000000e+02
3.960000000000000000e+02
2.750000000000000000e+02
2.140000000000000000e+02
4.150000000000000000e+02
2.600000000000000000e+02
3.470000000000000000e+02
4.330000000000000000e+02
2.920000000000000000e+02
3.490000000000000000e+02
3.950000000000000000e+02
4.840000000000000000e+02
3.670000000000000000e+02
3.380000000000000000e+02
3.360000000000000000e+02
5.330000000000000000e+02
3.870000000000000000e+02
2.330000000000000000e+02
4.840000000000000000e+02
6.890000000000000000e+02
5.680000000000000000e+02
4.900000000000000000e+02
5.290000000000000000e+02
4.890000000000000000e+02
4.960000000000000000e+02
4.860000000000000000e+02
6.930000000000000000e+02
9.730000000000000000e+02
6.340000000000000000e+02
9.490000000000000000e+02
5.260000000000000000e+02
4.790000000000000000e+02
4.150000000000000000e+02
6.860000000000000000e+02
6.870000000000000000e+02
6.780000000000000000e+02
5.570000000000000000e+02
7.000000000000000000e+02
4.670000000000000000e+02
6.090000000000000000e+02
6.840000000000000000e+02
5.850000000000000000e+02
7.030000000000000000e+02
9.930000000000000000e+02
6.720000000000000000e+02
8.470000000000000000e+02
1.043000000000000000e+03
1.240000000000000000e+03
9.790000000000000000e+02
1.111000000000000000e+03
1.014000000000000000e+03
8.570000000000000000e+02
1.017000000000000000e+03
1.106000000000000000e+03
1.031000000000000000e+03
1.331000000000000000e+03
1.041000000000000000e+03
1.226000000000000000e+03
8.620000000000000000e+02
9.540000000000000000e+02
1.051000000000000000e+03
1.113000000000000000e+03
1.178000000000000000e+03
1.240000000000000000e+03
1.385000000000000000e+03
1.198000000000000000e+03
1.082000000000000000e+03
1.293000000000000000e+03
1.385000000000000000e+03
1.624000000000000000e+03
1.301000000000000000e+03
1.447000000000000000e+03
1.607000000000000000e+03
1.209000000000000000e+03
1.268000000000000000e+03
1.853000000000000000e+03
2.657000000000000000e+03
1.611000000000000000e+03
1.671000000000000000e+03
1.681000000000000000e+03
1.282000000000000000e+03
1.591000000000000000e+03
1.522000000000000000e+03
1.574000000000000000e+03
1.462000000000000000e+03
1.752000000000000000e+03
1.639000000000000000e+03
1.693000000000000000e+03
1.655000000000000000e+03
1.882000000000000000e+03
1.906000000000000000e+03
1.761000000000000000e+03
1.868000000000000000e+03
1.492000000000000000e+03
1.525000000000000000e+03
1.748000000000000000e+03
2.381000000000000000e+03
1.904000000000000000e+03
2.040000000000000000e+03
1.560000000000000000e+03
1.519000000000000000e+03
1.679000000000000000e+03
1.922000000000000000e+03
1.815000000000000000e+03
1.882000000000000000e+03
2.473000000000000000e+03
2.277000000000000000e+03
1.893000000000000000e+03
1.687000000000000000e+03
1.693000000000000000e+03
1.942000000000000000e+03
2.098000000000000000e+03
2.307000000000000000e+03
2.345000000000000000e+03
2.081000000000000000e+03
1.821000000000000000e+03
1.673000000000000000e+03
1.902000000000000000e+03
2.266000000000000000e+03
2.197000000000000000e+03
2.090000000000000000e+03
2.037000000000000000e+03
1.877000000000000000e+03
2.447000000000000000e+03
2.306000000000000000e+03
2.719000000000000000e+03
3.003000000000000000e+03
3.308000000000000000e+03
2.858000000000000000e+03
2.743000000000000000e+03
2.775000000000000000e+03
3.075000000000000000e+03
3.622000000000000000e+03
3.269000000000000000e+03
3.128000000000000000e+03
3.444000000000000000e+03
2.880000000000000000e+03
3.046000000000000000e+03
3.307000000000000000e+03
3.861000000000000000e+03
3.737000000000000000e+03
3.806000000000000000e+03
3.636000000000000000e+03
3.141000000000000000e+03
3.507000000000000000e+03
3.963000000000000000e+03
3.635000000000000000e+03
3.891000000000000000e+03
4.168000000000000000e+03
3.989000000000000000e+03
4.176000000000000000e+03
4.071000000000000000e+03
4.465000000000000000e+03
4.634000000000000000e+03
4.823000000000000000e+03
4.494000000000000000e+03
3.874000000000000000e+03
3.509000000000000000e+03
4.002000000000000000e+03
4.284000000000000000e+03
4.174000000000000000e+03
4.317000000000000000e+03
4.007000000000000000e+03
3.992000000000000000e+03
3.622000000000000000e+03
4.056000000000000000e+03
4.538000000000000000e+03
4.850000000000000000e+03
4.094000000000000000e+03
4.294000000000000000e+03
4.497000000000000000e+03
3.267000000000000000e+03
3.906000000000000000e+03
4.127000000000000000e+03
4.411000000000000000e+03
4.301000000000000000e+03
4.301000000000000000e+03
4.105000000000000000e+03
3.373000000000000000e+03
3.602000000000000000e+03
4.267000000000000000e+03
4.432000000000000000e+03
4.369000000000000000e+03
4.070000000000000000e+03
3.732000000000000000e+03
3.222000000000000000e+03
3.520000000000000000e+03
4.029000000000000000e+03
3.565000000000000000e+03
2.897000000000000000e+03
3.143000000000000000e+03
2.696000000000000000e+03
2.618000000000000000e+03
2.973000000000000000e+03
3.356000000000000000e+03
4.065000000000000000e+03
3.778000000000000000e+03
4.262000000000000000e+03
3.880000000000000000e+03
2.853000000000000000e+03
3.779000000000000000e+03
3.770000000000000000e+03
4.173000000000000000e+03
5.444000000000000000e+03
5.272000000000000000e+03
4.106000000000000000e+03
3.535000000000000000e+03
3.807000000000000000e+03
4.265000000000000000e+03
4.798000000000000000e+03
4.792000000000000000e+03
4.998000000000000000e+03
4.360000000000000000e+03
4.442000000000000000e+03
4.192000000000000000e+03
5.534000000000000000e+03
4.917000000000000000e+03
5.828000000000000000e+03
5.418000000000000000e+03
6.267000000000000000e+03
4.617000000000000000e+03
5.092000000000000000e+03
5.533000000000000000e+03
8.369000000000000000e+03
5.803000000000000000e+03
6.027000000000000000e+03
6.089000000000000000e+03
5.754000000000000000e+03
5.292000000000000000e+03
6.058000000000000000e+03
6.033000000000000000e+03
6.310000000000000000e+03
6.388000000000000000e+03
6.189000000000000000e+03
5.489000000000000000e+03
6.120000000000000000e+03
6.725000000000000000e+03
7.354000000000000000e+03
6.689000000000000000e+03
7.751000000000000000e+03
6.982000000000000000e+03
6.848000000000000000e+03
6.347000000000000000e+03
7.514000000000000000e+03
7.199000000000000000e+03
7.259000000000000000e+03
6.740000000000000000e+03
6.528000000000000000e+03
5.854000000000000000e+03
7.903000000000000000e+03
8.002000000000000000e+03
8.074000000000000000e+03
8.072000000000000000e+03
7.203000000000000000e+03
6.877000000000000000e+03
6.753000000000000000e+03
7.445000000000000000e+03
8.854000000000000000e+03
9.321000000000000000e+03
1.061700000000000000e+04
1.004600000000000000e+04
9.640000000000000000e+03
8.692000000000000000e+03
1.004700000000000000e+04
1.127800000000000000e+04
1.155700000000000000e+04
1.281800000000000000e+04
1.422400000000000000e+04
1.128700000000000000e+04
9.086000000000000000e+03
1.036500000000000000e+04
1.256800000000000000e+04
1.170300000000000000e+04
1.363200000000000000e+04
1.219100000000000000e+04
1.178800000000000000e+04
9.994000000000000000e+03
1.309400000000000000e+04
1.194800000000000000e+04
1.369500000000000000e+04
1.380200000000000000e+04
1.451800000000000000e+04
1.200100000000000000e+04
1.099400000000000000e+04
1.037900000000000000e+04
1.198400000000000000e+04
1.143400000000000000e+04
1.174900000000000000e+04
1.215600000000000000e+04
1.082700000000000000e+04
8.242000000000000000e+03
8.700000000000000000e+03
8.776000000000000000e+03
8.435000000000000000e+03
9.869000000000000000e+03
8.844000000000000000e+03
6.765000000000000000e+03
6.462000000000000000e+03
1.002900000000000000e+04
9.687000000000000000e+03
9.039000000000000000e+03
1.061400000000000000e+04
8.054000000000000000e+03
7.300000000000000000e+03
1.018000000000000000e+04
9.775000000000000000e+03
7.533000000000000000e+03
8.493000000000000000e+03
8.232000000000000000e+03
6.208000000000000000e+03
5.560000000000000000e+03
6.680000000000000000e+03
5.712000000000000000e+03
6.808000000000000000e+03
7.264000000000000000e+03
6.971000000000000000e+03
5.767000000000000000e+03
5.826000000000000000e+03
6.894000000000000000e+03
6.389000000000000000e+03
5.633000000000000000e+03
5.144000000000000000e+03
6.412000000000000000e+03
4.607000000000000000e+03
4.714000000000000000e+03
5.589000000000000000e+03
5.414000000000000000e+03
6.825000000000000000e+03
6.570000000000000000e+03
6.279000000000000000e+03
5.656000000000000000e+03
4.396000000000000000e+03
5.744000000000000000e+03
5.297000000000000000e+03
5.227000000000000000e+03
6.107000000000000000e+03
4.982000000000000000e+03
4.461000000000000000e+03
4.083000000000000000e+03
5.008000000000000000e+03
4.682000000000000000e+03
5.937000000000000000e+03
6.142000000000000000e+03
5.325000000000000000e+03
4.345000000000000000e+03
6.731000000000000000e+03
3.712000000000000000e+03
4.549000000000000000e+03
4.860000000000000000e+03
5.504000000000000000e+03
5.265000000000000000e+03
4.723000000000000000e+03
4.127000000000000000e+03
4.829000000000000000e+03
5.702000000000000000e+03
5.656000000000000000e+03
6.177000000000000000e+03
5.363000000000000000e+03
5.041000000000000000e+03
4.585000000000000000e+03
4.952000000000000000e+03
5.549000000000000000e+03
5.720000000000000000e+03
6.243000000000000000e+03
5.436000000000000000e+03
4.544000000000000000e+03
4.402000000000000000e+03
5.944000000000000000e+03
4.656000000000000000e+03
5.241000000000000000e+03
5.833000000000000000e+03
5.500000000000000000e+03
4.512000000000000000e+03
4.394000000000000000e+03
4.730000000000000000e+03
4.369000000000000000e+03
5.285000000000000000e+03
5.647000000000000000e+03
6.327000000000000000e+03
6.130000000000000000e+03
3.922000000000000000e+03
4.891000000000000000e+03
5.021000000000000000e+03
4.608000000000000000e+03
3.448000000000000000e+03
2.633000000000000000e+03
2.385000000000000000e+03
3.080000000000000000e+03
4.295000000000000000e+03
4.185000000000000000e+03
4.871000000000000000e+03
5.797000000000000000e+03
5.746000000000000000e+03
5.296000000000000000e+03
5.280000000000000000e+03
5.907000000000000000e+03
5.060000000000000000e+03
5.034000000000000000e+03
6.278000000000000000e+03
5.862000000000000000e+03
6.565000000000000000e+03
6.115000000000000000e+03
5.662000000000000000e+03
4.824000000000000000e+03
5.246000000000000000e+03
5.353000000000000000e+03
6.486000000000000000e+03
6.594000000000000000e+03
5.832000000000000000e+03
6.993000000000000000e+03
6.294000000000000000e+03
7.725000000000000000e+03
8.892000000000000000e+03
8.083000000000000000e+03
7.465000000000000000e+03
9.868000000000000000e+03
8.189000000000000000e+03
8.161000000000000000e+03
9.944000000000000000e+03
1.262400000000000000e+04
1.299000000000000000e+04
1.290600000000000000e+04
1.373700000000000000e+04
1.453600000000000000e+04
1.366800000000000000e+04
1.530800000000000000e+04
2.057400000000000000e+04
1.887200000000000000e+04
2.109500000000000000e+04
2.134200000000000000e+04
2.069400000000000000e+04
2.046700000000000000e+04
2.180700000000000000e+04
2.483600000000000000e+04
2.583000000000000000e+04
2.791300000000000000e+04
2.723300000000000000e+04
2.974500000000000000e+04
3.118900000000000000e+04
3.437900000000000000e+04
3.839100000000000000e+04
3.812400000000000000e+04
3.509400000000000000e+04
3.619700000000000000e+04
4.042700000000000000e+04
4.789900000000000000e+04
5.451700000000000000e+04
5.675700000000000000e+04
5.400000000000000000e+04
5.195200000000000000e+04
4.472100000000000000e+04
3.425700000000000000e+04
3.832500000000000000e+04
3.377200000000000000e+04
4.950900000000000000e+04
4.907100000000000000e+04
4.541600000000000000e+04
3.867900000000000000e+04
2.822800000000000000e+04
4.520300000000000000e+04
4.779100000000000000e+04
4.347900000000000000e+04
4.116800000000000000e+04
3.728400000000000000e+04
3.073800000000000000e+04
