0.000000000000000000e+00
0.000000000000000000e+00
0.000000000000000000e+00
0.000000000000000000e+00
0.000000000000000000e+00
0.000000000000000000e+00
0.000000000000000000e+00
0.000000000000000000e+00
0.000000000000000000e+00
0.000000000000000000e+00
0.000000000000000000e+00
0.000000000000000000e+00
0.000000000000000000e+00
0.000000000000000000e+00
0.000000000000000000e+00
0.000000000000000000e+00
0.000000000000000000e+00
0.000000000000000000e+00
0.000000000000000000e+00
0.000000000000000000e+00
0.000000000000000000e+00
0.000000000000000000e+00
0.000000000000000000e+00
0.000000000000000000e+00
0.000000000000000000e+00
0.000000000000000000e+00
0.000000000000000000e+00
0.000000000000000000e+00
0.000000000000000000e+00
0.000000000000000000e+00
0.000000000000000000e+00
0.000000000000000000e+00
0.000000000000000000e+00
0.000000000000000000e+00
0.000000000000000000e+00
0.000000000000000000e+00
0.000000000000000000e+00
0.000000000000000000e+00
0.000000000000000000e+00
0.000000000000000000e+00
0.000000000000000000e+00
0.000000000000000000e+00
0.000000000000000000e+00
0.000000000000000000e+00
0.000000000000000000e+00
0.000000000000000000e+00
0.000000000000000000e+00
0.000000000000000000e+00
0.000000000000000000e+00
0.000000000000000000e+00
0.000000000000000000e+00
1.000000000000000000e+00
1.000000000000000000e+00
1.000000000000000000e+00
5.000000000000000000e+00
5.000000000000000000e+00
6.000000000000000000e+00
6.000000000000000000e+00
9.000000000000000000e+00
9.000000000000000000e+00
1.100000000000000000e+01
1.100000000000000000e+01
1.200000000000000000e+01
1.200000000000000000e+01
1.200000000000000000e+01
1.600000000000000000e+01
1.600000000000000000e+01
2.100000000000000000e+01
2.300000000000000000e+01
2.600000000000000000e+01
2.900000000000000000e+01
2.900000000000000000e+01
3.500000000000000000e+01
3.800000000000000000e+01
4.300000000000000000e+01
4.400000000000000000e+01
5.200000000000000000e+01
5.500000000000000000e+01
5.600000000000000000e+01
6.500000000000000000e+01
6.900000000000000000e+01
7.100000000000000000e+01
7.400000000000000000e+01
8.200000000000000000e+01
8.500000000000000000e+01
9.200000000000000000e+01
9.600000000000000000e+01
1.050000000000000000e+02
1.080000000000000000e+02
1.110000000000000000e+02
1.140000000000000000e+02
1.160000000000000000e+02
1.160000000000000000e+02
1.170000000000000000e+02
1.220000000000000000e+02
1.230000000000000000e+02
1.240000000000000000e+02
1.260000000000000000e+02
1.300000000000000000e+02
1.310000000000000000e+02
1.330000000000000000e+02
1.330000000000000000e+02
1.350000000000000000e+02
1.400000000000000000e+02
1.450000000000000000e+02
1.620000000000000000e+02
1.910000000000000000e+02
1.940000000000000000e+02
2.100000000000000000e+02
2.390000000000000000e+02
2.500000000000000000e+02
2.610000000000000000e+02
2.630000000000000000e+02
2.720000000000000000e+02
2.870000000000000000e+02
3.060000000000000000e+02
3.170000000000000000e+02
3.520000000000000000e+02
3.650000000000000000e+02
3.890000000000000000e+02
3.990000000000000000e+02
4.330000000000000000e+02
4.940000000000000000e+02
5.820000000000000000e+02
6.550000000000000000e+02
7.010000000000000000e+02
7.310000000000000000e+02
8.310000000000000000e+02
9.680000000000000000e+02
1.063000000000000000e+03
1.172000000000000000e+03
1.257000000000000000e+03
1.344000000000000000e+03
1.486000000000000000e+03
1.636000000000000000e+03
1.805000000000000000e+03
1.934000000000000000e+03
2.020000000000000000e+03
2.156000000000000000e+03
2.336000000000000000e+03
2.506000000000000000e+03
2.670000000000000000e+03
2.915000000000000000e+03
3.166000000000000000e+03
3.345000000000000000e+03
3.521000000000000000e+03
3.630000000000000000e+03
3.759000000000000000e+03
3.954000000000000000e+03
4.070000000000000000e+03
4.469000000000000000e+03
4.532000000000000000e+03
4.663000000000000000e+03
4.848000000000000000e+03
5.034000000000000000e+03
5.175000000000000000e+03
5.425000000000000000e+03
5.570000000000000000e+03
5.689000000000000000e+03
5.846000000000000000e+03
5.846000000000000000e+03
5.846000000000000000e+03
5.846000000000000000e+03
5.846000000000000000e+03
5.846000000000000000e+03
5.846000000000000000e+03
5.846000000000000000e+03
5.846000000000000000e+03
6.774000000000000000e+03
6.973000000000000000e+03
7.120000000000000000e+03
7.402000000000000000e+03
7.560000000000000000e+03
7.766000000000000000e+03
7.969000000000000000e+03
8.181000000000000000e+03
8.475000000000000000e+03
8.803000000000000000e+03
9.147000000000000000e+03
9.503000000000000000e+03
1.020700000000000000e+04
1.107200000000000000e+04
1.152400000000000000e+04
1.193300000000000000e+04
1.269300000000000000e+04
1.324800000000000000e+04
1.396800000000000000e+04
1.454700000000000000e+04
1.520000000000000000e+04
1.581000000000000000e+04
1.661500000000000000e+04
1.753000000000000000e+04
1.799900000000000000e+04
1.870600000000000000e+04
1.928900000000000000e+04
1.987700000000000000e+04
2.033600000000000000e+04
2.090000000000000000e+04
2.145200000000000000e+04
2.225300000000000000e+04
2.281800000000000000e+04
2.359100000000000000e+04
2.417500000000000000e+04
2.511800000000000000e+04
2.620400000000000000e+04
2.724200000000000000e+04
2.889400000000000000e+04
2.987600000000000000e+04
3.133600000000000000e+04
3.272200000000000000e+04
3.405800000000000000e+04
3.583600000000000000e+04
3.766500000000000000e+04
3.903300000000000000e+04
4.067100000000000000e+04
4.214300000000000000e+04
4.368800000000000000e+04
4.522100000000000000e+04
4.640700000000000000e+04
4.814000000000000000e+04
4.965400000000000000e+04
5.112200000000000000e+04
5.213100000000000000e+04
5.330400000000000000e+04
5.440900000000000000e+04
5.521300000000000000e+04
5.651600000000000000e+04
5.746600000000000000e+04
5.867200000000000000e+04
5.964800000000000000e+04
6.078400000000000000e+04
6.170000000000000000e+04
6.257800000000000000e+04
6.336700000000000000e+04
6.388800000000000000e+04
6.430100000000000000e+04
6.478600000000000000e+04
6.548600000000000000e+04
6.622400000000000000e+04
6.691300000000000000e+04
6.751500000000000000e+04
6.813100000000000000e+04
6.882000000000000000e+04
6.970900000000000000e+04
7.042200000000000000e+04
7.108300000000000000e+04
7.168700000000000000e+04
7.217300000000000000e+04
7.270000000000000000e+04
7.333200000000000000e+04
7.394400000000000000e+04
7.458400000000000000e+04
7.536800000000000000e+04
7.609800000000000000e+04
7.698800000000000000e+04
7.786000000000000000e+04
7.881900000000000000e+04
7.943700000000000000e+04
8.000300000000000000e+04
8.089500000000000000e+04
8.179700000000000000e+04
8.266200000000000000e+04
8.342900000000000000e+04
8.429500000000000000e+04
8.513600000000000000e+04
8.571800000000000000e+04
8.643000000000000000e+04
8.716900000000000000e+04
8.783400000000000000e+04
8.843400000000000000e+04
8.913700000000000000e+04
8.986000000000000000e+04
9.049000000000000000e+04
9.111800000000000000e+04
9.169300000000000000e+04
9.222900000000000000e+04
9.285800000000000000e+04
9.334300000000000000e+04
9.370700000000000000e+04
9.421800000000000000e+04
9.482000000000000000e+04
9.530100000000000000e+04
9.578900000000000000e+04
9.616900000000000000e+04
9.658300000000000000e+04
9.694200000000000000e+04
9.750200000000000000e+04
9.788100000000000000e+04
9.839100000000000000e+04
9.874600000000000000e+04
9.920100000000000000e+04
9.967500000000000000e+04
9.998200000000000000e+04
1.003270000000000000e+05
1.007270000000000000e+05
1.012480000000000000e+05
1.017570000000000000e+05
1.023210000000000000e+05
1.027200000000000000e+05
1.030560000000000000e+05
1.033950000000000000e+05
1.039280000000000000e+05
1.044270000000000000e+05
1.048790000000000000e+05
1.053520000000000000e+05
1.057850000000000000e+05
1.062030000000000000e+05
1.065910000000000000e+05
1.071090000000000000e+05
1.076690000000000000e+05
1.084380000000000000e+05
1.089300000000000000e+05
1.095340000000000000e+05
1.100740000000000000e+05
1.105540000000000000e+05
1.109840000000000000e+05
1.115790000000000000e+05
1.120910000000000000e+05
1.127400000000000000e+05
1.132950000000000000e+05
1.137350000000000000e+05
1.142660000000000000e+05
1.148340000000000000e+05
1.153600000000000000e+05
1.157820000000000000e+05
1.162970000000000000e+05
1.167690000000000000e+05
1.172420000000000000e+05
1.175420000000000000e+05
1.180060000000000000e+05
1.184810000000000000e+05
1.190250000000000000e+05
1.194940000000000000e+05
1.199510000000000000e+05
1.203480000000000000e+05
1.206380000000000000e+05
1.209890000000000000e+05
1.213990000000000000e+05
1.218800000000000000e+05
1.224130000000000000e+05
1.228640000000000000e+05
1.231450000000000000e+05
1.233880000000000000e+05
1.238560000000000000e+05
1.242640000000000000e+05
1.246520000000000000e+05
1.250490000000000000e+05
1.256220000000000000e+05
1.259190000000000000e+05
1.262410000000000000e+05
1.267860000000000000e+05
1.272270000000000000e+05
1.275720000000000000e+05
1.277920000000000000e+05
1.283160000000000000e+05
1.286160000000000000e+05
1.289920000000000000e+05
1.294550000000000000e+05
1.299220000000000000e+05
1.303260000000000000e+05
1.307720000000000000e+05
1.311950000000000000e+05
1.315460000000000000e+05
1.317270000000000000e+05
1.320340000000000000e+05
1.323260000000000000e+05
1.328810000000000000e+05
1.332980000000000000e+05
1.337670000000000000e+05
1.341320000000000000e+05
1.345690000000000000e+05
1.350450000000000000e+05
1.355940000000000000e+05
1.363650000000000000e+05
1.370210000000000000e+05
1.376500000000000000e+05
1.383840000000000000e+05
1.388610000000000000e+05
1.394080000000000000e+05
1.401570000000000000e+05
1.408830000000000000e+05
1.414530000000000000e+05
1.423380000000000000e+05
1.429940000000000000e+05
1.435660000000000000e+05
1.442490000000000000e+05
1.448620000000000000e+05
1.455480000000000000e+05
1.457040000000000000e+05
1.470920000000000000e+05
1.478250000000000000e+05
1.484900000000000000e+05
1.493080000000000000e+05
1.501790000000000000e+05
1.510160000000000000e+05
1.518570000000000000e+05
1.528060000000000000e+05
1.535410000000000000e+05
1.542570000000000000e+05
1.552340000000000000e+05
1.561120000000000000e+05
1.570470000000000000e+05
1.580530000000000000e+05
1.590720000000000000e+05
1.599720000000000000e+05
1.608130000000000000e+05
1.619740000000000000e+05
1.629540000000000000e+05
1.640730000000000000e+05
1.650290000000000000e+05
1.661380000000000000e+05
1.671330000000000000e+05
1.683350000000000000e+05
1.698780000000000000e+05
1.712100000000000000e+05
1.725710000000000000e+05
1.740540000000000000e+05
1.754670000000000000e+05
1.766180000000000000e+05
1.781080000000000000e+05
1.798120000000000000e+05
1.818690000000000000e+05
1.838630000000000000e+05
1.856410000000000000e+05
1.873650000000000000e+05
1.889020000000000000e+05
1.905940000000000000e+05
1.925750000000000000e+05
1.945240000000000000e+05
1.966210000000000000e+05
1.987940000000000000e+05
2.005630000000000000e+05
2.025450000000000000e+05
2.045210000000000000e+05
2.065890000000000000e+05
2.089610000000000000e+05
2.113140000000000000e+05
2.133110000000000000e+05
2.151890000000000000e+05
2.173270000000000000e+05
2.193810000000000000e+05
2.215440000000000000e+05
2.236650000000000000e+05
2.255160000000000000e+05
2.272550000000000000e+05
2.289960000000000000e+05
2.309440000000000000e+05
2.325120000000000000e+05
2.344050000000000000e+05
2.365540000000000000e+05
2.385270000000000000e+05
2.402360000000000000e+05
2.420280000000000000e+05
2.436310000000000000e+05
2.451550000000000000e+05
2.464840000000000000e+05
2.479890000000000000e+05
2.492920000000000000e+05
2.509550000000000000e+05
2.522790000000000000e+05
2.531200000000000000e+05
2.540440000000000000e+05
2.552880000000000000e+05
2.564180000000000000e+05
2.574420000000000000e+05
2.580620000000000000e+05
2.583840000000000000e+05
2.588130000000000000e+05
2.593540000000000000e+05
2.601390000000000000e+05
2.608020000000000000e+05
2.615800000000000000e+05
2.622170000000000000e+05
2.627020000000000000e+05
2.631200000000000000e+05
2.636720000000000000e+05
2.643670000000000000e+05
2.649600000000000000e+05
2.654130000000000000e+05
2.658320000000000000e+05
2.662640000000000000e+05
2.666460000000000000e+05
2.671000000000000000e+05
2.675970000000000000e+05
2.680350000000000000e+05
2.685200000000000000e+05
2.689010000000000000e+05
2.691940000000000000e+05
2.695000000000000000e+05
2.697820000000000000e+05
2.701800000000000000e+05
2.705270000000000000e+05
2.709440000000000000e+05
2.712000000000000000e+05
2.713450000000000000e+05
2.715410000000000000e+05
2.717900000000000000e+05
2.720360000000000000e+05
2.722850000000000000e+05
2.726320000000000000e+05
2.728050000000000000e+05
2.729140000000000000e+05
2.730240000000000000e+05
2.731750000000000000e+05
2.733980000000000000e+05
2.736780000000000000e+05
2.738920000000000000e+05
2.740280000000000000e+05
2.741870000000000000e+05
2.743460000000000000e+05
2.744800000000000000e+05
2.746010000000000000e+05
2.747750000000000000e+05
2.748990000000000000e+05
2.750360000000000000e+05
2.751940000000000000e+05
2.753180000000000000e+05
2.753910000000000000e+05
2.755020000000000000e+05
2.756010000000000000e+05
2.757690000000000000e+05
2.758810000000000000e+05
2.759350000000000000e+05
2.759740000000000000e+05
2.760370000000000000e+05
2.761740000000000000e+05
2.762500000000000000e+05
2.763230000000000000e+05
2.763680000000000000e+05
2.764350000000000000e+05
2.765030000000000000e+05
2.765980000000000000e+05
2.766830000000000000e+05
2.767990000000000000e+05
2.768710000000000000e+05
2.769840000000000000e+05
2.770710000000000000e+05
2.771370000000000000e+05
2.772120000000000000e+05
2.773180000000000000e+05
2.774430000000000000e+05
2.775360000000000000e+05
2.776150000000000000e+05
2.776960000000000000e+05
2.777800000000000000e+05
2.778770000000000000e+05
2.779590000000000000e+05
2.781050000000000000e+05
2.782330000000000000e+05
2.784460000000000000e+05
2.785430000000000000e+05
2.787170000000000000e+05
2.789200000000000000e+05
2.791530000000000000e+05
2.796290000000000000e+05
2.800240000000000000e+05
2.803650000000000000e+05
2.805650000000000000e+05
