0.000000000000000000e+00
0.000000000000000000e+00
0.000000000000000000e+00
0.000000000000000000e+00
0.000000000000000000e+00
0.000000000000000000e+00
0.000000000000000000e+00
0.000000000000000000e+00
0.000000000000000000e+00
0.000000000000000000e+00
0.000000000000000000e+00
0.000000000000000000e+00
0.000000000000000000e+00
0.000000000000000000e+00
0.000000000000000000e+00
0.000000000000000000e+00
0.000000000000000000e+00
0.000000000000000000e+00
0.000000000000000000e+00
0.000000000000000000e+00
0.000000000000000000e+00
0.000000000000000000e+00
0.000000000000000000e+00
0.000000000000000000e+00
0.000000000000000000e+00
0.000000000000000000e+00
0.000000000000000000e+00
0.000000000000000000e+00
0.000000000000000000e+00
0.000000000000000000e+00
0.000000000000000000e+00
0.000000000000000000e+00
0.000000000000000000e+00
0.000000000000000000e+00
0.000000000000000000e+00
0.000000000000000000e+00
0.000000000000000000e+00
0.000000000000000000e+00
0.000000000000000000e+00
0.000000000000000000e+00
0.000000000000000000e+00
0.000000000000000000e+00
0.000000000000000000e+00
0.000000000000000000e+00
0.000000000000000000e+00
0.000000000000000000e+00
0.000000000000000000e+00
0.000000000000000000e+00
0.000000000000000000e+00
0.000000000000000000e+00
0.000000000000000000e+00
1.000000000000000000e+00
0.000000000000000000e+00
0.000000000000000000e+00
4.000000000000000000e+00
0.000000000000000000e+00
1.000000000000000000e+00
0.000000000000000000e+00
3.000000000000000000e+00
0.000000000000000000e+00
2.000000000000000000e+00
0.000000000000000000e+00
1.000000000000000000e+00
0.000000000000000000e+00
0.000000000000000000e+00
4.000000000000000000e+00
0.000000000000000000e+00
5.000000000000000000e+00
2.000000000000000000e+00
3.000000000000000000e+00
3.000000000000000000e+00
0.000000000000000000e+00
6.000000000000000000e+00
3.000000000000000000e+00
5.000000000000000000e+00
1.000000000000000000e+00
8.000000000000000000e+00
3.000000000000000000e+00
1.000000000000000000e+00
9.000000000000000000e+00
4.000000000000000000e+00
2.000000000000000000e+00
3.000000000000000000e+00
8.000000000000000000e+00
3.000000000000000000e+00
7.000000000000000000e+00
4.000000000000000000e+00
9.000000000000000000e+00
3.000000000000000000e+00
3.000000000000000000e+00
3.000000000000000000e+00
2.000000000000000000e+00
0.000000000000000000e+00
1.000000000000000000e+00
5.000000000000000000e+00
1.000000000000000000e+00
1.000000000000000000e+00
2.000000000000000000e+00
4.000000000000000000e+00
1.000000000000000000e+00
2.000000000000000000e+00
0.000000000000000000e+00
2.000000000000000000e+00
5.000000000000000000e+00
5.000000000000000000e+00
1.700000000000000000e+01
2.900000000000000000e+01
3.000000000000000000e+00
1.600000000000000000e+01
2.900000000000000000e+01
1.100000000000000000e+01
1.100000000000000000e+01
2.000000000000000000e+00
9.000000000000000000e+00
1.500000000000000000e+01
1.900000000000000000e+01
1.100000000000000000e+01
3.500000000000000000e+01
1.300000000000000000e+01
2.400000000000000000e+01
1.000000000000000000e+01
3.400000000000000000e+01
6.100000000000000000e+01
8.800000000000000000e+01
7.300000000000000000e+01
4.600000000000000000e+01
3.000000000000000000e+01
1.000000000000000000e+02
1.370000000000000000e+02
9.500000000000000000e+01
1.090000000000000000e+02
8.500000000000000000e+01
8.700000000000000000e+01
1.420000000000000000e+02
1.500000000000000000e+02
1.690000000000000000e+02
1.290000000000000000e+02
8.600000000000000000e+01
1.360000000000000000e+02
1.800000000000000000e+02
1.700000000000000000e+02
1.640000000000000000e+02
2.450000000000000000e+02
2.510000000000000000e+02
1.790000000000000000e+02
1.760000000000000000e+02
1.090000000000000000e+02
1.290000000000000000e+02
1.950000000000000000e+02
1.160000000000000000e+02
3.990000000000000000e+02
6.300000000000000000e+01
1.310000000000000000e+02
1.850000000000000000e+02
1.860000000000000000e+02
1.410000000000000000e+02
2.500000000000000000e+02
1.450000000000000000e+02
1.190000000000000000e+02
1.570000000000000000e+02
0.000000000000000000e+00
0.000000000000000000e+00
0.000000000000000000e+00
0.000000000000000000e+00
0.000000000000000000e+00
0.000000000000000000e+00
0.000000000000000000e+00
0.000000000000000000e+00
9.280000000000000000e+02
1.990000000000000000e+02
1.470000000000000000e+02
2.820000000000000000e+02
1.580000000000000000e+02
2.060000000000000000e+02
2.030000000000000000e+02
2.120000000000000000e+02
2.940000000000000000e+02
3.280000000000000000e+02
3.440000000000000000e+02
3.560000000000000000e+02
7.040000000000000000e+02
8.650000000000000000e+02
4.520000000000000000e+02
4.090000000000000000e+02
7.600000000000000000e+02
5.550000000000000000e+02
7.200000000000000000e+02
5.790000000000000000e+02
6.530000000000000000e+02
6.100000000000000000e+02
8.050000000000000000e+02
9.150000000000000000e+02
4.690000000000000000e+02
7.070000000000000000e+02
5.830000000000000000e+02
5.880000000000000000e+02
4.590000000000000000e+02
5.640000000000000000e+02
5.520000000000000000e+02
8.010000000000000000e+02
5.650000000000000000e+02
7.730000000000000000e+02
5.840000000000000000e+02
9.430000000000000000e+02
1.086000000000000000e+03
1.038000000000000000e+03
1.652000000000000000e+03
9.820000000000000000e+02
1.460000000000000000e+03
1.386000000000000000e+03
1.336000000000000000e+03
1.778000000000000000e+03
1.829000000000000000e+03
1.368000000000000000e+03
1.638000000000000000e+03
1.472000000000000000e+03
1.545000000000000000e+03
1.533000000000000000e+03
1.186000000000000000e+03
1.733000000000000000e+03
1.514000000000000000e+03
1.468000000000000000e+03
1.009000000000000000e+03
1.173000000000000000e+03
1.105000000000000000e+03
8.040000000000000000e+02
1.303000000000000000e+03
9.500000000000000000e+02
1.206000000000000000e+03
9.760000000000000000e+02
1.136000000000000000e+03
9.160000000000000000e+02
8.780000000000000000e+02
7.890000000000000000e+02
5.210000000000000000e+02
4.130000000000000000e+02
4.850000000000000000e+02
7.000000000000000000e+02
7.380000000000000000e+02
6.890000000000000000e+02
6.020000000000000000e+02
6.160000000000000000e+02
6.890000000000000000e+02
8.890000000000000000e+02
7.130000000000000000e+02
6.610000000000000000e+02
6.040000000000000000e+02
4.860000000000000000e+02
5.270000000000000000e+02
6.320000000000000000e+02
6.120000000000000000e+02
6.400000000000000000e+02
7.840000000000000000e+02
7.300000000000000000e+02
8.900000000000000000e+02
8.720000000000000000e+02
9.590000000000000000e+02
6.180000000000000000e+02
5.660000000000000000e+02
8.920000000000000000e+02
9.020000000000000000e+02
8.650000000000000000e+02
7.670000000000000000e+02
8.660000000000000000e+02
8.410000000000000000e+02
5.820000000000000000e+02
7.120000000000000000e+02
7.390000000000000000e+02
6.650000000000000000e+02
6.000000000000000000e+02
7.030000000000000000e+02
7.230000000000000000e+02
6.300000000000000000e+02
6.280000000000000000e+02
5.750000000000000000e+02
5.360000000000000000e+02
6.290000000000000000e+02
4.850000000000000000e+02
3.640000000000000000e+02
5.110000000000000000e+02
6.020000000000000000e+02
4.810000000000000000e+02
4.880000000000000000e+02
3.800000000000000000e+02
4.140000000000000000e+02
3.590000000000000000e+02
5.600000000000000000e+02
3.790000000000000000e+02
5.100000000000000000e+02
3.550000000000000000e+02
4.550000000000000000e+02
4.740000000000000000e+02
3.070000000000000000e+02
3.450000000000000000e+02
4.000000000000000000e+02
5.210000000000000000e+02
5.090000000000000000e+02
5.640000000000000000e+02
3.990000000000000000e+02
3.360000000000000000e+02
3.390000000000000000e+02
5.330000000000000000e+02
4.990000000000000000e+02
4.520000000000000000e+02
4.730000000000000000e+02
4.330000000000000000e+02
4.180000000000000000e+02
3.880000000000000000e+02
5.180000000000000000e+02
5.600000000000000000e+02
7.690000000000000000e+02
4.920000000000000000e+02
6.040000000000000000e+02
5.400000000000000000e+02
4.800000000000000000e+02
4.300000000000000000e+02
5.950000000000000000e+02
5.120000000000000000e+02
6.490000000000000000e+02
5.550000000000000000e+02
4.400000000000000000e+02
5.310000000000000000e+02
5.680000000000000000e+02
5.260000000000000000e+02
4.220000000000000000e+02
5.150000000000000000e+02
4.720000000000000000e+02
4.730000000000000000e+02
3.000000000000000000e+02
4.640000000000000000e+02
4.750000000000000000e+02
5.440000000000000000e+02
4.690000000000000000e+02
4.570000000000000000e+02
3.970000000000000000e+02
2.900000000000000000e+02
3.510000000000000000e+02
4.100000000000000000e+02
4.810000000000000000e+02
5.330000000000000000e+02
4.510000000000000000e+02
2.810000000000000000e+02
2.430000000000000000e+02
4.680000000000000000e+02
4.080000000000000000e+02
3.880000000000000000e+02
3.970000000000000000e+02
5.730000000000000000e+02
2.970000000000000000e+02
3.220000000000000000e+02
5.450000000000000000e+02
4.410000000000000000e+02
3.450000000000000000e+02
2.200000000000000000e+02
5.240000000000000000e+02
3.000000000000000000e+02
3.760000000000000000e+02
4.630000000000000000e+02
4.670000000000000000e+02
4.040000000000000000e+02
4.460000000000000000e+02
4.230000000000000000e+02
3.510000000000000000e+02
1.810000000000000000e+02
3.070000000000000000e+02
2.920000000000000000e+02
5.550000000000000000e+02
4.170000000000000000e+02
4.690000000000000000e+02
3.650000000000000000e+02
4.370000000000000000e+02
4.760000000000000000e+02
5.490000000000000000e+02
7.710000000000000000e+02
6.560000000000000000e+02
6.290000000000000000e+02
7.340000000000000000e+02
4.770000000000000000e+02
5.470000000000000000e+02
7.490000000000000000e+02
7.260000000000000000e+02
5.700000000000000000e+02
8.850000000000000000e+02
6.560000000000000000e+02
5.720000000000000000e+02
6.830000000000000000e+02
6.130000000000000000e+02
6.860000000000000000e+02
1.560000000000000000e+02
1.388000000000000000e+03
7.330000000000000000e+02
6.650000000000000000e+02
8.180000000000000000e+02
8.710000000000000000e+02
8.370000000000000000e+02
8.410000000000000000e+02
9.490000000000000000e+02
7.350000000000000000e+02
7.160000000000000000e+02
9.770000000000000000e+02
8.780000000000000000e+02
9.350000000000000000e+02
1.006000000000000000e+03
1.019000000000000000e+03
9.000000000000000000e+02
8.410000000000000000e+02
1.161000000000000000e+03
9.800000000000000000e+02
1.119000000000000000e+03
9.560000000000000000e+02
1.109000000000000000e+03
9.950000000000000000e+02
1.202000000000000000e+03
1.543000000000000000e+03
1.332000000000000000e+03
1.361000000000000000e+03
1.483000000000000000e+03
1.413000000000000000e+03
1.151000000000000000e+03
1.490000000000000000e+03
1.704000000000000000e+03
2.057000000000000000e+03
1.994000000000000000e+03
1.778000000000000000e+03
1.724000000000000000e+03
1.537000000000000000e+03
1.692000000000000000e+03
1.981000000000000000e+03
1.949000000000000000e+03
2.097000000000000000e+03
2.173000000000000000e+03
1.769000000000000000e+03
1.982000000000000000e+03
1.976000000000000000e+03
2.068000000000000000e+03
2.372000000000000000e+03
2.353000000000000000e+03
1.997000000000000000e+03
1.878000000000000000e+03
2.138000000000000000e+03
2.054000000000000000e+03
2.163000000000000000e+03
2.121000000000000000e+03
1.851000000000000000e+03
1.739000000000000000e+03
1.741000000000000000e+03
1.948000000000000000e+03
1.568000000000000000e+03
1.893000000000000000e+03
2.149000000000000000e+03
1.973000000000000000e+03
1.709000000000000000e+03
1.792000000000000000e+03
1.603000000000000000e+03
1.524000000000000000e+03
1.329000000000000000e+03
1.505000000000000000e+03
1.303000000000000000e+03
1.663000000000000000e+03
1.324000000000000000e+03
8.410000000000000000e+02
9.240000000000000000e+02
1.244000000000000000e+03
1.130000000000000000e+03
1.024000000000000000e+03
6.200000000000000000e+02
3.220000000000000000e+02
4.290000000000000000e+02
5.410000000000000000e+02
7.850000000000000000e+02
6.630000000000000000e+02
7.780000000000000000e+02
6.370000000000000000e+02
4.850000000000000000e+02
4.180000000000000000e+02
5.520000000000000000e+02
6.950000000000000000e+02
5.930000000000000000e+02
4.530000000000000000e+02
4.190000000000000000e+02
4.320000000000000000e+02
3.820000000000000000e+02
4.540000000000000000e+02
4.970000000000000000e+02
4.380000000000000000e+02
4.850000000000000000e+02
3.810000000000000000e+02
2.930000000000000000e+02
3.060000000000000000e+02
2.820000000000000000e+02
3.980000000000000000e+02
3.470000000000000000e+02
4.170000000000000000e+02
2.560000000000000000e+02
1.450000000000000000e+02
1.960000000000000000e+02
2.490000000000000000e+02
2.460000000000000000e+02
2.490000000000000000e+02
3.470000000000000000e+02
1.730000000000000000e+02
1.090000000000000000e+02
1.100000000000000000e+02
1.510000000000000000e+02
2.230000000000000000e+02
2.800000000000000000e+02
2.140000000000000000e+02
1.360000000000000000e+02
1.590000000000000000e+02
1.590000000000000000e+02
1.340000000000000000e+02
1.210000000000000000e+02
1.740000000000000000e+02
1.240000000000000000e+02
1.370000000000000000e+02
1.580000000000000000e+02
1.240000000000000000e+02
7.300000000000000000e+01
1.110000000000000000e+02
9.900000000000000000e+01
1.680000000000000000e+02
1.120000000000000000e+02
5.400000000000000000e+01
3.900000000000000000e+01
6.300000000000000000e+01
1.370000000000000000e+02
7.600000000000000000e+01
7.300000000000000000e+01
4.500000000000000000e+01
6.700000000000000000e+01
6.800000000000000000e+01
9.500000000000000000e+01
8.500000000000000000e+01
1.160000000000000000e+02
7.200000000000000000e+01
1.130000000000000000e+02
8.700000000000000000e+01
6.600000000000000000e+01
7.500000000000000000e+01
1.060000000000000000e+02
1.250000000000000000e+02
9.300000000000000000e+01
7.900000000000000000e+01
8.100000000000000000e+01
8.400000000000000000e+01
9.700000000000000000e+01
8.200000000000000000e+01
1.460000000000000000e+02
1.280000000000000000e+02
2.130000000000000000e+02
9.700000000000000000e+01
1.740000000000000000e+02
2.030000000000000000e+02
2.330000000000000000e+02
4.760000000000000000e+02
3.950000000000000000e+02
3.410000000000000000e+02
2.000000000000000000e+02
