0.000000000000000000e+00
0.000000000000000000e+00
0.000000000000000000e+00
0.000000000000000000e+00
0.000000000000000000e+00
0.000000000000000000e+00
0.000000000000000000e+00
0.000000000000000000e+00
0.000000000000000000e+00
0.000000000000000000e+00
0.000000000000000000e+00
0.000000000000000000e+00
0.000000000000000000e+00
0.000000000000000000e+00
0.000000000000000000e+00
0.000000000000000000e+00
0.000000000000000000e+00
0.000000000000000000e+00
0.000000000000000000e+00
0.000000000000000000e+00
0.000000000000000000e+00
0.000000000000000000e+00
0.000000000000000000e+00
0.000000000000000000e+00
0.000000000000000000e+00
0.000000000000000000e+00
0.000000000000000000e+00
0.000000000000000000e+00
0.000000000000000000e+00
0.000000000000000000e+00
0.000000000000000000e+00
0.000000000000000000e+00
0.000000000000000000e+00
0.000000000000000000e+00
0.000000000000000000e+00
0.000000000000000000e+00
0.000000000000000000e+00
0.000000000000000000e+00
0.000000000000000000e+00
3.000000000000000000e+00
3.000000000000000000e+00
3.000000000000000000e+00
3.000000000000000000e+00
6.000000000000000000e+00
6.000000000000000000e+00
9.000000000000000000e+00
9.000000000000000000e+00
9.000000000000000000e+00
1.100000000000000000e+01
1.100000000000000000e+01
1.100000000000000000e+01
1.500000000000000000e+01
1.500000000000000000e+01
2.300000000000000000e+01
2.800000000000000000e+01
2.800000000000000000e+01
2.800000000000000000e+01
4.400000000000000000e+01
4.400000000000000000e+01
5.300000000000000000e+01
6.500000000000000000e+01
7.200000000000000000e+01
8.700000000000000000e+01
9.300000000000000000e+01
1.220000000000000000e+02
1.650000000000000000e+02
1.820000000000000000e+02
2.090000000000000000e+02
2.730000000000000000e+02
2.980000000000000000e+02
3.590000000000000000e+02
4.000000000000000000e+02
4.430000000000000000e+02
5.210000000000000000e+02
5.840000000000000000e+02
6.410000000000000000e+02
7.170000000000000000e+02
8.220000000000000000e+02
9.260000000000000000e+02
9.910000000000000000e+02
1.058000000000000000e+03
1.098000000000000000e+03
1.148000000000000000e+03
1.197000000000000000e+03
1.253000000000000000e+03
1.283000000000000000e+03
1.340000000000000000e+03
1.373000000000000000e+03
1.398000000000000000e+03
1.436000000000000000e+03
1.480000000000000000e+03
1.518000000000000000e+03
1.548000000000000000e+03
1.592000000000000000e+03
1.617000000000000000e+03
1.645000000000000000e+03
1.678000000000000000e+03
1.717000000000000000e+03
1.766000000000000000e+03
1.804000000000000000e+03
1.854000000000000000e+03
1.894000000000000000e+03
1.932000000000000000e+03
1.984000000000000000e+03
2.060000000000000000e+03
2.127000000000000000e+03
2.204000000000000000e+03
2.279000000000000000e+03
2.422000000000000000e+03
2.519000000000000000e+03
2.589000000000000000e+03
2.693000000000000000e+03
2.758000000000000000e+03
2.879000000000000000e+03
2.980000000000000000e+03
3.138000000000000000e+03
3.274000000000000000e+03
3.387000000000000000e+03
3.518000000000000000e+03
3.631000000000000000e+03
3.749000000000000000e+03
3.855000000000000000e+03
3.982000000000000000e+03
4.122000000000000000e+03
4.271000000000000000e+03
4.403000000000000000e+03
4.568000000000000000e+03
4.759000000000000000e+03
4.989000000000000000e+03
5.246000000000000000e+03
5.494000000000000000e+03
5.662000000000000000e+03
5.935000000000000000e+03
6.260000000000000000e+03
6.522000000000000000e+03
6.860000000000000000e+03
7.239000000000000000e+03
7.553000000000000000e+03
7.876000000000000000e+03
8.191000000000000000e+03
8.530000000000000000e+03
8.882000000000000000e+03
9.218000000000000000e+03
9.570000000000000000e+03
9.957000000000000000e+03
1.032400000000000000e+04
1.066200000000000000e+04
1.099100000000000000e+04
1.132900000000000000e+04
1.176700000000000000e+04
1.223800000000000000e+04
1.272900000000000000e+04
1.320700000000000000e+04
1.371500000000000000e+04
1.430500000000000000e+04
1.485200000000000000e+04
1.536900000000000000e+04
1.589000000000000000e+04
1.642400000000000000e+04
1.696800000000000000e+04
1.752400000000000000e+04
1.811200000000000000e+04
1.868400000000000000e+04
1.926700000000000000e+04
1.980100000000000000e+04
2.032400000000000000e+04
2.083700000000000000e+04
2.137400000000000000e+04
2.191600000000000000e+04
2.246400000000000000e+04
2.299000000000000000e+04
2.352100000000000000e+04
2.404100000000000000e+04
2.457000000000000000e+04
2.511300000000000000e+04
2.567200000000000000e+04
2.616500000000000000e+04
2.663600000000000000e+04
2.713300000000000000e+04
2.752100000000000000e+04
2.789000000000000000e+04
2.824200000000000000e+04
2.863300000000000000e+04
2.898000000000000000e+04
2.931200000000000000e+04
2.963300000000000000e+04
3.005000000000000000e+04
3.044600000000000000e+04
3.085800000000000000e+04
3.122100000000000000e+04
3.156000000000000000e+04
3.187800000000000000e+04
3.215700000000000000e+04
3.244300000000000000e+04
3.268400000000000000e+04
3.291000000000000000e+04
3.310300000000000000e+04
3.324700000000000000e+04
3.337600000000000000e+04
3.348100000000000000e+04
3.356800000000000000e+04
3.364700000000000000e+04
3.373100000000000000e+04
3.382400000000000000e+04
3.391500000000000000e+04
3.401800000000000000e+04
3.410700000000000000e+04
3.421900000000000000e+04
3.434300000000000000e+04
3.447400000000000000e+04
3.462000000000000000e+04
3.475900000000000000e+04
3.492100000000000000e+04
3.510500000000000000e+04
3.527400000000000000e+04
3.542600000000000000e+04
3.555900000000000000e+04
3.570700000000000000e+04
3.584400000000000000e+04
3.598600000000000000e+04
3.617400000000000000e+04
3.630900000000000000e+04
3.643500000000000000e+04
3.657800000000000000e+04
3.673200000000000000e+04
3.689900000000000000e+04
3.703100000000000000e+04
3.719200000000000000e+04
3.732900000000000000e+04
3.741800000000000000e+04
3.755700000000000000e+04
3.773200000000000000e+04
3.787400000000000000e+04
3.803700000000000000e+04
3.817200000000000000e+04
3.832700000000000000e+04
3.840300000000000000e+04
3.851700000000000000e+04
3.865800000000000000e+04
3.877700000000000000e+04
3.889400000000000000e+04
3.904200000000000000e+04
3.918800000000000000e+04
3.928000000000000000e+04
3.937800000000000000e+04
3.952400000000000000e+04
3.968600000000000000e+04
3.978700000000000000e+04
3.989500000000000000e+04
4.002300000000000000e+04
4.006100000000000000e+04
4.011900000000000000e+04
4.022900000000000000e+04
4.030900000000000000e+04
4.045300000000000000e+04
4.056100000000000000e+04
4.069100000000000000e+04
4.078800000000000000e+04
4.093100000000000000e+04
4.111300000000000000e+04
4.130400000000000000e+04
4.151900000000000000e+04
4.175200000000000000e+04
4.198200000000000000e+04
4.210400000000000000e+04
4.238100000000000000e+04
4.275000000000000000e+04
4.328000000000000000e+04
4.378900000000000000e+04
4.431700000000000000e+04
4.496400000000000000e+04
4.529500000000000000e+04
4.587900000000000000e+04
4.659300000000000000e+04
4.741800000000000000e+04
4.822100000000000000e+04
4.901300000000000000e+04
4.995900000000000000e+04
5.048600000000000000e+04
5.114900000000000000e+04
5.213700000000000000e+04
5.315200000000000000e+04
5.417400000000000000e+04
5.526900000000000000e+04
5.644400000000000000e+04
5.704000000000000000e+04
5.828200000000000000e+04
5.950900000000000000e+04
6.087300000000000000e+04
6.233800000000000000e+04
6.374800000000000000e+04
6.541100000000000000e+04
6.604600000000000000e+04
6.739200000000000000e+04
6.859400000000000000e+04
7.021600000000000000e+04
7.158000000000000000e+04
7.342900000000000000e+04
7.568800000000000000e+04
7.708300000000000000e+04
7.915800000000000000e+04
8.139700000000000000e+04
8.399400000000000000e+04
8.716300000000000000e+04
8.989800000000000000e+04
9.309400000000000000e+04
9.528100000000000000e+04
9.892700000000000000e+04
1.023960000000000000e+05
1.061010000000000000e+05
1.098130000000000000e+05
1.140250000000000000e+05
1.181950000000000000e+05
1.211760000000000000e+05
1.256020000000000000e+05
1.295440000000000000e+05
1.337330000000000000e+05
1.380000000000000000e+05
1.423230000000000000e+05
1.466790000000000000e+05
1.497650000000000000e+05
1.541520000000000000e+05
1.585550000000000000e+05
1.627740000000000000e+05
1.671550000000000000e+05
1.714230000000000000e+05
1.758740000000000000e+05
1.789860000000000000e+05
1.832590000000000000e+05
1.873360000000000000e+05
1.914600000000000000e+05
1.954220000000000000e+05
1.991270000000000000e+05
2.020880000000000000e+05
2.035930000000000000e+05
2.058770000000000000e+05
2.082110000000000000e+05
2.100610000000000000e+05
2.117640000000000000e+05
2.131920000000000000e+05
2.147110000000000000e+05
2.154830000000000000e+05
2.165840000000000000e+05
2.176360000000000000e+05
2.187000000000000000e+05
2.190410000000000000e+05
2.194620000000000000e+05
2.202650000000000000e+05
2.205990000000000000e+05
2.214010000000000000e+05
2.222000000000000000e+05
2.228850000000000000e+05
2.234170000000000000e+05
2.240500000000000000e+05
2.246510000000000000e+05
2.248270000000000000e+05
2.253460000000000000e+05
2.258200000000000000e+05
2.262000000000000000e+05
2.265490000000000000e+05
2.269510000000000000e+05
2.272730000000000000e+05
2.273910000000000000e+05
2.276960000000000000e+05
2.280280000000000000e+05
2.282460000000000000e+05
2.285260000000000000e+05
2.286880000000000000e+05
2.289750000000000000e+05
2.290320000000000000e+05
2.293580000000000000e+05
2.295840000000000000e+05
2.297930000000000000e+05
2.299350000000000000e+05
2.300660000000000000e+05
2.302190000000000000e+05
2.302960000000000000e+05
2.304550000000000000e+05
2.306170000000000000e+05
2.307690000000000000e+05
2.309070000000000000e+05
2.310220000000000000e+05
2.311540000000000000e+05
2.311980000000000000e+05
2.313620000000000000e+05
2.315090000000000000e+05
2.316490000000000000e+05
2.318400000000000000e+05
2.319950000000000000e+05
2.321230000000000000e+05
2.321970000000000000e+05
2.323370000000000000e+05
2.324910000000000000e+05
2.326360000000000000e+05
2.328290000000000000e+05
2.329730000000000000e+05
2.331290000000000000e+05
2.332010000000000000e+05
2.334240000000000000e+05
2.336440000000000000e+05
2.337700000000000000e+05
2.339890000000000000e+05
2.342670000000000000e+05
2.345370000000000000e+05
2.346620000000000000e+05
2.350140000000000000e+05
2.353330000000000000e+05
2.356470000000000000e+05
2.360120000000000000e+05
2.363650000000000000e+05
2.367680000000000000e+05
2.369630000000000000e+05
2.372600000000000000e+05
2.377750000000000000e+05
2.383830000000000000e+05
2.389590000000000000e+05
2.396920000000000000e+05
2.402950000000000000e+05
2.406710000000000000e+05
2.416510000000000000e+05
2.424910000000000000e+05
2.434240000000000000e+05
2.443030000000000000e+05
2.454900000000000000e+05
2.463040000000000000e+05
2.469740000000000000e+05
2.483070000000000000e+05
2.494920000000000000e+05
2.509210000000000000e+05
2.526800000000000000e+05
2.543700000000000000e+05
2.562010000000000000e+05
2.573300000000000000e+05
2.594760000000000000e+05
2.617130000000000000e+05
2.639610000000000000e+05
2.663220000000000000e+05
2.681740000000000000e+05
2.707350000000000000e+05
2.718340000000000000e+05
2.738690000000000000e+05
2.764640000000000000e+05
2.791810000000000000e+05
2.813870000000000000e+05
2.835790000000000000e+05
2.859930000000000000e+05
2.871440000000000000e+05
2.896010000000000000e+05
2.918940000000000000e+05
2.942110000000000000e+05
2.963740000000000000e+05
2.985220000000000000e+05
3.006660000000000000e+05
3.016610000000000000e+05
3.038580000000000000e+05
3.059330000000000000e+05
3.079800000000000000e+05
3.097890000000000000e+05
3.114650000000000000e+05
3.130060000000000000e+05
3.138120000000000000e+05
3.151190000000000000e+05
3.165210000000000000e+05
3.179130000000000000e+05
3.191090000000000000e+05
3.203220000000000000e+05
3.213800000000000000e+05
3.217980000000000000e+05
3.227610000000000000e+05
3.238410000000000000e+05
3.246850000000000000e+05
3.254070000000000000e+05
3.260560000000000000e+05
3.267160000000000000e+05
3.270870000000000000e+05
3.276010000000000000e+05
3.281590000000000000e+05
3.286680000000000000e+05
3.289940000000000000e+05
3.293710000000000000e+05
3.298430000000000000e+05
3.302690000000000000e+05
3.307010000000000000e+05
3.310400000000000000e+05
3.314770000000000000e+05
3.318830000000000000e+05
3.322350000000000000e+05
3.324540000000000000e+05
3.326100000000000000e+05
3.328940000000000000e+05
3.330970000000000000e+05
3.333170000000000000e+05
3.335590000000000000e+05
3.337230000000000000e+05
3.338640000000000000e+05
3.339560000000000000e+05
3.341320000000000000e+05
3.342880000000000000e+05
3.344160000000000000e+05
3.345390000000000000e+05
3.346470000000000000e+05
3.347150000000000000e+05
3.347470000000000000e+05
3.348490000000000000e+05
3.349170000000000000e+05
3.349920000000000000e+05
3.350650000000000000e+05
3.351260000000000000e+05
3.351710000000000000e+05
3.351960000000000000e+05
3.352640000000000000e+05
3.352910000000000000e+05
3.353390000000000000e+05
3.353990000000000000e+05
3.354370000000000000e+05
3.354930000000000000e+05
3.355210000000000000e+05
3.355680000000000000e+05
3.356250000000000000e+05
3.356760000000000000e+05
3.357410000000000000e+05
3.357960000000000000e+05
3.358360000000000000e+05
3.358740000000000000e+05
3.359610000000000000e+05
3.360470000000000000e+05
3.361220000000000000e+05
3.362230000000000000e+05
3.363180000000000000e+05
3.364170000000000000e+05
3.364790000000000000e+05
3.365570000000000000e+05
3.366840000000000000e+05
3.367880000000000000e+05
3.369620000000000000e+05
3.370980000000000000e+05
3.372540000000000000e+05
3.373230000000000000e+05
3.374560000000000000e+05
3.376020000000000000e+05
3.378010000000000000e+05
3.379700000000000000e+05
3.381830000000000000e+05
3.384380000000000000e+05
3.385860000000000000e+05
3.388370000000000000e+05
3.390620000000000000e+05
3.392740000000000000e+05
3.396450000000000000e+05
3.400570000000000000e+05
3.404430000000000000e+05
3.407150000000000000e+05
3.411830000000000000e+05
3.419330000000000000e+05
3.425480000000000000e+05
3.432160000000000000e+05
3.438490000000000000e+05
3.445200000000000000e+05
