0.000000000000000000e+00
0.000000000000000000e+00
0.000000000000000000e+00
0.000000000000000000e+00
0.000000000000000000e+00
0.000000000000000000e+00
0.000000000000000000e+00
0.000000000000000000e+00
0.000000000000000000e+00
0.000000000000000000e+00
0.000000000000000000e+00
0.000000000000000000e+00
0.000000000000000000e+00
0.000000000000000000e+00
0.000000000000000000e+00
0.000000000000000000e+00
0.000000000000000000e+00
0.000000000000000000e+00
0.000000000000000000e+00
0.000000000000000000e+00
0.000000000000000000e+00
0.000000000000000000e+00
0.000000000000000000e+00
0.000000000000000000e+00
0.000000000000000000e+00
0.000000000000000000e+00
0.000000000000000000e+00
0.000000000000000000e+00
0.000000000000000000e+00
0.000000000000000000e+00
0.000000000000000000e+00
0.000000000000000000e+00
0.000000000000000000e+00
0.000000000000000000e+00
0.000000000000000000e+00
0.000000000000000000e+00
0.000000000000000000e+00
0.000000000000000000e+00
0.000000000000000000e+00
3.000000000000000000e+00
0.000000000000000000e+00
0.000000000000000000e+00
0.000000000000000000e+00
3.000000000000000000e+00
0.000000000000000000e+00
3.000000000000000000e+00
0.000000000000000000e+00
0.000000000000000000e+00
2.000000000000000000e+00
0.000000000000000000e+00
0.000000000000000000e+00
4.000000000000000000e+00
0.000000000000000000e+00
8.000000000000000000e+00
5.000000000000000000e+00
0.000000000000000000e+00
0.000000000000000000e+00
1.600000000000000000e+01
0.000000000000000000e+00
9.000000000000000000e+00
1.200000000000000000e+01
7.000000000000000000e+00
1.500000000000000000e+01
6.000000000000000000e+00
2.900000000000000000e+01
4.300000000000000000e+01
1.700000000000000000e+01
2.700000000000000000e+01
6.400000000000000000e+01
2.500000000000000000e+01
6.100000000000000000e+01
4.100000000000000000e+01
4.300000000000000000e+01
7.800000000000000000e+01
6.300000000000000000e+01
5.700000000000000000e+01
7.600000000000000000e+01
1.050000000000000000e+02
1.040000000000000000e+02
6.500000000000000000e+01
6.700000000000000000e+01
4.000000000000000000e+01
5.000000000000000000e+01
4.900000000000000000e+01
5.600000000000000000e+01
3.000000000000000000e+01
5.700000000000000000e+01
3.300000000000000000e+01
2.500000000000000000e+01
3.800000000000000000e+01
4.400000000000000000e+01
3.800000000000000000e+01
3.000000000000000000e+01
4.400000000000000000e+01
2.500000000000000000e+01
2.800000000000000000e+01
3.300000000000000000e+01
3.900000000000000000e+01
4.900000000000000000e+01
3.800000000000000000e+01
5.000000000000000000e+01
4.000000000000000000e+01
3.800000000000000000e+01
5.200000000000000000e+01
7.600000000000000000e+01
6.700000000000000000e+01
7.700000000000000000e+01
7.500000000000000000e+01
1.430000000000000000e+02
9.700000000000000000e+01
7.000000000000000000e+01
1.040000000000000000e+02
6.500000000000000000e+01
1.210000000000000000e+02
1.010000000000000000e+02
1.580000000000000000e+02
1.360000000000000000e+02
1.130000000000000000e+02
1.310000000000000000e+02
1.130000000000000000e+02
1.180000000000000000e+02
1.060000000000000000e+02
1.270000000000000000e+02
1.400000000000000000e+02
1.490000000000000000e+02
1.320000000000000000e+02
1.650000000000000000e+02
1.910000000000000000e+02
2.300000000000000000e+02
2.570000000000000000e+02
2.480000000000000000e+02
1.680000000000000000e+02
2.730000000000000000e+02
3.250000000000000000e+02
2.620000000000000000e+02
3.380000000000000000e+02
3.790000000000000000e+02
3.140000000000000000e+02
3.230000000000000000e+02
3.150000000000000000e+02
3.390000000000000000e+02
3.520000000000000000e+02
3.360000000000000000e+02
3.520000000000000000e+02
3.870000000000000000e+02
3.670000000000000000e+02
3.380000000000000000e+02
3.290000000000000000e+02
3.380000000000000000e+02
4.380000000000000000e+02
4.710000000000000000e+02
4.910000000000000000e+02
4.780000000000000000e+02
5.080000000000000000e+02
5.900000000000000000e+02
5.470000000000000000e+02
5.170000000000000000e+02
5.210000000000000000e+02
5.340000000000000000e+02
5.440000000000000000e+02
5.560000000000000000e+02
5.880000000000000000e+02
5.720000000000000000e+02
5.830000000000000000e+02
5.340000000000000000e+02
5.230000000000000000e+02
5.130000000000000000e+02
5.370000000000000000e+02
5.420000000000000000e+02
5.480000000000000000e+02
5.260000000000000000e+02
5.310000000000000000e+02
5.200000000000000000e+02
5.290000000000000000e+02
5.430000000000000000e+02
5.590000000000000000e+02
4.930000000000000000e+02
4.710000000000000000e+02
4.970000000000000000e+02
3.880000000000000000e+02
3.690000000000000000e+02
3.520000000000000000e+02
3.910000000000000000e+02
3.470000000000000000e+02
3.320000000000000000e+02
3.210000000000000000e+02
4.170000000000000000e+02
3.960000000000000000e+02
4.120000000000000000e+02
3.630000000000000000e+02
3.390000000000000000e+02
3.180000000000000000e+02
2.790000000000000000e+02
2.860000000000000000e+02
2.410000000000000000e+02
2.260000000000000000e+02
1.930000000000000000e+02
1.440000000000000000e+02
1.290000000000000000e+02
1.050000000000000000e+02
8.700000000000000000e+01
7.900000000000000000e+01
8.400000000000000000e+01
9.300000000000000000e+01
9.100000000000000000e+01
1.030000000000000000e+02
8.900000000000000000e+01
1.120000000000000000e+02
1.240000000000000000e+02
1.310000000000000000e+02
1.460000000000000000e+02
1.390000000000000000e+02
1.620000000000000000e+02
1.840000000000000000e+02
1.690000000000000000e+02
1.520000000000000000e+02
1.330000000000000000e+02
1.480000000000000000e+02
1.370000000000000000e+02
1.420000000000000000e+02
1.880000000000000000e+02
1.350000000000000000e+02
1.260000000000000000e+02
1.430000000000000000e+02
1.540000000000000000e+02
1.670000000000000000e+02
1.320000000000000000e+02
1.610000000000000000e+02
1.370000000000000000e+02
8.900000000000000000e+01
1.390000000000000000e+02
1.750000000000000000e+02
1.420000000000000000e+02
1.630000000000000000e+02
1.350000000000000000e+02
1.550000000000000000e+02
7.600000000000000000e+01
1.140000000000000000e+02
1.410000000000000000e+02
1.190000000000000000e+02
1.170000000000000000e+02
1.480000000000000000e+02
1.460000000000000000e+02
9.200000000000000000e+01
9.800000000000000000e+01
1.460000000000000000e+02
1.620000000000000000e+02
1.010000000000000000e+02
1.080000000000000000e+02
1.280000000000000000e+02
3.800000000000000000e+01
5.800000000000000000e+01
1.100000000000000000e+02
8.000000000000000000e+01
1.440000000000000000e+02
1.080000000000000000e+02
1.300000000000000000e+02
9.700000000000000000e+01
1.430000000000000000e+02
1.820000000000000000e+02
1.910000000000000000e+02
2.150000000000000000e+02
2.330000000000000000e+02
2.300000000000000000e+02
1.220000000000000000e+02
2.770000000000000000e+02
3.690000000000000000e+02
5.300000000000000000e+02
5.090000000000000000e+02
5.280000000000000000e+02
6.470000000000000000e+02
3.310000000000000000e+02
5.840000000000000000e+02
7.140000000000000000e+02
8.250000000000000000e+02
8.030000000000000000e+02
7.920000000000000000e+02
9.460000000000000000e+02
5.270000000000000000e+02
6.630000000000000000e+02
9.880000000000000000e+02
1.015000000000000000e+03
1.022000000000000000e+03
1.095000000000000000e+03
1.175000000000000000e+03
5.960000000000000000e+02
1.242000000000000000e+03
1.227000000000000000e+03
1.364000000000000000e+03
1.465000000000000000e+03
1.410000000000000000e+03
1.663000000000000000e+03
6.350000000000000000e+02
1.346000000000000000e+03
1.202000000000000000e+03
1.622000000000000000e+03
1.364000000000000000e+03
1.849000000000000000e+03
2.259000000000000000e+03
1.395000000000000000e+03
2.075000000000000000e+03
2.239000000000000000e+03
2.597000000000000000e+03
3.169000000000000000e+03
2.735000000000000000e+03
3.196000000000000000e+03
2.187000000000000000e+03
3.646000000000000000e+03
3.469000000000000000e+03
3.705000000000000000e+03
3.712000000000000000e+03
4.212000000000000000e+03
4.170000000000000000e+03
2.981000000000000000e+03
4.426000000000000000e+03
3.942000000000000000e+03
4.189000000000000000e+03
4.267000000000000000e+03
4.323000000000000000e+03
4.356000000000000000e+03
3.086000000000000000e+03
4.387000000000000000e+03
4.403000000000000000e+03
4.219000000000000000e+03
4.381000000000000000e+03
4.268000000000000000e+03
4.451000000000000000e+03
3.112000000000000000e+03
4.273000000000000000e+03
4.077000000000000000e+03
4.124000000000000000e+03
3.962000000000000000e+03
3.705000000000000000e+03
2.961000000000000000e+03
1.505000000000000000e+03
2.284000000000000000e+03
2.334000000000000000e+03
1.850000000000000000e+03
1.703000000000000000e+03
1.428000000000000000e+03
1.519000000000000000e+03
7.720000000000000000e+02
1.101000000000000000e+03
1.052000000000000000e+03
1.064000000000000000e+03
3.410000000000000000e+02
4.210000000000000000e+02
8.030000000000000000e+02
3.340000000000000000e+02
8.020000000000000000e+02
7.990000000000000000e+02
6.850000000000000000e+02
5.320000000000000000e+02
6.330000000000000000e+02
6.010000000000000000e+02
1.760000000000000000e+02
5.190000000000000000e+02
4.740000000000000000e+02
3.800000000000000000e+02
3.490000000000000000e+02
4.020000000000000000e+02
3.220000000000000000e+02
1.180000000000000000e+02
3.050000000000000000e+02
3.320000000000000000e+02
2.180000000000000000e+02
2.800000000000000000e+02
1.620000000000000000e+02
2.870000000000000000e+02
5.700000000000000000e+01
3.260000000000000000e+02
2.260000000000000000e+02
2.090000000000000000e+02
1.420000000000000000e+02
1.310000000000000000e+02
1.530000000000000000e+02
7.700000000000000000e+01
1.590000000000000000e+02
1.620000000000000000e+02
1.520000000000000000e+02
1.380000000000000000e+02
1.150000000000000000e+02
1.320000000000000000e+02
4.400000000000000000e+01
1.640000000000000000e+02
1.470000000000000000e+02
1.400000000000000000e+02
1.910000000000000000e+02
1.550000000000000000e+02
1.280000000000000000e+02
7.400000000000000000e+01
1.400000000000000000e+02
1.540000000000000000e+02
1.450000000000000000e+02
1.930000000000000000e+02
1.440000000000000000e+02
1.560000000000000000e+02
7.200000000000000000e+01
2.230000000000000000e+02
2.200000000000000000e+02
1.260000000000000000e+02
2.190000000000000000e+02
2.780000000000000000e+02
2.700000000000000000e+02
1.250000000000000000e+02
3.520000000000000000e+02
3.190000000000000000e+02
3.140000000000000000e+02
3.650000000000000000e+02
3.530000000000000000e+02
4.030000000000000000e+02
1.950000000000000000e+02
2.970000000000000000e+02
5.150000000000000000e+02
6.080000000000000000e+02
5.760000000000000000e+02
7.330000000000000000e+02
6.030000000000000000e+02
3.760000000000000000e+02
9.800000000000000000e+02
8.400000000000000000e+02
9.330000000000000000e+02
8.790000000000000000e+02
1.187000000000000000e+03
8.140000000000000000e+02
6.700000000000000000e+02
1.333000000000000000e+03
1.185000000000000000e+03
1.429000000000000000e+03
1.759000000000000000e+03
1.690000000000000000e+03
1.831000000000000000e+03
1.129000000000000000e+03
2.146000000000000000e+03
2.237000000000000000e+03
2.248000000000000000e+03
2.361000000000000000e+03
1.852000000000000000e+03
2.561000000000000000e+03
1.099000000000000000e+03
2.035000000000000000e+03
2.595000000000000000e+03
2.717000000000000000e+03
2.206000000000000000e+03
2.192000000000000000e+03
2.414000000000000000e+03
1.151000000000000000e+03
2.457000000000000000e+03
2.293000000000000000e+03
2.317000000000000000e+03
2.163000000000000000e+03
2.148000000000000000e+03
2.144000000000000000e+03
9.950000000000000000e+02
2.197000000000000000e+03
2.075000000000000000e+03
2.047000000000000000e+03
1.809000000000000000e+03
1.676000000000000000e+03
1.541000000000000000e+03
8.060000000000000000e+02
1.307000000000000000e+03
1.402000000000000000e+03
1.392000000000000000e+03
1.196000000000000000e+03
1.213000000000000000e+03
1.058000000000000000e+03
4.180000000000000000e+02
9.630000000000000000e+02
1.080000000000000000e+03
8.440000000000000000e+02
7.220000000000000000e+02
6.490000000000000000e+02
6.600000000000000000e+02
3.710000000000000000e+02
5.140000000000000000e+02
5.580000000000000000e+02
5.090000000000000000e+02
3.260000000000000000e+02
3.770000000000000000e+02
4.720000000000000000e+02
4.260000000000000000e+02
4.320000000000000000e+02
3.390000000000000000e+02
4.370000000000000000e+02
4.060000000000000000e+02
3.520000000000000000e+02
2.190000000000000000e+02
1.560000000000000000e+02
2.840000000000000000e+02
2.030000000000000000e+02
2.200000000000000000e+02
2.420000000000000000e+02
1.640000000000000000e+02
1.410000000000000000e+02
9.200000000000000000e+01
1.760000000000000000e+02
1.560000000000000000e+02
1.280000000000000000e+02
1.230000000000000000e+02
1.080000000000000000e+02
6.800000000000000000e+01
3.200000000000000000e+01
1.020000000000000000e+02
6.800000000000000000e+01
7.500000000000000000e+01
7.300000000000000000e+01
6.100000000000000000e+01
4.500000000000000000e+01
2.500000000000000000e+01
6.800000000000000000e+01
2.700000000000000000e+01
4.800000000000000000e+01
6.000000000000000000e+01
3.800000000000000000e+01
5.600000000000000000e+01
2.800000000000000000e+01
4.700000000000000000e+01
5.700000000000000000e+01
5.100000000000000000e+01
6.500000000000000000e+01
5.500000000000000000e+01
4.000000000000000000e+01
3.800000000000000000e+01
8.700000000000000000e+01
8.600000000000000000e+01
7.500000000000000000e+01
1.010000000000000000e+02
9.500000000000000000e+01
9.900000000000000000e+01
6.200000000000000000e+01
7.800000000000000000e+01
1.270000000000000000e+02
1.040000000000000000e+02
1.740000000000000000e+02
1.360000000000000000e+02
1.560000000000000000e+02
6.900000000000000000e+01
1.330000000000000000e+02
1.460000000000000000e+02
1.990000000000000000e+02
1.690000000000000000e+02
2.130000000000000000e+02
2.550000000000000000e+02
1.480000000000000000e+02
2.510000000000000000e+02
2.250000000000000000e+02
2.120000000000000000e+02
3.710000000000000000e+02
4.120000000000000000e+02
3.860000000000000000e+02
2.720000000000000000e+02
4.680000000000000000e+02
7.500000000000000000e+02
6.150000000000000000e+02
6.680000000000000000e+02
6.330000000000000000e+02
6.710000000000000000e+02
