0.000000000000000000e+00
0.000000000000000000e+00
0.000000000000000000e+00
0.000000000000000000e+00
0.000000000000000000e+00
0.000000000000000000e+00
0.000000000000000000e+00
0.000000000000000000e+00
0.000000000000000000e+00
0.000000000000000000e+00
0.000000000000000000e+00
0.000000000000000000e+00
0.000000000000000000e+00
0.000000000000000000e+00
0.000000000000000000e+00
0.000000000000000000e+00
0.000000000000000000e+00
0.000000000000000000e+00
0.000000000000000000e+00
0.000000000000000000e+00
0.000000000000000000e+00
0.000000000000000000e+00
0.000000000000000000e+00
0.000000000000000000e+00
0.000000000000000000e+00
0.000000000000000000e+00
0.000000000000000000e+00
0.000000000000000000e+00
0.000000000000000000e+00
0.000000000000000000e+00
0.000000000000000000e+00
0.000000000000000000e+00
0.000000000000000000e+00
0.000000000000000000e+00
0.000000000000000000e+00
1.000000000000000000e+00
1.000000000000000000e+00
3.000000000000000000e+00
3.000000000000000000e+00
3.000000000000000000e+00
3.000000000000000000e+00
3.000000000000000000e+00
4.000000000000000000e+00
6.000000000000000000e+00
9.000000000000000000e+00
9.000000000000000000e+00
1.500000000000000000e+01
1.500000000000000000e+01
2.500000000000000000e+01
4.500000000000000000e+01
4.900000000000000000e+01
8.900000000000000000e+01
1.230000000000000000e+02
1.310000000000000000e+02
1.580000000000000000e+02
1.840000000000000000e+02
2.600000000000000000e+02
2.770000000000000000e+02
3.080000000000000000e+02
3.670000000000000000e+02
4.330000000000000000e+02
5.760000000000000000e+02
7.940000000000000000e+02
9.060000000000000000e+02
1.029000000000000000e+03
1.292000000000000000e+03
1.452000000000000000e+03
1.815000000000000000e+03
2.109000000000000000e+03
2.245000000000000000e+03
2.460000000000000000e+03
2.738000000000000000e+03
3.183000000000000000e+03
3.613000000000000000e+03
3.864000000000000000e+03
4.057000000000000000e+03
4.417000000000000000e+03
4.761000000000000000e+03
5.202000000000000000e+03
5.467000000000000000e+03
5.990000000000000000e+03
6.300000000000000000e+03
6.633000000000000000e+03
6.879000000000000000e+03
7.216000000000000000e+03
7.707000000000000000e+03
8.067000000000000000e+03
8.418000000000000000e+03
8.746000000000000000e+03
8.936000000000000000e+03
9.242000000000000000e+03
9.710000000000000000e+03
1.009600000000000000e+04
1.041700000000000000e+04
1.063500000000000000e+04
1.103600000000000000e+04
1.133900000000000000e+04
1.161600000000000000e+04
1.197800000000000000e+04
1.224000000000000000e+04
1.256700000000000000e+04
1.273200000000000000e+04
1.316300000000000000e+04
1.351200000000000000e+04
1.383700000000000000e+04
1.410700000000000000e+04
1.449900000000000000e+04
1.481100000000000000e+04
1.513100000000000000e+04
1.536200000000000000e+04
1.558800000000000000e+04
1.577800000000000000e+04
1.600200000000000000e+04
1.624700000000000000e+04
1.643700000000000000e+04
1.670400000000000000e+04
1.687100000000000000e+04
1.703600000000000000e+04
1.719100000000000000e+04
1.738700000000000000e+04
1.758500000000000000e+04
1.771200000000000000e+04
1.785700000000000000e+04
1.807000000000000000e+04
1.828300000000000000e+04
1.842900000000000000e+04
1.859400000000000000e+04
1.879100000000000000e+04
1.898200000000000000e+04
1.913300000000000000e+04
1.925700000000000000e+04
1.939800000000000000e+04
1.951700000000000000e+04
1.966900000000000000e+04
1.990700000000000000e+04
2.010300000000000000e+04
2.029000000000000000e+04
2.047900000000000000e+04
2.060400000000000000e+04
2.074900000000000000e+04
2.094500000000000000e+04
2.118200000000000000e+04
2.140400000000000000e+04
2.167900000000000000e+04
2.199900000000000000e+04
2.216500000000000000e+04
2.241500000000000000e+04
2.276000000000000000e+04
2.308000000000000000e+04
2.340000000000000000e+04
2.373000000000000000e+04
2.404500000000000000e+04
2.429100000000000000e+04
2.450500000000000000e+04
2.482600000000000000e+04
2.528600000000000000e+04
2.569700000000000000e+04
2.602200000000000000e+04
2.631300000000000000e+04
2.658200000000000000e+04
2.697000000000000000e+04
2.729600000000000000e+04
2.774600000000000000e+04
2.816600000000000000e+04
2.858200000000000000e+04
2.897300000000000000e+04
2.922300000000000000e+04
2.962000000000000000e+04
3.017500000000000000e+04
3.078900000000000000e+04
3.138100000000000000e+04
3.207900000000000000e+04
3.253500000000000000e+04
3.294800000000000000e+04
3.358500000000000000e+04
3.422600000000000000e+04
3.500300000000000000e+04
3.580200000000000000e+04
3.669100000000000000e+04
3.745800000000000000e+04
3.813900000000000000e+04
3.913300000000000000e+04
4.016300000000000000e+04
4.127500000000000000e+04
4.239400000000000000e+04
4.367800000000000000e+04
4.479800000000000000e+04
4.590200000000000000e+04
4.705300000000000000e+04
4.823500000000000000e+04
4.959100000000000000e+04
5.088600000000000000e+04
5.211100000000000000e+04
5.318600000000000000e+04
5.400900000000000000e+04
5.524100000000000000e+04
5.655000000000000000e+04
5.789500000000000000e+04
5.927300000000000000e+04
6.062300000000000000e+04
6.176800000000000000e+04
6.254700000000000000e+04
6.376200000000000000e+04
6.517700000000000000e+04
6.663100000000000000e+04
6.804600000000000000e+04
6.937400000000000000e+04
7.046100000000000000e+04
7.119400000000000000e+04
7.220800000000000000e+04
7.361700000000000000e+04
7.496300000000000000e+04
7.635500000000000000e+04
7.754400000000000000e+04
7.850500000000000000e+04
7.933000000000000000e+04
8.039000000000000000e+04
8.164600000000000000e+04
8.315000000000000000e+04
8.446800000000000000e+04
8.583300000000000000e+04
8.678500000000000000e+04
8.754000000000000000e+04
8.859300000000000000e+04
8.989100000000000000e+04
9.125600000000000000e+04
9.259500000000000000e+04
9.386400000000000000e+04
9.501400000000000000e+04
9.589700000000000000e+04
9.703300000000000000e+04
9.830400000000000000e+04
9.968400000000000000e+04
1.010750000000000000e+05
1.023860000000000000e+05
1.034950000000000000e+05
1.041870000000000000e+05
1.052980000000000000e+05
1.070110000000000000e+05
1.086900000000000000e+05
1.102170000000000000e+05
1.115500000000000000e+05
1.127810000000000000e+05
1.135890000000000000e+05
1.146480000000000000e+05
1.164150000000000000e+05
1.180540000000000000e+05
1.196830000000000000e+05
1.212350000000000000e+05
1.226730000000000000e+05
1.239440000000000000e+05
1.254140000000000000e+05
1.275720000000000000e+05
1.296580000000000000e+05
1.320010000000000000e+05
1.340650000000000000e+05
1.359000000000000000e+05
1.374910000000000000e+05
1.396120000000000000e+05
1.425700000000000000e+05
1.457000000000000000e+05
1.488860000000000000e+05
1.524030000000000000e+05
1.552830000000000000e+05
1.573520000000000000e+05
1.604610000000000000e+05
1.644770000000000000e+05
1.684900000000000000e+05
1.725160000000000000e+05
1.764680000000000000e+05
1.803880000000000000e+05
1.828540000000000000e+05
1.862540000000000000e+05
1.911020000000000000e+05
1.960040000000000000e+05
2.010320000000000000e+05
2.057930000000000000e+05
2.096480000000000000e+05
2.124920000000000000e+05
2.172160000000000000e+05
2.225590000000000000e+05
2.290400000000000000e+05
2.355860000000000000e+05
2.413390000000000000e+05
2.466630000000000000e+05
2.507040000000000000e+05
2.584370000000000000e+05
2.670880000000000000e+05
2.768020000000000000e+05
2.870620000000000000e+05
2.969990000000000000e+05
3.037510000000000000e+05
3.069910000000000000e+05
3.142950000000000000e+05
3.240940000000000000e+05
3.342360000000000000e+05
3.437250000000000000e+05
3.531850000000000000e+05
3.602810000000000000e+05
3.652120000000000000e+05
3.734740000000000000e+05
3.837430000000000000e+05
3.938510000000000000e+05
4.031230000000000000e+05
4.128080000000000000e+05
4.186450000000000000e+05
4.228520000000000000e+05
4.306050000000000000e+05
4.403440000000000000e+05
4.493490000000000000e+05
4.578480000000000000e+05
4.659820000000000000e+05
4.715360000000000000e+05
4.753620000000000000e+05
4.796340000000000000e+05
4.845500000000000000e+05
4.922110000000000000e+05
5.002730000000000000e+05
5.083450000000000000e+05
5.135760000000000000e+05
5.172360000000000000e+05
5.246750000000000000e+05
5.320400000000000000e+05
5.391070000000000000e+05
5.455670000000000000e+05
5.519000000000000000e+05
5.563350000000000000e+05
5.595870000000000000e+05
5.657580000000000000e+05
5.717490000000000000e+05
5.774460000000000000e+05
5.827860000000000000e+05
5.879440000000000000e+05
5.912940000000000000e+05
5.937830000000000000e+05
5.987920000000000000e+05
6.042510000000000000e+05
6.085610000000000000e+05
6.123730000000000000e+05
6.137600000000000000e+05
6.158090000000000000e+05
6.184290000000000000e+05
6.230660000000000000e+05
6.279410000000000000e+05
6.322630000000000000e+05
6.362010000000000000e+05
6.373950000000000000e+05
6.404290000000000000e+05
6.435590000000000000e+05
6.482880000000000000e+05
6.540070000000000000e+05
6.589580000000000000e+05
6.637990000000000000e+05
6.682020000000000000e+05
6.712840000000000000e+05
6.732710000000000000e+05
6.769680000000000000e+05
6.813920000000000000e+05
6.849170000000000000e+05
6.882700000000000000e+05
6.914880000000000000e+05
6.936440000000000000e+05
6.951530000000000000e+05
6.978980000000000000e+05
7.008980000000000000e+05
7.037760000000000000e+05
7.064750000000000000e+05
7.091940000000000000e+05
7.110100000000000000e+05
7.125610000000000000e+05
7.154380000000000000e+05
7.186120000000000000e+05
7.215130000000000000e+05
7.242500000000000000e+05
7.269180000000000000e+05
7.287430000000000000e+05
7.300560000000000000e+05
7.327320000000000000e+05
7.354840000000000000e+05
7.381520000000000000e+05
7.407320000000000000e+05
7.433430000000000000e+05
7.453180000000000000e+05
7.466370000000000000e+05
7.494340000000000000e+05
7.524820000000000000e+05
7.551260000000000000e+05
7.576760000000000000e+05
7.600910000000000000e+05
7.619630000000000000e+05
7.632940000000000000e+05
7.659700000000000000e+05
7.687850000000000000e+05
7.718430000000000000e+05
7.745550000000000000e+05
7.772760000000000000e+05
7.796950000000000000e+05
7.813290000000000000e+05
7.847110000000000000e+05
7.880480000000000000e+05
7.919710000000000000e+05
7.957320000000000000e+05
7.991640000000000000e+05
8.019940000000000000e+05
8.040900000000000000e+05
8.080400000000000000e+05
8.123180000000000000e+05
8.165890000000000000e+05
8.209310000000000000e+05
8.249950000000000000e+05
8.282830000000000000e+05
8.305630000000000000e+05
8.355520000000000000e+05
8.401160000000000000e+05
8.453520000000000000e+05
8.503620000000000000e+05
8.553260000000000000e+05
8.597090000000000000e+05
8.626810000000000000e+05
8.687990000000000000e+05
8.749850000000000000e+05
8.811590000000000000e+05
8.867520000000000000e+05
8.928480000000000000e+05
8.971150000000000000e+05
9.008580000000000000e+05
9.070070000000000000e+05
9.131430000000000000e+05
9.197940000000000000e+05
9.263100000000000000e+05
9.321790000000000000e+05
9.366180000000000000e+05
9.404430000000000000e+05
9.466470000000000000e+05
9.528030000000000000e+05
9.589180000000000000e+05
9.647260000000000000e+05
9.702240000000000000e+05
9.743750000000000000e+05
9.779860000000000000e+05
9.832170000000000000e+05
9.886240000000000000e+05
9.936130000000000000e+05
9.985550000000000000e+05
1.002865000000000000e+06
1.006167000000000000e+06
1.008490000000000000e+06
1.012373000000000000e+06
1.016449000000000000e+06
1.020301000000000000e+06
1.023565000000000000e+06
1.027039000000000000e+06
1.029304000000000000e+06
1.031072000000000000e+06
1.034003000000000000e+06
1.037009000000000000e+06
1.039998000000000000e+06
1.042521000000000000e+06
1.044722000000000000e+06
1.046264000000000000e+06
1.047520000000000000e+06
1.049539000000000000e+06
1.051779000000000000e+06
1.053629000000000000e+06
1.055265000000000000e+06
1.056572000000000000e+06
1.057655000000000000e+06
1.058337000000000000e+06
1.059331000000000000e+06
1.060895000000000000e+06
1.062527000000000000e+06
1.063949000000000000e+06
1.065254000000000000e+06
1.066111000000000000e+06
1.066731000000000000e+06
1.067887000000000000e+06
1.068817000000000000e+06
1.069770000000000000e+06
1.070605000000000000e+06
1.071334000000000000e+06
1.071899000000000000e+06
1.072291000000000000e+06
1.072972000000000000e+06
1.073679000000000000e+06
1.074297000000000000e+06
1.074781000000000000e+06
1.075236000000000000e+06
1.075543000000000000e+06
1.075773000000000000e+06
1.076154000000000000e+06
1.076533000000000000e+06
1.076840000000000000e+06
1.077161000000000000e+06
1.077426000000000000e+06
1.077584000000000000e+06
1.077737000000000000e+06
1.077978000000000000e+06
1.078142000000000000e+06
1.078338000000000000e+06
1.078563000000000000e+06
1.078742000000000000e+06
1.078863000000000000e+06
1.078952000000000000e+06
1.079154000000000000e+06
1.079294000000000000e+06
1.079427000000000000e+06
1.079530000000000000e+06
1.079657000000000000e+06
1.079726000000000000e+06
1.079776000000000000e+06
1.079879000000000000e+06
1.079983000000000000e+06
1.080070000000000000e+06
1.080140000000000000e+06
1.080203000000000000e+06
1.080256000000000000e+06
1.080282000000000000e+06
1.080323000000000000e+06
1.080389000000000000e+06
1.080457000000000000e+06
1.080522000000000000e+06
1.080584000000000000e+06
1.080630000000000000e+06
1.080667000000000000e+06
1.080740000000000000e+06
1.080792000000000000e+06
1.080823000000000000e+06
1.080860000000000000e+06
1.080918000000000000e+06
1.080951000000000000e+06
1.080979000000000000e+06
1.081030000000000000e+06
1.081090000000000000e+06
1.081120000000000000e+06
1.081174000000000000e+06
1.081210000000000000e+06
1.081236000000000000e+06
1.081275000000000000e+06
1.081326000000000000e+06
1.081405000000000000e+06
1.081467000000000000e+06
1.081539000000000000e+06
1.081588000000000000e+06
1.081632000000000000e+06
1.081678000000000000e+06
1.081773000000000000e+06
1.081875000000000000e+06
1.081953000000000000e+06
1.082057000000000000e+06
1.082183000000000000e+06
1.082292000000000000e+06
1.082376000000000000e+06
1.082551000000000000e+06
1.082710000000000000e+06
1.082880000000000000e+06
1.083033000000000000e+06
1.083189000000000000e+06
1.083341000000000000e+06
