0.000000000000000000e+00
0.000000000000000000e+00
0.000000000000000000e+00
0.000000000000000000e+00
0.000000000000000000e+00
0.000000000000000000e+00
0.000000000000000000e+00
0.000000000000000000e+00
0.000000000000000000e+00
0.000000000000000000e+00
0.000000000000000000e+00
0.000000000000000000e+00
0.000000000000000000e+00
0.000000000000000000e+00
0.000000000000000000e+00
0.000000000000000000e+00
0.000000000000000000e+00
0.000000000000000000e+00
0.000000000000000000e+00
0.000000000000000000e+00
0.000000000000000000e+00
0.000000000000000000e+00
0.000000000000000000e+00
0.000000000000000000e+00
0.000000000000000000e+00
0.000000000000000000e+00
0.000000000000000000e+00
0.000000000000000000e+00
0.000000000000000000e+00
0.000000000000000000e+00
0.000000000000000000e+00
0.000000000000000000e+00
0.000000000000000000e+00
0.000000000000000000e+00
0.000000000000000000e+00
1.000000000000000000e+00
0.000000000000000000e+00
2.000000000000000000e+00
0.000000000000000000e+00
0.000000000000000000e+00
0.000000000000000000e+00
0.000000000000000000e+00
1.000000000000000000e+00
2.000000000000000000e+00
3.000000000000000000e+00
0.000000000000000000e+00
6.000000000000000000e+00
0.000000000000000000e+00
1.000000000000000000e+01
2.000000000000000000e+01
4.000000000000000000e+00
4.000000000000000000e+01
3.400000000000000000e+01
8.000000000000000000e+00
2.700000000000000000e+01
2.600000000000000000e+01
7.600000000000000000e+01
1.700000000000000000e+01
3.100000000000000000e+01
5.900000000000000000e+01
6.600000000000000000e+01
1.430000000000000000e+02
2.180000000000000000e+02
1.120000000000000000e+02
1.230000000000000000e+02
2.630000000000000000e+02
1.600000000000000000e+02
3.630000000000000000e+02
2.940000000000000000e+02
1.360000000000000000e+02
2.150000000000000000e+02
2.780000000000000000e+02
4.450000000000000000e+02
4.300000000000000000e+02
2.510000000000000000e+02
1.930000000000000000e+02
3.600000000000000000e+02
3.440000000000000000e+02
4.410000000000000000e+02
2.650000000000000000e+02
5.230000000000000000e+02
3.100000000000000000e+02
3.330000000000000000e+02
2.460000000000000000e+02
3.370000000000000000e+02
4.910000000000000000e+02
3.600000000000000000e+02
3.510000000000000000e+02
3.280000000000000000e+02
1.900000000000000000e+02
3.060000000000000000e+02
4.680000000000000000e+02
3.860000000000000000e+02
3.210000000000000000e+02
2.180000000000000000e+02
4.010000000000000000e+02
3.030000000000000000e+02
2.770000000000000000e+02
3.620000000000000000e+02
2.620000000000000000e+02
3.270000000000000000e+02
1.650000000000000000e+02
4.310000000000000000e+02
3.490000000000000000e+02
3.250000000000000000e+02
2.700000000000000000e+02
3.920000000000000000e+02
3.120000000000000000e+02
3.200000000000000000e+02
2.310000000000000000e+02
2.260000000000000000e+02
1.900000000000000000e+02
2.240000000000000000e+02
2.450000000000000000e+02
1.900000000000000000e+02
2.670000000000000000e+02
1.670000000000000000e+02
1.650000000000000000e+02
1.550000000000000000e+02
1.960000000000000000e+02
1.980000000000000000e+02
1.270000000000000000e+02
1.450000000000000000e+02
2.130000000000000000e+02
2.130000000000000000e+02
1.460000000000000000e+02
1.650000000000000000e+02
1.970000000000000000e+02
1.910000000000000000e+02
1.510000000000000000e+02
1.240000000000000000e+02
1.410000000000000000e+02
1.190000000000000000e+02
1.520000000000000000e+02
2.380000000000000000e+02
1.960000000000000000e+02
1.870000000000000000e+02
1.890000000000000000e+02
1.250000000000000000e+02
1.450000000000000000e+02
1.960000000000000000e+02
2.370000000000000000e+02
2.220000000000000000e+02
2.750000000000000000e+02
3.200000000000000000e+02
1.660000000000000000e+02
2.500000000000000000e+02
3.450000000000000000e+02
3.200000000000000000e+02
3.200000000000000000e+02
3.300000000000000000e+02
3.150000000000000000e+02
2.460000000000000000e+02
2.140000000000000000e+02
3.210000000000000000e+02
4.600000000000000000e+02
4.110000000000000000e+02
3.250000000000000000e+02
2.910000000000000000e+02
2.690000000000000000e+02
3.880000000000000000e+02
3.260000000000000000e+02
4.500000000000000000e+02
4.200000000000000000e+02
4.160000000000000000e+02
3.910000000000000000e+02
2.500000000000000000e+02
3.970000000000000000e+02
5.550000000000000000e+02
6.140000000000000000e+02
5.920000000000000000e+02
6.980000000000000000e+02
4.560000000000000000e+02
4.130000000000000000e+02
6.370000000000000000e+02
6.410000000000000000e+02
7.770000000000000000e+02
7.990000000000000000e+02
8.890000000000000000e+02
7.670000000000000000e+02
6.810000000000000000e+02
9.940000000000000000e+02
1.030000000000000000e+03
1.112000000000000000e+03
1.119000000000000000e+03
1.284000000000000000e+03
1.120000000000000000e+03
1.104000000000000000e+03
1.151000000000000000e+03
1.182000000000000000e+03
1.356000000000000000e+03
1.295000000000000000e+03
1.225000000000000000e+03
1.075000000000000000e+03
8.230000000000000000e+02
1.232000000000000000e+03
1.309000000000000000e+03
1.345000000000000000e+03
1.378000000000000000e+03
1.350000000000000000e+03
1.145000000000000000e+03
7.790000000000000000e+02
1.215000000000000000e+03
1.415000000000000000e+03
1.454000000000000000e+03
1.415000000000000000e+03
1.328000000000000000e+03
1.087000000000000000e+03
7.330000000000000000e+02
1.014000000000000000e+03
1.409000000000000000e+03
1.346000000000000000e+03
1.392000000000000000e+03
1.189000000000000000e+03
9.610000000000000000e+02
8.250000000000000000e+02
1.060000000000000000e+03
1.256000000000000000e+03
1.504000000000000000e+03
1.318000000000000000e+03
1.365000000000000000e+03
9.520000000000000000e+02
7.550000000000000000e+02
1.053000000000000000e+03
1.298000000000000000e+03
1.365000000000000000e+03
1.339000000000000000e+03
1.269000000000000000e+03
1.150000000000000000e+03
8.830000000000000000e+02
1.136000000000000000e+03
1.271000000000000000e+03
1.380000000000000000e+03
1.391000000000000000e+03
1.311000000000000000e+03
1.109000000000000000e+03
6.920000000000000000e+02
1.111000000000000000e+03
1.713000000000000000e+03
1.679000000000000000e+03
1.527000000000000000e+03
1.333000000000000000e+03
1.231000000000000000e+03
8.080000000000000000e+02
1.059000000000000000e+03
1.767000000000000000e+03
1.639000000000000000e+03
1.629000000000000000e+03
1.552000000000000000e+03
1.438000000000000000e+03
1.271000000000000000e+03
1.470000000000000000e+03
2.158000000000000000e+03
2.086000000000000000e+03
2.343000000000000000e+03
2.064000000000000000e+03
1.835000000000000000e+03
1.591000000000000000e+03
2.121000000000000000e+03
2.958000000000000000e+03
3.130000000000000000e+03
3.186000000000000000e+03
3.517000000000000000e+03
2.880000000000000000e+03
2.069000000000000000e+03
3.109000000000000000e+03
4.016000000000000000e+03
4.013000000000000000e+03
4.026000000000000000e+03
3.952000000000000000e+03
3.920000000000000000e+03
2.466000000000000000e+03
3.400000000000000000e+03
4.848000000000000000e+03
4.902000000000000000e+03
5.028000000000000000e+03
4.761000000000000000e+03
3.855000000000000000e+03
2.844000000000000000e+03
4.724000000000000000e+03
5.343000000000000000e+03
6.481000000000000000e+03
6.546000000000000000e+03
5.753000000000000000e+03
5.324000000000000000e+03
4.041000000000000000e+03
7.733000000000000000e+03
8.651000000000000000e+03
9.714000000000000000e+03
1.026000000000000000e+04
9.937000000000000000e+03
6.752000000000000000e+03
3.240000000000000000e+03
7.304000000000000000e+03
9.799000000000000000e+03
1.014200000000000000e+04
9.489000000000000000e+03
9.460000000000000000e+03
7.096000000000000000e+03
4.931000000000000000e+03
8.262000000000000000e+03
1.026900000000000000e+04
1.010800000000000000e+04
9.272000000000000000e+03
9.685000000000000000e+03
5.837000000000000000e+03
4.207000000000000000e+03
7.753000000000000000e+03
9.739000000000000000e+03
9.005000000000000000e+03
8.499000000000000000e+03
8.134000000000000000e+03
5.554000000000000000e+03
3.826000000000000000e+03
4.272000000000000000e+03
4.916000000000000000e+03
7.661000000000000000e+03
8.062000000000000000e+03
8.072000000000000000e+03
5.231000000000000000e+03
3.660000000000000000e+03
7.439000000000000000e+03
7.365000000000000000e+03
7.067000000000000000e+03
6.460000000000000000e+03
6.333000000000000000e+03
4.435000000000000000e+03
3.252000000000000000e+03
6.171000000000000000e+03
5.991000000000000000e+03
5.697000000000000000e+03
5.340000000000000000e+03
5.158000000000000000e+03
3.350000000000000000e+03
2.489000000000000000e+03
5.009000000000000000e+03
5.459000000000000000e+03
4.310000000000000000e+03
3.812000000000000000e+03
1.387000000000000000e+03
2.049000000000000000e+03
2.620000000000000000e+03
4.637000000000000000e+03
4.875000000000000000e+03
4.322000000000000000e+03
3.938000000000000000e+03
1.194000000000000000e+03
3.034000000000000000e+03
3.130000000000000000e+03
4.729000000000000000e+03
5.719000000000000000e+03
4.951000000000000000e+03
4.841000000000000000e+03
4.403000000000000000e+03
3.082000000000000000e+03
1.987000000000000000e+03
3.697000000000000000e+03
4.424000000000000000e+03
3.525000000000000000e+03
3.353000000000000000e+03
3.218000000000000000e+03
2.156000000000000000e+03
1.509000000000000000e+03
2.745000000000000000e+03
3.000000000000000000e+03
2.878000000000000000e+03
2.699000000000000000e+03
2.719000000000000000e+03
1.816000000000000000e+03
1.551000000000000000e+03
2.877000000000000000e+03
3.174000000000000000e+03
2.901000000000000000e+03
2.737000000000000000e+03
2.668000000000000000e+03
1.825000000000000000e+03
1.313000000000000000e+03
2.676000000000000000e+03
2.752000000000000000e+03
2.668000000000000000e+03
2.580000000000000000e+03
2.611000000000000000e+03
1.975000000000000000e+03
1.319000000000000000e+03
2.797000000000000000e+03
3.048000000000000000e+03
2.644000000000000000e+03
2.550000000000000000e+03
2.415000000000000000e+03
1.872000000000000000e+03
1.331000000000000000e+03
2.676000000000000000e+03
2.815000000000000000e+03
3.058000000000000000e+03
2.712000000000000000e+03
2.721000000000000000e+03
2.419000000000000000e+03
1.634000000000000000e+03
3.382000000000000000e+03
3.337000000000000000e+03
3.923000000000000000e+03
3.761000000000000000e+03
3.432000000000000000e+03
2.830000000000000000e+03
2.096000000000000000e+03
3.950000000000000000e+03
4.278000000000000000e+03
4.271000000000000000e+03
4.342000000000000000e+03
4.064000000000000000e+03
3.288000000000000000e+03
2.280000000000000000e+03
4.989000000000000000e+03
4.564000000000000000e+03
5.236000000000000000e+03
5.010000000000000000e+03
4.964000000000000000e+03
4.383000000000000000e+03
2.972000000000000000e+03
6.118000000000000000e+03
6.186000000000000000e+03
6.174000000000000000e+03
5.593000000000000000e+03
6.096000000000000000e+03
4.267000000000000000e+03
3.743000000000000000e+03
6.149000000000000000e+03
6.136000000000000000e+03
6.651000000000000000e+03
6.516000000000000000e+03
5.869000000000000000e+03
4.439000000000000000e+03
3.825000000000000000e+03
6.204000000000000000e+03
6.156000000000000000e+03
6.115000000000000000e+03
5.808000000000000000e+03
5.498000000000000000e+03
4.151000000000000000e+03
3.611000000000000000e+03
5.231000000000000000e+03
5.407000000000000000e+03
4.989000000000000000e+03
4.942000000000000000e+03
4.310000000000000000e+03
3.302000000000000000e+03
2.323000000000000000e+03
3.883000000000000000e+03
4.076000000000000000e+03
3.852000000000000000e+03
3.264000000000000000e+03
3.474000000000000000e+03
2.265000000000000000e+03
1.768000000000000000e+03
2.931000000000000000e+03
3.006000000000000000e+03
2.989000000000000000e+03
2.523000000000000000e+03
2.201000000000000000e+03
1.542000000000000000e+03
1.256000000000000000e+03
2.019000000000000000e+03
2.240000000000000000e+03
1.850000000000000000e+03
1.636000000000000000e+03
1.307000000000000000e+03
1.083000000000000000e+03
6.820000000000000000e+02
9.940000000000000000e+02
1.564000000000000000e+03
1.632000000000000000e+03
1.422000000000000000e+03
1.305000000000000000e+03
8.570000000000000000e+02
6.200000000000000000e+02
1.156000000000000000e+03
9.300000000000000000e+02
9.530000000000000000e+02
8.350000000000000000e+02
7.290000000000000000e+02
5.650000000000000000e+02
3.920000000000000000e+02
6.810000000000000000e+02
7.070000000000000000e+02
6.180000000000000000e+02
4.840000000000000000e+02
4.550000000000000000e+02
3.070000000000000000e+02
2.300000000000000000e+02
3.810000000000000000e+02
3.790000000000000000e+02
3.070000000000000000e+02
3.210000000000000000e+02
2.650000000000000000e+02
1.580000000000000000e+02
1.530000000000000000e+02
2.410000000000000000e+02
1.640000000000000000e+02
1.960000000000000000e+02
2.250000000000000000e+02
1.790000000000000000e+02
1.210000000000000000e+02
8.900000000000000000e+01
2.020000000000000000e+02
1.400000000000000000e+02
1.330000000000000000e+02
1.030000000000000000e+02
1.270000000000000000e+02
6.900000000000000000e+01
5.000000000000000000e+01
1.030000000000000000e+02
1.040000000000000000e+02
8.700000000000000000e+01
7.000000000000000000e+01
6.300000000000000000e+01
5.300000000000000000e+01
2.600000000000000000e+01
4.100000000000000000e+01
6.600000000000000000e+01
6.800000000000000000e+01
6.500000000000000000e+01
6.200000000000000000e+01
4.600000000000000000e+01
3.700000000000000000e+01
7.300000000000000000e+01
5.200000000000000000e+01
3.100000000000000000e+01
3.700000000000000000e+01
5.800000000000000000e+01
3.300000000000000000e+01
2.800000000000000000e+01
5.100000000000000000e+01
6.000000000000000000e+01
3.000000000000000000e+01
5.400000000000000000e+01
3.600000000000000000e+01
2.600000000000000000e+01
3.900000000000000000e+01
5.100000000000000000e+01
7.900000000000000000e+01
6.200000000000000000e+01
7.200000000000000000e+01
4.900000000000000000e+01
4.400000000000000000e+01
4.600000000000000000e+01
9.500000000000000000e+01
1.020000000000000000e+02
7.800000000000000000e+01
1.040000000000000000e+02
1.260000000000000000e+02
1.090000000000000000e+02
8.400000000000000000e+01
1.750000000000000000e+02
1.590000000000000000e+02
1.700000000000000000e+02
1.530000000000000000e+02
1.560000000000000000e+02
1.520000000000000000e+02
