0.000000000000000000e+00
1.000000000000000000e+00
3.000000000000000000e+00
3.000000000000000000e+00
4.000000000000000000e+00
5.000000000000000000e+00
7.000000000000000000e+00
7.000000000000000000e+00
1.000000000000000000e+01
1.300000000000000000e+01
1.600000000000000000e+01
1.800000000000000000e+01
1.800000000000000000e+01
2.400000000000000000e+01
2.800000000000000000e+01
2.800000000000000000e+01
3.000000000000000000e+01
3.300000000000000000e+01
4.000000000000000000e+01
4.500000000000000000e+01
4.700000000000000000e+01
5.000000000000000000e+01
5.800000000000000000e+01
6.700000000000000000e+01
7.200000000000000000e+01
7.500000000000000000e+01
7.700000000000000000e+01
8.100000000000000000e+01
8.400000000000000000e+01
8.400000000000000000e+01
8.500000000000000000e+01
8.500000000000000000e+01
8.900000000000000000e+01
8.900000000000000000e+01
9.100000000000000000e+01
9.300000000000000000e+01
9.300000000000000000e+01
9.300000000000000000e+01
1.020000000000000000e+02
1.060000000000000000e+02
1.080000000000000000e+02
1.100000000000000000e+02
1.100000000000000000e+02
1.170000000000000000e+02
1.300000000000000000e+02
1.380000000000000000e+02
1.500000000000000000e+02
1.500000000000000000e+02
1.600000000000000000e+02
1.780000000000000000e+02
1.780000000000000000e+02
2.000000000000000000e+02
2.120000000000000000e+02
2.260000000000000000e+02
2.430000000000000000e+02
2.660000000000000000e+02
3.130000000000000000e+02
3.450000000000000000e+02
3.850000000000000000e+02
4.320000000000000000e+02
4.550000000000000000e+02
5.090000000000000000e+02
5.580000000000000000e+02
6.310000000000000000e+02
6.830000000000000000e+02
7.320000000000000000e+02
8.020000000000000000e+02
8.440000000000000000e+02
8.790000000000000000e+02
9.260000000000000000e+02
1.000000000000000000e+03
1.049000000000000000e+03
1.114000000000000000e+03
1.189000000000000000e+03
1.309000000000000000e+03
1.375000000000000000e+03
1.481000000000000000e+03
1.623000000000000000e+03
1.910000000000000000e+03
2.108000000000000000e+03
2.299000000000000000e+03
2.532000000000000000e+03
2.918000000000000000e+03
3.252000000000000000e+03
3.699000000000000000e+03
4.427000000000000000e+03
5.050000000000000000e+03
5.992000000000000000e+03
6.588000000000000000e+03
8.014000000000000000e+03
9.125000000000000000e+03
1.014100000000000000e+04
1.117800000000000000e+04
1.207500000000000000e+04
1.269300000000000000e+04
1.362400000000000000e+04
1.442300000000000000e+04
1.495100000000000000e+04
1.564100000000000000e+04
1.616900000000000000e+04
1.710100000000000000e+04
1.754800000000000000e+04
1.820500000000000000e+04
1.877800000000000000e+04
1.941000000000000000e+04
2.019800000000000000e+04
2.093900000000000000e+04
2.170700000000000000e+04
2.246000000000000000e+04
2.333600000000000000e+04
2.382200000000000000e+04
2.467100000000000000e+04
2.534600000000000000e+04
2.609800000000000000e+04
2.689100000000000000e+04
2.735600000000000000e+04
2.803800000000000000e+04
2.834300000000000000e+04
2.879400000000000000e+04
2.936400000000000000e+04
2.981200000000000000e+04
3.042600000000000000e+04
3.106800000000000000e+04
3.161600000000000000e+04
3.196000000000000000e+04
3.234300000000000000e+04
3.287600000000000000e+04
3.324900000000000000e+04
3.386000000000000000e+04
3.436600000000000000e+04
3.488400000000000000e+04
3.529200000000000000e+04
3.583600000000000000e+04
3.640500000000000000e+04
3.692200000000000000e+04
3.718300000000000000e+04
3.752700000000000000e+04
3.791000000000000000e+04
3.829600000000000000e+04
3.851400000000000000e+04
3.896500000000000000e+04
3.938700000000000000e+04
3.985000000000000000e+04
4.019700000000000000e+04
4.060400000000000000e+04
4.081800000000000000e+04
4.096900000000000000e+04
4.121600000000000000e+04
4.147300000000000000e+04
4.161500000000000000e+04
4.183300000000000000e+04
4.209500000000000000e+04
4.231300000000000000e+04
4.243200000000000000e+04
4.262300000000000000e+04
4.273600000000000000e+04
4.295500000000000000e+04
4.324600000000000000e+04
4.345900000000000000e+04
4.366100000000000000e+04
4.390700000000000000e+04
4.412200000000000000e+04
4.431000000000000000e+04
4.447900000000000000e+04
4.466400000000000000e+04
4.480000000000000000e+04
4.498300000000000000e+04
4.514000000000000000e+04
4.529800000000000000e+04
4.542300000000000000e+04
4.561400000000000000e+04
4.578300000000000000e+04
4.596100000000000000e+04
4.628300000000000000e+04
4.663000000000000000e+04
4.687800000000000000e+04
4.712600000000000000e+04
4.745300000000000000e+04
4.765500000000000000e+04
4.791200000000000000e+04
4.803500000000000000e+04
4.843400000000000000e+04
4.874400000000000000e+04
4.909800000000000000e+04
4.937500000000000000e+04
4.988800000000000000e+04
5.036900000000000000e+04
5.083800000000000000e+04
5.119700000000000000e+04
5.153100000000000000e+04
5.180900000000000000e+04
5.220500000000000000e+04
5.251200000000000000e+04
5.282500000000000000e+04
5.305100000000000000e+04
5.334600000000000000e+04
5.425400000000000000e+04
5.455500000000000000e+04
5.479700000000000000e+04
5.492900000000000000e+04
5.510400000000000000e+04
5.529200000000000000e+04
5.535300000000000000e+04
5.539500000000000000e+04
5.549700000000000000e+04
5.558000000000000000e+04
5.566100000000000000e+04
5.574700000000000000e+04
5.583800000000000000e+04
5.593800000000000000e+04
5.603100000000000000e+04
5.609900000000000000e+04
5.621600000000000000e+04
5.626600000000000000e+04
5.635300000000000000e+04
5.640400000000000000e+04
5.643500000000000000e+04
5.649500000000000000e+04
5.657200000000000000e+04
5.666600000000000000e+04
5.671700000000000000e+04
5.677100000000000000e+04
5.681200000000000000e+04
5.685200000000000000e+04
5.686000000000000000e+04
5.690800000000000000e+04
5.694800000000000000e+04
5.698200000000000000e+04
5.702200000000000000e+04
5.704400000000000000e+04
5.709100000000000000e+04
5.716600000000000000e+04
5.722900000000000000e+04
5.731500000000000000e+04
5.735700000000000000e+04
5.740600000000000000e+04
5.745400000000000000e+04
5.748800000000000000e+04
5.751400000000000000e+04
5.753200000000000000e+04
5.754300000000000000e+04
5.755800000000000000e+04
5.757600000000000000e+04
5.760600000000000000e+04
5.762700000000000000e+04
5.763900000000000000e+04
5.765400000000000000e+04
5.766500000000000000e+04
5.768500000000000000e+04
5.770000000000000000e+04
5.771500000000000000e+04
5.774200000000000000e+04
5.776500000000000000e+04
5.778400000000000000e+04
5.779400000000000000e+04
5.780000000000000000e+04
5.781200000000000000e+04
5.781900000000000000e+04
5.783000000000000000e+04
5.784000000000000000e+04
5.784900000000000000e+04
5.785900000000000000e+04
5.786600000000000000e+04
5.787600000000000000e+04
5.788000000000000000e+04
5.788400000000000000e+04
5.788900000000000000e+04
5.789200000000000000e+04
5.790100000000000000e+04
5.790400000000000000e+04
5.791100000000000000e+04
5.791500000000000000e+04
5.792100000000000000e+04
5.793300000000000000e+04
5.794100000000000000e+04
5.795100000000000000e+04
5.796500000000000000e+04
5.797000000000000000e+04
5.797300000000000000e+04
5.798000000000000000e+04
5.798700000000000000e+04
5.799400000000000000e+04
5.800300000000000000e+04
5.801500000000000000e+04
5.801900000000000000e+04
5.802000000000000000e+04
5.802900000000000000e+04
5.803600000000000000e+04
5.804300000000000000e+04
5.804700000000000000e+04
5.805400000000000000e+04
5.805600000000000000e+04
5.806400000000000000e+04
5.807300000000000000e+04
5.809100000000000000e+04
5.810200000000000000e+04
5.811400000000000000e+04
5.811600000000000000e+04
5.811900000000000000e+04
5.812400000000000000e+04
5.813000000000000000e+04
5.813500000000000000e+04
5.813900000000000000e+04
5.814300000000000000e+04
5.814800000000000000e+04
5.816000000000000000e+04
5.816500000000000000e+04
5.818300000000000000e+04
5.819000000000000000e+04
5.819500000000000000e+04
5.819900000000000000e+04
5.820500000000000000e+04
5.821300000000000000e+04
5.821800000000000000e+04
5.822800000000000000e+04
5.823000000000000000e+04
5.823900000000000000e+04
5.824200000000000000e+04
5.825500000000000000e+04
5.826000000000000000e+04
5.827300000000000000e+04
5.828500000000000000e+04
5.829100000000000000e+04
5.829700000000000000e+04
5.830500000000000000e+04
5.831300000000000000e+04
5.832000000000000000e+04
5.832500000000000000e+04
5.834100000000000000e+04
5.835300000000000000e+04
5.837700000000000000e+04
5.838600000000000000e+04
5.840300000000000000e+04
5.842200000000000000e+04
5.843200000000000000e+04
5.846100000000000000e+04
5.848200000000000000e+04
5.849500000000000000e+04
5.850900000000000000e+04
5.851900000000000000e+04
5.852400000000000000e+04
5.852900000000000000e+04
5.854200000000000000e+04
5.856900000000000000e+04
5.859900000000000000e+04
5.862900000000000000e+04
5.866200000000000000e+04
5.869700000000000000e+04
5.872100000000000000e+04
5.874900000000000000e+04
5.878000000000000000e+04
5.881300000000000000e+04
5.883600000000000000e+04
5.886500000000000000e+04
5.890700000000000000e+04
5.892900000000000000e+04
5.894600000000000000e+04
5.898400000000000000e+04
5.902900000000000000e+04
5.905900000000000000e+04
5.908300000000000000e+04
5.911300000000000000e+04
5.912700000000000000e+04
5.915700000000000000e+04
5.919700000000000000e+04
5.923500000000000000e+04
5.925000000000000000e+04
5.926000000000000000e+04
5.930800000000000000e+04
5.935200000000000000e+04
5.936600000000000000e+04
5.939100000000000000e+04
5.942500000000000000e+04
5.944900000000000000e+04
5.950700000000000000e+04
5.953600000000000000e+04
5.956500000000000000e+04
5.958400000000000000e+04
5.960200000000000000e+04
5.962400000000000000e+04
5.964900000000000000e+04
5.967500000000000000e+04
5.969900000000000000e+04
5.972100000000000000e+04
5.973200000000000000e+04
5.974700000000000000e+04
5.975900000000000000e+04
5.977700000000000000e+04
5.978600000000000000e+04
5.980000000000000000e+04
5.980900000000000000e+04
5.981000000000000000e+04
5.982100000000000000e+04
5.983200000000000000e+04
5.984600000000000000e+04
5.985800000000000000e+04
5.986900000000000000e+04
5.987900000000000000e+04
5.988300000000000000e+04
5.989000000000000000e+04
5.990000000000000000e+04
5.991300000000000000e+04
5.992500000000000000e+04
5.993600000000000000e+04
5.994800000000000000e+04
5.995600000000000000e+04
5.997900000000000000e+04
5.999800000000000000e+04
6.000700000000000000e+04
6.002000000000000000e+04
6.003300000000000000e+04
6.004600000000000000e+04
6.005200000000000000e+04
6.006200000000000000e+04
6.007000000000000000e+04
6.008000000000000000e+04
6.008800000000000000e+04
6.010500000000000000e+04
6.011700000000000000e+04
6.012800000000000000e+04
6.013700000000000000e+04
6.015200000000000000e+04
6.016700000000000000e+04
6.018400000000000000e+04
6.019600000000000000e+04
6.020800000000000000e+04
6.022100000000000000e+04
6.023600000000000000e+04
6.025300000000000000e+04
6.026500000000000000e+04
6.028800000000000000e+04
6.030000000000000000e+04
6.032100000000000000e+04
6.034700000000000000e+04
6.038100000000000000e+04
6.040700000000000000e+04
6.045000000000000000e+04
6.046800000000000000e+04
6.047800000000000000e+04
6.049500000000000000e+04
6.051900000000000000e+04
6.055400000000000000e+04
6.057500000000000000e+04
6.060100000000000000e+04
6.063300000000000000e+04
6.065300000000000000e+04
6.067800000000000000e+04
6.069200000000000000e+04
6.071900000000000000e+04
6.073500000000000000e+04
6.076900000000000000e+04
6.080800000000000000e+04
6.083100000000000000e+04
6.085100000000000000e+04
6.086500000000000000e+04
6.088000000000000000e+04
6.090400000000000000e+04
6.094300000000000000e+04
6.096600000000000000e+04
6.100600000000000000e+04
6.105100000000000000e+04
6.106300000000000000e+04
6.108600000000000000e+04
6.112100000000000000e+04
6.114500000000000000e+04
6.117900000000000000e+04
6.121800000000000000e+04
6.123500000000000000e+04
6.125200000000000000e+04
6.126800000000000000e+04
6.128600000000000000e+04
6.131100000000000000e+04
6.133100000000000000e+04
6.135900000000000000e+04
6.137800000000000000e+04
6.140300000000000000e+04
6.141900000000000000e+04
6.145300000000000000e+04
6.150500000000000000e+04
6.153600000000000000e+04
6.158500000000000000e+04
6.161300000000000000e+04
6.165100000000000000e+04
6.168900000000000000e+04
6.173000000000000000e+04
6.177000000000000000e+04
6.179900000000000000e+04
6.182400000000000000e+04
6.186000000000000000e+04
6.189000000000000000e+04
6.191600000000000000e+04
6.194000000000000000e+04
6.197000000000000000e+04
6.200300000000000000e+04
6.202800000000000000e+04
6.205100000000000000e+04
6.206900000000000000e+04
6.210000000000000000e+04
6.214500000000000000e+04
6.215800000000000000e+04
6.217600000000000000e+04
6.219600000000000000e+04
6.221000000000000000e+04
6.221900000000000000e+04
6.222300000000000000e+04
6.223600000000000000e+04
6.224500000000000000e+04
6.226300000000000000e+04
6.227600000000000000e+04
6.230100000000000000e+04
6.231500000000000000e+04
6.233900000000000000e+04
6.236600000000000000e+04
6.238200000000000000e+04
6.240300000000000000e+04
6.241400000000000000e+04
6.243000000000000000e+04
6.244800000000000000e+04
6.247000000000000000e+04
6.249300000000000000e+04
6.251300000000000000e+04
6.253000000000000000e+04
6.254400000000000000e+04
6.255300000000000000e+04
6.256300000000000000e+04
6.257900000000000000e+04
6.258900000000000000e+04
6.259900000000000000e+04
6.260600000000000000e+04
6.261700000000000000e+04
6.263000000000000000e+04
6.264000000000000000e+04
6.265200000000000000e+04
6.266800000000000000e+04
6.267800000000000000e+04
6.268400000000000000e+04
6.269200000000000000e+04
6.271800000000000000e+04
6.274400000000000000e+04
6.280400000000000000e+04
6.285200000000000000e+04
6.291300000000000000e+04
6.298100000000000000e+04
6.307300000000000000e+04
6.324500000000000000e+04
6.344000000000000000e+04
6.362100000000000000e+04
6.379100000000000000e+04
6.392400000000000000e+04
6.405400000000000000e+04
6.417900000000000000e+04
6.431400000000000000e+04
6.445300000000000000e+04
6.458900000000000000e+04
6.472200000000000000e+04
6.486100000000000000e+04
6.498100000000000000e+04
6.510200000000000000e+04
