0.000000000000000000e+00
0.000000000000000000e+00
0.000000000000000000e+00
0.000000000000000000e+00
0.000000000000000000e+00
0.000000000000000000e+00
0.000000000000000000e+00
0.000000000000000000e+00
0.000000000000000000e+00
0.000000000000000000e+00
0.000000000000000000e+00
0.000000000000000000e+00
0.000000000000000000e+00
0.000000000000000000e+00
0.000000000000000000e+00
0.000000000000000000e+00
0.000000000000000000e+00
0.000000000000000000e+00
0.000000000000000000e+00
0.000000000000000000e+00
0.000000000000000000e+00
0.000000000000000000e+00
0.000000000000000000e+00
0.000000000000000000e+00
0.000000000000000000e+00
0.000000000000000000e+00
0.000000000000000000e+00
0.000000000000000000e+00
0.000000000000000000e+00
0.000000000000000000e+00
0.000000000000000000e+00
0.000000000000000000e+00
0.000000000000000000e+00
0.000000000000000000e+00
0.000000000000000000e+00
0.000000000000000000e+00
1.000000000000000000e+00
1.000000000000000000e+00
1.000000000000000000e+00
1.000000000000000000e+00
1.000000000000000000e+00
2.000000000000000000e+00
2.000000000000000000e+00
3.000000000000000000e+00
1.000000000000000000e+01
1.000000000000000000e+01
1.000000000000000000e+01
1.000000000000000000e+01
1.200000000000000000e+01
1.600000000000000000e+01
1.600000000000000000e+01
7.900000000000000000e+01
1.150000000000000000e+02
1.710000000000000000e+02
2.050000000000000000e+02
2.250000000000000000e+02
2.580000000000000000e+02
2.670000000000000000e+02
2.830000000000000000e+02
3.060000000000000000e+02
3.260000000000000000e+02
3.520000000000000000e+02
3.690000000000000000e+02
4.040000000000000000e+02
5.380000000000000000e+02
5.750000000000000000e+02
6.450000000000000000e+02
6.790000000000000000e+02
7.150000000000000000e+02
7.450000000000000000e+02
7.790000000000000000e+02
8.580000000000000000e+02
9.610000000000000000e+02
1.039000000000000000e+03
1.097000000000000000e+03
1.108000000000000000e+03
1.149000000000000000e+03
1.185000000000000000e+03
1.207000000000000000e+03
1.258000000000000000e+03
1.304000000000000000e+03
1.309000000000000000e+03
1.332000000000000000e+03
1.373000000000000000e+03
1.400000000000000000e+03
1.434000000000000000e+03
1.459000000000000000e+03
1.512000000000000000e+03
1.528000000000000000e+03
1.535000000000000000e+03
1.552000000000000000e+03
1.559000000000000000e+03
1.592000000000000000e+03
1.605000000000000000e+03
1.635000000000000000e+03
1.643000000000000000e+03
1.647000000000000000e+03
1.660000000000000000e+03
1.666000000000000000e+03
1.689000000000000000e+03
1.694000000000000000e+03
1.699000000000000000e+03
1.700000000000000000e+03
1.703000000000000000e+03
1.711000000000000000e+03
1.713000000000000000e+03
1.720000000000000000e+03
1.725000000000000000e+03
1.733000000000000000e+03
1.739000000000000000e+03
1.741000000000000000e+03
1.746000000000000000e+03
1.751000000000000000e+03
1.758000000000000000e+03
1.766000000000000000e+03
1.770000000000000000e+03
1.774000000000000000e+03
1.784000000000000000e+03
1.791000000000000000e+03
1.794000000000000000e+03
1.800000000000000000e+03
1.807000000000000000e+03
1.821000000000000000e+03
1.823000000000000000e+03
1.824000000000000000e+03
1.834000000000000000e+03
1.840000000000000000e+03
1.851000000000000000e+03
1.859000000000000000e+03
1.865000000000000000e+03
1.869000000000000000e+03
1.870000000000000000e+03
1.870000000000000000e+03
1.880000000000000000e+03
1.890000000000000000e+03
1.910000000000000000e+03
1.931000000000000000e+03
1.939000000000000000e+03
1.940000000000000000e+03
1.947000000000000000e+03
1.958000000000000000e+03
1.965000000000000000e+03
1.970000000000000000e+03
1.973000000000000000e+03
1.973000000000000000e+03
1.974000000000000000e+03
1.975000000000000000e+03
1.977000000000000000e+03
1.977000000000000000e+03
1.979000000000000000e+03
1.981000000000000000e+03
1.981000000000000000e+03
1.981000000000000000e+03
1.982000000000000000e+03
1.983000000000000000e+03
1.984000000000000000e+03
1.986000000000000000e+03
1.986000000000000000e+03
1.987000000000000000e+03
1.987000000000000000e+03
1.989000000000000000e+03
1.989000000000000000e+03
1.990000000000000000e+03
1.991000000000000000e+03
1.993000000000000000e+03
1.993000000000000000e+03
1.994000000000000000e+03
1.995000000000000000e+03
2.003000000000000000e+03
2.011000000000000000e+03
2.013000000000000000e+03
2.014000000000000000e+03
2.014000000000000000e+03
2.014000000000000000e+03
2.015000000000000000e+03
2.016000000000000000e+03
2.016000000000000000e+03
2.020000000000000000e+03
2.021000000000000000e+03
2.021000000000000000e+03
2.021000000000000000e+03
2.022000000000000000e+03
2.025000000000000000e+03
2.027000000000000000e+03
2.028000000000000000e+03
2.033000000000000000e+03
2.034000000000000000e+03
2.034000000000000000e+03
2.038000000000000000e+03
2.042000000000000000e+03
2.051000000000000000e+03
2.064000000000000000e+03
2.072000000000000000e+03
2.079000000000000000e+03
2.080000000000000000e+03
2.091000000000000000e+03
2.113000000000000000e+03
2.124000000000000000e+03
2.133000000000000000e+03
2.147000000000000000e+03
2.152000000000000000e+03
2.158000000000000000e+03
2.167000000000000000e+03
2.174000000000000000e+03
2.174000000000000000e+03
2.177000000000000000e+03
2.184000000000000000e+03
2.190000000000000000e+03
2.192000000000000000e+03
2.200000000000000000e+03
2.207000000000000000e+03
2.227000000000000000e+03
2.244000000000000000e+03
2.265000000000000000e+03
2.272000000000000000e+03
2.275000000000000000e+03
2.294000000000000000e+03
2.311000000000000000e+03
2.325000000000000000e+03
2.343000000000000000e+03
2.363000000000000000e+03
2.373000000000000000e+03
2.375000000000000000e+03
2.395000000000000000e+03
2.415000000000000000e+03
2.441000000000000000e+03
2.456000000000000000e+03
2.491000000000000000e+03
2.516000000000000000e+03
2.532000000000000000e+03
2.564000000000000000e+03
2.585000000000000000e+03
2.600000000000000000e+03
2.632000000000000000e+03
2.655000000000000000e+03
2.676000000000000000e+03
2.698000000000000000e+03
2.722000000000000000e+03
2.756000000000000000e+03
2.778000000000000000e+03
2.814000000000000000e+03
2.875000000000000000e+03
2.924000000000000000e+03
2.941000000000000000e+03
2.976000000000000000e+03
3.033000000000000000e+03
3.076000000000000000e+03
3.118000000000000000e+03
3.165000000000000000e+03
3.200000000000000000e+03
3.267000000000000000e+03
3.315000000000000000e+03
3.371000000000000000e+03
3.450000000000000000e+03
3.507000000000000000e+03
3.577000000000000000e+03
3.607000000000000000e+03
3.617000000000000000e+03
3.659000000000000000e+03
3.715000000000000000e+03
3.760000000000000000e+03
3.809000000000000000e+03
3.846000000000000000e+03
3.865000000000000000e+03
3.883000000000000000e+03
3.908000000000000000e+03
3.947000000000000000e+03
3.980000000000000000e+03
4.017000000000000000e+03
4.052000000000000000e+03
4.078000000000000000e+03
4.085000000000000000e+03
4.127000000000000000e+03
4.171000000000000000e+03
4.247000000000000000e+03
4.300000000000000000e+03
4.351000000000000000e+03
4.411000000000000000e+03
4.428000000000000000e+03
4.465000000000000000e+03
4.590000000000000000e+03
4.671000000000000000e+03
4.771000000000000000e+03
4.905000000000000000e+03
4.985000000000000000e+03
5.046000000000000000e+03
5.125000000000000000e+03
5.333000000000000000e+03
5.464000000000000000e+03
5.705000000000000000e+03
5.933000000000000000e+03
6.125000000000000000e+03
6.250000000000000000e+03
6.376000000000000000e+03
6.508000000000000000e+03
6.881000000000000000e+03
7.148000000000000000e+03
7.412000000000000000e+03
7.637000000000000000e+03
7.848000000000000000e+03
8.033000000000000000e+03
8.304000000000000000e+03
8.715000000000000000e+03
9.076000000000000000e+03
9.375000000000000000e+03
9.724000000000000000e+03
9.956000000000000000e+03
1.015900000000000000e+04
1.054100000000000000e+04
1.095500000000000000e+04
1.132300000000000000e+04
1.169800000000000000e+04
1.205200000000000000e+04
1.230800000000000000e+04
1.249700000000000000e+04
1.301900000000000000e+04
1.346900000000000000e+04
1.393900000000000000e+04
1.450000000000000000e+04
1.497800000000000000e+04
1.522600000000000000e+04
1.551000000000000000e+04
1.605400000000000000e+04
1.659800000000000000e+04
1.695600000000000000e+04
1.771300000000000000e+04
1.805500000000000000e+04
1.838500000000000000e+04
1.868200000000000000e+04
1.927100000000000000e+04
2.000400000000000000e+04
2.065800000000000000e+04
2.121900000000000000e+04
2.179400000000000000e+04
2.208300000000000000e+04
2.264700000000000000e+04
2.330900000000000000e+04
2.400900000000000000e+04
2.458200000000000000e+04
2.502700000000000000e+04
2.539200000000000000e+04
2.580800000000000000e+04
2.628300000000000000e+04
2.725600000000000000e+04
2.799000000000000000e+04
2.840600000000000000e+04
2.878900000000000000e+04
2.913100000000000000e+04
2.952100000000000000e+04
2.995000000000000000e+04
3.066700000000000000e+04
3.175100000000000000e+04
3.253700000000000000e+04
3.308900000000000000e+04
3.351600000000000000e+04
3.380500000000000000e+04
3.413800000000000000e+04
3.499100000000000000e+04
3.562100000000000000e+04
3.609600000000000000e+04
3.669100000000000000e+04
3.707900000000000000e+04
3.734400000000000000e+04
3.794100000000000000e+04
3.854400000000000000e+04
3.921200000000000000e+04
3.970100000000000000e+04
4.018400000000000000e+04
4.071600000000000000e+04
4.097500000000000000e+04
4.133000000000000000e+04
4.196600000000000000e+04
4.265600000000000000e+04
4.334300000000000000e+04
4.374700000000000000e+04
4.420800000000000000e+04
4.457500000000000000e+04
4.497800000000000000e+04
4.566300000000000000e+04
4.633400000000000000e+04
4.692500000000000000e+04
4.751200000000000000e+04
4.792800000000000000e+04
4.826700000000000000e+04
4.880900000000000000e+04
4.960500000000000000e+04
5.028000000000000000e+04
5.099300000000000000e+04
5.174900000000000000e+04
5.241600000000000000e+04
5.282700000000000000e+04
5.344400000000000000e+04
5.430000000000000000e+04
5.529500000000000000e+04
5.624600000000000000e+04
5.703300000000000000e+04
5.761600000000000000e+04
5.844500000000000000e+04
5.940700000000000000e+04
6.047500000000000000e+04
6.162700000000000000e+04
6.283000000000000000e+04
6.439900000000000000e+04
6.560000000000000000e+04
6.662800000000000000e+04
6.773900000000000000e+04
6.919300000000000000e+04
7.061000000000000000e+04
7.214400000000000000e+04
7.368400000000000000e+04
7.500300000000000000e+04
7.618300000000000000e+04
7.749100000000000000e+04
7.897300000000000000e+04
8.092900000000000000e+04
8.228600000000000000e+04
8.387200000000000000e+04
8.480700000000000000e+04
8.608600000000000000e+04
8.754800000000000000e+04
8.933100000000000000e+04
9.103100000000000000e+04
9.278000000000000000e+04
9.402800000000000000e+04
9.540100000000000000e+04
9.639400000000000000e+04
9.745600000000000000e+04
9.900800000000000000e+04
1.004370000000000000e+05
1.015870000000000000e+05
1.027380000000000000e+05
1.036300000000000000e+05
1.042140000000000000e+05
1.054160000000000000e+05
1.064240000000000000e+05
1.072530000000000000e+05
1.084180000000000000e+05
1.089370000000000000e+05
1.093990000000000000e+05
1.097810000000000000e+05
1.106800000000000000e+05
1.116640000000000000e+05
1.124210000000000000e+05
1.130980000000000000e+05
1.137360000000000000e+05
1.141740000000000000e+05
1.144430000000000000e+05
1.150800000000000000e+05
1.156290000000000000e+05
1.162000000000000000e+05
1.166780000000000000e+05
1.170110000000000000e+05
1.175540000000000000e+05
1.177820000000000000e+05
1.183170000000000000e+05
1.187890000000000000e+05
1.192180000000000000e+05
1.196100000000000000e+05
1.200000000000000000e+05
1.202150000000000000e+05
1.203780000000000000e+05
1.208360000000000000e+05
1.212320000000000000e+05
1.216570000000000000e+05
1.220190000000000000e+05
1.224500000000000000e+05
1.226850000000000000e+05
1.229430000000000000e+05
1.233440000000000000e+05
1.237810000000000000e+05
1.241470000000000000e+05
1.245290000000000000e+05
1.249010000000000000e+05
1.251260000000000000e+05
1.253370000000000000e+05
1.256960000000000000e+05
1.260640000000000000e+05
1.263640000000000000e+05
1.266420000000000000e+05
1.269220000000000000e+05
1.270530000000000000e+05
1.272060000000000000e+05
1.275000000000000000e+05
1.277570000000000000e+05
1.280840000000000000e+05
1.283090000000000000e+05
1.284890000000000000e+05
1.285920000000000000e+05
1.286690000000000000e+05
1.288290000000000000e+05
1.290140000000000000e+05
1.291580000000000000e+05
1.292970000000000000e+05
1.294240000000000000e+05
1.294860000000000000e+05
1.295440000000000000e+05
1.296740000000000000e+05
1.298040000000000000e+05
1.299090000000000000e+05
1.300050000000000000e+05
1.300680000000000000e+05
1.301190000000000000e+05
1.301560000000000000e+05
1.302420000000000000e+05
1.303100000000000000e+05
1.303640000000000000e+05
1.304180000000000000e+05
1.304730000000000000e+05
1.305100000000000000e+05
1.305380000000000000e+05
1.305990000000000000e+05
1.306580000000000000e+05
1.306950000000000000e+05
1.307510000000000000e+05
1.307810000000000000e+05
1.308060000000000000e+05
1.308180000000000000e+05
1.308550000000000000e+05
1.308800000000000000e+05
1.308980000000000000e+05
1.309080000000000000e+05
1.309410000000000000e+05
1.309680000000000000e+05
1.309830000000000000e+05
1.310280000000000000e+05
1.310640000000000000e+05
1.310850000000000000e+05
1.311230000000000000e+05
1.311610000000000000e+05
1.311880000000000000e+05
1.312070000000000000e+05
1.312570000000000000e+05
1.312990000000000000e+05
1.313570000000000000e+05
1.313960000000000000e+05
1.314600000000000000e+05
1.314870000000000000e+05
1.315080000000000000e+05
1.315620000000000000e+05
1.316180000000000000e+05
1.316810000000000000e+05
1.317430000000000000e+05
1.318070000000000000e+05
1.318480000000000000e+05
1.318820000000000000e+05
1.319630000000000000e+05
1.320590000000000000e+05
1.321790000000000000e+05
1.322620000000000000e+05
1.323680000000000000e+05
1.324580000000000000e+05
1.325240000000000000e+05
1.327170000000000000e+05
1.328910000000000000e+05
1.331110000000000000e+05
1.333080000000000000e+05
1.335570000000000000e+05
1.336850000000000000e+05
