0.000000000000000000e+00
0.000000000000000000e+00
0.000000000000000000e+00
0.000000000000000000e+00
0.000000000000000000e+00
0.000000000000000000e+00
0.000000000000000000e+00
0.000000000000000000e+00
0.000000000000000000e+00
0.000000000000000000e+00
0.000000000000000000e+00
0.000000000000000000e+00
0.000000000000000000e+00
0.000000000000000000e+00
0.000000000000000000e+00
0.000000000000000000e+00
0.000000000000000000e+00
0.000000000000000000e+00
0.000000000000000000e+00
0.000000000000000000e+00
0.000000000000000000e+00
0.000000000000000000e+00
0.000000000000000000e+00
0.000000000000000000e+00
0.000000000000000000e+00
0.000000000000000000e+00
0.000000000000000000e+00
0.000000000000000000e+00
0.000000000000000000e+00
0.000000000000000000e+00
0.000000000000000000e+00
0.000000000000000000e+00
0.000000000000000000e+00
0.000000000000000000e+00
0.000000000000000000e+00
0.000000000000000000e+00
0.000000000000000000e+00
0.000000000000000000e+00
0.000000000000000000e+00
0.000000000000000000e+00
0.000000000000000000e+00
0.000000000000000000e+00
0.000000000000000000e+00
0.000000000000000000e+00
0.000000000000000000e+00
0.000000000000000000e+00
0.000000000000000000e+00
0.000000000000000000e+00
0.000000000000000000e+00
0.000000000000000000e+00
0.000000000000000000e+00
0.000000000000000000e+00
2.000000000000000000e+00
1.000000000000000000e+01
1.700000000000000000e+01
3.300000000000000000e+01
3.600000000000000000e+01
4.200000000000000000e+01
4.200000000000000000e+01
7.000000000000000000e+01
7.000000000000000000e+01
7.700000000000000000e+01
8.400000000000000000e+01
9.100000000000000000e+01
1.070000000000000000e+02
1.070000000000000000e+02
1.190000000000000000e+02
1.190000000000000000e+02
1.350000000000000000e+02
1.350000000000000000e+02
1.430000000000000000e+02
1.460000000000000000e+02
1.530000000000000000e+02
1.550000000000000000e+02
1.590000000000000000e+02
1.650000000000000000e+02
1.650000000000000000e+02
1.670000000000000000e+02
1.710000000000000000e+02
1.710000000000000000e+02
1.750000000000000000e+02
1.810000000000000000e+02
1.890000000000000000e+02
1.890000000000000000e+02
1.970000000000000000e+02
2.040000000000000000e+02
2.040000000000000000e+02
2.270000000000000000e+02
2.560000000000000000e+02
2.560000000000000000e+02
2.850000000000000000e+02
2.880000000000000000e+02
3.110000000000000000e+02
3.180000000000000000e+02
3.230000000000000000e+02
3.250000000000000000e+02
3.290000000000000000e+02
3.290000000000000000e+02
3.310000000000000000e+02
3.330000000000000000e+02
3.350000000000000000e+02
3.450000000000000000e+02
3.570000000000000000e+02
3.570000000000000000e+02
3.610000000000000000e+02
3.790000000000000000e+02
3.810000000000000000e+02
3.880000000000000000e+02
4.020000000000000000e+02
4.140000000000000000e+02
4.220000000000000000e+02
4.230000000000000000e+02
4.230000000000000000e+02
4.550000000000000000e+02
4.590000000000000000e+02
5.040000000000000000e+02
5.410000000000000000e+02
6.180000000000000000e+02
7.490000000000000000e+02
8.240000000000000000e+02
8.820000000000000000e+02
9.440000000000000000e+02
1.010000000000000000e+03
1.121000000000000000e+03
1.177000000000000000e+03
1.211000000000000000e+03
1.245000000000000000e+03
1.325000000000000000e+03
1.370000000000000000e+03
1.459000000000000000e+03
1.510000000000000000e+03
1.662000000000000000e+03
1.819000000000000000e+03
1.952000000000000000e+03
2.087000000000000000e+03
2.145000000000000000e+03
2.316000000000000000e+03
2.377000000000000000e+03
2.473000000000000000e+03
2.632000000000000000e+03
2.738000000000000000e+03
2.814000000000000000e+03
2.879000000000000000e+03
2.904000000000000000e+03
2.978000000000000000e+03
3.062000000000000000e+03
3.150000000000000000e+03
3.386000000000000000e+03
3.483000000000000000e+03
3.591000000000000000e+03
3.789000000000000000e+03
3.917000000000000000e+03
4.048000000000000000e+03
4.187000000000000000e+03
4.366000000000000000e+03
4.563000000000000000e+03
4.779000000000000000e+03
5.130000000000000000e+03
5.297000000000000000e+03
5.530000000000000000e+03
5.832000000000000000e+03
6.062000000000000000e+03
6.273000000000000000e+03
6.537000000000000000e+03
6.750000000000000000e+03
7.169000000000000000e+03
7.411000000000000000e+03
7.693000000000000000e+03
8.008000000000000000e+03
8.372000000000000000e+03
8.803000000000000000e+03
9.178000000000000000e+03
9.465000000000000000e+03
9.707000000000000000e+03
1.001000000000000000e+04
1.042800000000000000e+04
1.085400000000000000e+04
1.119100000000000000e+04
1.148300000000000000e+04
1.189100000000000000e+04
1.233400000000000000e+04
1.277400000000000000e+04
1.316400000000000000e+04
1.361300000000000000e+04
1.426300000000000000e+04
1.492900000000000000e+04
1.546300000000000000e+04
1.598800000000000000e+04
1.657100000000000000e+04
1.715800000000000000e+04
1.785900000000000000e+04
1.857400000000000000e+04
1.944300000000000000e+04
2.020600000000000000e+04
2.075400000000000000e+04
2.143800000000000000e+04
2.229900000000000000e+04
2.328000000000000000e+04
2.416600000000000000e+04
2.496100000000000000e+04
2.580500000000000000e+04
2.680000000000000000e+04
2.793800000000000000e+04
2.908800000000000000e+04
3.036900000000000000e+04
3.138100000000000000e+04
3.260700000000000000e+04
3.375500000000000000e+04
3.480200000000000000e+04
3.569700000000000000e+04
3.686800000000000000e+04
3.756700000000000000e+04
3.821900000000000000e+04
3.895700000000000000e+04
3.956400000000000000e+04
4.033800000000000000e+04
4.115800000000000000e+04
4.196500000000000000e+04
4.289800000000000000e+04
4.387900000000000000e+04
4.494600000000000000e+04
4.586800000000000000e+04
4.672800000000000000e+04
4.775600000000000000e+04
4.888300000000000000e+04
4.987700000000000000e+04
5.097300000000000000e+04
5.216500000000000000e+04
5.328900000000000000e+04
5.435000000000000000e+04
5.556300000000000000e+04
5.675100000000000000e+04
5.782300000000000000e+04
5.866300000000000000e+04
5.963000000000000000e+04
6.054000000000000000e+04
6.156900000000000000e+04
6.265500000000000000e+04
6.341600000000000000e+04
6.428400000000000000e+04
6.517400000000000000e+04
6.594900000000000000e+04
6.665600000000000000e+04
6.744300000000000000e+04
6.845300000000000000e+04
6.943900000000000000e+04
7.040600000000000000e+04
7.127300000000000000e+04
7.194000000000000000e+04
7.269100000000000000e+04
7.352800000000000000e+04
7.436300000000000000e+04
7.512200000000000000e+04
7.602900000000000000e+04
7.682000000000000000e+04
7.764600000000000000e+04
7.843400000000000000e+04
7.911700000000000000e+04
7.979600000000000000e+04
8.040400000000000000e+04
8.101900000000000000e+04
8.169600000000000000e+04
8.245300000000000000e+04
8.313700000000000000e+04
8.375600000000000000e+04
8.439100000000000000e+04
8.500500000000000000e+04
8.546900000000000000e+04
8.575800000000000000e+04
8.628900000000000000e+04
8.663600000000000000e+04
8.663600000000000000e+04
8.764400000000000000e+04
8.803500000000000000e+04
8.841600000000000000e+04
8.871800000000000000e+04
8.914200000000000000e+04
8.956500000000000000e+04
9.004700000000000000e+04
9.040000000000000000e+04
9.087600000000000000e+04
9.128000000000000000e+04
9.158900000000000000e+04
9.201300000000000000e+04
9.232500000000000000e+04
9.270500000000000000e+04
9.310000000000000000e+04
9.348000000000000000e+04
9.392100000000000000e+04
9.430500000000000000e+04
9.469800000000000000e+04
9.488300000000000000e+04
9.514900000000000000e+04
9.544500000000000000e+04
9.575000000000000000e+04
9.614000000000000000e+04
9.644100000000000000e+04
9.693300000000000000e+04
9.735200000000000000e+04
9.773900000000000000e+04
9.805000000000000000e+04
9.835000000000000000e+04
9.866500000000000000e+04
9.901700000000000000e+04
9.943500000000000000e+04
9.983500000000000000e+04
1.001430000000000000e+05
1.004980000000000000e+05
1.008170000000000000e+05
1.012150000000000000e+05
1.015240000000000000e+05
1.017600000000000000e+05
1.020400000000000000e+05
1.023940000000000000e+05
1.026210000000000000e+05
1.030670000000000000e+05
1.035480000000000000e+05
1.038770000000000000e+05
1.041770000000000000e+05
1.044420000000000000e+05
1.049040000000000000e+05
1.053840000000000000e+05
1.058520000000000000e+05
1.062800000000000000e+05
1.067150000000000000e+05
1.071770000000000000e+05
1.077860000000000000e+05
1.081250000000000000e+05
1.084800000000000000e+05
1.087170000000000000e+05
1.090810000000000000e+05
1.093950000000000000e+05
1.097810000000000000e+05
1.100750000000000000e+05
1.105130000000000000e+05
1.108280000000000000e+05
1.110240000000000000e+05
1.112450000000000000e+05
1.116030000000000000e+05
1.119510000000000000e+05
1.123160000000000000e+05
1.126360000000000000e+05
1.128610000000000000e+05
1.131210000000000000e+05
1.135580000000000000e+05
1.138840000000000000e+05
1.140830000000000000e+05
1.142300000000000000e+05
1.144070000000000000e+05
1.146620000000000000e+05
1.149080000000000000e+05
1.153220000000000000e+05
1.156670000000000000e+05
1.161720000000000000e+05
1.166100000000000000e+05
1.169830000000000000e+05
1.172990000000000000e+05
1.178110000000000000e+05
1.184150000000000000e+05
1.188560000000000000e+05
1.193060000000000000e+05
1.198030000000000000e+05
1.204440000000000000e+05
1.211170000000000000e+05
1.216910000000000000e+05
1.222600000000000000e+05
1.227950000000000000e+05
1.232450000000000000e+05
1.237090000000000000e+05
1.241120000000000000e+05
1.245250000000000000e+05
1.249580000000000000e+05
1.253640000000000000e+05
1.257760000000000000e+05
1.263230000000000000e+05
1.269270000000000000e+05
1.273460000000000000e+05
1.277520000000000000e+05
1.283150000000000000e+05
1.287750000000000000e+05
1.292310000000000000e+05
1.296430000000000000e+05
1.301160000000000000e+05
1.305960000000000000e+05
1.310960000000000000e+05
1.314760000000000000e+05
1.318280000000000000e+05
1.322590000000000000e+05
1.327430000000000000e+05
1.332180000000000000e+05
1.335770000000000000e+05
1.339270000000000000e+05
1.343190000000000000e+05
1.347810000000000000e+05
1.351140000000000000e+05
1.356030000000000000e+05
1.360680000000000000e+05
1.365450000000000000e+05
1.369860000000000000e+05
1.374450000000000000e+05
1.378710000000000000e+05
1.382950000000000000e+05
1.387390000000000000e+05
1.391160000000000000e+05
1.395450000000000000e+05
1.399340000000000000e+05
1.403830000000000000e+05
1.409600000000000000e+05
1.413560000000000000e+05
1.418850000000000000e+05
1.423380000000000000e+05
1.427740000000000000e+05
1.433210000000000000e+05
1.433210000000000000e+05
1.442770000000000000e+05
1.447860000000000000e+05
1.453790000000000000e+05
1.453790000000000000e+05
1.464880000000000000e+05
1.470280000000000000e+05
1.475770000000000000e+05
1.482080000000000000e+05
1.491450000000000000e+05
1.503060000000000000e+05
1.511230000000000000e+05
1.518940000000000000e+05
1.525080000000000000e+05
1.533150000000000000e+05
1.541650000000000000e+05
1.549050000000000000e+05
1.556630000000000000e+05
1.566550000000000000e+05
1.579430000000000000e+05
1.591490000000000000e+05
1.604970000000000000e+05
1.617510000000000000e+05
1.627300000000000000e+05
1.643370000000000000e+05
1.661230000000000000e+05
1.675480000000000000e+05
1.690740000000000000e+05
1.701890000000000000e+05
1.713730000000000000e+05
1.724610000000000000e+05
1.737860000000000000e+05
1.748870000000000000e+05
1.758120000000000000e+05
1.769720000000000000e+05
1.780940000000000000e+05
1.793650000000000000e+05
1.806090000000000000e+05
1.819030000000000000e+05
1.831900000000000000e+05
1.845950000000000000e+05
1.857360000000000000e+05
1.867450000000000000e+05
1.880630000000000000e+05
1.893810000000000000e+05
1.905230000000000000e+05
1.915180000000000000e+05
1.924980000000000000e+05
1.937210000000000000e+05
1.949590000000000000e+05
1.963860000000000000e+05
1.976830000000000000e+05
1.988650000000000000e+05
2.000670000000000000e+05
2.009310000000000000e+05
2.018070000000000000e+05
2.025780000000000000e+05
2.040570000000000000e+05
2.051810000000000000e+05
2.065490000000000000e+05
2.078700000000000000e+05
2.091620000000000000e+05
2.101160000000000000e+05
2.109480000000000000e+05
2.118380000000000000e+05
2.129980000000000000e+05
2.129980000000000000e+05
2.153010000000000000e+05
2.164150000000000000e+05
2.176030000000000000e+05
2.188140000000000000e+05
2.198640000000000000e+05
2.210420000000000000e+05
2.220520000000000000e+05
2.233450000000000000e+05
2.248190000000000000e+05
2.261360000000000000e+05
2.274070000000000000e+05
2.288280000000000000e+05
2.301470000000000000e+05
2.314430000000000000e+05
2.328000000000000000e+05
2.341650000000000000e+05
2.355670000000000000e+05
2.367550000000000000e+05
2.380130000000000000e+05
2.392520000000000000e+05
2.407140000000000000e+05
2.421380000000000000e+05
2.436210000000000000e+05
2.453000000000000000e+05
2.467640000000000000e+05
2.478470000000000000e+05
2.488200000000000000e+05
2.503090000000000000e+05
2.516860000000000000e+05
2.528830000000000000e+05
2.541160000000000000e+05
2.554570000000000000e+05
2.568620000000000000e+05
2.581400000000000000e+05
2.594130000000000000e+05
2.607400000000000000e+05
2.620380000000000000e+05
2.633720000000000000e+05
2.633720000000000000e+05
2.656420000000000000e+05
2.669520000000000000e+05
2.683490000000000000e+05
2.696350000000000000e+05
2.696350000000000000e+05
2.706540000000000000e+05
2.727120000000000000e+05
2.740240000000000000e+05
2.752050000000000000e+05
2.763950000000000000e+05
2.776350000000000000e+05
2.786650000000000000e+05
2.798130000000000000e+05
2.809800000000000000e+05
2.819070000000000000e+05
2.829400000000000000e+05
2.837420000000000000e+05
2.837420000000000000e+05
2.859100000000000000e+05
2.869900000000000000e+05
2.880990000000000000e+05
2.893620000000000000e+05
2.905240000000000000e+05
2.917160000000000000e+05
2.927790000000000000e+05
2.938660000000000000e+05
2.938660000000000000e+05
2.957460000000000000e+05
2.968630000000000000e+05
2.968630000000000000e+05
2.988040000000000000e+05
2.998220000000000000e+05
3.009190000000000000e+05
3.019790000000000000e+05
3.029880000000000000e+05
3.037970000000000000e+05
3.047260000000000000e+05
3.057660000000000000e+05
3.066730000000000000e+05
