0.000000000000000000e+00
0.000000000000000000e+00
0.000000000000000000e+00
0.000000000000000000e+00
0.000000000000000000e+00
0.000000000000000000e+00
0.000000000000000000e+00
0.000000000000000000e+00
0.000000000000000000e+00
0.000000000000000000e+00
0.000000000000000000e+00
0.000000000000000000e+00
0.000000000000000000e+00
0.000000000000000000e+00
0.000000000000000000e+00
0.000000000000000000e+00
0.000000000000000000e+00
0.000000000000000000e+00
0.000000000000000000e+00
0.000000000000000000e+00
0.000000000000000000e+00
0.000000000000000000e+00
0.000000000000000000e+00
0.000000000000000000e+00
0.000000000000000000e+00
0.000000000000000000e+00
0.000000000000000000e+00
0.000000000000000000e+00
0.000000000000000000e+00
0.000000000000000000e+00
0.000000000000000000e+00
0.000000000000000000e+00
0.000000000000000000e+00
0.000000000000000000e+00
0.000000000000000000e+00
0.000000000000000000e+00
0.000000000000000000e+00
0.000000000000000000e+00
0.000000000000000000e+00
0.000000000000000000e+00
0.000000000000000000e+00
0.000000000000000000e+00
0.000000000000000000e+00
0.000000000000000000e+00
0.000000000000000000e+00
0.000000000000000000e+00
0.000000000000000000e+00
0.000000000000000000e+00
0.000000000000000000e+00
0.000000000000000000e+00
0.000000000000000000e+00
0.000000000000000000e+00
2.000000000000000000e+00
8.000000000000000000e+00
7.000000000000000000e+00
1.600000000000000000e+01
3.000000000000000000e+00
6.000000000000000000e+00
0.000000000000000000e+00
2.800000000000000000e+01
0.000000000000000000e+00
7.000000000000000000e+00
7.000000000000000000e+00
7.000000000000000000e+00
1.600000000000000000e+01
0.000000000000000000e+00
1.200000000000000000e+01
0.000000000000000000e+00
1.600000000000000000e+01
0.000000000000000000e+00
8.000000000000000000e+00
3.000000000000000000e+00
7.000000000000000000e+00
2.000000000000000000e+00
4.000000000000000000e+00
6.000000000000000000e+00
0.000000000000000000e+00
2.000000000000000000e+00
4.000000000000000000e+00
0.000000000000000000e+00
4.000000000000000000e+00
6.000000000000000000e+00
8.000000000000000000e+00
0.000000000000000000e+00
8.000000000000000000e+00
7.000000000000000000e+00
0.000000000000000000e+00
2.300000000000000000e+01
2.900000000000000000e+01
0.000000000000000000e+00
2.900000000000000000e+01
3.000000000000000000e+00
2.300000000000000000e+01
7.000000000000000000e+00
5.000000000000000000e+00
2.000000000000000000e+00
4.000000000000000000e+00
0.000000000000000000e+00
2.000000000000000000e+00
2.000000000000000000e+00
2.000000000000000000e+00
1.000000000000000000e+01
1.200000000000000000e+01
0.000000000000000000e+00
4.000000000000000000e+00
1.800000000000000000e+01
2.000000000000000000e+00
7.000000000000000000e+00
1.400000000000000000e+01
1.200000000000000000e+01
8.000000000000000000e+00
1.000000000000000000e+00
0.000000000000000000e+00
3.200000000000000000e+01
4.000000000000000000e+00
4.500000000000000000e+01
3.700000000000000000e+01
7.700000000000000000e+01
1.310000000000000000e+02
7.500000000000000000e+01
5.800000000000000000e+01
6.200000000000000000e+01
6.600000000000000000e+01
1.110000000000000000e+02
5.600000000000000000e+01
3.400000000000000000e+01
3.400000000000000000e+01
8.000000000000000000e+01
4.500000000000000000e+01
8.900000000000000000e+01
5.100000000000000000e+01
1.520000000000000000e+02
1.570000000000000000e+02
1.330000000000000000e+02
1.350000000000000000e+02
5.800000000000000000e+01
1.710000000000000000e+02
6.100000000000000000e+01
9.600000000000000000e+01
1.590000000000000000e+02
1.060000000000000000e+02
7.600000000000000000e+01
6.500000000000000000e+01
2.500000000000000000e+01
7.400000000000000000e+01
8.400000000000000000e+01
8.800000000000000000e+01
2.360000000000000000e+02
9.700000000000000000e+01
1.080000000000000000e+02
1.980000000000000000e+02
1.280000000000000000e+02
1.310000000000000000e+02
1.390000000000000000e+02
1.790000000000000000e+02
1.970000000000000000e+02
2.160000000000000000e+02
3.510000000000000000e+02
1.670000000000000000e+02
2.330000000000000000e+02
3.020000000000000000e+02
2.300000000000000000e+02
2.110000000000000000e+02
2.640000000000000000e+02
2.130000000000000000e+02
4.190000000000000000e+02
2.420000000000000000e+02
2.820000000000000000e+02
3.150000000000000000e+02
3.640000000000000000e+02
4.310000000000000000e+02
3.750000000000000000e+02
2.870000000000000000e+02
2.420000000000000000e+02
3.030000000000000000e+02
4.180000000000000000e+02
4.260000000000000000e+02
3.370000000000000000e+02
2.920000000000000000e+02
4.080000000000000000e+02
4.430000000000000000e+02
4.400000000000000000e+02
3.900000000000000000e+02
4.490000000000000000e+02
6.500000000000000000e+02
6.660000000000000000e+02
5.340000000000000000e+02
5.250000000000000000e+02
5.830000000000000000e+02
5.870000000000000000e+02
7.010000000000000000e+02
7.150000000000000000e+02
8.690000000000000000e+02
7.630000000000000000e+02
5.480000000000000000e+02
6.840000000000000000e+02
8.610000000000000000e+02
9.810000000000000000e+02
8.860000000000000000e+02
7.950000000000000000e+02
8.440000000000000000e+02
9.950000000000000000e+02
1.138000000000000000e+03
1.150000000000000000e+03
1.281000000000000000e+03
1.012000000000000000e+03
1.226000000000000000e+03
1.148000000000000000e+03
1.047000000000000000e+03
8.950000000000000000e+02
1.171000000000000000e+03
6.990000000000000000e+02
6.520000000000000000e+02
7.380000000000000000e+02
6.070000000000000000e+02
7.740000000000000000e+02
8.200000000000000000e+02
8.070000000000000000e+02
9.330000000000000000e+02
9.810000000000000000e+02
1.067000000000000000e+03
9.220000000000000000e+02
8.600000000000000000e+02
1.028000000000000000e+03
1.127000000000000000e+03
9.940000000000000000e+02
1.096000000000000000e+03
1.192000000000000000e+03
1.124000000000000000e+03
1.061000000000000000e+03
1.213000000000000000e+03
1.188000000000000000e+03
1.072000000000000000e+03
8.400000000000000000e+02
9.670000000000000000e+02
9.100000000000000000e+02
1.029000000000000000e+03
1.086000000000000000e+03
7.610000000000000000e+02
8.680000000000000000e+02
8.900000000000000000e+02
7.750000000000000000e+02
7.070000000000000000e+02
7.870000000000000000e+02
1.010000000000000000e+03
9.860000000000000000e+02
9.670000000000000000e+02
8.670000000000000000e+02
6.670000000000000000e+02
7.510000000000000000e+02
8.370000000000000000e+02
8.350000000000000000e+02
7.590000000000000000e+02
9.070000000000000000e+02
7.910000000000000000e+02
8.260000000000000000e+02
7.880000000000000000e+02
6.830000000000000000e+02
6.790000000000000000e+02
6.080000000000000000e+02
6.150000000000000000e+02
6.770000000000000000e+02
7.570000000000000000e+02
6.840000000000000000e+02
6.190000000000000000e+02
6.350000000000000000e+02
6.140000000000000000e+02
4.640000000000000000e+02
2.890000000000000000e+02
5.310000000000000000e+02
3.470000000000000000e+02
0.000000000000000000e+00
1.008000000000000000e+03
3.910000000000000000e+02
3.810000000000000000e+02
3.020000000000000000e+02
4.240000000000000000e+02
4.230000000000000000e+02
4.820000000000000000e+02
3.530000000000000000e+02
4.760000000000000000e+02
4.040000000000000000e+02
3.090000000000000000e+02
4.240000000000000000e+02
3.120000000000000000e+02
3.800000000000000000e+02
3.950000000000000000e+02
3.800000000000000000e+02
4.410000000000000000e+02
3.840000000000000000e+02
3.930000000000000000e+02
1.850000000000000000e+02
2.660000000000000000e+02
2.960000000000000000e+02
3.050000000000000000e+02
3.900000000000000000e+02
3.010000000000000000e+02
4.920000000000000000e+02
4.190000000000000000e+02
3.870000000000000000e+02
3.110000000000000000e+02
3.000000000000000000e+02
3.150000000000000000e+02
3.520000000000000000e+02
4.180000000000000000e+02
4.000000000000000000e+02
3.080000000000000000e+02
3.550000000000000000e+02
3.190000000000000000e+02
3.980000000000000000e+02
3.090000000000000000e+02
2.360000000000000000e+02
2.800000000000000000e+02
3.540000000000000000e+02
2.270000000000000000e+02
4.460000000000000000e+02
4.810000000000000000e+02
3.290000000000000000e+02
3.000000000000000000e+02
2.650000000000000000e+02
4.620000000000000000e+02
4.800000000000000000e+02
4.680000000000000000e+02
4.280000000000000000e+02
4.350000000000000000e+02
4.620000000000000000e+02
6.090000000000000000e+02
3.390000000000000000e+02
3.550000000000000000e+02
2.370000000000000000e+02
3.640000000000000000e+02
3.140000000000000000e+02
3.860000000000000000e+02
2.940000000000000000e+02
4.380000000000000000e+02
3.150000000000000000e+02
1.960000000000000000e+02
2.210000000000000000e+02
3.580000000000000000e+02
3.480000000000000000e+02
3.650000000000000000e+02
3.200000000000000000e+02
2.250000000000000000e+02
2.600000000000000000e+02
4.370000000000000000e+02
3.260000000000000000e+02
1.990000000000000000e+02
1.470000000000000000e+02
1.770000000000000000e+02
2.550000000000000000e+02
2.460000000000000000e+02
4.140000000000000000e+02
3.450000000000000000e+02
5.050000000000000000e+02
4.380000000000000000e+02
3.730000000000000000e+02
3.160000000000000000e+02
5.120000000000000000e+02
6.040000000000000000e+02
4.410000000000000000e+02
4.500000000000000000e+02
4.970000000000000000e+02
6.410000000000000000e+02
6.730000000000000000e+02
5.740000000000000000e+02
5.690000000000000000e+02
5.350000000000000000e+02
4.500000000000000000e+02
4.640000000000000000e+02
4.030000000000000000e+02
4.130000000000000000e+02
4.330000000000000000e+02
4.060000000000000000e+02
4.120000000000000000e+02
5.470000000000000000e+02
6.040000000000000000e+02
4.190000000000000000e+02
4.060000000000000000e+02
5.630000000000000000e+02
4.600000000000000000e+02
4.560000000000000000e+02
4.120000000000000000e+02
4.730000000000000000e+02
4.800000000000000000e+02
5.000000000000000000e+02
3.800000000000000000e+02
3.520000000000000000e+02
4.310000000000000000e+02
4.840000000000000000e+02
4.750000000000000000e+02
3.590000000000000000e+02
3.500000000000000000e+02
3.920000000000000000e+02
4.620000000000000000e+02
3.330000000000000000e+02
4.890000000000000000e+02
4.650000000000000000e+02
4.770000000000000000e+02
4.410000000000000000e+02
4.590000000000000000e+02
4.260000000000000000e+02
4.240000000000000000e+02
4.440000000000000000e+02
3.770000000000000000e+02
4.290000000000000000e+02
3.890000000000000000e+02
4.490000000000000000e+02
5.770000000000000000e+02
3.960000000000000000e+02
5.290000000000000000e+02
4.530000000000000000e+02
4.360000000000000000e+02
5.470000000000000000e+02
0.000000000000000000e+00
9.560000000000000000e+02
5.090000000000000000e+02
5.930000000000000000e+02
0.000000000000000000e+00
1.109000000000000000e+03
5.400000000000000000e+02
5.490000000000000000e+02
6.310000000000000000e+02
9.370000000000000000e+02
1.161000000000000000e+03
8.170000000000000000e+02
7.710000000000000000e+02
6.140000000000000000e+02
8.070000000000000000e+02
8.500000000000000000e+02
7.400000000000000000e+02
7.580000000000000000e+02
9.920000000000000000e+02
1.288000000000000000e+03
1.206000000000000000e+03
1.348000000000000000e+03
1.254000000000000000e+03
9.790000000000000000e+02
1.607000000000000000e+03
1.786000000000000000e+03
1.425000000000000000e+03
1.526000000000000000e+03
1.115000000000000000e+03
1.184000000000000000e+03
1.088000000000000000e+03
1.325000000000000000e+03
1.101000000000000000e+03
9.250000000000000000e+02
1.160000000000000000e+03
1.122000000000000000e+03
1.271000000000000000e+03
1.244000000000000000e+03
1.294000000000000000e+03
1.287000000000000000e+03
1.405000000000000000e+03
1.141000000000000000e+03
1.009000000000000000e+03
1.318000000000000000e+03
1.318000000000000000e+03
1.142000000000000000e+03
9.950000000000000000e+02
9.800000000000000000e+02
1.223000000000000000e+03
1.238000000000000000e+03
1.427000000000000000e+03
1.297000000000000000e+03
1.182000000000000000e+03
1.202000000000000000e+03
8.640000000000000000e+02
8.760000000000000000e+02
7.710000000000000000e+02
1.479000000000000000e+03
1.124000000000000000e+03
1.368000000000000000e+03
1.321000000000000000e+03
1.292000000000000000e+03
9.540000000000000000e+02
8.320000000000000000e+02
8.900000000000000000e+02
1.160000000000000000e+03
0.000000000000000000e+00
2.303000000000000000e+03
1.114000000000000000e+03
1.188000000000000000e+03
1.211000000000000000e+03
1.050000000000000000e+03
1.178000000000000000e+03
1.010000000000000000e+03
1.293000000000000000e+03
1.474000000000000000e+03
1.317000000000000000e+03
1.271000000000000000e+03
1.421000000000000000e+03
1.319000000000000000e+03
1.296000000000000000e+03
1.357000000000000000e+03
1.365000000000000000e+03
1.402000000000000000e+03
1.188000000000000000e+03
1.258000000000000000e+03
1.239000000000000000e+03
1.462000000000000000e+03
1.424000000000000000e+03
1.483000000000000000e+03
1.679000000000000000e+03
1.464000000000000000e+03
1.083000000000000000e+03
9.730000000000000000e+02
1.489000000000000000e+03
1.377000000000000000e+03
1.197000000000000000e+03
1.233000000000000000e+03
1.341000000000000000e+03
1.405000000000000000e+03
1.278000000000000000e+03
1.273000000000000000e+03
1.327000000000000000e+03
1.298000000000000000e+03
1.334000000000000000e+03
0.000000000000000000e+00
2.270000000000000000e+03
1.310000000000000000e+03
1.397000000000000000e+03
1.286000000000000000e+03
0.000000000000000000e+00
1.019000000000000000e+03
2.058000000000000000e+03
1.312000000000000000e+03
1.181000000000000000e+03
1.190000000000000000e+03
1.240000000000000000e+03
1.030000000000000000e+03
1.148000000000000000e+03
1.167000000000000000e+03
9.270000000000000000e+02
1.033000000000000000e+03
8.020000000000000000e+02
0.000000000000000000e+00
2.168000000000000000e+03
1.080000000000000000e+03
1.109000000000000000e+03
1.263000000000000000e+03
1.162000000000000000e+03
1.192000000000000000e+03
1.063000000000000000e+03
1.087000000000000000e+03
0.000000000000000000e+00
1.880000000000000000e+03
1.117000000000000000e+03
0.000000000000000000e+00
1.941000000000000000e+03
1.018000000000000000e+03
1.097000000000000000e+03
1.060000000000000000e+03
1.009000000000000000e+03
8.090000000000000000e+02
9.290000000000000000e+02
1.040000000000000000e+03
9.070000000000000000e+02
