0.000000000000000000e+00
0.000000000000000000e+00
0.000000000000000000e+00
0.000000000000000000e+00
0.000000000000000000e+00
0.000000000000000000e+00
0.000000000000000000e+00
0.000000000000000000e+00
0.000000000000000000e+00
0.000000000000000000e+00
0.000000000000000000e+00
0.000000000000000000e+00
0.000000000000000000e+00
0.000000000000000000e+00
0.000000000000000000e+00
0.000000000000000000e+00
0.000000000000000000e+00
0.000000000000000000e+00
0.000000000000000000e+00
0.000000000000000000e+00
0.000000000000000000e+00
0.000000000000000000e+00
0.000000000000000000e+00
0.000000000000000000e+00
0.000000000000000000e+00
0.000000000000000000e+00
0.000000000000000000e+00
0.000000000000000000e+00
0.000000000000000000e+00
0.000000000000000000e+00
0.000000000000000000e+00
0.000000000000000000e+00
0.000000000000000000e+00
0.000000000000000000e+00
0.000000000000000000e+00
0.000000000000000000e+00
0.000000000000000000e+00
0.000000000000000000e+00
0.000000000000000000e+00
0.000000000000000000e+00
0.000000000000000000e+00
0.000000000000000000e+00
0.000000000000000000e+00
0.000000000000000000e+00
0.000000000000000000e+00
0.000000000000000000e+00
0.000000000000000000e+00
0.000000000000000000e+00
0.000000000000000000e+00
0.000000000000000000e+00
0.000000000000000000e+00
0.000000000000000000e+00
0.000000000000000000e+00
0.000000000000000000e+00
0.000000000000000000e+00
0.000000000000000000e+00
0.000000000000000000e+00
0.000000000000000000e+00
2.000000000000000000e+00
2.000000000000000000e+00
2.000000000000000000e+00
2.000000000000000000e+00
7.000000000000000000e+00
7.000000000000000000e+00
8.000000000000000000e+00
8.000000000000000000e+00
8.000000000000000000e+00
8.000000000000000000e+00
1.500000000000000000e+01
1.500000000000000000e+01
1.500000000000000000e+01
1.600000000000000000e+01
1.600000000000000000e+01
1.800000000000000000e+01
1.800000000000000000e+01
2.100000000000000000e+01
2.400000000000000000e+01
2.500000000000000000e+01
2.700000000000000000e+01
3.000000000000000000e+01
3.000000000000000000e+01
3.100000000000000000e+01
3.100000000000000000e+01
4.000000000000000000e+01
4.000000000000000000e+01
4.100000000000000000e+01
4.100000000000000000e+01
4.300000000000000000e+01
4.400000000000000000e+01
4.400000000000000000e+01
4.700000000000000000e+01
5.700000000000000000e+01
5.800000000000000000e+01
6.200000000000000000e+01
7.200000000000000000e+01
7.200000000000000000e+01
7.200000000000000000e+01
7.400000000000000000e+01
7.600000000000000000e+01
7.600000000000000000e+01
7.600000000000000000e+01
8.100000000000000000e+01
8.500000000000000000e+01
8.500000000000000000e+01
8.800000000000000000e+01
1.000000000000000000e+02
1.010000000000000000e+02
1.080000000000000000e+02
1.290000000000000000e+02
1.460000000000000000e+02
1.510000000000000000e+02
1.720000000000000000e+02
2.090000000000000000e+02
2.190000000000000000e+02
2.340000000000000000e+02
2.730000000000000000e+02
3.100000000000000000e+02
3.580000000000000000e+02
4.560000000000000000e+02
5.330000000000000000e+02
5.960000000000000000e+02
6.630000000000000000e+02
7.340000000000000000e+02
8.120000000000000000e+02
8.650000000000000000e+02
9.580000000000000000e+02
1.063000000000000000e+03
1.174000000000000000e+03
1.320000000000000000e+03
1.443000000000000000e+03
1.584000000000000000e+03
1.865000000000000000e+03
2.124000000000000000e+03
2.226000000000000000e+03
2.507000000000000000e+03
2.604000000000000000e+03
2.640000000000000000e+03
2.924000000000000000e+03
3.072000000000000000e+03
3.334000000000000000e+03
3.538000000000000000e+03
3.662000000000000000e+03
3.796000000000000000e+03
3.941000000000000000e+03
3.941000000000000000e+03
4.165000000000000000e+03
4.309000000000000000e+03
4.441000000000000000e+03
4.547000000000000000e+03
4.688000000000000000e+03
4.916000000000000000e+03
4.980000000000000000e+03
5.077000000000000000e+03
5.211000000000000000e+03
5.216000000000000000e+03
5.324000000000000000e+03
5.429000000000000000e+03
5.543000000000000000e+03
5.722000000000000000e+03
5.722000000000000000e+03
5.847000000000000000e+03
5.933000000000000000e+03
5.975000000000000000e+03
6.040000000000000000e+03
6.101000000000000000e+03
6.230000000000000000e+03
6.294000000000000000e+03
6.333000000000000000e+03
6.371000000000000000e+03
6.432000000000000000e+03
6.486000000000000000e+03
6.582000000000000000e+03
6.617000000000000000e+03
6.690000000000000000e+03
6.727000000000000000e+03
6.727000000000000000e+03
6.831000000000000000e+03
6.902000000000000000e+03
6.948000000000000000e+03
6.975000000000000000e+03
7.053000000000000000e+03
7.063000000000000000e+03
7.100000000000000000e+03
7.146000000000000000e+03
7.167000000000000000e+03
7.197000000000000000e+03
7.260000000000000000e+03
7.297000000000000000e+03
7.315000000000000000e+03
7.340000000000000000e+03
7.371000000000000000e+03
7.378000000000000000e+03
7.412000000000000000e+03
7.424000000000000000e+03
7.468000000000000000e+03
7.476000000000000000e+03
7.511000000000000000e+03
7.532000000000000000e+03
7.544000000000000000e+03
7.582000000000000000e+03
7.599000000000000000e+03
7.611000000000000000e+03
7.634000000000000000e+03
7.649000000000000000e+03
7.743000000000000000e+03
7.781000000000000000e+03
7.810000000000000000e+03
7.831000000000000000e+03
7.879000000000000000e+03
7.897000000000000000e+03
7.921000000000000000e+03
7.949000000000000000e+03
7.997000000000000000e+03
8.016000000000000000e+03
8.050000000000000000e+03
8.082000000000000000e+03
8.110000000000000000e+03
8.112000000000000000e+03
8.122000000000000000e+03
8.151000000000000000e+03
8.161000000000000000e+03
8.174000000000000000e+03
8.209000000000000000e+03
8.224000000000000000e+03
8.224000000000000000e+03
8.258000000000000000e+03
8.258000000000000000e+03
8.326000000000000000e+03
8.326000000000000000e+03
8.360000000000000000e+03
8.360000000000000000e+03
8.362000000000000000e+03
8.376000000000000000e+03
8.429000000000000000e+03
8.457000000000000000e+03
8.457000000000000000e+03
8.478000000000000000e+03
8.493000000000000000e+03
8.499000000000000000e+03
8.530000000000000000e+03
8.556000000000000000e+03
8.556000000000000000e+03
8.600000000000000000e+03
8.600000000000000000e+03
8.624000000000000000e+03
8.624000000000000000e+03
8.646000000000000000e+03
8.646000000000000000e+03
8.684000000000000000e+03
8.684000000000000000e+03
8.723000000000000000e+03
8.740000000000000000e+03
8.740000000000000000e+03
8.766000000000000000e+03
8.766000000000000000e+03
8.792000000000000000e+03
8.792000000000000000e+03
8.819000000000000000e+03
8.819000000000000000e+03
8.819000000000000000e+03
8.838000000000000000e+03
8.854000000000000000e+03
8.854000000000000000e+03
8.860000000000000000e+03
8.882000000000000000e+03
8.882000000000000000e+03
8.887000000000000000e+03
8.908000000000000000e+03
8.908000000000000000e+03
8.925000000000000000e+03
8.925000000000000000e+03
8.925000000000000000e+03
8.925000000000000000e+03
8.976000000000000000e+03
8.979000000000000000e+03
8.979000000000000000e+03
8.999000000000000000e+03
9.015000000000000000e+03
9.026000000000000000e+03
9.026000000000000000e+03
9.026000000000000000e+03
9.046000000000000000e+03
9.054000000000000000e+03
9.054000000000000000e+03
9.054000000000000000e+03
9.054000000000000000e+03
9.054000000000000000e+03
9.054000000000000000e+03
9.100000000000000000e+03
9.109000000000000000e+03
9.109000000000000000e+03
9.127000000000000000e+03
9.127000000000000000e+03
9.127000000000000000e+03
9.137000000000000000e+03
9.152000000000000000e+03
9.152000000000000000e+03
9.168000000000000000e+03
9.168000000000000000e+03
9.179000000000000000e+03
9.188000000000000000e+03
9.191000000000000000e+03
9.191000000000000000e+03
9.208000000000000000e+03
9.211000000000000000e+03
9.214000000000000000e+03
9.214000000000000000e+03
9.224000000000000000e+03
9.229000000000000000e+03
9.248000000000000000e+03
9.256000000000000000e+03
9.264000000000000000e+03
9.264000000000000000e+03
9.272000000000000000e+03
9.294000000000000000e+03
9.296000000000000000e+03
9.303000000000000000e+03
9.313000000000000000e+03
9.347000000000000000e+03
9.370000000000000000e+03
9.370000000000000000e+03
9.399000000000000000e+03
9.399000000000000000e+03
9.434000000000000000e+03
9.434000000000000000e+03
9.465000000000000000e+03
9.491000000000000000e+03
9.509000000000000000e+03
9.565000000000000000e+03
9.597000000000000000e+03
9.597000000000000000e+03
9.627000000000000000e+03
9.648000000000000000e+03
9.674000000000000000e+03
9.674000000000000000e+03
9.771000000000000000e+03
9.805000000000000000e+03
9.846000000000000000e+03
9.846000000000000000e+03
9.846000000000000000e+03
9.846000000000000000e+03
9.958000000000000000e+03
9.958000000000000000e+03
9.999000000000000000e+03
9.999000000000000000e+03
1.001500000000000000e+04
1.001500000000000000e+04
1.007700000000000000e+04
1.012700000000000000e+04
1.012700000000000000e+04
1.012700000000000000e+04
1.012700000000000000e+04
1.020300000000000000e+04
1.024100000000000000e+04
1.024100000000000000e+04
1.027200000000000000e+04
1.027200000000000000e+04
1.038600000000000000e+04
1.041500000000000000e+04
1.056900000000000000e+04
1.063500000000000000e+04
1.078100000000000000e+04
1.078100000000000000e+04
1.085200000000000000e+04
1.090700000000000000e+04
1.096300000000000000e+04
1.096300000000000000e+04
1.103500000000000000e+04
1.109900000000000000e+04
1.109900000000000000e+04
1.128600000000000000e+04
1.128600000000000000e+04
1.128600000000000000e+04
1.140200000000000000e+04
1.146000000000000000e+04
1.153300000000000000e+04
1.153300000000000000e+04
1.159000000000000000e+04
1.167200000000000000e+04
1.169200000000000000e+04
1.169200000000000000e+04
1.175800000000000000e+04
1.180600000000000000e+04
1.180600000000000000e+04
1.190800000000000000e+04
1.196900000000000000e+04
1.199100000000000000e+04
1.201600000000000000e+04
1.201600000000000000e+04
1.214300000000000000e+04
1.214300000000000000e+04
1.219200000000000000e+04
1.220600000000000000e+04
1.220600000000000000e+04
1.220600000000000000e+04
1.225400000000000000e+04
1.227400000000000000e+04
1.230900000000000000e+04
1.230900000000000000e+04
1.235200000000000000e+04
1.235200000000000000e+04
1.235200000000000000e+04
1.243000000000000000e+04
1.243000000000000000e+04
1.244800000000000000e+04
1.249300000000000000e+04
1.253100000000000000e+04
1.253600000000000000e+04
1.253600000000000000e+04
1.253600000000000000e+04
1.253600000000000000e+04
1.253600000000000000e+04
1.253600000000000000e+04
1.259400000000000000e+04
1.259400000000000000e+04
1.263200000000000000e+04
1.263200000000000000e+04
1.263200000000000000e+04
1.263200000000000000e+04
1.266400000000000000e+04
1.266900000000000000e+04
1.268600000000000000e+04
1.268800000000000000e+04
1.270000000000000000e+04
1.271400000000000000e+04
1.271400000000000000e+04
1.272200000000000000e+04
1.273200000000000000e+04
1.273200000000000000e+04
1.273600000000000000e+04
1.273600000000000000e+04
1.273600000000000000e+04
1.273600000000000000e+04
1.275800000000000000e+04
1.275800000000000000e+04
1.276200000000000000e+04
1.278800000000000000e+04
1.278800000000000000e+04
1.278800000000000000e+04
1.278800000000000000e+04
1.280300000000000000e+04
1.280300000000000000e+04
1.280300000000000000e+04
1.281600000000000000e+04
1.284000000000000000e+04
1.284000000000000000e+04
1.284000000000000000e+04
1.285500000000000000e+04
1.285500000000000000e+04
1.285700000000000000e+04
1.287600000000000000e+04
1.288500000000000000e+04
1.291800000000000000e+04
1.291800000000000000e+04
1.291800000000000000e+04
1.291800000000000000e+04
1.294400000000000000e+04
1.294400000000000000e+04
1.294400000000000000e+04
1.295800000000000000e+04
1.295800000000000000e+04
1.299900000000000000e+04
1.301700000000000000e+04
1.301700000000000000e+04
1.305600000000000000e+04
1.305600000000000000e+04
1.309400000000000000e+04
1.309400000000000000e+04
1.313500000000000000e+04
1.314900000000000000e+04
1.316400000000000000e+04
1.316400000000000000e+04
1.316400000000000000e+04
1.316400000000000000e+04
1.316400000000000000e+04
1.317900000000000000e+04
1.322700000000000000e+04
1.325500000000000000e+04
1.326800000000000000e+04
1.335300000000000000e+04
1.339300000000000000e+04
1.346000000000000000e+04
1.352000000000000000e+04
1.359800000000000000e+04
1.359800000000000000e+04
1.362400000000000000e+04
1.362400000000000000e+04
1.373500000000000000e+04
1.390600000000000000e+04
1.390600000000000000e+04
1.403700000000000000e+04
1.403700000000000000e+04
1.403700000000000000e+04
1.412800000000000000e+04
1.425800000000000000e+04
1.435100000000000000e+04
1.456500000000000000e+04
1.471100000000000000e+04
1.493100000000000000e+04
1.505800000000000000e+04
1.512300000000000000e+04
1.528200000000000000e+04
1.543500000000000000e+04
1.589500000000000000e+04
1.600100000000000000e+04
1.600100000000000000e+04
1.607900000000000000e+04
1.607900000000000000e+04
1.607900000000000000e+04
1.656100000000000000e+04
1.666200000000000000e+04
1.666200000000000000e+04
1.685900000000000000e+04
1.685900000000000000e+04
1.685900000000000000e+04
1.685900000000000000e+04
1.706100000000000000e+04
1.706100000000000000e+04
1.760300000000000000e+04
1.760300000000000000e+04
1.796300000000000000e+04
1.796300000000000000e+04
1.796300000000000000e+04
1.821200000000000000e+04
1.834100000000000000e+04
1.856200000000000000e+04
1.865800000000000000e+04
1.865800000000000000e+04
1.865800000000000000e+04
1.865800000000000000e+04
1.895200000000000000e+04
1.910700000000000000e+04
1.917200000000000000e+04
1.917200000000000000e+04
1.922000000000000000e+04
1.922000000000000000e+04
1.922000000000000000e+04
1.922000000000000000e+04
1.922000000000000000e+04
1.937400000000000000e+04
1.937400000000000000e+04
1.937400000000000000e+04
1.937400000000000000e+04
1.937400000000000000e+04
1.954700000000000000e+04
1.956300000000000000e+04
1.956300000000000000e+04
1.962700000000000000e+04
1.976200000000000000e+04
1.976200000000000000e+04
1.976200000000000000e+04
1.981700000000000000e+04
1.991800000000000000e+04
2.000000000000000000e+04
2.007700000000000000e+04
2.007700000000000000e+04
2.007700000000000000e+04
2.007700000000000000e+04
