0.000000000000000000e+00
0.000000000000000000e+00
0.000000000000000000e+00
0.000000000000000000e+00
4.000000000000000000e+00
5.000000000000000000e+00
5.000000000000000000e+00
6.000000000000000000e+00
9.000000000000000000e+00
9.000000000000000000e+00
1.200000000000000000e+01
1.200000000000000000e+01
1.200000000000000000e+01
1.300000000000000000e+01
1.300000000000000000e+01
1.400000000000000000e+01
1.500000000000000000e+01
1.500000000000000000e+01
1.500000000000000000e+01
1.500000000000000000e+01
1.500000000000000000e+01
1.500000000000000000e+01
1.500000000000000000e+01
1.500000000000000000e+01
1.500000000000000000e+01
1.500000000000000000e+01
1.500000000000000000e+01
1.500000000000000000e+01
1.500000000000000000e+01
1.500000000000000000e+01
1.500000000000000000e+01
1.500000000000000000e+01
1.500000000000000000e+01
1.500000000000000000e+01
1.500000000000000000e+01
1.500000000000000000e+01
1.500000000000000000e+01
1.500000000000000000e+01
2.500000000000000000e+01
2.700000000000000000e+01
3.000000000000000000e+01
3.900000000000000000e+01
5.200000000000000000e+01
5.500000000000000000e+01
6.000000000000000000e+01
6.300000000000000000e+01
7.600000000000000000e+01
9.100000000000000000e+01
1.070000000000000000e+02
1.280000000000000000e+02
1.280000000000000000e+02
2.000000000000000000e+02
2.500000000000000000e+02
2.970000000000000000e+02
3.770000000000000000e+02
4.520000000000000000e+02
5.680000000000000000e+02
6.810000000000000000e+02
7.910000000000000000e+02
1.071000000000000000e+03
1.549000000000000000e+03
1.682000000000000000e+03
2.044000000000000000e+03
2.364000000000000000e+03
2.810000000000000000e+03
3.143000000000000000e+03
3.640000000000000000e+03
3.984000000000000000e+03
4.361000000000000000e+03
4.559000000000000000e+03
4.862000000000000000e+03
5.116000000000000000e+03
5.330000000000000000e+03
5.550000000000000000e+03
5.687000000000000000e+03
5.797000000000000000e+03
5.895000000000000000e+03
6.010000000000000000e+03
6.108000000000000000e+03
6.215000000000000000e+03
6.303000000000000000e+03
6.315000000000000000e+03
6.351000000000000000e+03
6.415000000000000000e+03
6.440000000000000000e+03
6.462000000000000000e+03
6.522000000000000000e+03
6.568000000000000000e+03
6.610000000000000000e+03
6.623000000000000000e+03
6.645000000000000000e+03
6.652000000000000000e+03
6.662000000000000000e+03
6.677000000000000000e+03
6.694000000000000000e+03
6.714000000000000000e+03
6.721000000000000000e+03
6.744000000000000000e+03
6.752000000000000000e+03
6.766000000000000000e+03
6.778000000000000000e+03
6.799000000000000000e+03
6.822000000000000000e+03
6.847000000000000000e+03
6.875000000000000000e+03
6.894000000000000000e+03
6.913000000000000000e+03
6.918000000000000000e+03
6.939000000000000000e+03
6.948000000000000000e+03
6.970000000000000000e+03
6.980000000000000000e+03
6.989000000000000000e+03
7.019000000000000000e+03
7.035000000000000000e+03
7.044000000000000000e+03
7.054000000000000000e+03
7.068000000000000000e+03
7.072000000000000000e+03
7.081000000000000000e+03
7.095000000000000000e+03
7.099000000000000000e+03
7.114000000000000000e+03
7.114000000000000000e+03
7.126000000000000000e+03
7.139000000000000000e+03
7.150000000000000000e+03
7.165000000000000000e+03
7.184000000000000000e+03
7.192000000000000000e+03
7.202000000000000000e+03
7.221000000000000000e+03
7.229000000000000000e+03
7.240000000000000000e+03
7.247000000000000000e+03
7.252000000000000000e+03
7.259000000000000000e+03
7.265000000000000000e+03
7.267000000000000000e+03
7.274000000000000000e+03
7.285000000000000000e+03
7.289000000000000000e+03
7.294000000000000000e+03
7.320000000000000000e+03
7.335000000000000000e+03
7.347000000000000000e+03
7.370000000000000000e+03
7.391000000000000000e+03
7.409000000000000000e+03
7.411000000000000000e+03
7.461000000000000000e+03
7.474000000000000000e+03
7.492000000000000000e+03
7.521000000000000000e+03
7.558000000000000000e+03
7.595000000000000000e+03
7.601000000000000000e+03
7.686000000000000000e+03
7.764000000000000000e+03
7.834000000000000000e+03
7.920000000000000000e+03
8.001000000000000000e+03
8.066000000000000000e+03
8.260000000000000000e+03
8.443000000000000000e+03
8.583000000000000000e+03
8.755000000000000000e+03
8.886000000000000000e+03
9.056000000000000000e+03
9.374000000000000000e+03
9.553000000000000000e+03
9.797000000000000000e+03
9.980000000000000000e+03
1.025100000000000000e+04
1.048700000000000000e+04
1.081000000000000000e+04
1.123300000000000000e+04
1.144100000000000000e+04
1.180200000000000000e+04
1.206900000000000000e+04
1.242800000000000000e+04
1.289400000000000000e+04
1.330200000000000000e+04
1.359500000000000000e+04
1.395000000000000000e+04
1.440300000000000000e+04
1.493500000000000000e+04
1.530300000000000000e+04
1.558200000000000000e+04
1.629800000000000000e+04
1.690300000000000000e+04
1.728000000000000000e+04
1.789500000000000000e+04
1.831800000000000000e+04
1.873000000000000000e+04
1.944500000000000000e+04
1.989000000000000000e+04
2.027200000000000000e+04
2.069800000000000000e+04
2.108400000000000000e+04
2.139700000000000000e+04
2.171300000000000000e+04
2.212700000000000000e+04
2.235800000000000000e+04
2.274200000000000000e+04
2.303500000000000000e+04
2.328700000000000000e+04
2.355800000000000000e+04
2.377300000000000000e+04
2.398900000000000000e+04
2.423600000000000000e+04
2.440700000000000000e+04
2.460200000000000000e+04
2.481100000000000000e+04
2.491500000000000000e+04
2.505300000000000000e+04
2.520400000000000000e+04
2.532200000000000000e+04
2.544800000000000000e+04
2.554700000000000000e+04
2.567000000000000000e+04
2.574600000000000000e+04
2.581900000000000000e+04
2.592300000000000000e+04
2.604900000000000000e+04
2.613600000000000000e+04
2.620700000000000000e+04
2.627800000000000000e+04
2.632100000000000000e+04
2.637300000000000000e+04
2.646500000000000000e+04
2.652400000000000000e+04
2.656400000000000000e+04
2.660700000000000000e+04
2.665100000000000000e+04
2.669200000000000000e+04
2.673900000000000000e+04
2.677800000000000000e+04
2.681300000000000000e+04
2.686100000000000000e+04
2.688500000000000000e+04
2.689800000000000000e+04
2.691200000000000000e+04
2.694200000000000000e+04
2.697200000000000000e+04
2.698000000000000000e+04
2.700000000000000000e+04
2.701600000000000000e+04
2.704000000000000000e+04
2.704400000000000000e+04
2.705500000000000000e+04
2.707800000000000000e+04
2.709600000000000000e+04
2.710900000000000000e+04
2.712100000000000000e+04
2.713500000000000000e+04
2.714800000000000000e+04
2.717300000000000000e+04
2.718100000000000000e+04
2.720600000000000000e+04
2.722600000000000000e+04
2.724400000000000000e+04
2.726300000000000000e+04
2.728500000000000000e+04
2.731000000000000000e+04
2.733700000000000000e+04
2.735700000000000000e+04
2.737100000000000000e+04
2.737800000000000000e+04
2.739000000000000000e+04
2.739900000000000000e+04
2.740500000000000000e+04
2.744300000000000000e+04
2.745800000000000000e+04
2.747600000000000000e+04
2.749500000000000000e+04
2.751300000000000000e+04
2.752500000000000000e+04
2.753900000000000000e+04
2.755300000000000000e+04
2.756500000000000000e+04
2.757900000000000000e+04
2.758500000000000000e+04
2.759500000000000000e+04
2.760100000000000000e+04
2.761000000000000000e+04
2.762200000000000000e+04
2.763000000000000000e+04
2.764400000000000000e+04
2.765200000000000000e+04
2.765800000000000000e+04
2.766500000000000000e+04
2.766900000000000000e+04
2.767100000000000000e+04
2.767500000000000000e+04
2.767600000000000000e+04
2.768200000000000000e+04
2.771100000000000000e+04
2.774900000000000000e+04
2.775800000000000000e+04
2.777700000000000000e+04
2.778500000000000000e+04
2.779200000000000000e+04
2.780600000000000000e+04
2.782100000000000000e+04
2.783400000000000000e+04
2.784300000000000000e+04
2.785300000000000000e+04
2.786500000000000000e+04
2.787300000000000000e+04
2.788600000000000000e+04
2.789200000000000000e+04
2.790200000000000000e+04
2.791200000000000000e+04
2.792300000000000000e+04
2.793900000000000000e+04
2.794900000000000000e+04
2.795600000000000000e+04
2.796500000000000000e+04
2.797200000000000000e+04
2.798700000000000000e+04
2.799300000000000000e+04
2.800000000000000000e+04
2.801100000000000000e+04
2.802500000000000000e+04
2.803000000000000000e+04
2.803700000000000000e+04
2.804800000000000000e+04
2.806000000000000000e+04
2.807200000000000000e+04
2.809300000000000000e+04
2.812600000000000000e+04
2.816800000000000000e+04
2.819800000000000000e+04
2.821900000000000000e+04
2.823700000000000000e+04
2.826200000000000000e+04
2.827400000000000000e+04
2.829700000000000000e+04
2.830800000000000000e+04
2.833700000000000000e+04
2.834900000000000000e+04
2.838100000000000000e+04
2.840500000000000000e+04
2.842500000000000000e+04
2.846000000000000000e+04
2.848400000000000000e+04
2.850400000000000000e+04
2.851700000000000000e+04
2.853600000000000000e+04
2.854600000000000000e+04
2.857100000000000000e+04
2.858200000000000000e+04
2.859500000000000000e+04
2.861400000000000000e+04
2.863400000000000000e+04
2.865000000000000000e+04
2.866000000000000000e+04
2.866900000000000000e+04
2.868900000000000000e+04
2.870800000000000000e+04
2.872100000000000000e+04
2.873100000000000000e+04
2.874000000000000000e+04
2.874900000000000000e+04
2.875500000000000000e+04
2.876000000000000000e+04
2.876600000000000000e+04
2.877700000000000000e+04
2.878000000000000000e+04
2.878600000000000000e+04
2.879400000000000000e+04
2.879900000000000000e+04
2.880600000000000000e+04
2.881100000000000000e+04
2.881800000000000000e+04
2.882300000000000000e+04
2.882900000000000000e+04
2.883800000000000000e+04
2.884200000000000000e+04
2.884800000000000000e+04
2.885100000000000000e+04
2.885700000000000000e+04
2.886000000000000000e+04
2.887100000000000000e+04
2.887900000000000000e+04
2.888700000000000000e+04
2.889200000000000000e+04
2.889800000000000000e+04
2.890000000000000000e+04
2.890500000000000000e+04
2.891100000000000000e+04
2.891200000000000000e+04
2.891800000000000000e+04
2.892000000000000000e+04
2.892600000000000000e+04
2.893000000000000000e+04
2.893700000000000000e+04
2.893900000000000000e+04
2.894700000000000000e+04
2.895700000000000000e+04
2.896500000000000000e+04
2.897000000000000000e+04
2.897800000000000000e+04
2.898600000000000000e+04
2.899600000000000000e+04
2.900700000000000000e+04
2.902100000000000000e+04
2.902900000000000000e+04
2.903400000000000000e+04
2.904600000000000000e+04
2.906100000000000000e+04
2.907400000000000000e+04
2.909000000000000000e+04
2.910200000000000000e+04
2.911200000000000000e+04
2.911700000000000000e+04
2.913000000000000000e+04
2.913700000000000000e+04
2.915400000000000000e+04
2.916600000000000000e+04
2.918300000000000000e+04
2.919200000000000000e+04
2.919600000000000000e+04
2.920600000000000000e+04
2.921100000000000000e+04
2.922100000000000000e+04
2.923000000000000000e+04
2.923900000000000000e+04
2.925200000000000000e+04
2.925900000000000000e+04
2.927600000000000000e+04
2.929600000000000000e+04
2.930400000000000000e+04
2.932200000000000000e+04
2.933300000000000000e+04
2.934100000000000000e+04
2.934800000000000000e+04
2.935700000000000000e+04
2.936500000000000000e+04
2.937900000000000000e+04
2.938500000000000000e+04
2.939000000000000000e+04
2.939600000000000000e+04
2.940500000000000000e+04
2.941900000000000000e+04
2.942900000000000000e+04
2.945000000000000000e+04
2.946900000000000000e+04
2.948400000000000000e+04
2.949900000000000000e+04
2.951900000000000000e+04
2.953300000000000000e+04
2.955600000000000000e+04
2.957600000000000000e+04
2.959400000000000000e+04
2.963800000000000000e+04
2.965300000000000000e+04
2.966300000000000000e+04
2.968000000000000000e+04
2.971700000000000000e+04
2.975000000000000000e+04
2.977300000000000000e+04
2.979800000000000000e+04
2.981100000000000000e+04
2.982400000000000000e+04
2.983800000000000000e+04
2.985000000000000000e+04
2.986500000000000000e+04
2.988400000000000000e+04
2.989300000000000000e+04
2.990600000000000000e+04
2.992200000000000000e+04
2.993100000000000000e+04
2.993800000000000000e+04
2.994600000000000000e+04
2.995500000000000000e+04
2.995700000000000000e+04
2.996400000000000000e+04
2.997500000000000000e+04
2.997800000000000000e+04
2.998300000000000000e+04
2.999200000000000000e+04
2.999500000000000000e+04
2.999900000000000000e+04
3.000300000000000000e+04
3.000700000000000000e+04
3.001900000000000000e+04
3.002900000000000000e+04
3.004600000000000000e+04
3.006300000000000000e+04
3.007400000000000000e+04
3.008300000000000000e+04
3.009600000000000000e+04
3.010500000000000000e+04
3.011800000000000000e+04
3.012400000000000000e+04
3.013700000000000000e+04
3.014100000000000000e+04
3.015700000000000000e+04
3.017300000000000000e+04
3.019100000000000000e+04
3.020500000000000000e+04
3.021000000000000000e+04
3.022500000000000000e+04
3.022800000000000000e+04
3.023400000000000000e+04
3.024800000000000000e+04
3.026200000000000000e+04
3.027300000000000000e+04
3.028600000000000000e+04
3.030100000000000000e+04
3.030900000000000000e+04
3.032200000000000000e+04
3.033100000000000000e+04
3.035500000000000000e+04
3.036600000000000000e+04
3.038000000000000000e+04
3.040400000000000000e+04
3.042400000000000000e+04
3.045700000000000000e+04
3.049900000000000000e+04
3.052800000000000000e+04
3.056000000000000000e+04
3.060200000000000000e+04
3.064300000000000000e+04
3.068400000000000000e+04
3.073400000000000000e+04
3.075300000000000000e+04
3.080400000000000000e+04
3.083100000000000000e+04
3.086100000000000000e+04
3.090300000000000000e+04
3.095100000000000000e+04
3.101500000000000000e+04
3.110000000000000000e+04
3.122100000000000000e+04
3.132300000000000000e+04
3.142900000000000000e+04
3.151300000000000000e+04
3.162600000000000000e+04
3.177100000000000000e+04
3.189900000000000000e+04
3.201600000000000000e+04
3.212000000000000000e+04
3.226600000000000000e+04
3.242600000000000000e+04
3.258200000000000000e+04
3.275300000000000000e+04
3.291800000000000000e+04
3.308200000000000000e+04
3.326600000000000000e+04
3.347300000000000000e+04
3.372600000000000000e+04
3.390900000000000000e+04
3.413000000000000000e+04
3.438300000000000000e+04
3.461200000000000000e+04
