0.000000000000000000e+00
0.000000000000000000e+00
0.000000000000000000e+00
0.000000000000000000e+00
0.000000000000000000e+00
0.000000000000000000e+00
0.000000000000000000e+00
0.000000000000000000e+00
0.000000000000000000e+00
0.000000000000000000e+00
1.000000000000000000e+00
1.000000000000000000e+00
1.000000000000000000e+00
1.000000000000000000e+00
1.000000000000000000e+00
1.000000000000000000e+00
1.000000000000000000e+00
1.000000000000000000e+00
1.000000000000000000e+00
1.000000000000000000e+00
1.000000000000000000e+00
1.000000000000000000e+00
1.000000000000000000e+00
1.000000000000000000e+00
1.000000000000000000e+00
1.000000000000000000e+00
1.000000000000000000e+00
1.000000000000000000e+00
1.000000000000000000e+00
1.000000000000000000e+00
1.000000000000000000e+00
1.000000000000000000e+00
1.000000000000000000e+00
1.000000000000000000e+00
1.000000000000000000e+00
2.000000000000000000e+00
3.000000000000000000e+00
1.100000000000000000e+01
1.400000000000000000e+01
1.400000000000000000e+01
1.900000000000000000e+01
3.200000000000000000e+01
6.200000000000000000e+01
8.700000000000000000e+01
1.460000000000000000e+02
1.790000000000000000e+02
2.250000000000000000e+02
3.260000000000000000e+02
4.240000000000000000e+02
6.200000000000000000e+02
7.710000000000000000e+02
9.230000000000000000e+02
9.940000000000000000e+02
1.063000000000000000e+03
1.146000000000000000e+03
1.265000000000000000e+03
1.410000000000000000e+03
1.553000000000000000e+03
1.733000000000000000e+03
1.868000000000000000e+03
1.986000000000000000e+03
2.168000000000000000e+03
2.398000000000000000e+03
2.712000000000000000e+03
2.998000000000000000e+03
3.363000000000000000e+03
3.663000000000000000e+03
3.943000000000000000e+03
4.359000000000000000e+03
4.834000000000000000e+03
5.320000000000000000e+03
5.874000000000000000e+03
6.475000000000000000e+03
6.832000000000000000e+03
7.172000000000000000e+03
7.561000000000000000e+03
8.299000000000000000e+03
8.954000000000000000e+03
9.599000000000000000e+03
1.005300000000000000e+04
1.044800000000000000e+04
1.091200000000000000e+04
1.134900000000000000e+04
1.182800000000000000e+04
1.243200000000000000e+04
1.305500000000000000e+04
1.374300000000000000e+04
1.427500000000000000e+04
1.466300000000000000e+04
1.512400000000000000e+04
1.583100000000000000e+04
1.655300000000000000e+04
1.731100000000000000e+04
1.809000000000000000e+04
1.856300000000000000e+04
1.886300000000000000e+04
1.942600000000000000e+04
2.016800000000000000e+04
2.096600000000000000e+04
2.160100000000000000e+04
2.213300000000000000e+04
2.243200000000000000e+04
2.269300000000000000e+04
2.316900000000000000e+04
2.382600000000000000e+04
2.457200000000000000e+04
2.535900000000000000e+04
2.605900000000000000e+04
2.656800000000000000e+04
2.684600000000000000e+04
2.730100000000000000e+04
2.805500000000000000e+04
2.875500000000000000e+04
2.941500000000000000e+04
3.010300000000000000e+04
3.046100000000000000e+04
3.072000000000000000e+04
3.115100000000000000e+04
3.181800000000000000e+04
3.262600000000000000e+04
3.323600000000000000e+04
3.376800000000000000e+04
3.417100000000000000e+04
3.438100000000000000e+04
3.487100000000000000e+04
3.561700000000000000e+04
3.641700000000000000e+04
3.719100000000000000e+04
3.796400000000000000e+04
3.839600000000000000e+04
3.866100000000000000e+04
3.930900000000000000e+04
4.021000000000000000e+04
4.125600000000000000e+04
4.229500000000000000e+04
4.344100000000000000e+04
4.422400000000000000e+04
4.468600000000000000e+04
4.536300000000000000e+04
4.629900000000000000e+04
4.773600000000000000e+04
4.903000000000000000e+04
5.036700000000000000e+04
5.140900000000000000e+04
5.182700000000000000e+04
5.251100000000000000e+04
5.372900000000000000e+04
5.518600000000000000e+04
5.668200000000000000e+04
5.789500000000000000e+04
5.859700000000000000e+04
5.891800000000000000e+04
5.971800000000000000e+04
6.103000000000000000e+04
6.272800000000000000e+04
6.400900000000000000e+04
6.521200000000000000e+04
6.597200000000000000e+04
6.639200000000000000e+04
6.711900000000000000e+04
6.792400000000000000e+04
6.860800000000000000e+04
6.929700000000000000e+04
6.999600000000000000e+04
7.036600000000000000e+04
7.068100000000000000e+04
7.093200000000000000e+04
7.121000000000000000e+04
7.174700000000000000e+04
7.208200000000000000e+04
7.245900000000000000e+04
7.277300000000000000e+04
7.287900000000000000e+04
7.304900000000000000e+04
7.336400000000000000e+04
7.366300000000000000e+04
7.393600000000000000e+04
7.423500000000000000e+04
7.443500000000000000e+04
7.454500000000000000e+04
7.467600000000000000e+04
7.490200000000000000e+04
7.519900000000000000e+04
7.541900000000000000e+04
7.568100000000000000e+04
7.581900000000000000e+04
7.586100000000000000e+04
7.593200000000000000e+04
7.621500000000000000e+04
7.651600000000000000e+04
7.681800000000000000e+04
7.707600000000000000e+04
7.737900000000000000e+04
7.741700000000000000e+04
7.758200000000000000e+04
7.791600000000000000e+04
7.834100000000000000e+04
7.871900000000000000e+04
7.909900000000000000e+04
7.935900000000000000e+04
7.943200000000000000e+04
7.962800000000000000e+04
8.004500000000000000e+04
8.048900000000000000e+04
8.085100000000000000e+04
8.119500000000000000e+04
8.142100000000000000e+04
8.148400000000000000e+04
8.165800000000000000e+04
8.197200000000000000e+04
8.232300000000000000e+04
8.265600000000000000e+04
8.295400000000000000e+04
8.311400000000000000e+04
8.317100000000000000e+04
8.335300000000000000e+04
8.357800000000000000e+04
8.382400000000000000e+04
8.395800000000000000e+04
8.395800000000000000e+04
8.395800000000000000e+04
8.395800000000000000e+04
8.437900000000000000e+04
8.452100000000000000e+04
8.453200000000000000e+04
8.472900000000000000e+04
8.498500000000000000e+04
8.498500000000000000e+04
8.498500000000000000e+04
8.555800000000000000e+04
8.570700000000000000e+04
8.588000000000000000e+04
8.619400000000000000e+04
8.650500000000000000e+04
8.650500000000000000e+04
8.650500000000000000e+04
8.650500000000000000e+04
8.734500000000000000e+04
8.757500000000000000e+04
8.788500000000000000e+04
8.823700000000000000e+04
8.823700000000000000e+04
8.823700000000000000e+04
8.823700000000000000e+04
8.943600000000000000e+04
8.975600000000000000e+04
9.028900000000000000e+04
9.092300000000000000e+04
9.092300000000000000e+04
9.092300000000000000e+04
9.092300000000000000e+04
9.246600000000000000e+04
9.286300000000000000e+04
9.361500000000000000e+04
9.428300000000000000e+04
9.428300000000000000e+04
9.428300000000000000e+04
9.428300000000000000e+04
9.614500000000000000e+04
9.667700000000000000e+04
9.753200000000000000e+04
9.845100000000000000e+04
9.845100000000000000e+04
9.845100000000000000e+04
9.845100000000000000e+04
1.006540000000000000e+05
1.013320000000000000e+05
1.024070000000000000e+05
1.032000000000000000e+05
1.032000000000000000e+05
1.032000000000000000e+05
1.032000000000000000e+05
1.063800000000000000e+05
1.073550000000000000e+05
1.089690000000000000e+05
1.105940000000000000e+05
1.105940000000000000e+05
1.105940000000000000e+05
1.105940000000000000e+05
1.157850000000000000e+05
1.179130000000000000e+05
1.211670000000000000e+05
1.243550000000000000e+05
1.243550000000000000e+05
1.243550000000000000e+05
1.243550000000000000e+05
1.345320000000000000e+05
1.377300000000000000e+05
1.417640000000000000e+05
1.464610000000000000e+05
1.464610000000000000e+05
1.464610000000000000e+05
1.464610000000000000e+05
1.622400000000000000e+05
1.667070000000000000e+05
1.713650000000000000e+05
1.773550000000000000e+05
1.773550000000000000e+05
1.773550000000000000e+05
1.773550000000000000e+05
1.924390000000000000e+05
1.964460000000000000e+05
2.010550000000000000e+05
2.082950000000000000e+05
2.082950000000000000e+05
2.082950000000000000e+05
2.082950000000000000e+05
2.255600000000000000e+05
2.305140000000000000e+05
2.363550000000000000e+05
2.431290000000000000e+05
2.431290000000000000e+05
2.431290000000000000e+05
2.431290000000000000e+05
2.607580000000000000e+05
2.661580000000000000e+05
2.726430000000000000e+05
2.789120000000000000e+05
2.789120000000000000e+05
2.789120000000000000e+05
2.789120000000000000e+05
2.977320000000000000e+05
3.047930000000000000e+05
3.127280000000000000e+05
3.200980000000000000e+05
3.200980000000000000e+05
3.200980000000000000e+05
3.200980000000000000e+05
3.410290000000000000e+05
3.485850000000000000e+05
3.574660000000000000e+05
3.671200000000000000e+05
3.671200000000000000e+05
3.671200000000000000e+05
3.671200000000000000e+05
3.894390000000000000e+05
3.960480000000000000e+05
3.960480000000000000e+05
3.960480000000000000e+05
3.960480000000000000e+05
3.960480000000000000e+05
3.960480000000000000e+05
4.285330000000000000e+05
4.373790000000000000e+05
4.373790000000000000e+05
4.373790000000000000e+05
4.373790000000000000e+05
4.373790000000000000e+05
4.373790000000000000e+05
4.697480000000000000e+05
4.697480000000000000e+05
4.822840000000000000e+05
4.894710000000000000e+05
4.894710000000000000e+05
4.894710000000000000e+05
4.894710000000000000e+05
5.068660000000000000e+05
5.122030000000000000e+05
5.187830000000000000e+05
5.234860000000000000e+05
5.234860000000000000e+05
5.234860000000000000e+05
5.234860000000000000e+05
5.332650000000000000e+05
5.379670000000000000e+05
5.429520000000000000e+05
5.471660000000000000e+05
5.471660000000000000e+05
5.471660000000000000e+05
5.471660000000000000e+05
5.562890000000000000e+05
5.604720000000000000e+05
5.645570000000000000e+05
5.669570000000000000e+05
5.669570000000000000e+05
5.669570000000000000e+05
5.669570000000000000e+05
5.766060000000000000e+05
5.809160000000000000e+05
5.846740000000000000e+05
5.880620000000000000e+05
5.880620000000000000e+05
5.880620000000000000e+05
5.880620000000000000e+05
5.961740000000000000e+05
6.002440000000000000e+05
6.045770000000000000e+05
6.084110000000000000e+05
6.084110000000000000e+05
6.084110000000000000e+05
6.084110000000000000e+05
6.178690000000000000e+05
6.221020000000000000e+05
6.270220000000000000e+05
6.311660000000000000e+05
6.311660000000000000e+05
6.311660000000000000e+05
6.311660000000000000e+05
6.420990000000000000e+05
6.474700000000000000e+05
6.524650000000000000e+05
6.573090000000000000e+05
6.573090000000000000e+05
6.573090000000000000e+05
6.573090000000000000e+05
6.691130000000000000e+05
6.752920000000000000e+05
6.801300000000000000e+05
6.849610000000000000e+05
6.849610000000000000e+05
6.849610000000000000e+05
6.849610000000000000e+05
6.959750000000000000e+05
7.018920000000000000e+05
7.071920000000000000e+05
7.125270000000000000e+05
7.125270000000000000e+05
7.125270000000000000e+05
7.125270000000000000e+05
7.252890000000000000e+05
7.320700000000000000e+05
7.385370000000000000e+05
7.442720000000000000e+05
7.442720000000000000e+05
7.442720000000000000e+05
7.442720000000000000e+05
7.583350000000000000e+05
7.659840000000000000e+05
7.736900000000000000e+05
7.800180000000000000e+05
7.800180000000000000e+05
7.800180000000000000e+05
7.800180000000000000e+05
7.964450000000000000e+05
8.048860000000000000e+05
8.131910000000000000e+05
8.131910000000000000e+05
8.131910000000000000e+05
8.131910000000000000e+05
8.131910000000000000e+05
8.349930000000000000e+05
8.418070000000000000e+05
8.496290000000000000e+05
8.574010000000000000e+05
8.574010000000000000e+05
8.574010000000000000e+05
8.574010000000000000e+05
8.765060000000000000e+05
8.853850000000000000e+05
8.924800000000000000e+05
9.001380000000000000e+05
9.001380000000000000e+05
9.001380000000000000e+05
9.001380000000000000e+05
9.168300000000000000e+05
9.243400000000000000e+05
9.320760000000000000e+05
9.383430000000000000e+05
9.383430000000000000e+05
9.383430000000000000e+05
9.383430000000000000e+05
9.532540000000000000e+05
9.605200000000000000e+05
9.676780000000000000e+05
9.736040000000000000e+05
9.736040000000000000e+05
9.736040000000000000e+05
9.736040000000000000e+05
9.885540000000000000e+05
9.955950000000000000e+05
1.002121000000000000e+06
1.007792000000000000e+06
1.007792000000000000e+06
1.007792000000000000e+06
1.007792000000000000e+06
1.021604000000000000e+06
1.027934000000000000e+06
1.027934000000000000e+06
1.037126000000000000e+06
1.037126000000000000e+06
1.037126000000000000e+06
1.037126000000000000e+06
1.047143000000000000e+06
1.051762000000000000e+06
1.055173000000000000e+06
1.058341000000000000e+06
1.058341000000000000e+06
1.058341000000000000e+06
1.058341000000000000e+06
1.064375000000000000e+06
1.067107000000000000e+06
1.068473000000000000e+06
1.068473000000000000e+06
1.068473000000000000e+06
1.068473000000000000e+06
1.068473000000000000e+06
1.068473000000000000e+06
1.068473000000000000e+06
1.076993000000000000e+06
1.078062000000000000e+06
1.078062000000000000e+06
1.078062000000000000e+06
1.078062000000000000e+06
1.080733000000000000e+06
1.081898000000000000e+06
1.082729000000000000e+06
1.083456000000000000e+06
1.083456000000000000e+06
1.083456000000000000e+06
1.083456000000000000e+06
1.084636000000000000e+06
1.084636000000000000e+06
1.084636000000000000e+06
1.084636000000000000e+06
1.084636000000000000e+06
1.084636000000000000e+06
1.084636000000000000e+06
1.088014000000000000e+06
1.088518000000000000e+06
1.088896000000000000e+06
1.088896000000000000e+06
1.088896000000000000e+06
1.088896000000000000e+06
1.088896000000000000e+06
1.089743000000000000e+06
1.089990000000000000e+06
1.090553000000000000e+06
1.090880000000000000e+06
1.090880000000000000e+06
1.090880000000000000e+06
1.090880000000000000e+06
1.091730000000000000e+06
1.092083000000000000e+06
1.092308000000000000e+06
1.092540000000000000e+06
1.092540000000000000e+06
1.092540000000000000e+06
1.092540000000000000e+06
1.093209000000000000e+06
1.093576000000000000e+06
1.093923000000000000e+06
1.094287000000000000e+06
1.094287000000000000e+06
1.094287000000000000e+06
1.094287000000000000e+06
1.095279000000000000e+06
1.095758000000000000e+06
1.096341000000000000e+06
1.096799000000000000e+06
1.096799000000000000e+06
1.096799000000000000e+06
1.096799000000000000e+06
1.098154000000000000e+06
1.098795000000000000e+06
1.099414000000000000e+06
1.100040000000000000e+06
1.100040000000000000e+06
1.100040000000000000e+06
