0.000000000000000000e+00
0.000000000000000000e+00
0.000000000000000000e+00
0.000000000000000000e+00
0.000000000000000000e+00
0.000000000000000000e+00
0.000000000000000000e+00
0.000000000000000000e+00
0.000000000000000000e+00
0.000000000000000000e+00
1.000000000000000000e+00
0.000000000000000000e+00
0.000000000000000000e+00
0.000000000000000000e+00
0.000000000000000000e+00
0.000000000000000000e+00
0.000000000000000000e+00
0.000000000000000000e+00
0.000000000000000000e+00
0.000000000000000000e+00
0.000000000000000000e+00
0.000000000000000000e+00
0.000000000000000000e+00
0.000000000000000000e+00
0.000000000000000000e+00
0.000000000000000000e+00
0.000000000000000000e+00
0.000000000000000000e+00
0.000000000000000000e+00
0.000000000000000000e+00
0.000000000000000000e+00
0.000000000000000000e+00
0.000000000000000000e+00
0.000000000000000000e+00
0.000000000000000000e+00
1.000000000000000000e+00
1.000000000000000000e+00
8.000000000000000000e+00
3.000000000000000000e+00
0.000000000000000000e+00
5.000000000000000000e+00
1.300000000000000000e+01
3.000000000000000000e+01
2.500000000000000000e+01
5.900000000000000000e+01
3.300000000000000000e+01
4.600000000000000000e+01
1.010000000000000000e+02
9.800000000000000000e+01
1.960000000000000000e+02
1.510000000000000000e+02
1.520000000000000000e+02
7.100000000000000000e+01
6.900000000000000000e+01
8.300000000000000000e+01
1.190000000000000000e+02
1.450000000000000000e+02
1.430000000000000000e+02
1.800000000000000000e+02
1.350000000000000000e+02
1.180000000000000000e+02
1.820000000000000000e+02
2.300000000000000000e+02
3.140000000000000000e+02
2.860000000000000000e+02
3.650000000000000000e+02
3.000000000000000000e+02
2.800000000000000000e+02
4.160000000000000000e+02
4.750000000000000000e+02
4.860000000000000000e+02
5.540000000000000000e+02
6.010000000000000000e+02
3.570000000000000000e+02
3.400000000000000000e+02
3.890000000000000000e+02
7.380000000000000000e+02
6.550000000000000000e+02
6.450000000000000000e+02
4.540000000000000000e+02
3.950000000000000000e+02
4.640000000000000000e+02
4.370000000000000000e+02
4.790000000000000000e+02
6.040000000000000000e+02
6.230000000000000000e+02
6.880000000000000000e+02
5.320000000000000000e+02
3.880000000000000000e+02
4.610000000000000000e+02
7.070000000000000000e+02
7.220000000000000000e+02
7.580000000000000000e+02
7.790000000000000000e+02
4.730000000000000000e+02
3.000000000000000000e+02
5.630000000000000000e+02
7.420000000000000000e+02
7.980000000000000000e+02
6.350000000000000000e+02
5.320000000000000000e+02
2.990000000000000000e+02
2.610000000000000000e+02
4.760000000000000000e+02
6.570000000000000000e+02
7.460000000000000000e+02
7.870000000000000000e+02
7.000000000000000000e+02
5.090000000000000000e+02
2.780000000000000000e+02
4.550000000000000000e+02
7.540000000000000000e+02
7.000000000000000000e+02
6.600000000000000000e+02
6.880000000000000000e+02
3.580000000000000000e+02
2.590000000000000000e+02
4.310000000000000000e+02
6.670000000000000000e+02
8.080000000000000000e+02
6.100000000000000000e+02
5.320000000000000000e+02
4.030000000000000000e+02
2.100000000000000000e+02
4.900000000000000000e+02
7.460000000000000000e+02
8.000000000000000000e+02
7.740000000000000000e+02
7.730000000000000000e+02
4.320000000000000000e+02
2.650000000000000000e+02
6.480000000000000000e+02
9.010000000000000000e+02
1.046000000000000000e+03
1.039000000000000000e+03
1.146000000000000000e+03
7.830000000000000000e+02
4.620000000000000000e+02
6.770000000000000000e+02
9.360000000000000000e+02
1.437000000000000000e+03
1.294000000000000000e+03
1.337000000000000000e+03
1.042000000000000000e+03
4.180000000000000000e+02
6.840000000000000000e+02
1.218000000000000000e+03
1.457000000000000000e+03
1.496000000000000000e+03
1.213000000000000000e+03
7.020000000000000000e+02
3.210000000000000000e+02
8.000000000000000000e+02
1.312000000000000000e+03
1.698000000000000000e+03
1.281000000000000000e+03
1.203000000000000000e+03
7.600000000000000000e+02
4.200000000000000000e+02
7.270000000000000000e+02
8.050000000000000000e+02
6.840000000000000000e+02
6.890000000000000000e+02
6.990000000000000000e+02
3.700000000000000000e+02
3.150000000000000000e+02
2.510000000000000000e+02
2.780000000000000000e+02
5.370000000000000000e+02
3.350000000000000000e+02
3.770000000000000000e+02
3.140000000000000000e+02
1.060000000000000000e+02
1.700000000000000000e+02
3.150000000000000000e+02
2.990000000000000000e+02
2.730000000000000000e+02
2.990000000000000000e+02
2.000000000000000000e+02
1.100000000000000000e+02
1.310000000000000000e+02
2.260000000000000000e+02
2.970000000000000000e+02
2.200000000000000000e+02
2.620000000000000000e+02
1.380000000000000000e+02
4.200000000000000000e+01
7.100000000000000000e+01
2.830000000000000000e+02
3.010000000000000000e+02
3.020000000000000000e+02
2.580000000000000000e+02
3.030000000000000000e+02
3.800000000000000000e+01
1.650000000000000000e+02
3.340000000000000000e+02
4.250000000000000000e+02
3.780000000000000000e+02
3.800000000000000000e+02
2.600000000000000000e+02
7.300000000000000000e+01
1.960000000000000000e+02
4.170000000000000000e+02
4.440000000000000000e+02
3.620000000000000000e+02
3.440000000000000000e+02
2.260000000000000000e+02
6.300000000000000000e+01
1.740000000000000000e+02
3.140000000000000000e+02
3.510000000000000000e+02
3.330000000000000000e+02
2.980000000000000000e+02
1.600000000000000000e+02
5.700000000000000000e+01
1.820000000000000000e+02
2.250000000000000000e+02
2.460000000000000000e+02
1.340000000000000000e+02
0.000000000000000000e+00
0.000000000000000000e+00
0.000000000000000000e+00
4.210000000000000000e+02
1.420000000000000000e+02
1.100000000000000000e+01
1.970000000000000000e+02
2.560000000000000000e+02
0.000000000000000000e+00
0.000000000000000000e+00
5.730000000000000000e+02
1.490000000000000000e+02
1.730000000000000000e+02
3.140000000000000000e+02
3.110000000000000000e+02
0.000000000000000000e+00
0.000000000000000000e+00
0.000000000000000000e+00
8.400000000000000000e+02
2.300000000000000000e+02
3.100000000000000000e+02
3.520000000000000000e+02
0.000000000000000000e+00
0.000000000000000000e+00
0.000000000000000000e+00
1.199000000000000000e+03
3.200000000000000000e+02
5.330000000000000000e+02
6.340000000000000000e+02
0.000000000000000000e+00
0.000000000000000000e+00
0.000000000000000000e+00
1.543000000000000000e+03
3.970000000000000000e+02
7.520000000000000000e+02
6.680000000000000000e+02
0.000000000000000000e+00
0.000000000000000000e+00
0.000000000000000000e+00
1.862000000000000000e+03
5.320000000000000000e+02
8.550000000000000000e+02
9.190000000000000000e+02
0.000000000000000000e+00
0.000000000000000000e+00
0.000000000000000000e+00
2.203000000000000000e+03
6.780000000000000000e+02
1.075000000000000000e+03
7.930000000000000000e+02
0.000000000000000000e+00
0.000000000000000000e+00
0.000000000000000000e+00
3.180000000000000000e+03
9.750000000000000000e+02
1.614000000000000000e+03
1.625000000000000000e+03
0.000000000000000000e+00
0.000000000000000000e+00
0.000000000000000000e+00
5.191000000000000000e+03
2.128000000000000000e+03
3.254000000000000000e+03
3.188000000000000000e+03
0.000000000000000000e+00
0.000000000000000000e+00
0.000000000000000000e+00
1.017700000000000000e+04
3.198000000000000000e+03
4.034000000000000000e+03
4.697000000000000000e+03
0.000000000000000000e+00
0.000000000000000000e+00
0.000000000000000000e+00
1.577900000000000000e+04
4.467000000000000000e+03
4.658000000000000000e+03
5.990000000000000000e+03
0.000000000000000000e+00
0.000000000000000000e+00
0.000000000000000000e+00
1.508400000000000000e+04
4.007000000000000000e+03
4.609000000000000000e+03
7.240000000000000000e+03
0.000000000000000000e+00
0.000000000000000000e+00
0.000000000000000000e+00
1.726500000000000000e+04
4.954000000000000000e+03
5.841000000000000000e+03
6.774000000000000000e+03
0.000000000000000000e+00
0.000000000000000000e+00
0.000000000000000000e+00
1.762900000000000000e+04
5.400000000000000000e+03
6.485000000000000000e+03
6.269000000000000000e+03
0.000000000000000000e+00
0.000000000000000000e+00
0.000000000000000000e+00
1.882000000000000000e+04
7.061000000000000000e+03
7.935000000000000000e+03
7.370000000000000000e+03
0.000000000000000000e+00
0.000000000000000000e+00
0.000000000000000000e+00
2.093100000000000000e+04
7.556000000000000000e+03
8.881000000000000000e+03
9.654000000000000000e+03
0.000000000000000000e+00
0.000000000000000000e+00
0.000000000000000000e+00
2.231900000000000000e+04
6.609000000000000000e+03
0.000000000000000000e+00
0.000000000000000000e+00
0.000000000000000000e+00
0.000000000000000000e+00
0.000000000000000000e+00
3.248500000000000000e+04
8.846000000000000000e+03
0.000000000000000000e+00
0.000000000000000000e+00
0.000000000000000000e+00
0.000000000000000000e+00
0.000000000000000000e+00
3.236900000000000000e+04
0.000000000000000000e+00
1.253600000000000000e+04
7.187000000000000000e+03
0.000000000000000000e+00
0.000000000000000000e+00
0.000000000000000000e+00
1.739500000000000000e+04
5.337000000000000000e+03
6.580000000000000000e+03
4.703000000000000000e+03
0.000000000000000000e+00
0.000000000000000000e+00
0.000000000000000000e+00
9.779000000000000000e+03
4.702000000000000000e+03
4.985000000000000000e+03
4.214000000000000000e+03
0.000000000000000000e+00
0.000000000000000000e+00
0.000000000000000000e+00
9.123000000000000000e+03
4.183000000000000000e+03
4.085000000000000000e+03
2.400000000000000000e+03
0.000000000000000000e+00
0.000000000000000000e+00
0.000000000000000000e+00
9.649000000000000000e+03
4.310000000000000000e+03
3.758000000000000000e+03
3.388000000000000000e+03
0.000000000000000000e+00
0.000000000000000000e+00
0.000000000000000000e+00
8.112000000000000000e+03
4.070000000000000000e+03
4.333000000000000000e+03
3.834000000000000000e+03
0.000000000000000000e+00
0.000000000000000000e+00
0.000000000000000000e+00
9.458000000000000000e+03
4.233000000000000000e+03
4.920000000000000000e+03
4.144000000000000000e+03
0.000000000000000000e+00
0.000000000000000000e+00
0.000000000000000000e+00
1.093300000000000000e+04
5.371000000000000000e+03
4.995000000000000000e+03
4.844000000000000000e+03
0.000000000000000000e+00
0.000000000000000000e+00
0.000000000000000000e+00
1.180400000000000000e+04
6.179000000000000000e+03
4.838000000000000000e+03
4.831000000000000000e+03
0.000000000000000000e+00
0.000000000000000000e+00
0.000000000000000000e+00
1.101400000000000000e+04
5.917000000000000000e+03
5.300000000000000000e+03
5.335000000000000000e+03
0.000000000000000000e+00
0.000000000000000000e+00
0.000000000000000000e+00
1.276200000000000000e+04
6.781000000000000000e+03
6.467000000000000000e+03
5.735000000000000000e+03
0.000000000000000000e+00
0.000000000000000000e+00
0.000000000000000000e+00
1.406300000000000000e+04
7.649000000000000000e+03
7.706000000000000000e+03
6.328000000000000000e+03
0.000000000000000000e+00
0.000000000000000000e+00
0.000000000000000000e+00
1.642700000000000000e+04
8.441000000000000000e+03
8.305000000000000000e+03
0.000000000000000000e+00
0.000000000000000000e+00
0.000000000000000000e+00
0.000000000000000000e+00
2.180200000000000000e+04
6.814000000000000000e+03
7.822000000000000000e+03
7.772000000000000000e+03
0.000000000000000000e+00
0.000000000000000000e+00
0.000000000000000000e+00
1.910500000000000000e+04
8.879000000000000000e+03
7.095000000000000000e+03
7.658000000000000000e+03
0.000000000000000000e+00
0.000000000000000000e+00
0.000000000000000000e+00
1.669200000000000000e+04
7.510000000000000000e+03
7.736000000000000000e+03
6.267000000000000000e+03
0.000000000000000000e+00
0.000000000000000000e+00
0.000000000000000000e+00
1.491100000000000000e+04
7.266000000000000000e+03
7.158000000000000000e+03
5.926000000000000000e+03
0.000000000000000000e+00
0.000000000000000000e+00
0.000000000000000000e+00
1.495000000000000000e+04
7.041000000000000000e+03
6.526000000000000000e+03
5.671000000000000000e+03
0.000000000000000000e+00
0.000000000000000000e+00
0.000000000000000000e+00
1.381200000000000000e+04
6.330000000000000000e+03
0.000000000000000000e+00
9.192000000000000000e+03
0.000000000000000000e+00
0.000000000000000000e+00
0.000000000000000000e+00
1.001700000000000000e+04
4.619000000000000000e+03
3.411000000000000000e+03
3.168000000000000000e+03
0.000000000000000000e+00
0.000000000000000000e+00
0.000000000000000000e+00
6.034000000000000000e+03
2.732000000000000000e+03
1.366000000000000000e+03
0.000000000000000000e+00
0.000000000000000000e+00
0.000000000000000000e+00
0.000000000000000000e+00
0.000000000000000000e+00
0.000000000000000000e+00
8.520000000000000000e+03
1.069000000000000000e+03
0.000000000000000000e+00
0.000000000000000000e+00
0.000000000000000000e+00
2.671000000000000000e+03
1.165000000000000000e+03
8.310000000000000000e+02
7.270000000000000000e+02
0.000000000000000000e+00
0.000000000000000000e+00
0.000000000000000000e+00
1.180000000000000000e+03
0.000000000000000000e+00
0.000000000000000000e+00
0.000000000000000000e+00
0.000000000000000000e+00
0.000000000000000000e+00
0.000000000000000000e+00
3.378000000000000000e+03
5.040000000000000000e+02
3.780000000000000000e+02
0.000000000000000000e+00
0.000000000000000000e+00
0.000000000000000000e+00
0.000000000000000000e+00
8.470000000000000000e+02
2.470000000000000000e+02
5.630000000000000000e+02
3.270000000000000000e+02
0.000000000000000000e+00
0.000000000000000000e+00
0.000000000000000000e+00
8.500000000000000000e+02
3.530000000000000000e+02
2.250000000000000000e+02
2.320000000000000000e+02
0.000000000000000000e+00
0.000000000000000000e+00
0.000000000000000000e+00
6.690000000000000000e+02
3.670000000000000000e+02
3.470000000000000000e+02
3.640000000000000000e+02
0.000000000000000000e+00
0.000000000000000000e+00
0.000000000000000000e+00
9.920000000000000000e+02
4.790000000000000000e+02
5.830000000000000000e+02
4.580000000000000000e+02
0.000000000000000000e+00
0.000000000000000000e+00
0.000000000000000000e+00
1.355000000000000000e+03
6.410000000000000000e+02
6.190000000000000000e+02
6.260000000000000000e+02
0.000000000000000000e+00
0.000000000000000000e+00
