0.000000000000000000e+00
0.000000000000000000e+00
0.000000000000000000e+00
0.000000000000000000e+00
0.000000000000000000e+00
0.000000000000000000e+00
0.000000000000000000e+00
0.000000000000000000e+00
0.000000000000000000e+00
0.000000000000000000e+00
0.000000000000000000e+00
0.000000000000000000e+00
0.000000000000000000e+00
0.000000000000000000e+00
0.000000000000000000e+00
0.000000000000000000e+00
0.000000000000000000e+00
0.000000000000000000e+00
0.000000000000000000e+00
0.000000000000000000e+00
0.000000000000000000e+00
0.000000000000000000e+00
0.000000000000000000e+00
0.000000000000000000e+00
0.000000000000000000e+00
0.000000000000000000e+00
0.000000000000000000e+00
0.000000000000000000e+00
0.000000000000000000e+00
0.000000000000000000e+00
0.000000000000000000e+00
0.000000000000000000e+00
0.000000000000000000e+00
0.000000000000000000e+00
0.000000000000000000e+00
0.000000000000000000e+00
0.000000000000000000e+00
0.000000000000000000e+00
0.000000000000000000e+00
0.000000000000000000e+00
0.000000000000000000e+00
0.000000000000000000e+00
0.000000000000000000e+00
0.000000000000000000e+00
0.000000000000000000e+00
0.000000000000000000e+00
0.000000000000000000e+00
0.000000000000000000e+00
0.000000000000000000e+00
0.000000000000000000e+00
0.000000000000000000e+00
0.000000000000000000e+00
0.000000000000000000e+00
0.000000000000000000e+00
0.000000000000000000e+00
0.000000000000000000e+00
0.000000000000000000e+00
1.000000000000000000e+00
1.000000000000000000e+00
1.000000000000000000e+00
1.000000000000000000e+00
1.000000000000000000e+00
3.000000000000000000e+00
3.000000000000000000e+00
3.000000000000000000e+00
3.000000000000000000e+00
3.000000000000000000e+00
3.000000000000000000e+00
5.000000000000000000e+00
7.000000000000000000e+00
7.000000000000000000e+00
8.000000000000000000e+00
8.000000000000000000e+00
9.000000000000000000e+00
9.000000000000000000e+00
9.000000000000000000e+00
1.000000000000000000e+01
1.000000000000000000e+01
1.100000000000000000e+01
1.100000000000000000e+01
1.100000000000000000e+01
1.800000000000000000e+01
2.300000000000000000e+01
2.300000000000000000e+01
2.300000000000000000e+01
2.700000000000000000e+01
2.700000000000000000e+01
3.300000000000000000e+01
3.300000000000000000e+01
3.300000000000000000e+01
3.300000000000000000e+01
3.300000000000000000e+01
3.300000000000000000e+01
4.000000000000000000e+01
4.600000000000000000e+01
4.600000000000000000e+01
4.600000000000000000e+01
5.200000000000000000e+01
5.200000000000000000e+01
7.300000000000000000e+01
7.300000000000000000e+01
1.170000000000000000e+02
1.170000000000000000e+02
1.170000000000000000e+02
1.700000000000000000e+02
1.700000000000000000e+02
2.530000000000000000e+02
2.600000000000000000e+02
3.220000000000000000e+02
3.220000000000000000e+02
3.220000000000000000e+02
3.570000000000000000e+02
3.720000000000000000e+02
3.990000000000000000e+02
4.280000000000000000e+02
4.740000000000000000e+02
5.030000000000000000e+02
5.190000000000000000e+02
5.450000000000000000e+02
5.650000000000000000e+02
5.880000000000000000e+02
6.110000000000000000e+02
6.480000000000000000e+02
6.750000000000000000e+02
6.870000000000000000e+02
7.000000000000000000e+02
7.150000000000000000e+02
7.260000000000000000e+02
7.590000000000000000e+02
7.590000000000000000e+02
7.780000000000000000e+02
7.900000000000000000e+02
8.030000000000000000e+02
8.200000000000000000e+02
8.280000000000000000e+02
8.360000000000000000e+02
8.360000000000000000e+02
8.370000000000000000e+02
8.390000000000000000e+02
8.440000000000000000e+02
8.460000000000000000e+02
8.480000000000000000e+02
8.480000000000000000e+02
8.480000000000000000e+02
8.500000000000000000e+02
8.500000000000000000e+02
8.530000000000000000e+02
8.540000000000000000e+02
8.540000000000000000e+02
8.580000000000000000e+02
8.580000000000000000e+02
8.580000000000000000e+02
8.580000000000000000e+02
8.600000000000000000e+02
8.600000000000000000e+02
8.630000000000000000e+02
8.650000000000000000e+02
8.650000000000000000e+02
8.660000000000000000e+02
8.660000000000000000e+02
8.660000000000000000e+02
8.660000000000000000e+02
8.680000000000000000e+02
8.710000000000000000e+02
8.710000000000000000e+02
8.720000000000000000e+02
8.720000000000000000e+02
8.730000000000000000e+02
8.730000000000000000e+02
8.730000000000000000e+02
8.740000000000000000e+02
8.740000000000000000e+02
8.800000000000000000e+02
8.800000000000000000e+02
8.840000000000000000e+02
8.850000000000000000e+02
8.860000000000000000e+02
8.870000000000000000e+02
8.890000000000000000e+02
8.890000000000000000e+02
8.890000000000000000e+02
8.890000000000000000e+02
8.890000000000000000e+02
9.150000000000000000e+02
9.150000000000000000e+02
9.150000000000000000e+02
9.150000000000000000e+02
9.220000000000000000e+02
9.260000000000000000e+02
9.260000000000000000e+02
9.350000000000000000e+02
9.360000000000000000e+02
9.360000000000000000e+02
9.360000000000000000e+02
9.360000000000000000e+02
9.380000000000000000e+02
9.390000000000000000e+02
9.420000000000000000e+02
9.420000000000000000e+02
9.420000000000000000e+02
9.440000000000000000e+02
9.450000000000000000e+02
9.460000000000000000e+02
9.490000000000000000e+02
9.490000000000000000e+02
9.510000000000000000e+02
9.520000000000000000e+02
9.560000000000000000e+02
9.590000000000000000e+02
9.700000000000000000e+02
9.710000000000000000e+02
9.720000000000000000e+02
9.810000000000000000e+02
9.820000000000000000e+02
9.860000000000000000e+02
9.870000000000000000e+02
9.950000000000000000e+02
9.980000000000000000e+02
1.004000000000000000e+03
1.008000000000000000e+03
1.008000000000000000e+03
1.012000000000000000e+03
1.013000000000000000e+03
1.017000000000000000e+03
1.017000000000000000e+03
1.018000000000000000e+03
1.023000000000000000e+03
1.034000000000000000e+03
1.039000000000000000e+03
1.040000000000000000e+03
1.045000000000000000e+03
1.048000000000000000e+03
1.051000000000000000e+03
1.081000000000000000e+03
1.083000000000000000e+03
1.084000000000000000e+03
1.085000000000000000e+03
1.087000000000000000e+03
1.090000000000000000e+03
1.115000000000000000e+03
1.147000000000000000e+03
1.149000000000000000e+03
1.151000000000000000e+03
1.153000000000000000e+03
1.155000000000000000e+03
1.164000000000000000e+03
1.171000000000000000e+03
1.175000000000000000e+03
1.177000000000000000e+03
1.178000000000000000e+03
1.185000000000000000e+03
1.193000000000000000e+03
1.200000000000000000e+03
1.203000000000000000e+03
1.211000000000000000e+03
1.214000000000000000e+03
1.217000000000000000e+03
1.223000000000000000e+03
1.238000000000000000e+03
1.251000000000000000e+03
1.262000000000000000e+03
1.274000000000000000e+03
1.291000000000000000e+03
1.304000000000000000e+03
1.308000000000000000e+03
1.321000000000000000e+03
1.329000000000000000e+03
1.350000000000000000e+03
1.361000000000000000e+03
1.365000000000000000e+03
1.379000000000000000e+03
1.390000000000000000e+03
1.399000000000000000e+03
1.404000000000000000e+03
1.410000000000000000e+03
1.423000000000000000e+03
1.434000000000000000e+03
1.437000000000000000e+03
1.441000000000000000e+03
1.460000000000000000e+03
1.468000000000000000e+03
1.473000000000000000e+03
1.483000000000000000e+03
1.483000000000000000e+03
1.498000000000000000e+03
1.499000000000000000e+03
1.513000000000000000e+03
1.517000000000000000e+03
1.529000000000000000e+03
1.538000000000000000e+03
1.543000000000000000e+03
1.547000000000000000e+03
1.551000000000000000e+03
1.561000000000000000e+03
1.565000000000000000e+03
1.578000000000000000e+03
1.589000000000000000e+03
1.591000000000000000e+03
1.597000000000000000e+03
1.603000000000000000e+03
1.608000000000000000e+03
1.616000000000000000e+03
1.620000000000000000e+03
1.626000000000000000e+03
1.633000000000000000e+03
1.642000000000000000e+03
1.648000000000000000e+03
1.649000000000000000e+03
1.655000000000000000e+03
1.661000000000000000e+03
1.663000000000000000e+03
1.663000000000000000e+03
1.682000000000000000e+03
1.688000000000000000e+03
1.700000000000000000e+03
1.705000000000000000e+03
1.708000000000000000e+03
1.719000000000000000e+03
1.722000000000000000e+03
1.725000000000000000e+03
1.728000000000000000e+03
1.729000000000000000e+03
1.732000000000000000e+03
1.739000000000000000e+03
1.745000000000000000e+03
1.751000000000000000e+03
1.770000000000000000e+03
1.771000000000000000e+03
1.784000000000000000e+03
1.800000000000000000e+03
1.818000000000000000e+03
1.839000000000000000e+03
1.867000000000000000e+03
1.890000000000000000e+03
1.902000000000000000e+03
1.916000000000000000e+03
1.938000000000000000e+03
1.958000000000000000e+03
1.971000000000000000e+03
1.986000000000000000e+03
2.005000000000000000e+03
2.015000000000000000e+03
2.048000000000000000e+03
2.077000000000000000e+03
2.113000000000000000e+03
2.141000000000000000e+03
2.169000000000000000e+03
2.213000000000000000e+03
2.229000000000000000e+03
2.289000000000000000e+03
2.328000000000000000e+03
2.358000000000000000e+03
2.419000000000000000e+03
2.510000000000000000e+03
2.537000000000000000e+03
2.589000000000000000e+03
2.668000000000000000e+03
2.709000000000000000e+03
2.773000000000000000e+03
2.807000000000000000e+03
2.855000000000000000e+03
2.895000000000000000e+03
2.919000000000000000e+03
2.977000000000000000e+03
3.012000000000000000e+03
3.065000000000000000e+03
3.104000000000000000e+03
3.137000000000000000e+03
3.161000000000000000e+03
3.182000000000000000e+03
3.225000000000000000e+03
3.269000000000000000e+03
3.296000000000000000e+03
3.321000000000000000e+03
3.347000000000000000e+03
3.376000000000000000e+03
3.385000000000000000e+03
3.404000000000000000e+03
3.419000000000000000e+03
3.433000000000000000e+03
3.450000000000000000e+03
3.473000000000000000e+03
3.497000000000000000e+03
3.508000000000000000e+03
3.539000000000000000e+03
3.568000000000000000e+03
3.581000000000000000e+03
3.597000000000000000e+03
3.622000000000000000e+03
3.645000000000000000e+03
3.664000000000000000e+03
3.689000000000000000e+03
3.724000000000000000e+03
3.751000000000000000e+03
3.776000000000000000e+03
3.794000000000000000e+03
3.849000000000000000e+03
3.868000000000000000e+03
3.882000000000000000e+03
3.904000000000000000e+03
3.934000000000000000e+03
3.957000000000000000e+03
3.973000000000000000e+03
3.973000000000000000e+03
3.986000000000000000e+03
3.999000000000000000e+03
4.056000000000000000e+03
4.089000000000000000e+03
4.089000000000000000e+03
4.161000000000000000e+03
4.177000000000000000e+03
4.193000000000000000e+03
4.214000000000000000e+03
4.231000000000000000e+03
4.246000000000000000e+03
4.274000000000000000e+03
4.288000000000000000e+03
4.309000000000000000e+03
4.328000000000000000e+03
4.344000000000000000e+03
4.357000000000000000e+03
4.380000000000000000e+03
4.395000000000000000e+03
4.410000000000000000e+03
4.420000000000000000e+03
4.427000000000000000e+03
4.440000000000000000e+03
4.453000000000000000e+03
4.465000000000000000e+03
4.480000000000000000e+03
4.501000000000000000e+03
4.506000000000000000e+03
4.510000000000000000e+03
4.523000000000000000e+03
4.533000000000000000e+03
4.552000000000000000e+03
4.573000000000000000e+03
4.589000000000000000e+03
4.595000000000000000e+03
4.595000000000000000e+03
4.603000000000000000e+03
4.606000000000000000e+03
4.616000000000000000e+03
4.619000000000000000e+03
4.625000000000000000e+03
4.636000000000000000e+03
4.641000000000000000e+03
4.652000000000000000e+03
4.662000000000000000e+03
4.673000000000000000e+03
4.686000000000000000e+03
4.691000000000000000e+03
4.706000000000000000e+03
4.708000000000000000e+03
4.723000000000000000e+03
4.731000000000000000e+03
4.735000000000000000e+03
4.747000000000000000e+03
4.752000000000000000e+03
4.770000000000000000e+03
4.772000000000000000e+03
4.779000000000000000e+03
4.789000000000000000e+03
4.810000000000000000e+03
4.817000000000000000e+03
4.824000000000000000e+03
4.828000000000000000e+03
4.828000000000000000e+03
4.835000000000000000e+03
4.847000000000000000e+03
4.854000000000000000e+03
4.862000000000000000e+03
4.874000000000000000e+03
4.877000000000000000e+03
4.882000000000000000e+03
4.888000000000000000e+03
4.891000000000000000e+03
4.895000000000000000e+03
4.897000000000000000e+03
4.901000000000000000e+03
4.904000000000000000e+03
4.904000000000000000e+03
4.905000000000000000e+03
4.914000000000000000e+03
4.918000000000000000e+03
4.919000000000000000e+03
4.923000000000000000e+03
4.924000000000000000e+03
4.924000000000000000e+03
4.924000000000000000e+03
4.925000000000000000e+03
4.926000000000000000e+03
4.927000000000000000e+03
4.928000000000000000e+03
4.929000000000000000e+03
4.931000000000000000e+03
4.934000000000000000e+03
4.935000000000000000e+03
4.935000000000000000e+03
4.938000000000000000e+03
4.939000000000000000e+03
4.939000000000000000e+03
4.940000000000000000e+03
4.942000000000000000e+03
4.942000000000000000e+03
4.942000000000000000e+03
4.942000000000000000e+03
4.942000000000000000e+03
4.942000000000000000e+03
4.943000000000000000e+03
4.943000000000000000e+03
4.943000000000000000e+03
4.944000000000000000e+03
4.945000000000000000e+03
4.946000000000000000e+03
4.946000000000000000e+03
4.947000000000000000e+03
4.948000000000000000e+03
4.951000000000000000e+03
4.951000000000000000e+03
4.951000000000000000e+03
4.951000000000000000e+03
4.951000000000000000e+03
4.951000000000000000e+03
4.951000000000000000e+03
4.951000000000000000e+03
4.951000000000000000e+03
4.951000000000000000e+03
4.951000000000000000e+03
4.951000000000000000e+03
4.952000000000000000e+03
4.952000000000000000e+03
4.952000000000000000e+03
4.953000000000000000e+03
4.953000000000000000e+03
4.954000000000000000e+03
4.954000000000000000e+03
4.954000000000000000e+03
4.954000000000000000e+03
4.955000000000000000e+03
4.959000000000000000e+03
4.964000000000000000e+03
4.964000000000000000e+03
4.964000000000000000e+03
4.964000000000000000e+03
4.965000000000000000e+03
4.965000000000000000e+03
4.965000000000000000e+03
4.967000000000000000e+03
4.969000000000000000e+03
4.969000000000000000e+03
4.969000000000000000e+03
4.971000000000000000e+03
4.972000000000000000e+03
4.972000000000000000e+03
4.973000000000000000e+03
4.973000000000000000e+03
4.973000000000000000e+03
