0.000000000000000000e+00
0.000000000000000000e+00
0.000000000000000000e+00
0.000000000000000000e+00
0.000000000000000000e+00
0.000000000000000000e+00
0.000000000000000000e+00
0.000000000000000000e+00
0.000000000000000000e+00
0.000000000000000000e+00
0.000000000000000000e+00
0.000000000000000000e+00
0.000000000000000000e+00
0.000000000000000000e+00
0.000000000000000000e+00
0.000000000000000000e+00
0.000000000000000000e+00
0.000000000000000000e+00
0.000000000000000000e+00
0.000000000000000000e+00
0.000000000000000000e+00
0.000000000000000000e+00
0.000000000000000000e+00
0.000000000000000000e+00
0.000000000000000000e+00
0.000000000000000000e+00
0.000000000000000000e+00
0.000000000000000000e+00
0.000000000000000000e+00
0.000000000000000000e+00
0.000000000000000000e+00
0.000000000000000000e+00
0.000000000000000000e+00
0.000000000000000000e+00
0.000000000000000000e+00
0.000000000000000000e+00
0.000000000000000000e+00
0.000000000000000000e+00
0.000000000000000000e+00
0.000000000000000000e+00
0.000000000000000000e+00
0.000000000000000000e+00
0.000000000000000000e+00
0.000000000000000000e+00
0.000000000000000000e+00
0.000000000000000000e+00
0.000000000000000000e+00
0.000000000000000000e+00
1.000000000000000000e+00
2.000000000000000000e+00
2.000000000000000000e+00
2.000000000000000000e+00
2.000000000000000000e+00
3.000000000000000000e+00
1.500000000000000000e+01
1.500000000000000000e+01
2.000000000000000000e+01
3.300000000000000000e+01
4.000000000000000000e+01
6.400000000000000000e+01
7.500000000000000000e+01
9.900000000000000000e+01
1.140000000000000000e+02
1.460000000000000000e+02
1.520000000000000000e+02
1.800000000000000000e+02
2.070000000000000000e+02
2.220000000000000000e+02
2.460000000000000000e+02
2.610000000000000000e+02
2.820000000000000000e+02
2.880000000000000000e+02
3.020000000000000000e+02
3.180000000000000000e+02
3.450000000000000000e+02
3.640000000000000000e+02
3.840000000000000000e+02
4.140000000000000000e+02
4.430000000000000000e+02
4.430000000000000000e+02
4.840000000000000000e+02
4.970000000000000000e+02
4.970000000000000000e+02
5.280000000000000000e+02
5.420000000000000000e+02
5.460000000000000000e+02
5.570000000000000000e+02
5.650000000000000000e+02
5.760000000000000000e+02
5.810000000000000000e+02
6.000000000000000000e+02
6.090000000000000000e+02
6.160000000000000000e+02
6.290000000000000000e+02
6.290000000000000000e+02
6.320000000000000000e+02
6.350000000000000000e+02
6.380000000000000000e+02
6.410000000000000000e+02
6.450000000000000000e+02
6.490000000000000000e+02
6.520000000000000000e+02
6.620000000000000000e+02
6.720000000000000000e+02
6.880000000000000000e+02
7.290000000000000000e+02
7.360000000000000000e+02
7.440000000000000000e+02
7.480000000000000000e+02
7.510000000000000000e+02
7.600000000000000000e+02
7.660000000000000000e+02
7.730000000000000000e+02
7.730000000000000000e+02
7.800000000000000000e+02
7.820000000000000000e+02
7.960000000000000000e+02
7.960000000000000000e+02
7.960000000000000000e+02
8.090000000000000000e+02
8.120000000000000000e+02
8.140000000000000000e+02
8.140000000000000000e+02
8.140000000000000000e+02
8.320000000000000000e+02
8.320000000000000000e+02
8.450000000000000000e+02
8.470000000000000000e+02
8.470000000000000000e+02
8.470000000000000000e+02
8.470000000000000000e+02
8.470000000000000000e+02
8.810000000000000000e+02
8.840000000000000000e+02
8.850000000000000000e+02
8.880000000000000000e+02
8.880000000000000000e+02
8.890000000000000000e+02
8.900000000000000000e+02
8.910000000000000000e+02
8.910000000000000000e+02
8.920000000000000000e+02
8.920000000000000000e+02
8.920000000000000000e+02
8.940000000000000000e+02
8.940000000000000000e+02
8.950000000000000000e+02
8.990000000000000000e+02
8.990000000000000000e+02
9.000000000000000000e+02
9.010000000000000000e+02
9.030000000000000000e+02
9.030000000000000000e+02
9.070000000000000000e+02
9.190000000000000000e+02
9.340000000000000000e+02
9.410000000000000000e+02
9.410000000000000000e+02
9.590000000000000000e+02
9.590000000000000000e+02
9.620000000000000000e+02
9.620000000000000000e+02
9.670000000000000000e+02
9.800000000000000000e+02
9.870000000000000000e+02
9.870000000000000000e+02
1.000000000000000000e+03
1.003000000000000000e+03
1.003000000000000000e+03
1.005000000000000000e+03
1.020000000000000000e+03
1.033000000000000000e+03
1.036000000000000000e+03
1.036000000000000000e+03
1.037000000000000000e+03
1.038000000000000000e+03
1.038000000000000000e+03
1.045000000000000000e+03
1.047000000000000000e+03
1.052000000000000000e+03
1.065000000000000000e+03
1.065000000000000000e+03
1.066000000000000000e+03
1.070000000000000000e+03
1.075000000000000000e+03
1.086000000000000000e+03
1.086000000000000000e+03
1.100000000000000000e+03
1.105000000000000000e+03
1.105000000000000000e+03
1.106000000000000000e+03
1.106000000000000000e+03
1.143000000000000000e+03
1.143000000000000000e+03
1.150000000000000000e+03
1.153000000000000000e+03
1.153000000000000000e+03
1.158000000000000000e+03
1.158000000000000000e+03
1.175000000000000000e+03
1.175000000000000000e+03
1.204000000000000000e+03
1.211000000000000000e+03
1.213000000000000000e+03
1.228000000000000000e+03
1.238000000000000000e+03
1.240000000000000000e+03
1.267000000000000000e+03
1.280000000000000000e+03
1.280000000000000000e+03
1.285000000000000000e+03
1.297000000000000000e+03
1.297000000000000000e+03
1.297000000000000000e+03
1.320000000000000000e+03
1.338000000000000000e+03
1.338000000000000000e+03
1.352000000000000000e+03
1.352000000000000000e+03
1.352000000000000000e+03
1.352000000000000000e+03
1.357000000000000000e+03
1.368000000000000000e+03
1.370000000000000000e+03
1.370000000000000000e+03
1.375000000000000000e+03
1.408000000000000000e+03
1.408000000000000000e+03
1.452000000000000000e+03
1.463000000000000000e+03
1.466000000000000000e+03
1.476000000000000000e+03
1.486000000000000000e+03
1.499000000000000000e+03
1.514000000000000000e+03
1.707000000000000000e+03
1.717000000000000000e+03
1.733000000000000000e+03
1.748000000000000000e+03
1.767000000000000000e+03
1.797000000000000000e+03
1.816000000000000000e+03
1.846000000000000000e+03
1.896000000000000000e+03
1.907000000000000000e+03
1.929000000000000000e+03
1.950000000000000000e+03
1.962000000000000000e+03
1.973000000000000000e+03
2.008000000000000000e+03
2.028000000000000000e+03
2.032000000000000000e+03
2.056000000000000000e+03
2.088000000000000000e+03
2.123000000000000000e+03
2.154000000000000000e+03
2.167000000000000000e+03
2.184000000000000000e+03
2.197000000000000000e+03
2.222000000000000000e+03
2.241000000000000000e+03
2.254000000000000000e+03
2.271000000000000000e+03
2.271000000000000000e+03
2.294000000000000000e+03
2.305000000000000000e+03
2.305000000000000000e+03
2.335000000000000000e+03
2.343000000000000000e+03
2.343000000000000000e+03
2.381000000000000000e+03
2.387000000000000000e+03
2.406000000000000000e+03
2.406000000000000000e+03
2.414000000000000000e+03
2.433000000000000000e+03
2.444000000000000000e+03
2.451000000000000000e+03
2.459000000000000000e+03
2.466000000000000000e+03
2.466000000000000000e+03
2.471000000000000000e+03
2.477000000000000000e+03
2.500000000000000000e+03
2.500000000000000000e+03
2.517000000000000000e+03
2.530000000000000000e+03
2.539000000000000000e+03
2.550000000000000000e+03
2.562000000000000000e+03
2.565000000000000000e+03
2.569000000000000000e+03
2.581000000000000000e+03
2.582000000000000000e+03
2.586000000000000000e+03
2.586000000000000000e+03
2.609000000000000000e+03
2.635000000000000000e+03
2.641000000000000000e+03
2.652000000000000000e+03
2.652000000000000000e+03
2.670000000000000000e+03
2.686000000000000000e+03
2.686000000000000000e+03
2.703000000000000000e+03
2.735000000000000000e+03
2.754000000000000000e+03
2.757000000000000000e+03
2.777000000000000000e+03
2.777000000000000000e+03
2.816000000000000000e+03
2.816000000000000000e+03
2.856000000000000000e+03
2.886000000000000000e+03
2.931000000000000000e+03
3.010000000000000000e+03
3.062000000000000000e+03
3.091000000000000000e+03
3.156000000000000000e+03
3.212000000000000000e+03
3.315000000000000000e+03
3.469000000000000000e+03
3.469000000000000000e+03
3.579000000000000000e+03
3.579000000000000000e+03
3.894000000000000000e+03
4.030000000000000000e+03
4.209000000000000000e+03
4.300000000000000000e+03
4.449000000000000000e+03
4.611000000000000000e+03
4.832000000000000000e+03
4.954000000000000000e+03
5.160000000000000000e+03
5.301000000000000000e+03
5.461000000000000000e+03
5.649000000000000000e+03
5.941000000000000000e+03
6.134000000000000000e+03
6.255000000000000000e+03
6.344000000000000000e+03
6.344000000000000000e+03
6.537000000000000000e+03
6.631000000000000000e+03
6.707000000000000000e+03
6.828000000000000000e+03
6.940000000000000000e+03
7.051000000000000000e+03
7.126000000000000000e+03
7.342000000000000000e+03
7.563000000000000000e+03
7.713000000000000000e+03
7.866000000000000000e+03
7.866000000000000000e+03
8.082000000000000000e+03
8.279000000000000000e+03
8.463000000000000000e+03
8.546000000000000000e+03
8.809000000000000000e+03
8.882000000000000000e+03
9.000000000000000000e+03
9.188000000000000000e+03
9.352000000000000000e+03
9.352000000000000000e+03
9.553000000000000000e+03
9.719000000000000000e+03
9.857000000000000000e+03
9.967000000000000000e+03
1.003800000000000000e+04
1.010300000000000000e+04
1.015700000000000000e+04
1.021700000000000000e+04
1.037700000000000000e+04
1.042300000000000000e+04
1.058000000000000000e+04
1.068200000000000000e+04
1.076800000000000000e+04
1.090400000000000000e+04
1.095800000000000000e+04
1.105300000000000000e+04
1.114300000000000000e+04
1.122700000000000000e+04
1.128500000000000000e+04
1.130900000000000000e+04
1.136700000000000000e+04
1.142600000000000000e+04
1.142600000000000000e+04
1.153800000000000000e+04
1.158800000000000000e+04
1.158800000000000000e+04
1.163000000000000000e+04
1.163000000000000000e+04
1.167200000000000000e+04
1.170300000000000000e+04
1.176300000000000000e+04
1.178300000000000000e+04
1.179700000000000000e+04
1.184700000000000000e+04
1.186800000000000000e+04
1.188700000000000000e+04
1.191400000000000000e+04
1.193900000000000000e+04
1.198200000000000000e+04
1.198200000000000000e+04
1.203000000000000000e+04
1.204700000000000000e+04
1.207100000000000000e+04
1.210300000000000000e+04
1.212300000000000000e+04
1.215300000000000000e+04
1.218100000000000000e+04
1.218100000000000000e+04
1.218700000000000000e+04
1.223000000000000000e+04
1.227500000000000000e+04
1.230500000000000000e+04
1.235000000000000000e+04
1.237200000000000000e+04
1.237800000000000000e+04
1.237800000000000000e+04
1.239900000000000000e+04
1.245000000000000000e+04
1.245000000000000000e+04
1.251600000000000000e+04
1.253500000000000000e+04
1.255900000000000000e+04
1.257200000000000000e+04
1.259600000000000000e+04
1.261900000000000000e+04
1.265000000000000000e+04
1.267300000000000000e+04
1.269200000000000000e+04
1.270200000000000000e+04
1.271700000000000000e+04
1.271700000000000000e+04
1.277400000000000000e+04
1.279100000000000000e+04
1.280300000000000000e+04
1.281700000000000000e+04
1.282500000000000000e+04
1.284500000000000000e+04
1.287300000000000000e+04
1.290400000000000000e+04
1.292400000000000000e+04
1.295600000000000000e+04
1.295600000000000000e+04
1.298900000000000000e+04
1.298900000000000000e+04
1.305000000000000000e+04
1.306400000000000000e+04
1.308300000000000000e+04
1.311400000000000000e+04
1.312900000000000000e+04
1.314800000000000000e+04
1.316700000000000000e+04
1.316700000000000000e+04
1.321200000000000000e+04
1.323100000000000000e+04
1.323100000000000000e+04
1.326300000000000000e+04
1.326300000000000000e+04
1.326300000000000000e+04
1.328600000000000000e+04
1.330900000000000000e+04
1.331000000000000000e+04
1.331900000000000000e+04
1.331900000000000000e+04
1.332400000000000000e+04
1.333900000000000000e+04
1.334500000000000000e+04
1.335300000000000000e+04
1.335300000000000000e+04
1.337700000000000000e+04
1.337900000000000000e+04
1.338200000000000000e+04
1.338400000000000000e+04
1.338700000000000000e+04
1.338700000000000000e+04
1.339400000000000000e+04
1.339500000000000000e+04
1.339700000000000000e+04
1.339700000000000000e+04
1.340400000000000000e+04
1.340700000000000000e+04
1.340800000000000000e+04
1.341000000000000000e+04
1.341400000000000000e+04
1.341500000000000000e+04
1.341500000000000000e+04
1.341600000000000000e+04
1.341900000000000000e+04
1.342100000000000000e+04
1.342400000000000000e+04
1.343000000000000000e+04
1.343000000000000000e+04
1.343400000000000000e+04
1.343500000000000000e+04
1.343500000000000000e+04
1.344600000000000000e+04
1.344700000000000000e+04
1.345200000000000000e+04
1.345300000000000000e+04
1.345300000000000000e+04
1.345400000000000000e+04
1.345400000000000000e+04
1.345600000000000000e+04
1.345600000000000000e+04
1.345900000000000000e+04
1.345900000000000000e+04
1.345900000000000000e+04
1.345900000000000000e+04
1.346000000000000000e+04
1.346000000000000000e+04
1.346200000000000000e+04
1.346800000000000000e+04
1.346900000000000000e+04
1.346900000000000000e+04
1.346900000000000000e+04
1.347300000000000000e+04
1.347400000000000000e+04
1.347700000000000000e+04
1.347800000000000000e+04
1.347800000000000000e+04
1.347900000000000000e+04
1.347900000000000000e+04
1.347900000000000000e+04
1.348500000000000000e+04
1.348800000000000000e+04
1.349400000000000000e+04
1.349400000000000000e+04
1.349400000000000000e+04
1.349400000000000000e+04
1.350400000000000000e+04
1.350500000000000000e+04
1.350600000000000000e+04
1.350600000000000000e+04
1.350900000000000000e+04
1.352000000000000000e+04
1.352300000000000000e+04
1.352700000000000000e+04
1.353000000000000000e+04
1.353200000000000000e+04
1.353600000000000000e+04
1.353600000000000000e+04
1.353600000000000000e+04
1.353700000000000000e+04
1.353700000000000000e+04
1.353700000000000000e+04
1.353700000000000000e+04
1.353800000000000000e+04
1.353800000000000000e+04
1.355000000000000000e+04
1.355600000000000000e+04
1.356000000000000000e+04
1.356600000000000000e+04
1.357300000000000000e+04
1.357300000000000000e+04
1.358800000000000000e+04
