0.000000000000000000e+00
0.000000000000000000e+00
0.000000000000000000e+00
0.000000000000000000e+00
0.000000000000000000e+00
0.000000000000000000e+00
0.000000000000000000e+00
0.000000000000000000e+00
0.000000000000000000e+00
0.000000000000000000e+00
0.000000000000000000e+00
0.000000000000000000e+00
0.000000000000000000e+00
0.000000000000000000e+00
0.000000000000000000e+00
0.000000000000000000e+00
0.000000000000000000e+00
0.000000000000000000e+00
0.000000000000000000e+00
0.000000000000000000e+00
0.000000000000000000e+00
0.000000000000000000e+00
0.000000000000000000e+00
0.000000000000000000e+00
0.000000000000000000e+00
0.000000000000000000e+00
0.000000000000000000e+00
0.000000000000000000e+00
0.000000000000000000e+00
0.000000000000000000e+00
0.000000000000000000e+00
0.000000000000000000e+00
0.000000000000000000e+00
0.000000000000000000e+00
0.000000000000000000e+00
0.000000000000000000e+00
0.000000000000000000e+00
0.000000000000000000e+00
0.000000000000000000e+00
0.000000000000000000e+00
0.000000000000000000e+00
0.000000000000000000e+00
0.000000000000000000e+00
0.000000000000000000e+00
0.000000000000000000e+00
0.000000000000000000e+00
0.000000000000000000e+00
0.000000000000000000e+00
0.000000000000000000e+00
0.000000000000000000e+00
0.000000000000000000e+00
0.000000000000000000e+00
0.000000000000000000e+00
0.000000000000000000e+00
0.000000000000000000e+00
0.000000000000000000e+00
0.000000000000000000e+00
0.000000000000000000e+00
0.000000000000000000e+00
0.000000000000000000e+00
0.000000000000000000e+00
0.000000000000000000e+00
0.000000000000000000e+00
0.000000000000000000e+00
0.000000000000000000e+00
0.000000000000000000e+00
0.000000000000000000e+00
0.000000000000000000e+00
0.000000000000000000e+00
0.000000000000000000e+00
0.000000000000000000e+00
3.000000000000000000e+00
3.000000000000000000e+00
4.000000000000000000e+00
4.000000000000000000e+00
5.000000000000000000e+00
8.000000000000000000e+00
8.000000000000000000e+00
8.000000000000000000e+00
9.000000000000000000e+00
1.200000000000000000e+01
1.300000000000000000e+01
1.600000000000000000e+01
1.600000000000000000e+01
1.600000000000000000e+01
1.600000000000000000e+01
1.700000000000000000e+01
1.700000000000000000e+01
1.700000000000000000e+01
1.700000000000000000e+01
1.800000000000000000e+01
2.300000000000000000e+01
3.300000000000000000e+01
3.300000000000000000e+01
3.300000000000000000e+01
3.400000000000000000e+01
3.600000000000000000e+01
3.600000000000000000e+01
3.600000000000000000e+01
3.700000000000000000e+01
3.700000000000000000e+01
3.800000000000000000e+01
3.900000000000000000e+01
4.100000000000000000e+01
4.100000000000000000e+01
4.300000000000000000e+01
4.300000000000000000e+01
4.300000000000000000e+01
5.600000000000000000e+01
5.600000000000000000e+01
5.700000000000000000e+01
5.700000000000000000e+01
6.300000000000000000e+01
6.300000000000000000e+01
6.300000000000000000e+01
6.500000000000000000e+01
7.000000000000000000e+01
7.000000000000000000e+01
7.000000000000000000e+01
7.100000000000000000e+01
7.200000000000000000e+01
8.200000000000000000e+01
8.200000000000000000e+01
8.300000000000000000e+01
1.010000000000000000e+02
1.010000000000000000e+02
1.010000000000000000e+02
2.030000000000000000e+02
2.730000000000000000e+02
2.790000000000000000e+02
2.840000000000000000e+02
3.360000000000000000e+02
3.580000000000000000e+02
3.690000000000000000e+02
3.930000000000000000e+02
4.090000000000000000e+02
4.090000000000000000e+02
4.380000000000000000e+02
4.430000000000000000e+02
4.550000000000000000e+02
4.550000000000000000e+02
4.810000000000000000e+02
4.810000000000000000e+02
5.290000000000000000e+02
5.470000000000000000e+02
5.550000000000000000e+02
5.640000000000000000e+02
5.720000000000000000e+02
5.920000000000000000e+02
6.200000000000000000e+02
6.200000000000000000e+02
7.300000000000000000e+02
7.490000000000000000e+02
8.030000000000000000e+02
9.410000000000000000e+02
9.600000000000000000e+02
1.005000000000000000e+03
1.038000000000000000e+03
1.146000000000000000e+03
1.152000000000000000e+03
1.224000000000000000e+03
1.265000000000000000e+03
1.342000000000000000e+03
1.498000000000000000e+03
1.613000000000000000e+03
1.613000000000000000e+03
1.742000000000000000e+03
1.818000000000000000e+03
1.864000000000000000e+03
1.942000000000000000e+03
2.069000000000000000e+03
2.261000000000000000e+03
2.364000000000000000e+03
2.430000000000000000e+03
2.497000000000000000e+03
2.614000000000000000e+03
2.712000000000000000e+03
2.805000000000000000e+03
2.810000000000000000e+03
2.907000000000000000e+03
2.992000000000000000e+03
3.045000000000000000e+03
3.302000000000000000e+03
3.302000000000000000e+03
3.453000000000000000e+03
3.453000000000000000e+03
3.640000000000000000e+03
3.664000000000000000e+03
3.709000000000000000e+03
3.738000000000000000e+03
3.858000000000000000e+03
4.078000000000000000e+03
4.186000000000000000e+03
4.231000000000000000e+03
4.272000000000000000e+03
4.361000000000000000e+03
4.426000000000000000e+03
4.491000000000000000e+03
4.575000000000000000e+03
4.624000000000000000e+03
4.658000000000000000e+03
4.674000000000000000e+03
4.714000000000000000e+03
4.752000000000000000e+03
4.912000000000000000e+03
4.988000000000000000e+03
5.026000000000000000e+03
5.072000000000000000e+03
5.125000000000000000e+03
5.193000000000000000e+03
5.240000000000000000e+03
5.282000000000000000e+03
5.322000000000000000e+03
5.382000000000000000e+03
5.414000000000000000e+03
5.419000000000000000e+03
5.423000000000000000e+03
5.474000000000000000e+03
5.496000000000000000e+03
5.523000000000000000e+03
5.528000000000000000e+03
5.536000000000000000e+03
5.566000000000000000e+03
5.576000000000000000e+03
5.579000000000000000e+03
5.593000000000000000e+03
5.608000000000000000e+03
5.611000000000000000e+03
5.614000000000000000e+03
5.621000000000000000e+03
5.630000000000000000e+03
5.653000000000000000e+03
5.655000000000000000e+03
5.669000000000000000e+03
5.678000000000000000e+03
5.690000000000000000e+03
5.697000000000000000e+03
5.701000000000000000e+03
5.704000000000000000e+03
5.711000000000000000e+03
5.716000000000000000e+03
5.718000000000000000e+03
5.731000000000000000e+03
5.733000000000000000e+03
5.739000000000000000e+03
5.746000000000000000e+03
5.747000000000000000e+03
5.764000000000000000e+03
5.766000000000000000e+03
5.768000000000000000e+03
5.770000000000000000e+03
5.772000000000000000e+03
5.773000000000000000e+03
5.779000000000000000e+03
5.783000000000000000e+03
5.783000000000000000e+03
5.786000000000000000e+03
5.794000000000000000e+03
5.796000000000000000e+03
5.803000000000000000e+03
5.809000000000000000e+03
5.813000000000000000e+03
5.821000000000000000e+03
5.821000000000000000e+03
5.824000000000000000e+03
5.827000000000000000e+03
5.829000000000000000e+03
5.836000000000000000e+03
5.842000000000000000e+03
5.852000000000000000e+03
5.857000000000000000e+03
5.860000000000000000e+03
5.861000000000000000e+03
5.864000000000000000e+03
5.874000000000000000e+03
5.885000000000000000e+03
5.887000000000000000e+03
5.890000000000000000e+03
5.894000000000000000e+03
5.897000000000000000e+03
5.904000000000000000e+03
5.916000000000000000e+03
5.923000000000000000e+03
5.930000000000000000e+03
5.932000000000000000e+03
5.933000000000000000e+03
5.934000000000000000e+03
5.934000000000000000e+03
5.940000000000000000e+03
5.942000000000000000e+03
5.948000000000000000e+03
5.951000000000000000e+03
5.953000000000000000e+03
5.953000000000000000e+03
5.955000000000000000e+03
5.958000000000000000e+03
5.962000000000000000e+03
5.964000000000000000e+03
5.965000000000000000e+03
5.971000000000000000e+03
5.971000000000000000e+03
5.999000000000000000e+03
6.002000000000000000e+03
6.003000000000000000e+03
6.003000000000000000e+03
6.003000000000000000e+03
6.009000000000000000e+03
6.017000000000000000e+03
6.018000000000000000e+03
6.020000000000000000e+03
6.024000000000000000e+03
6.025000000000000000e+03
6.025000000000000000e+03
6.028000000000000000e+03
6.028000000000000000e+03
6.040000000000000000e+03
6.043000000000000000e+03
6.047000000000000000e+03
6.049000000000000000e+03
6.051000000000000000e+03
6.051000000000000000e+03
6.051000000000000000e+03
6.051000000000000000e+03
6.051000000000000000e+03
6.055000000000000000e+03
6.063000000000000000e+03
6.066000000000000000e+03
6.070000000000000000e+03
6.080000000000000000e+03
6.091000000000000000e+03
6.138000000000000000e+03
6.148000000000000000e+03
6.153000000000000000e+03
6.161000000000000000e+03
6.202000000000000000e+03
6.248000000000000000e+03
6.261000000000000000e+03
6.277000000000000000e+03
6.339000000000000000e+03
6.343000000000000000e+03
6.354000000000000000e+03
6.377000000000000000e+03
6.388000000000000000e+03
6.471000000000000000e+03
6.583000000000000000e+03
6.684000000000000000e+03
6.712000000000000000e+03
6.844000000000000000e+03
6.935000000000000000e+03
7.110000000000000000e+03
7.337000000000000000e+03
7.611000000000000000e+03
7.925000000000000000e+03
8.306000000000000000e+03
8.575000000000000000e+03
9.027000000000000000e+03
9.027000000000000000e+03
9.400000000000000000e+03
9.991000000000000000e+03
1.122300000000000000e+04
1.178500000000000000e+04
1.247000000000000000e+04
1.302700000000000000e+04
1.388000000000000000e+04
1.485100000000000000e+04
1.604900000000000000e+04
1.736500000000000000e+04
1.843900000000000000e+04
1.939500000000000000e+04
1.998700000000000000e+04
2.083000000000000000e+04
2.166000000000000000e+04
2.230400000000000000e+04
2.302000000000000000e+04
2.349700000000000000e+04
2.396300000000000000e+04
2.436500000000000000e+04
2.490300000000000000e+04
2.544900000000000000e+04
2.588400000000000000e+04
2.636000000000000000e+04
2.687500000000000000e+04
2.719500000000000000e+04
2.742200000000000000e+04
2.772200000000000000e+04
2.805000000000000000e+04
2.827000000000000000e+04
2.863000000000000000e+04
2.887600000000000000e+04
2.903500000000000000e+04
2.918100000000000000e+04
2.942100000000000000e+04
2.963400000000000000e+04
2.983700000000000000e+04
3.027700000000000000e+04
3.052800000000000000e+04
3.074200000000000000e+04
3.094200000000000000e+04
3.110600000000000000e+04
3.129500000000000000e+04
3.150200000000000000e+04
3.167500000000000000e+04
3.179800000000000000e+04
3.194500000000000000e+04
3.200800000000000000e+04
3.214800000000000000e+04
3.222900000000000000e+04
3.228300000000000000e+04
3.228300000000000000e+04
3.239800000000000000e+04
3.244200000000000000e+04
3.246900000000000000e+04
3.252800000000000000e+04
3.261400000000000000e+04
3.267300000000000000e+04
3.274600000000000000e+04
3.278900000000000000e+04
3.278900000000000000e+04
3.286400000000000000e+04
3.289400000000000000e+04
3.297000000000000000e+04
3.304500000000000000e+04
3.317400000000000000e+04
3.321600000000000000e+04
3.323700000000000000e+04
3.327000000000000000e+04
3.332300000000000000e+04
3.335400000000000000e+04
3.338700000000000000e+04
3.341500000000000000e+04
3.345800000000000000e+04
3.348100000000000000e+04
3.350500000000000000e+04
3.352500000000000000e+04
3.355100000000000000e+04
3.358400000000000000e+04
3.363900000000000000e+04
3.364700000000000000e+04
3.366100000000000000e+04
3.367300000000000000e+04
3.368500000000000000e+04
3.371800000000000000e+04
3.373800000000000000e+04
3.377900000000000000e+04
3.380500000000000000e+04
3.382700000000000000e+04
3.385900000000000000e+04
3.387200000000000000e+04
3.389100000000000000e+04
3.390200000000000000e+04
3.391900000000000000e+04
3.391900000000000000e+04
3.394100000000000000e+04
3.395900000000000000e+04
3.396800000000000000e+04
3.397500000000000000e+04
3.398900000000000000e+04
3.398900000000000000e+04
3.401100000000000000e+04
3.401600000000000000e+04
3.402100000000000000e+04
3.403100000000000000e+04
3.405200000000000000e+04
3.406200000000000000e+04
3.407800000000000000e+04
3.409500000000000000e+04
3.409600000000000000e+04
3.409900000000000000e+04
3.412300000000000000e+04
3.414300000000000000e+04
3.415100000000000000e+04
3.415800000000000000e+04
3.416600000000000000e+04
3.417100000000000000e+04
3.418000000000000000e+04
3.418300000000000000e+04
3.418300000000000000e+04
3.420000000000000000e+04
3.420000000000000000e+04
3.421000000000000000e+04
3.421400000000000000e+04
3.421600000000000000e+04
3.423100000000000000e+04
3.423800000000000000e+04
3.425100000000000000e+04
3.426100000000000000e+04
3.427400000000000000e+04
3.428400000000000000e+04
3.429300000000000000e+04
3.429500000000000000e+04
3.430400000000000000e+04
3.430400000000000000e+04
3.432300000000000000e+04
3.432900000000000000e+04
3.433500000000000000e+04
3.433800000000000000e+04
3.434600000000000000e+04
3.436000000000000000e+04
3.436500000000000000e+04
3.437100000000000000e+04
3.438400000000000000e+04
3.439000000000000000e+04
3.440300000000000000e+04
3.441000000000000000e+04
3.443200000000000000e+04
3.444700000000000000e+04
3.447000000000000000e+04
3.448500000000000000e+04
3.448500000000000000e+04
3.456400000000000000e+04
3.458800000000000000e+04
3.465000000000000000e+04
3.470200000000000000e+04
3.478100000000000000e+04
3.483200000000000000e+04
3.486800000000000000e+04
3.491400000000000000e+04
3.499600000000000000e+04
3.511500000000000000e+04
3.521900000000000000e+04
3.538800000000000000e+04
3.555400000000000000e+04
3.562900000000000000e+04
3.570900000000000000e+04
3.589700000000000000e+04
3.612600000000000000e+04
3.635900000000000000e+04
3.657300000000000000e+04
3.682000000000000000e+04
3.692600000000000000e+04
3.705700000000000000e+04
3.736600000000000000e+04
3.755600000000000000e+04
3.798300000000000000e+04
3.843400000000000000e+04
3.894600000000000000e+04
3.918600000000000000e+04
3.941800000000000000e+04
3.993200000000000000e+04
4.071300000000000000e+04
4.149800000000000000e+04
4.225400000000000000e+04
4.304300000000000000e+04
4.347000000000000000e+04
4.381700000000000000e+04
4.468400000000000000e+04
4.546500000000000000e+04
4.641700000000000000e+04
4.726500000000000000e+04
4.806600000000000000e+04
4.863700000000000000e+04
4.900900000000000000e+04
4.975200000000000000e+04
5.038100000000000000e+04
5.114100000000000000e+04
5.180900000000000000e+04
5.234700000000000000e+04
5.263100000000000000e+04
