0.000000000000000000e+00
0.000000000000000000e+00
0.000000000000000000e+00
0.000000000000000000e+00
0.000000000000000000e+00
0.000000000000000000e+00
0.000000000000000000e+00
0.000000000000000000e+00
0.000000000000000000e+00
0.000000000000000000e+00
0.000000000000000000e+00
0.000000000000000000e+00
0.000000000000000000e+00
0.000000000000000000e+00
0.000000000000000000e+00
0.000000000000000000e+00
0.000000000000000000e+00
0.000000000000000000e+00
0.000000000000000000e+00
0.000000000000000000e+00
0.000000000000000000e+00
0.000000000000000000e+00
0.000000000000000000e+00
0.000000000000000000e+00
0.000000000000000000e+00
0.000000000000000000e+00
0.000000000000000000e+00
0.000000000000000000e+00
0.000000000000000000e+00
0.000000000000000000e+00
0.000000000000000000e+00
0.000000000000000000e+00
0.000000000000000000e+00
0.000000000000000000e+00
0.000000000000000000e+00
0.000000000000000000e+00
0.000000000000000000e+00
0.000000000000000000e+00
0.000000000000000000e+00
0.000000000000000000e+00
0.000000000000000000e+00
0.000000000000000000e+00
0.000000000000000000e+00
0.000000000000000000e+00
0.000000000000000000e+00
0.000000000000000000e+00
0.000000000000000000e+00
0.000000000000000000e+00
0.000000000000000000e+00
0.000000000000000000e+00
0.000000000000000000e+00
0.000000000000000000e+00
0.000000000000000000e+00
0.000000000000000000e+00
0.000000000000000000e+00
0.000000000000000000e+00
0.000000000000000000e+00
0.000000000000000000e+00
0.000000000000000000e+00
0.000000000000000000e+00
0.000000000000000000e+00
0.000000000000000000e+00
0.000000000000000000e+00
0.000000000000000000e+00
0.000000000000000000e+00
0.000000000000000000e+00
0.000000000000000000e+00
0.000000000000000000e+00
0.000000000000000000e+00
0.000000000000000000e+00
0.000000000000000000e+00
3.000000000000000000e+00
0.000000000000000000e+00
1.000000000000000000e+00
0.000000000000000000e+00
1.000000000000000000e+00
3.000000000000000000e+00
0.000000000000000000e+00
0.000000000000000000e+00
1.000000000000000000e+00
3.000000000000000000e+00
1.000000000000000000e+00
3.000000000000000000e+00
0.000000000000000000e+00
0.000000000000000000e+00
0.000000000000000000e+00
1.000000000000000000e+00
0.000000000000000000e+00
0.000000000000000000e+00
0.000000000000000000e+00
1.000000000000000000e+00
5.000000000000000000e+00
1.000000000000000000e+01
0.000000000000000000e+00
0.000000000000000000e+00
1.000000000000000000e+00
2.000000000000000000e+00
0.000000000000000000e+00
0.000000000000000000e+00
1.000000000000000000e+00
0.000000000000000000e+00
1.000000000000000000e+00
1.000000000000000000e+00
2.000000000000000000e+00
0.000000000000000000e+00
2.000000000000000000e+00
0.000000000000000000e+00
0.000000000000000000e+00
1.300000000000000000e+01
0.000000000000000000e+00
1.000000000000000000e+00
0.000000000000000000e+00
6.000000000000000000e+00
0.000000000000000000e+00
0.000000000000000000e+00
2.000000000000000000e+00
5.000000000000000000e+00
0.000000000000000000e+00
0.000000000000000000e+00
1.000000000000000000e+00
1.000000000000000000e+00
1.000000000000000000e+01
0.000000000000000000e+00
1.000000000000000000e+00
1.800000000000000000e+01
0.000000000000000000e+00
0.000000000000000000e+00
1.020000000000000000e+02
7.000000000000000000e+01
6.000000000000000000e+00
5.000000000000000000e+00
5.200000000000000000e+01
2.200000000000000000e+01
1.100000000000000000e+01
2.400000000000000000e+01
1.600000000000000000e+01
0.000000000000000000e+00
2.900000000000000000e+01
5.000000000000000000e+00
1.200000000000000000e+01
0.000000000000000000e+00
2.600000000000000000e+01
0.000000000000000000e+00
4.800000000000000000e+01
1.800000000000000000e+01
8.000000000000000000e+00
9.000000000000000000e+00
8.000000000000000000e+00
2.000000000000000000e+01
2.800000000000000000e+01
0.000000000000000000e+00
1.100000000000000000e+02
1.900000000000000000e+01
5.400000000000000000e+01
1.380000000000000000e+02
1.900000000000000000e+01
4.500000000000000000e+01
3.300000000000000000e+01
1.080000000000000000e+02
6.000000000000000000e+00
7.200000000000000000e+01
4.100000000000000000e+01
7.700000000000000000e+01
1.560000000000000000e+02
1.150000000000000000e+02
0.000000000000000000e+00
1.290000000000000000e+02
7.600000000000000000e+01
4.600000000000000000e+01
7.800000000000000000e+01
1.270000000000000000e+02
1.920000000000000000e+02
1.030000000000000000e+02
6.600000000000000000e+01
6.700000000000000000e+01
1.170000000000000000e+02
9.800000000000000000e+01
9.300000000000000000e+01
5.000000000000000000e+00
9.700000000000000000e+01
8.500000000000000000e+01
5.300000000000000000e+01
2.570000000000000000e+02
0.000000000000000000e+00
1.510000000000000000e+02
0.000000000000000000e+00
1.870000000000000000e+02
2.400000000000000000e+01
4.500000000000000000e+01
2.900000000000000000e+01
1.200000000000000000e+02
2.200000000000000000e+02
1.080000000000000000e+02
4.500000000000000000e+01
4.100000000000000000e+01
8.900000000000000000e+01
6.500000000000000000e+01
6.500000000000000000e+01
8.400000000000000000e+01
4.900000000000000000e+01
3.400000000000000000e+01
1.600000000000000000e+01
4.000000000000000000e+01
3.800000000000000000e+01
1.600000000000000000e+02
7.600000000000000000e+01
3.800000000000000000e+01
4.600000000000000000e+01
5.300000000000000000e+01
6.800000000000000000e+01
4.700000000000000000e+01
4.200000000000000000e+01
4.000000000000000000e+01
6.000000000000000000e+01
3.200000000000000000e+01
5.000000000000000000e+00
4.000000000000000000e+00
5.100000000000000000e+01
2.200000000000000000e+01
2.700000000000000000e+01
5.000000000000000000e+00
8.000000000000000000e+00
3.000000000000000000e+01
1.000000000000000000e+01
3.000000000000000000e+00
1.400000000000000000e+01
1.500000000000000000e+01
3.000000000000000000e+00
3.000000000000000000e+00
7.000000000000000000e+00
9.000000000000000000e+00
2.300000000000000000e+01
2.000000000000000000e+00
1.400000000000000000e+01
9.000000000000000000e+00
1.200000000000000000e+01
7.000000000000000000e+00
4.000000000000000000e+00
3.000000000000000000e+00
7.000000000000000000e+00
5.000000000000000000e+00
2.000000000000000000e+00
1.300000000000000000e+01
2.000000000000000000e+00
6.000000000000000000e+00
7.000000000000000000e+00
1.000000000000000000e+00
1.700000000000000000e+01
2.000000000000000000e+00
2.000000000000000000e+00
2.000000000000000000e+00
2.000000000000000000e+00
1.000000000000000000e+00
6.000000000000000000e+00
4.000000000000000000e+00
0.000000000000000000e+00
3.000000000000000000e+00
8.000000000000000000e+00
2.000000000000000000e+00
7.000000000000000000e+00
6.000000000000000000e+00
4.000000000000000000e+00
8.000000000000000000e+00
0.000000000000000000e+00
3.000000000000000000e+00
3.000000000000000000e+00
2.000000000000000000e+00
7.000000000000000000e+00
6.000000000000000000e+00
1.000000000000000000e+01
5.000000000000000000e+00
3.000000000000000000e+00
1.000000000000000000e+00
3.000000000000000000e+00
1.000000000000000000e+01
1.100000000000000000e+01
2.000000000000000000e+00
3.000000000000000000e+00
4.000000000000000000e+00
3.000000000000000000e+00
7.000000000000000000e+00
1.200000000000000000e+01
7.000000000000000000e+00
7.000000000000000000e+00
2.000000000000000000e+00
1.000000000000000000e+00
1.000000000000000000e+00
0.000000000000000000e+00
6.000000000000000000e+00
2.000000000000000000e+00
6.000000000000000000e+00
3.000000000000000000e+00
2.000000000000000000e+00
0.000000000000000000e+00
2.000000000000000000e+00
3.000000000000000000e+00
4.000000000000000000e+00
2.000000000000000000e+00
1.000000000000000000e+00
6.000000000000000000e+00
0.000000000000000000e+00
2.800000000000000000e+01
3.000000000000000000e+00
1.000000000000000000e+00
0.000000000000000000e+00
0.000000000000000000e+00
6.000000000000000000e+00
8.000000000000000000e+00
1.000000000000000000e+00
2.000000000000000000e+00
4.000000000000000000e+00
1.000000000000000000e+00
0.000000000000000000e+00
3.000000000000000000e+00
0.000000000000000000e+00
1.200000000000000000e+01
3.000000000000000000e+00
4.000000000000000000e+00
2.000000000000000000e+00
2.000000000000000000e+00
0.000000000000000000e+00
0.000000000000000000e+00
0.000000000000000000e+00
0.000000000000000000e+00
4.000000000000000000e+00
8.000000000000000000e+00
3.000000000000000000e+00
4.000000000000000000e+00
1.000000000000000000e+01
1.100000000000000000e+01
4.700000000000000000e+01
1.000000000000000000e+01
5.000000000000000000e+00
8.000000000000000000e+00
4.100000000000000000e+01
4.600000000000000000e+01
1.300000000000000000e+01
1.600000000000000000e+01
6.200000000000000000e+01
4.000000000000000000e+00
1.100000000000000000e+01
2.300000000000000000e+01
1.100000000000000000e+01
8.300000000000000000e+01
1.120000000000000000e+02
1.010000000000000000e+02
2.800000000000000000e+01
1.320000000000000000e+02
9.100000000000000000e+01
1.750000000000000000e+02
2.270000000000000000e+02
2.740000000000000000e+02
3.140000000000000000e+02
3.810000000000000000e+02
2.690000000000000000e+02
4.520000000000000000e+02
0.000000000000000000e+00
3.730000000000000000e+02
5.910000000000000000e+02
1.232000000000000000e+03
5.620000000000000000e+02
6.850000000000000000e+02
5.570000000000000000e+02
8.530000000000000000e+02
9.710000000000000000e+02
1.198000000000000000e+03
1.316000000000000000e+03
1.074000000000000000e+03
9.560000000000000000e+02
5.920000000000000000e+02
8.430000000000000000e+02
8.300000000000000000e+02
6.440000000000000000e+02
7.160000000000000000e+02
4.770000000000000000e+02
4.660000000000000000e+02
4.020000000000000000e+02
5.380000000000000000e+02
5.460000000000000000e+02
4.350000000000000000e+02
4.760000000000000000e+02
5.150000000000000000e+02
3.200000000000000000e+02
2.270000000000000000e+02
3.000000000000000000e+02
3.280000000000000000e+02
2.200000000000000000e+02
3.600000000000000000e+02
2.460000000000000000e+02
1.590000000000000000e+02
1.460000000000000000e+02
2.400000000000000000e+02
2.130000000000000000e+02
2.030000000000000000e+02
4.400000000000000000e+02
2.510000000000000000e+02
2.140000000000000000e+02
2.000000000000000000e+02
1.640000000000000000e+02
1.890000000000000000e+02
2.070000000000000000e+02
1.730000000000000000e+02
1.230000000000000000e+02
1.470000000000000000e+02
6.300000000000000000e+01
1.400000000000000000e+02
8.100000000000000000e+01
5.400000000000000000e+01
0.000000000000000000e+00
1.150000000000000000e+02
4.400000000000000000e+01
2.700000000000000000e+01
5.900000000000000000e+01
8.600000000000000000e+01
5.900000000000000000e+01
7.300000000000000000e+01
4.300000000000000000e+01
0.000000000000000000e+00
7.500000000000000000e+01
3.000000000000000000e+01
7.600000000000000000e+01
7.500000000000000000e+01
1.290000000000000000e+02
4.200000000000000000e+01
2.100000000000000000e+01
3.300000000000000000e+01
5.300000000000000000e+01
3.100000000000000000e+01
3.300000000000000000e+01
2.800000000000000000e+01
4.300000000000000000e+01
2.300000000000000000e+01
2.400000000000000000e+01
2.000000000000000000e+01
2.600000000000000000e+01
3.300000000000000000e+01
5.500000000000000000e+01
8.000000000000000000e+00
1.400000000000000000e+01
1.200000000000000000e+01
1.200000000000000000e+01
3.300000000000000000e+01
2.000000000000000000e+01
4.100000000000000000e+01
2.600000000000000000e+01
2.200000000000000000e+01
3.200000000000000000e+01
1.300000000000000000e+01
1.900000000000000000e+01
1.100000000000000000e+01
1.700000000000000000e+01
0.000000000000000000e+00
2.200000000000000000e+01
1.800000000000000000e+01
9.000000000000000000e+00
7.000000000000000000e+00
1.400000000000000000e+01
0.000000000000000000e+00
2.200000000000000000e+01
5.000000000000000000e+00
5.000000000000000000e+00
1.000000000000000000e+01
2.100000000000000000e+01
1.000000000000000000e+01
1.600000000000000000e+01
1.700000000000000000e+01
1.000000000000000000e+00
3.000000000000000000e+00
2.400000000000000000e+01
2.000000000000000000e+01
8.000000000000000000e+00
7.000000000000000000e+00
8.000000000000000000e+00
5.000000000000000000e+00
9.000000000000000000e+00
3.000000000000000000e+00
0.000000000000000000e+00
1.700000000000000000e+01
0.000000000000000000e+00
1.000000000000000000e+01
4.000000000000000000e+00
2.000000000000000000e+00
1.500000000000000000e+01
7.000000000000000000e+00
1.300000000000000000e+01
1.000000000000000000e+01
1.300000000000000000e+01
1.000000000000000000e+01
9.000000000000000000e+00
2.000000000000000000e+00
9.000000000000000000e+00
0.000000000000000000e+00
1.900000000000000000e+01
6.000000000000000000e+00
6.000000000000000000e+00
3.000000000000000000e+00
8.000000000000000000e+00
1.400000000000000000e+01
5.000000000000000000e+00
6.000000000000000000e+00
1.300000000000000000e+01
6.000000000000000000e+00
1.300000000000000000e+01
7.000000000000000000e+00
2.200000000000000000e+01
1.500000000000000000e+01
2.300000000000000000e+01
1.500000000000000000e+01
0.000000000000000000e+00
7.900000000000000000e+01
2.400000000000000000e+01
6.200000000000000000e+01
5.200000000000000000e+01
7.900000000000000000e+01
5.100000000000000000e+01
3.600000000000000000e+01
4.600000000000000000e+01
8.200000000000000000e+01
1.190000000000000000e+02
1.040000000000000000e+02
1.690000000000000000e+02
1.660000000000000000e+02
7.500000000000000000e+01
8.000000000000000000e+01
1.880000000000000000e+02
2.290000000000000000e+02
2.330000000000000000e+02
2.140000000000000000e+02
2.470000000000000000e+02
1.060000000000000000e+02
1.310000000000000000e+02
3.090000000000000000e+02
1.900000000000000000e+02
4.270000000000000000e+02
4.510000000000000000e+02
5.120000000000000000e+02
2.400000000000000000e+02
2.320000000000000000e+02
5.140000000000000000e+02
7.810000000000000000e+02
7.850000000000000000e+02
7.560000000000000000e+02
7.890000000000000000e+02
4.270000000000000000e+02
3.470000000000000000e+02
8.670000000000000000e+02
7.810000000000000000e+02
9.520000000000000000e+02
8.480000000000000000e+02
8.010000000000000000e+02
5.710000000000000000e+02
3.720000000000000000e+02
7.430000000000000000e+02
6.290000000000000000e+02
7.600000000000000000e+02
6.680000000000000000e+02
5.380000000000000000e+02
2.840000000000000000e+02
