0.000000000000000000e+00
0.000000000000000000e+00
0.000000000000000000e+00
0.000000000000000000e+00
0.000000000000000000e+00
0.000000000000000000e+00
0.000000000000000000e+00
0.000000000000000000e+00
0.000000000000000000e+00
0.000000000000000000e+00
0.000000000000000000e+00
0.000000000000000000e+00
0.000000000000000000e+00
0.000000000000000000e+00
0.000000000000000000e+00
0.000000000000000000e+00
0.000000000000000000e+00
0.000000000000000000e+00
0.000000000000000000e+00
0.000000000000000000e+00
0.000000000000000000e+00
0.000000000000000000e+00
0.000000000000000000e+00
1.000000000000000000e+00
1.000000000000000000e+00
1.000000000000000000e+00
1.000000000000000000e+00
1.000000000000000000e+00
1.000000000000000000e+00
1.000000000000000000e+00
1.000000000000000000e+00
1.000000000000000000e+00
1.000000000000000000e+00
1.000000000000000000e+00
1.000000000000000000e+00
1.000000000000000000e+00
1.000000000000000000e+00
1.000000000000000000e+00
1.000000000000000000e+00
2.000000000000000000e+00
2.000000000000000000e+00
2.000000000000000000e+00
2.000000000000000000e+00
3.000000000000000000e+00
1.500000000000000000e+01
1.500000000000000000e+01
4.900000000000000000e+01
5.500000000000000000e+01
5.900000000000000000e+01
6.000000000000000000e+01
6.700000000000000000e+01
8.000000000000000000e+01
1.090000000000000000e+02
1.100000000000000000e+02
1.500000000000000000e+02
1.960000000000000000e+02
1.960000000000000000e+02
2.560000000000000000e+02
2.850000000000000000e+02
2.940000000000000000e+02
3.270000000000000000e+02
3.660000000000000000e+02
4.020000000000000000e+02
4.560000000000000000e+02
4.950000000000000000e+02
5.360000000000000000e+02
5.760000000000000000e+02
6.090000000000000000e+02
6.560000000000000000e+02
7.100000000000000000e+02
7.790000000000000000e+02
8.650000000000000000e+02
9.850000000000000000e+02
1.070000000000000000e+03
1.173000000000000000e+03
1.322000000000000000e+03
1.450000000000000000e+03
1.560000000000000000e+03
1.699000000000000000e+03
1.794000000000000000e+03
1.939000000000000000e+03
2.065000000000000000e+03
2.190000000000000000e+03
2.350000000000000000e+03
2.505000000000000000e+03
2.673000000000000000e+03
2.844000000000000000e+03
3.032000000000000000e+03
3.144000000000000000e+03
3.333000000000000000e+03
3.490000000000000000e+03
3.659000000000000000e+03
3.891000000000000000e+03
4.092000000000000000e+03
4.319000000000000000e+03
4.534000000000000000e+03
4.782000000000000000e+03
5.042000000000000000e+03
5.268000000000000000e+03
5.537000000000000000e+03
5.895000000000000000e+03
6.193000000000000000e+03
6.465000000000000000e+03
6.813000000000000000e+03
7.201000000000000000e+03
7.588000000000000000e+03
7.981000000000000000e+03
8.476000000000000000e+03
8.964000000000000000e+03
9.400000000000000000e+03
9.746000000000000000e+03
1.009300000000000000e+04
1.043100000000000000e+04
1.082900000000000000e+04
1.122800000000000000e+04
1.171900000000000000e+04
1.222900000000000000e+04
1.276400000000000000e+04
1.348400000000000000e+04
1.422900000000000000e+04
1.500300000000000000e+04
1.578600000000000000e+04
1.651300000000000000e+04
1.726500000000000000e+04
1.796700000000000000e+04
1.875600000000000000e+04
1.966600000000000000e+04
2.079300000000000000e+04
2.208200000000000000e+04
2.344900000000000000e+04
2.498500000000000000e+04
2.638400000000000000e+04
2.753600000000000000e+04
2.861500000000000000e+04
2.976700000000000000e+04
3.111500000000000000e+04
3.261200000000000000e+04
3.407900000000000000e+04
3.544400000000000000e+04
3.682900000000000000e+04
3.828400000000000000e+04
3.972600000000000000e+04
4.130300000000000000e+04
4.298000000000000000e+04
4.459800000000000000e+04
4.628900000000000000e+04
4.785600000000000000e+04
4.921900000000000000e+04
5.043700000000000000e+04
5.221100000000000000e+04
5.375800000000000000e+04
5.523300000000000000e+04
5.680900000000000000e+04
5.814100000000000000e+04
5.956100000000000000e+04
6.113000000000000000e+04
6.275500000000000000e+04
6.392300000000000000e+04
6.518800000000000000e+04
6.675400000000000000e+04
6.831100000000000000e+04
6.981400000000000000e+04
7.129900000000000000e+04
7.271100000000000000e+04
7.403500000000000000e+04
7.525300000000000000e+04
7.622200000000000000e+04
7.727900000000000000e+04
7.830400000000000000e+04
7.925400000000000000e+04
8.023500000000000000e+04
8.115800000000000000e+04
8.207000000000000000e+04
8.300100000000000000e+04
8.393000000000000000e+04
8.484300000000000000e+04
8.577100000000000000e+04
8.647400000000000000e+04
8.717200000000000000e+04
8.777500000000000000e+04
8.840200000000000000e+04
8.907800000000000000e+04
8.974500000000000000e+04
9.041300000000000000e+04
9.107200000000000000e+04
9.158300000000000000e+04
9.206200000000000000e+04
9.248200000000000000e+04
9.294700000000000000e+04
9.335600000000000000e+04
9.375700000000000000e+04
9.407800000000000000e+04
9.431600000000000000e+04
9.448300000000000000e+04
9.464000000000000000e+04
9.475200000000000000e+04
9.487500000000000000e+04
9.500600000000000000e+04
9.514700000000000000e+04
9.531400000000000000e+04
9.549200000000000000e+04
9.566600000000000000e+04
9.583400000000000000e+04
9.596300000000000000e+04
9.610800000000000000e+04
9.622000000000000000e+04
9.633600000000000000e+04
9.647500000000000000e+04
9.659000000000000000e+04
9.675300000000000000e+04
9.691400000000000000e+04
9.702500000000000000e+04
9.714800000000000000e+04
9.723700000000000000e+04
9.734000000000000000e+04
9.747800000000000000e+04
9.761900000000000000e+04
9.782500000000000000e+04
9.806200000000000000e+04
9.828500000000000000e+04
9.849700000000000000e+04
9.872700000000000000e+04
9.893900000000000000e+04
9.911500000000000000e+04
9.928000000000000000e+04
9.942500000000000000e+04
9.958200000000000000e+04
9.971200000000000000e+04
9.986300000000000000e+04
1.000410000000000000e+05
1.002280000000000000e+05
1.004030000000000000e+05
1.005570000000000000e+05
1.007080000000000000e+05
1.008560000000000000e+05
1.010090000000000000e+05
1.011770000000000000e+05
1.013400000000000000e+05
1.015000000000000000e+05
1.016410000000000000e+05
1.017720000000000000e+05
1.019000000000000000e+05
1.020150000000000000e+05
1.021410000000000000e+05
1.022540000000000000e+05
1.023750000000000000e+05
1.025130000000000000e+05
1.026250000000000000e+05
1.027360000000000000e+05
1.028400000000000000e+05
1.029550000000000000e+05
1.030790000000000000e+05
1.031980000000000000e+05
1.033170000000000000e+05
1.034660000000000000e+05
1.035750000000000000e+05
1.036830000000000000e+05
1.037810000000000000e+05
1.039020000000000000e+05
1.040350000000000000e+05
1.041560000000000000e+05
1.042620000000000000e+05
1.043870000000000000e+05
1.045160000000000000e+05
1.046480000000000000e+05
1.047870000000000000e+05
1.049150000000000000e+05
1.050330000000000000e+05
1.051590000000000000e+05
1.052970000000000000e+05
1.054240000000000000e+05
1.055470000000000000e+05
1.057050000000000000e+05
1.058830000000000000e+05
1.060600000000000000e+05
1.062300000000000000e+05
1.063970000000000000e+05
1.065400000000000000e+05
1.067070000000000000e+05
1.068770000000000000e+05
1.070300000000000000e+05
1.072090000000000000e+05
1.073760000000000000e+05
1.075550000000000000e+05
1.077360000000000000e+05
1.079250000000000000e+05
1.081220000000000000e+05
1.083290000000000000e+05
1.085300000000000000e+05
1.087540000000000000e+05
1.089620000000000000e+05
1.092010000000000000e+05
1.094220000000000000e+05
1.096540000000000000e+05
1.098810000000000000e+05
1.100950000000000000e+05
1.103190000000000000e+05
1.105470000000000000e+05
1.107670000000000000e+05
1.110090000000000000e+05
1.112840000000000000e+05
1.116130000000000000e+05
1.119550000000000000e+05
1.123180000000000000e+05
1.126760000000000000e+05
1.130270000000000000e+05
1.133810000000000000e+05
1.137420000000000000e+05
1.141070000000000000e+05
1.144750000000000000e+05
1.148320000000000000e+05
1.151830000000000000e+05
1.155410000000000000e+05
1.159110000000000000e+05
1.163030000000000000e+05
1.167240000000000000e+05
1.171560000000000000e+05
1.175830000000000000e+05
1.180140000000000000e+05
1.184320000000000000e+05
1.188470000000000000e+05
1.192810000000000000e+05
1.197020000000000000e+05
1.201470000000000000e+05
1.206110000000000000e+05
1.210890000000000000e+05
1.215750000000000000e+05
1.220860000000000000e+05
1.226090000000000000e+05
1.231530000000000000e+05
1.237010000000000000e+05
1.242800000000000000e+05
1.248910000000000000e+05
1.255550000000000000e+05
1.262730000000000000e+05
1.270610000000000000e+05
1.279720000000000000e+05
1.289930000000000000e+05
1.301260000000000000e+05
1.313150000000000000e+05
1.325410000000000000e+05
1.339000000000000000e+05
1.352330000000000000e+05
1.366440000000000000e+05
1.380620000000000000e+05
1.394710000000000000e+05
1.408780000000000000e+05
1.421870000000000000e+05
1.434640000000000000e+05
1.445830000000000000e+05
1.455900000000000000e+05
1.468090000000000000e+05
1.478100000000000000e+05
1.487990000000000000e+05
1.497920000000000000e+05
1.507530000000000000e+05
1.517230000000000000e+05
1.527190000000000000e+05
1.537410000000000000e+05
1.546200000000000000e+05
1.555070000000000000e+05
1.563970000000000000e+05
1.572750000000000000e+05
1.581740000000000000e+05
1.589630000000000000e+05
1.597150000000000000e+05
1.604630000000000000e+05
1.611430000000000000e+05
1.618170000000000000e+05
1.624860000000000000e+05
1.631290000000000000e+05
1.637610000000000000e+05
1.642820000000000000e+05
1.648710000000000000e+05
1.654180000000000000e+05
1.659510000000000000e+05
1.664920000000000000e+05
1.670130000000000000e+05
1.675250000000000000e+05
1.680570000000000000e+05
1.685970000000000000e+05
1.691060000000000000e+05
1.696400000000000000e+05
1.702070000000000000e+05
1.707800000000000000e+05
1.713900000000000000e+05
1.719930000000000000e+05
1.726020000000000000e+05
1.732020000000000000e+05
1.738130000000000000e+05
1.744260000000000000e+05
1.750590000000000000e+05
1.756770000000000000e+05
1.763330000000000000e+05
1.769430000000000000e+05
1.775430000000000000e+05
1.781510000000000000e+05
1.787740000000000000e+05
1.794070000000000000e+05
1.800510000000000000e+05
1.806400000000000000e+05
1.812410000000000000e+05
1.818290000000000000e+05
1.824240000000000000e+05
1.830100000000000000e+05
1.835910000000000000e+05
1.841680000000000000e+05
1.847550000000000000e+05
1.853340000000000000e+05
1.859220000000000000e+05
1.865030000000000000e+05
1.870940000000000000e+05
1.877160000000000000e+05
1.883610000000000000e+05
1.890000000000000000e+05
1.896390000000000000e+05
1.902800000000000000e+05
1.909240000000000000e+05
1.915550000000000000e+05
1.921950000000000000e+05
1.928400000000000000e+05
1.934820000000000000e+05
1.941270000000000000e+05
1.947710000000000000e+05
1.954180000000000000e+05
1.960610000000000000e+05
1.967090000000000000e+05
1.973500000000000000e+05
1.980110000000000000e+05
1.986810000000000000e+05
1.993640000000000000e+05
2.000500000000000000e+05
2.007390000000000000e+05
2.014320000000000000e+05
2.021310000000000000e+05
2.028430000000000000e+05
2.035460000000000000e+05
2.042560000000000000e+05
2.049650000000000000e+05
2.057320000000000000e+05
2.065100000000000000e+05
2.072930000000000000e+05
2.080820000000000000e+05
2.088760000000000000e+05
2.096770000000000000e+05
2.104890000000000000e+05
2.113070000000000000e+05
2.121300000000000000e+05
2.129610000000000000e+05
2.137980000000000000e+05
2.146390000000000000e+05
2.154840000000000000e+05
2.163340000000000000e+05
2.171860000000000000e+05
2.180410000000000000e+05
2.189020000000000000e+05
2.197740000000000000e+05
2.206580000000000000e+05
2.215700000000000000e+05
2.225230000000000000e+05
2.235140000000000000e+05
2.245170000000000000e+05
2.255280000000000000e+05
2.265310000000000000e+05
2.275520000000000000e+05
2.285840000000000000e+05
2.296350000000000000e+05
2.307130000000000000e+05
2.318030000000000000e+05
2.329050000000000000e+05
2.340150000000000000e+05
2.351400000000000000e+05
2.362720000000000000e+05
2.374100000000000000e+05
2.385600000000000000e+05
2.397400000000000000e+05
2.409270000000000000e+05
2.421200000000000000e+05
2.433170000000000000e+05
2.445200000000000000e+05
2.457210000000000000e+05
2.469090000000000000e+05
2.480780000000000000e+05
2.492380000000000000e+05
2.503910000000000000e+05
2.515390000000000000e+05
2.526900000000000000e+05
2.538350000000000000e+05
2.549840000000000000e+05
2.561240000000000000e+05
2.572750000000000000e+05
2.584070000000000000e+05
2.595400000000000000e+05
2.606590000000000000e+05
2.616660000000000000e+05
2.626500000000000000e+05
2.636060000000000000e+05
2.645570000000000000e+05
2.654890000000000000e+05
2.663500000000000000e+05
2.671710000000000000e+05
2.679720000000000000e+05
2.687540000000000000e+05
2.695270000000000000e+05
2.702920000000000000e+05
2.710470000000000000e+05
2.717800000000000000e+05
2.724910000000000000e+05
2.731820000000000000e+05
2.737950000000000000e+05
2.744040000000000000e+05
2.750100000000000000e+05
2.756010000000000000e+05
2.761900000000000000e+05
2.767560000000000000e+05
2.772880000000000000e+05
2.777970000000000000e+05
2.782950000000000000e+05
2.787610000000000000e+05
2.791840000000000000e+05
2.795960000000000000e+05
2.800050000000000000e+05
2.803940000000000000e+05
2.807700000000000000e+05
2.810310000000000000e+05
2.812820000000000000e+05
2.815240000000000000e+05
2.817220000000000000e+05
2.819030000000000000e+05
2.820820000000000000e+05
2.822570000000000000e+05
2.824210000000000000e+05
2.825820000000000000e+05
2.827370000000000000e+05
2.828640000000000000e+05
2.829850000000000000e+05
2.831020000000000000e+05
2.832120000000000000e+05
2.833200000000000000e+05
2.834090000000000000e+05
2.834900000000000000e+05
2.835670000000000000e+05
2.836360000000000000e+05
2.836360000000000000e+05
2.837620000000000000e+05
2.838130000000000000e+05
2.838620000000000000e+05
2.839060000000000000e+05
2.839470000000000000e+05
2.839850000000000000e+05
2.840240000000000000e+05
2.840590000000000000e+05
2.840900000000000000e+05
2.841280000000000000e+05
2.841700000000000000e+05
2.842150000000000000e+05
2.842620000000000000e+05
2.843110000000000000e+05
