0.000000000000000000e+00
0.000000000000000000e+00
0.000000000000000000e+00
0.000000000000000000e+00
0.000000000000000000e+00
0.000000000000000000e+00
0.000000000000000000e+00
0.000000000000000000e+00
0.000000000000000000e+00
0.000000000000000000e+00
0.000000000000000000e+00
0.000000000000000000e+00
0.000000000000000000e+00
0.000000000000000000e+00
0.000000000000000000e+00
0.000000000000000000e+00
0.000000000000000000e+00
0.000000000000000000e+00
0.000000000000000000e+00
0.000000000000000000e+00
0.000000000000000000e+00
0.000000000000000000e+00
0.000000000000000000e+00
1.000000000000000000e+00
0.000000000000000000e+00
0.000000000000000000e+00
0.000000000000000000e+00
0.000000000000000000e+00
0.000000000000000000e+00
0.000000000000000000e+00
0.000000000000000000e+00
0.000000000000000000e+00
0.000000000000000000e+00
0.000000000000000000e+00
0.000000000000000000e+00
0.000000000000000000e+00
0.000000000000000000e+00
0.000000000000000000e+00
0.000000000000000000e+00
1.000000000000000000e+00
0.000000000000000000e+00
0.000000000000000000e+00
0.000000000000000000e+00
1.000000000000000000e+00
1.200000000000000000e+01
0.000000000000000000e+00
3.400000000000000000e+01
6.000000000000000000e+00
4.000000000000000000e+00
1.000000000000000000e+00
7.000000000000000000e+00
1.300000000000000000e+01
2.900000000000000000e+01
1.000000000000000000e+00
4.000000000000000000e+01
4.600000000000000000e+01
0.000000000000000000e+00
6.000000000000000000e+01
2.900000000000000000e+01
9.000000000000000000e+00
3.300000000000000000e+01
3.900000000000000000e+01
3.600000000000000000e+01
5.400000000000000000e+01
3.900000000000000000e+01
4.100000000000000000e+01
4.000000000000000000e+01
3.300000000000000000e+01
4.700000000000000000e+01
5.400000000000000000e+01
6.900000000000000000e+01
8.600000000000000000e+01
1.200000000000000000e+02
8.500000000000000000e+01
1.030000000000000000e+02
1.490000000000000000e+02
1.280000000000000000e+02
1.100000000000000000e+02
1.390000000000000000e+02
9.500000000000000000e+01
1.450000000000000000e+02
1.260000000000000000e+02
1.250000000000000000e+02
1.600000000000000000e+02
1.550000000000000000e+02
1.680000000000000000e+02
1.710000000000000000e+02
1.880000000000000000e+02
1.120000000000000000e+02
1.890000000000000000e+02
1.570000000000000000e+02
1.690000000000000000e+02
2.320000000000000000e+02
2.010000000000000000e+02
2.270000000000000000e+02
2.150000000000000000e+02
2.480000000000000000e+02
2.600000000000000000e+02
2.260000000000000000e+02
2.690000000000000000e+02
3.580000000000000000e+02
2.980000000000000000e+02
2.720000000000000000e+02
3.480000000000000000e+02
3.880000000000000000e+02
3.870000000000000000e+02
3.930000000000000000e+02
4.950000000000000000e+02
4.880000000000000000e+02
4.360000000000000000e+02
3.460000000000000000e+02
3.470000000000000000e+02
3.380000000000000000e+02
3.980000000000000000e+02
3.990000000000000000e+02
4.910000000000000000e+02
5.100000000000000000e+02
5.350000000000000000e+02
7.200000000000000000e+02
7.450000000000000000e+02
7.740000000000000000e+02
7.830000000000000000e+02
7.270000000000000000e+02
7.520000000000000000e+02
7.020000000000000000e+02
7.890000000000000000e+02
9.100000000000000000e+02
1.127000000000000000e+03
1.289000000000000000e+03
1.367000000000000000e+03
1.536000000000000000e+03
1.399000000000000000e+03
1.152000000000000000e+03
1.079000000000000000e+03
1.152000000000000000e+03
1.348000000000000000e+03
1.497000000000000000e+03
1.467000000000000000e+03
1.365000000000000000e+03
1.385000000000000000e+03
1.455000000000000000e+03
1.442000000000000000e+03
1.577000000000000000e+03
1.677000000000000000e+03
1.618000000000000000e+03
1.691000000000000000e+03
1.567000000000000000e+03
1.363000000000000000e+03
1.218000000000000000e+03
1.774000000000000000e+03
1.547000000000000000e+03
1.475000000000000000e+03
1.576000000000000000e+03
1.332000000000000000e+03
1.420000000000000000e+03
1.569000000000000000e+03
1.625000000000000000e+03
1.168000000000000000e+03
1.265000000000000000e+03
1.566000000000000000e+03
1.557000000000000000e+03
1.503000000000000000e+03
1.485000000000000000e+03
1.412000000000000000e+03
1.324000000000000000e+03
1.218000000000000000e+03
9.690000000000000000e+02
1.057000000000000000e+03
1.025000000000000000e+03
9.500000000000000000e+02
9.810000000000000000e+02
9.230000000000000000e+02
9.120000000000000000e+02
9.310000000000000000e+02
9.290000000000000000e+02
9.130000000000000000e+02
9.280000000000000000e+02
7.030000000000000000e+02
6.980000000000000000e+02
6.030000000000000000e+02
6.270000000000000000e+02
6.760000000000000000e+02
6.670000000000000000e+02
6.680000000000000000e+02
6.590000000000000000e+02
5.110000000000000000e+02
4.790000000000000000e+02
4.200000000000000000e+02
4.650000000000000000e+02
4.090000000000000000e+02
4.010000000000000000e+02
3.210000000000000000e+02
2.380000000000000000e+02
1.670000000000000000e+02
1.570000000000000000e+02
1.120000000000000000e+02
1.230000000000000000e+02
1.310000000000000000e+02
1.410000000000000000e+02
1.670000000000000000e+02
1.780000000000000000e+02
1.740000000000000000e+02
1.680000000000000000e+02
1.290000000000000000e+02
1.450000000000000000e+02
1.120000000000000000e+02
1.160000000000000000e+02
1.390000000000000000e+02
1.150000000000000000e+02
1.630000000000000000e+02
1.610000000000000000e+02
1.110000000000000000e+02
1.230000000000000000e+02
8.900000000000000000e+01
1.030000000000000000e+02
1.380000000000000000e+02
1.410000000000000000e+02
2.060000000000000000e+02
2.370000000000000000e+02
2.230000000000000000e+02
2.120000000000000000e+02
2.300000000000000000e+02
2.120000000000000000e+02
1.760000000000000000e+02
1.650000000000000000e+02
1.450000000000000000e+02
1.570000000000000000e+02
1.300000000000000000e+02
1.510000000000000000e+02
1.780000000000000000e+02
1.870000000000000000e+02
1.750000000000000000e+02
1.540000000000000000e+02
1.510000000000000000e+02
1.480000000000000000e+02
1.530000000000000000e+02
1.680000000000000000e+02
1.630000000000000000e+02
1.600000000000000000e+02
1.410000000000000000e+02
1.310000000000000000e+02
1.280000000000000000e+02
1.150000000000000000e+02
1.260000000000000000e+02
1.130000000000000000e+02
1.210000000000000000e+02
1.380000000000000000e+02
1.120000000000000000e+02
1.110000000000000000e+02
1.040000000000000000e+02
1.150000000000000000e+02
1.240000000000000000e+02
1.190000000000000000e+02
1.190000000000000000e+02
1.490000000000000000e+02
1.090000000000000000e+02
1.080000000000000000e+02
9.800000000000000000e+01
1.210000000000000000e+02
1.330000000000000000e+02
1.210000000000000000e+02
1.060000000000000000e+02
1.250000000000000000e+02
1.290000000000000000e+02
1.320000000000000000e+02
1.390000000000000000e+02
1.280000000000000000e+02
1.180000000000000000e+02
1.260000000000000000e+02
1.380000000000000000e+02
1.270000000000000000e+02
1.230000000000000000e+02
1.580000000000000000e+02
1.780000000000000000e+02
1.770000000000000000e+02
1.700000000000000000e+02
1.670000000000000000e+02
1.430000000000000000e+02
1.670000000000000000e+02
1.700000000000000000e+02
1.530000000000000000e+02
1.790000000000000000e+02
1.670000000000000000e+02
1.790000000000000000e+02
1.810000000000000000e+02
1.890000000000000000e+02
1.970000000000000000e+02
2.070000000000000000e+02
2.010000000000000000e+02
2.240000000000000000e+02
2.080000000000000000e+02
2.390000000000000000e+02
2.210000000000000000e+02
2.320000000000000000e+02
2.270000000000000000e+02
2.140000000000000000e+02
2.240000000000000000e+02
2.280000000000000000e+02
2.200000000000000000e+02
2.420000000000000000e+02
2.750000000000000000e+02
3.290000000000000000e+02
3.420000000000000000e+02
3.630000000000000000e+02
3.580000000000000000e+02
3.510000000000000000e+02
3.540000000000000000e+02
3.610000000000000000e+02
3.650000000000000000e+02
3.680000000000000000e+02
3.570000000000000000e+02
3.510000000000000000e+02
3.580000000000000000e+02
3.700000000000000000e+02
3.920000000000000000e+02
4.210000000000000000e+02
4.320000000000000000e+02
4.270000000000000000e+02
4.310000000000000000e+02
4.180000000000000000e+02
4.150000000000000000e+02
4.340000000000000000e+02
4.210000000000000000e+02
4.450000000000000000e+02
4.640000000000000000e+02
4.780000000000000000e+02
4.860000000000000000e+02
5.110000000000000000e+02
5.230000000000000000e+02
5.440000000000000000e+02
5.480000000000000000e+02
5.790000000000000000e+02
6.110000000000000000e+02
6.640000000000000000e+02
7.180000000000000000e+02
7.880000000000000000e+02
9.110000000000000000e+02
1.021000000000000000e+03
1.133000000000000000e+03
1.189000000000000000e+03
1.226000000000000000e+03
1.359000000000000000e+03
1.333000000000000000e+03
1.411000000000000000e+03
1.418000000000000000e+03
1.409000000000000000e+03
1.407000000000000000e+03
1.309000000000000000e+03
1.277000000000000000e+03
1.119000000000000000e+03
1.007000000000000000e+03
1.219000000000000000e+03
1.001000000000000000e+03
9.890000000000000000e+02
9.930000000000000000e+02
9.610000000000000000e+02
9.700000000000000000e+02
9.960000000000000000e+02
1.022000000000000000e+03
8.790000000000000000e+02
8.870000000000000000e+02
8.900000000000000000e+02
8.780000000000000000e+02
8.990000000000000000e+02
7.890000000000000000e+02
7.520000000000000000e+02
7.480000000000000000e+02
6.800000000000000000e+02
6.740000000000000000e+02
6.690000000000000000e+02
6.430000000000000000e+02
6.320000000000000000e+02
5.210000000000000000e+02
5.890000000000000000e+02
5.470000000000000000e+02
5.330000000000000000e+02
5.410000000000000000e+02
5.210000000000000000e+02
5.120000000000000000e+02
5.320000000000000000e+02
5.400000000000000000e+02
5.090000000000000000e+02
5.340000000000000000e+02
5.670000000000000000e+02
5.730000000000000000e+02
6.100000000000000000e+02
6.030000000000000000e+02
6.090000000000000000e+02
6.000000000000000000e+02
6.110000000000000000e+02
6.130000000000000000e+02
6.330000000000000000e+02
6.180000000000000000e+02
6.560000000000000000e+02
6.100000000000000000e+02
6.000000000000000000e+02
6.080000000000000000e+02
6.230000000000000000e+02
6.330000000000000000e+02
6.440000000000000000e+02
5.890000000000000000e+02
6.010000000000000000e+02
5.880000000000000000e+02
5.950000000000000000e+02
5.860000000000000000e+02
5.810000000000000000e+02
5.770000000000000000e+02
5.870000000000000000e+02
5.790000000000000000e+02
5.880000000000000000e+02
5.810000000000000000e+02
5.910000000000000000e+02
6.220000000000000000e+02
6.450000000000000000e+02
6.390000000000000000e+02
6.390000000000000000e+02
6.410000000000000000e+02
6.440000000000000000e+02
6.310000000000000000e+02
6.400000000000000000e+02
6.450000000000000000e+02
6.420000000000000000e+02
6.450000000000000000e+02
6.440000000000000000e+02
6.470000000000000000e+02
6.430000000000000000e+02
6.480000000000000000e+02
6.410000000000000000e+02
6.610000000000000000e+02
6.700000000000000000e+02
6.830000000000000000e+02
6.860000000000000000e+02
6.890000000000000000e+02
6.930000000000000000e+02
6.990000000000000000e+02
7.120000000000000000e+02
7.030000000000000000e+02
7.100000000000000000e+02
7.090000000000000000e+02
7.670000000000000000e+02
7.780000000000000000e+02
7.830000000000000000e+02
7.890000000000000000e+02
7.940000000000000000e+02
8.010000000000000000e+02
8.120000000000000000e+02
8.180000000000000000e+02
8.230000000000000000e+02
8.310000000000000000e+02
8.370000000000000000e+02
8.410000000000000000e+02
8.450000000000000000e+02
8.500000000000000000e+02
8.520000000000000000e+02
8.550000000000000000e+02
8.610000000000000000e+02
8.720000000000000000e+02
8.840000000000000000e+02
9.120000000000000000e+02
9.530000000000000000e+02
9.910000000000000000e+02
1.003000000000000000e+03
1.011000000000000000e+03
1.003000000000000000e+03
1.021000000000000000e+03
1.032000000000000000e+03
1.051000000000000000e+03
1.078000000000000000e+03
1.090000000000000000e+03
1.102000000000000000e+03
1.110000000000000000e+03
1.125000000000000000e+03
1.132000000000000000e+03
1.138000000000000000e+03
1.150000000000000000e+03
1.180000000000000000e+03
1.187000000000000000e+03
1.193000000000000000e+03
1.197000000000000000e+03
1.203000000000000000e+03
1.201000000000000000e+03
1.188000000000000000e+03
1.169000000000000000e+03
1.160000000000000000e+03
1.153000000000000000e+03
1.148000000000000000e+03
1.151000000000000000e+03
1.145000000000000000e+03
1.149000000000000000e+03
1.140000000000000000e+03
1.151000000000000000e+03
1.132000000000000000e+03
1.133000000000000000e+03
1.119000000000000000e+03
1.007000000000000000e+03
9.840000000000000000e+02
9.560000000000000000e+02
9.510000000000000000e+02
9.320000000000000000e+02
8.610000000000000000e+02
8.210000000000000000e+02
8.010000000000000000e+02
7.820000000000000000e+02
7.730000000000000000e+02
7.650000000000000000e+02
7.550000000000000000e+02
7.330000000000000000e+02
7.110000000000000000e+02
6.910000000000000000e+02
6.130000000000000000e+02
6.090000000000000000e+02
6.060000000000000000e+02
5.910000000000000000e+02
5.890000000000000000e+02
5.660000000000000000e+02
5.320000000000000000e+02
5.090000000000000000e+02
4.980000000000000000e+02
4.660000000000000000e+02
4.230000000000000000e+02
4.120000000000000000e+02
4.090000000000000000e+02
3.890000000000000000e+02
3.760000000000000000e+02
2.610000000000000000e+02
2.510000000000000000e+02
2.420000000000000000e+02
1.980000000000000000e+02
1.810000000000000000e+02
1.790000000000000000e+02
1.750000000000000000e+02
1.640000000000000000e+02
1.610000000000000000e+02
1.550000000000000000e+02
1.270000000000000000e+02
1.210000000000000000e+02
1.170000000000000000e+02
1.100000000000000000e+02
1.080000000000000000e+02
8.900000000000000000e+01
8.100000000000000000e+01
7.700000000000000000e+01
6.900000000000000000e+01
0.000000000000000000e+00
1.260000000000000000e+02
5.100000000000000000e+01
4.900000000000000000e+01
4.400000000000000000e+01
4.100000000000000000e+01
3.800000000000000000e+01
3.900000000000000000e+01
3.500000000000000000e+01
3.100000000000000000e+01
3.800000000000000000e+01
4.200000000000000000e+01
4.500000000000000000e+01
4.700000000000000000e+01
4.900000000000000000e+01
