0.000000000000000000e+00
0.000000000000000000e+00
0.000000000000000000e+00
0.000000000000000000e+00
0.000000000000000000e+00
0.000000000000000000e+00
0.000000000000000000e+00
0.000000000000000000e+00
0.000000000000000000e+00
0.000000000000000000e+00
0.000000000000000000e+00
0.000000000000000000e+00
0.000000000000000000e+00
0.000000000000000000e+00
0.000000000000000000e+00
0.000000000000000000e+00
0.000000000000000000e+00
0.000000000000000000e+00
0.000000000000000000e+00
0.000000000000000000e+00
0.000000000000000000e+00
0.000000000000000000e+00
0.000000000000000000e+00
0.000000000000000000e+00
0.000000000000000000e+00
0.000000000000000000e+00
0.000000000000000000e+00
0.000000000000000000e+00
0.000000000000000000e+00
0.000000000000000000e+00
0.000000000000000000e+00
0.000000000000000000e+00
0.000000000000000000e+00
0.000000000000000000e+00
0.000000000000000000e+00
0.000000000000000000e+00
0.000000000000000000e+00
0.000000000000000000e+00
0.000000000000000000e+00
0.000000000000000000e+00
0.000000000000000000e+00
0.000000000000000000e+00
0.000000000000000000e+00
0.000000000000000000e+00
0.000000000000000000e+00
0.000000000000000000e+00
0.000000000000000000e+00
0.000000000000000000e+00
0.000000000000000000e+00
0.000000000000000000e+00
0.000000000000000000e+00
0.000000000000000000e+00
0.000000000000000000e+00
0.000000000000000000e+00
0.000000000000000000e+00
0.000000000000000000e+00
0.000000000000000000e+00
0.000000000000000000e+00
1.000000000000000000e+00
3.000000000000000000e+00
3.000000000000000000e+00
3.000000000000000000e+00
3.000000000000000000e+00
3.000000000000000000e+00
3.000000000000000000e+00
5.000000000000000000e+00
7.000000000000000000e+00
7.000000000000000000e+00
7.000000000000000000e+00
8.000000000000000000e+00
8.000000000000000000e+00
9.000000000000000000e+00
9.000000000000000000e+00
9.000000000000000000e+00
9.000000000000000000e+00
1.000000000000000000e+01
1.100000000000000000e+01
1.100000000000000000e+01
1.100000000000000000e+01
1.300000000000000000e+01
1.400000000000000000e+01
1.400000000000000000e+01
1.700000000000000000e+01
1.700000000000000000e+01
2.300000000000000000e+01
2.300000000000000000e+01
2.400000000000000000e+01
2.500000000000000000e+01
2.500000000000000000e+01
2.500000000000000000e+01
2.800000000000000000e+01
2.800000000000000000e+01
2.800000000000000000e+01
2.900000000000000000e+01
3.100000000000000000e+01
3.100000000000000000e+01
3.200000000000000000e+01
3.200000000000000000e+01
3.200000000000000000e+01
4.000000000000000000e+01
4.000000000000000000e+01
3.400000000000000000e+01
3.400000000000000000e+01
3.400000000000000000e+01
3.400000000000000000e+01
3.400000000000000000e+01
3.400000000000000000e+01
3.400000000000000000e+01
3.500000000000000000e+01
3.600000000000000000e+01
3.600000000000000000e+01
3.600000000000000000e+01
3.700000000000000000e+01
3.700000000000000000e+01
4.200000000000000000e+01
4.200000000000000000e+01
4.400000000000000000e+01
4.600000000000000000e+01
4.600000000000000000e+01
4.800000000000000000e+01
5.100000000000000000e+01
5.100000000000000000e+01
5.600000000000000000e+01
5.600000000000000000e+01
5.600000000000000000e+01
5.600000000000000000e+01
1.320000000000000000e+02
1.490000000000000000e+02
1.490000000000000000e+02
1.740000000000000000e+02
1.780000000000000000e+02
2.030000000000000000e+02
2.060000000000000000e+02
2.220000000000000000e+02
2.370000000000000000e+02
2.650000000000000000e+02
2.790000000000000000e+02
2.820000000000000000e+02
2.870000000000000000e+02
3.140000000000000000e+02
3.200000000000000000e+02
3.320000000000000000e+02
3.430000000000000000e+02
3.560000000000000000e+02
3.830000000000000000e+02
3.870000000000000000e+02
3.910000000000000000e+02
4.010000000000000000e+02
4.630000000000000000e+02
4.790000000000000000e+02
4.790000000000000000e+02
4.890000000000000000e+02
5.120000000000000000e+02
5.250000000000000000e+02
5.300000000000000000e+02
5.510000000000000000e+02
5.610000000000000000e+02
5.670000000000000000e+02
5.670000000000000000e+02
5.740000000000000000e+02
5.910000000000000000e+02
6.050000000000000000e+02
6.170000000000000000e+02
6.250000000000000000e+02
6.980000000000000000e+02
7.160000000000000000e+02
7.340000000000000000e+02
7.870000000000000000e+02
8.850000000000000000e+02
8.850000000000000000e+02
9.420000000000000000e+02
9.820000000000000000e+02
9.850000000000000000e+02
1.034000000000000000e+03
1.064000000000000000e+03
1.089000000000000000e+03
1.362000000000000000e+03
1.420000000000000000e+03
1.478000000000000000e+03
1.611000000000000000e+03
1.713000000000000000e+03
1.820000000000000000e+03
2.034000000000000000e+03
2.124000000000000000e+03
2.296000000000000000e+03
2.434000000000000000e+03
2.512000000000000000e+03
2.704000000000000000e+03
2.817000000000000000e+03
2.879000000000000000e+03
3.092000000000000000e+03
3.169000000000000000e+03
3.659000000000000000e+03
3.921000000000000000e+03
4.075000000000000000e+03
4.221000000000000000e+03
4.221000000000000000e+03
4.339000000000000000e+03
4.451000000000000000e+03
4.575000000000000000e+03
4.649000000000000000e+03
4.748000000000000000e+03
4.818000000000000000e+03
4.893000000000000000e+03
4.990000000000000000e+03
5.072000000000000000e+03
5.176000000000000000e+03
5.261000000000000000e+03
5.308000000000000000e+03
5.378000000000000000e+03
5.643000000000000000e+03
5.745000000000000000e+03
5.815000000000000000e+03
5.893000000000000000e+03
5.930000000000000000e+03
6.070000000000000000e+03
6.196000000000000000e+03
6.251000000000000000e+03
6.292000000000000000e+03
6.388000000000000000e+03
6.406000000000000000e+03
6.412000000000000000e+03
6.497000000000000000e+03
6.559000000000000000e+03
6.638000000000000000e+03
6.678000000000000000e+03
6.837000000000000000e+03
6.837000000000000000e+03
6.837000000000000000e+03
7.298000000000000000e+03
7.388000000000000000e+03
7.429000000000000000e+03
7.453000000000000000e+03
7.479000000000000000e+03
7.508000000000000000e+03
7.526000000000000000e+03
7.531000000000000000e+03
7.576000000000000000e+03
7.598000000000000000e+03
7.633000000000000000e+03
7.647000000000000000e+03
7.672000000000000000e+03
7.683000000000000000e+03
7.683000000000000000e+03
7.711000000000000000e+03
7.725000000000000000e+03
7.752000000000000000e+03
7.787000000000000000e+03
7.803000000000000000e+03
7.812000000000000000e+03
7.816000000000000000e+03
7.837000000000000000e+03
7.838000000000000000e+03
7.850000000000000000e+03
7.858000000000000000e+03
7.885000000000000000e+03
7.888000000000000000e+03
7.898000000000000000e+03
7.915000000000000000e+03
7.919000000000000000e+03
7.951000000000000000e+03
7.994000000000000000e+03
8.010000000000000000e+03
8.011000000000000000e+03
8.021000000000000000e+03
8.036000000000000000e+03
8.055000000000000000e+03
8.075000000000000000e+03
8.099000000000000000e+03
8.110000000000000000e+03
8.147000000000000000e+03
8.159000000000000000e+03
8.187000000000000000e+03
8.215000000000000000e+03
8.242000000000000000e+03
8.257000000000000000e+03
8.269000000000000000e+03
8.276000000000000000e+03
8.303000000000000000e+03
8.315000000000000000e+03
8.320000000000000000e+03
8.349000000000000000e+03
8.362000000000000000e+03
8.367000000000000000e+03
8.374000000000000000e+03
8.389000000000000000e+03
8.410000000000000000e+03
8.427000000000000000e+03
8.444000000000000000e+03
8.471000000000000000e+03
8.498000000000000000e+03
8.531000000000000000e+03
8.561000000000000000e+03
8.610000000000000000e+03
8.667000000000000000e+03
8.696000000000000000e+03
8.765000000000000000e+03
8.786000000000000000e+03
8.829000000000000000e+03
8.897000000000000000e+03
8.945000000000000000e+03
8.981000000000000000e+03
9.046000000000000000e+03
9.120000000000000000e+03
9.172000000000000000e+03
9.220000000000000000e+03
9.308000000000000000e+03
9.398000000000000000e+03
9.508000000000000000e+03
9.623000000000000000e+03
9.714000000000000000e+03
9.822000000000000000e+03
9.822000000000000000e+03
9.950000000000000000e+03
1.012900000000000000e+04
1.012900000000000000e+04
1.042400000000000000e+04
1.054700000000000000e+04
1.061700000000000000e+04
1.071800000000000000e+04
1.083900000000000000e+04
1.091200000000000000e+04
1.100700000000000000e+04
1.108100000000000000e+04
1.116200000000000000e+04
1.121900000000000000e+04
1.124600000000000000e+04
1.135800000000000000e+04
1.152200000000000000e+04
1.174900000000000000e+04
1.186600000000000000e+04
1.204700000000000000e+04
1.215100000000000000e+04
1.232500000000000000e+04
1.242200000000000000e+04
1.254400000000000000e+04
1.265600000000000000e+04
1.278600000000000000e+04
1.288000000000000000e+04
1.296300000000000000e+04
1.307700000000000000e+04
1.314800000000000000e+04
1.332500000000000000e+04
1.362500000000000000e+04
1.386700000000000000e+04
1.408400000000000000e+04
1.449100000000000000e+04
1.526500000000000000e+04
1.582900000000000000e+04
1.719400000000000000e+04
1.780400000000000000e+04
1.867500000000000000e+04
1.966000000000000000e+04
2.049900000000000000e+04
2.147700000000000000e+04
2.229700000000000000e+04
2.323900000000000000e+04
2.425600000000000000e+04
2.536800000000000000e+04
2.610900000000000000e+04
2.688100000000000000e+04
2.720300000000000000e+04
2.789200000000000000e+04
2.867500000000000000e+04
2.940800000000000000e+04
3.004700000000000000e+04
3.052300000000000000e+04
3.100700000000000000e+04
3.132000000000000000e+04
3.164600000000000000e+04
3.200400000000000000e+04
3.230400000000000000e+04
3.264600000000000000e+04
3.295200000000000000e+04
3.327300000000000000e+04
3.338800000000000000e+04
3.354800000000000000e+04
3.381400000000000000e+04
3.396400000000000000e+04
3.417100000000000000e+04
3.433100000000000000e+04
3.448700000000000000e+04
3.455200000000000000e+04
3.465800000000000000e+04
3.478100000000000000e+04
3.486400000000000000e+04
3.486400000000000000e+04
3.504500000000000000e+04
3.510400000000000000e+04
3.517200000000000000e+04
3.522200000000000000e+04
3.531500000000000000e+04
3.542300000000000000e+04
3.554300000000000000e+04
3.571000000000000000e+04
3.576800000000000000e+04
3.579600000000000000e+04
3.586200000000000000e+04
3.591000000000000000e+04
3.596000000000000000e+04
3.599400000000000000e+04
3.604400000000000000e+04
3.605800000000000000e+04
3.608900000000000000e+04
3.611500000000000000e+04
3.614800000000000000e+04
3.617900000000000000e+04
3.622300000000000000e+04
3.624800000000000000e+04
3.626000000000000000e+04
3.627100000000000000e+04
3.628900000000000000e+04
3.632100000000000000e+04
3.634100000000000000e+04
3.637700000000000000e+04
3.642300000000000000e+04
3.647100000000000000e+04
3.648400000000000000e+04
3.650400000000000000e+04
3.653500000000000000e+04
3.655200000000000000e+04
3.661100000000000000e+04
3.665200000000000000e+04
3.666200000000000000e+04
3.666500000000000000e+04
3.668400000000000000e+04
3.671700000000000000e+04
3.674900000000000000e+04
3.677800000000000000e+04
3.680500000000000000e+04
3.681800000000000000e+04
3.682200000000000000e+04
3.683900000000000000e+04
3.683900000000000000e+04
3.688200000000000000e+04
3.689600000000000000e+04
3.690300000000000000e+04
3.691100000000000000e+04
3.692300000000000000e+04
3.693400000000000000e+04
3.696600000000000000e+04
3.698400000000000000e+04
3.705200000000000000e+04
3.714700000000000000e+04
3.727300000000000000e+04
3.728800000000000000e+04
3.730700000000000000e+04
3.733000000000000000e+04
3.736900000000000000e+04
3.742200000000000000e+04
3.753400000000000000e+04
3.769900000000000000e+04
3.775100000000000000e+04
3.785900000000000000e+04
3.787500000000000000e+04
3.798000000000000000e+04
3.801800000000000000e+04
3.804500000000000000e+04
3.806400000000000000e+04
3.808600000000000000e+04
3.810200000000000000e+04
3.816400000000000000e+04
3.819100000000000000e+04
3.823500000000000000e+04
3.825700000000000000e+04
3.826000000000000000e+04
3.828100000000000000e+04
3.829300000000000000e+04
3.832700000000000000e+04
3.835700000000000000e+04
3.839800000000000000e+04
3.840300000000000000e+04
3.841400000000000000e+04
3.841900000000000000e+04
3.843300000000000000e+04
3.844800000000000000e+04
3.846600000000000000e+04
3.849100000000000000e+04
3.853500000000000000e+04
3.855400000000000000e+04
3.856000000000000000e+04
3.857200000000000000e+04
3.859500000000000000e+04
3.861200000000000000e+04
3.863500000000000000e+04
3.866400000000000000e+04
3.867900000000000000e+04
3.868200000000000000e+04
3.869600000000000000e+04
3.870600000000000000e+04
3.881900000000000000e+04
3.885400000000000000e+04
3.891800000000000000e+04
3.893300000000000000e+04
3.894400000000000000e+04
3.896100000000000000e+04
3.899800000000000000e+04
3.903100000000000000e+04
3.909200000000000000e+04
3.914400000000000000e+04
3.916800000000000000e+04
3.918900000000000000e+04
3.923800000000000000e+04
3.932100000000000000e+04
3.943200000000000000e+04
3.949600000000000000e+04
3.968800000000000000e+04
3.985200000000000000e+04
3.995900000000000000e+04
4.007700000000000000e+04
4.031800000000000000e+04
4.055600000000000000e+04
4.092700000000000000e+04
4.133500000000000000e+04
4.162800000000000000e+04
4.177900000000000000e+04
4.219500000000000000e+04
4.271400000000000000e+04
4.348000000000000000e+04
4.430600000000000000e+04
4.521700000000000000e+04
4.601800000000000000e+04
4.644200000000000000e+04
4.728400000000000000e+04
4.853300000000000000e+04
4.986400000000000000e+04
5.122100000000000000e+04
5.266300000000000000e+04
5.366500000000000000e+04
5.447400000000000000e+04
5.601400000000000000e+04
5.796300000000000000e+04
6.022700000000000000e+04
6.238300000000000000e+04
6.506600000000000000e+04
6.685300000000000000e+04
6.776500000000000000e+04
7.042600000000000000e+04
7.327100000000000000e+04
7.638100000000000000e+04
7.887200000000000000e+04
8.116800000000000000e+04
8.261300000000000000e+04
8.361900000000000000e+04
8.573200000000000000e+04
8.841500000000000000e+04
9.112000000000000000e+04
9.342100000000000000e+04
9.568600000000000000e+04
9.727700000000000000e+04
9.789400000000000000e+04
9.994400000000000000e+04
1.017110000000000000e+05
1.035670000000000000e+05
1.056560000000000000e+05
1.074900000000000000e+05
1.088600000000000000e+05
1.095460000000000000e+05
