0.000000000000000000e+00
0.000000000000000000e+00
0.000000000000000000e+00
0.000000000000000000e+00
0.000000000000000000e+00
0.000000000000000000e+00
0.000000000000000000e+00
0.000000000000000000e+00
0.000000000000000000e+00
0.000000000000000000e+00
0.000000000000000000e+00
0.000000000000000000e+00
0.000000000000000000e+00
0.000000000000000000e+00
0.000000000000000000e+00
0.000000000000000000e+00
0.000000000000000000e+00
0.000000000000000000e+00
0.000000000000000000e+00
0.000000000000000000e+00
0.000000000000000000e+00
0.000000000000000000e+00
0.000000000000000000e+00
0.000000000000000000e+00
0.000000000000000000e+00
0.000000000000000000e+00
0.000000000000000000e+00
0.000000000000000000e+00
0.000000000000000000e+00
0.000000000000000000e+00
0.000000000000000000e+00
0.000000000000000000e+00
0.000000000000000000e+00
0.000000000000000000e+00
0.000000000000000000e+00
0.000000000000000000e+00
0.000000000000000000e+00
0.000000000000000000e+00
0.000000000000000000e+00
1.000000000000000000e+00
1.000000000000000000e+00
1.000000000000000000e+00
1.000000000000000000e+00
1.000000000000000000e+00
1.000000000000000000e+00
1.000000000000000000e+00
1.000000000000000000e+00
1.000000000000000000e+00
1.000000000000000000e+00
1.000000000000000000e+00
4.000000000000000000e+00
8.000000000000000000e+00
1.800000000000000000e+01
2.600000000000000000e+01
5.200000000000000000e+01
7.800000000000000000e+01
8.400000000000000000e+01
1.150000000000000000e+02
1.360000000000000000e+02
1.600000000000000000e+02
1.940000000000000000e+02
2.350000000000000000e+02
2.490000000000000000e+02
2.650000000000000000e+02
2.900000000000000000e+02
3.290000000000000000e+02
4.070000000000000000e+02
4.240000000000000000e+02
4.820000000000000000e+02
5.320000000000000000e+02
5.710000000000000000e+02
6.630000000000000000e+02
7.360000000000000000e+02
7.700000000000000000e+02
8.220000000000000000e+02
8.330000000000000000e+02
8.530000000000000000e+02
8.810000000000000000e+02
9.210000000000000000e+02
9.370000000000000000e+02
9.670000000000000000e+02
1.013000000000000000e+03
1.039000000000000000e+03
1.067000000000000000e+03
1.111000000000000000e+03
1.159000000000000000e+03
1.201000000000000000e+03
1.248000000000000000e+03
1.291000000000000000e+03
1.339000000000000000e+03
1.401000000000000000e+03
1.473000000000000000e+03
1.523000000000000000e+03
1.596000000000000000e+03
1.677000000000000000e+03
1.746000000000000000e+03
1.808000000000000000e+03
1.867000000000000000e+03
1.932000000000000000e+03
2.066000000000000000e+03
2.148000000000000000e+03
2.273000000000000000e+03
2.386000000000000000e+03
2.507000000000000000e+03
2.619000000000000000e+03
2.782000000000000000e+03
2.884000000000000000e+03
3.029000000000000000e+03
3.175000000000000000e+03
3.313000000000000000e+03
3.392000000000000000e+03
3.538000000000000000e+03
3.718000000000000000e+03
3.860000000000000000e+03
4.044000000000000000e+03
4.283000000000000000e+03
4.472000000000000000e+03
4.823000000000000000e+03
5.041000000000000000e+03
5.271000000000000000e+03
5.606000000000000000e+03
5.928000000000000000e+03
6.302000000000000000e+03
6.661000000000000000e+03
7.113000000000000000e+03
7.402000000000000000e+03
7.774000000000000000e+03
8.216000000000000000e+03
8.676000000000000000e+03
8.927000000000000000e+03
9.282000000000000000e+03
9.492000000000000000e+03
1.000900000000000000e+04
1.052400000000000000e+04
1.122100000000000000e+04
1.181700000000000000e+04
1.236400000000000000e+04
1.313000000000000000e+04
1.332500000000000000e+04
1.367500000000000000e+04
1.410300000000000000e+04
1.466900000000000000e+04
1.528100000000000000e+04
1.600400000000000000e+04
1.666700000000000000e+04
1.706400000000000000e+04
1.748900000000000000e+04
1.803300000000000000e+04
1.869800000000000000e+04
1.915700000000000000e+04
1.970800000000000000e+04
2.026800000000000000e+04
2.058800000000000000e+04
2.100600000000000000e+04
2.171700000000000000e+04
2.248800000000000000e+04
2.324700000000000000e+04
2.390900000000000000e+04
2.464500000000000000e+04
2.512700000000000000e+04
2.554200000000000000e+04
2.606500000000000000e+04
2.665800000000000000e+04
2.732000000000000000e+04
2.790000000000000000e+04
2.860600000000000000e+04
2.893600000000000000e+04
2.928500000000000000e+04
2.982000000000000000e+04
3.034600000000000000e+04
3.090300000000000000e+04
3.139200000000000000e+04
3.196900000000000000e+04
3.215100000000000000e+04
3.249000000000000000e+04
3.300500000000000000e+04
3.355900000000000000e+04
3.400100000000000000e+04
3.446200000000000000e+04
3.487700000000000000e+04
3.498100000000000000e+04
3.525400000000000000e+04
3.569300000000000000e+04
3.616200000000000000e+04
3.661300000000000000e+04
3.699600000000000000e+04
3.731700000000000000e+04
3.739000000000000000e+04
3.762900000000000000e+04
3.793700000000000000e+04
3.819600000000000000e+04
3.855000000000000000e+04
3.884100000000000000e+04
3.905000000000000000e+04
3.910200000000000000e+04
3.929800000000000000e+04
3.958600000000000000e+04
3.981900000000000000e+04
3.998500000000000000e+04
4.018500000000000000e+04
4.041000000000000000e+04
4.043300000000000000e+04
4.059300000000000000e+04
4.079400000000000000e+04
4.102300000000000000e+04
4.129900000000000000e+04
4.149500000000000000e+04
4.166300000000000000e+04
4.170100000000000000e+04
4.184600000000000000e+04
4.205600000000000000e+04
4.231900000000000000e+04
4.247700000000000000e+04
4.261600000000000000e+04
4.279200000000000000e+04
4.282500000000000000e+04
4.293600000000000000e+04
4.306700000000000000e+04
4.327000000000000000e+04
4.345100000000000000e+04
4.362600000000000000e+04
4.375000000000000000e+04
4.378100000000000000e+04
4.387800000000000000e+04
4.407500000000000000e+04
4.427100000000000000e+04
4.446100000000000000e+04
4.464900000000000000e+04
4.478300000000000000e+04
4.484500000000000000e+04
4.495300000000000000e+04
4.515200000000000000e+04
4.532600000000000000e+04
4.550300000000000000e+04
4.567500000000000000e+04
4.586200000000000000e+04
4.596900000000000000e+04
4.611900000000000000e+04
4.637600000000000000e+04
4.667100000000000000e+04
4.691000000000000000e+04
4.715400000000000000e+04
4.743100000000000000e+04
4.755200000000000000e+04
4.766700000000000000e+04
4.787700000000000000e+04
4.825100000000000000e+04
4.864300000000000000e+04
4.907200000000000000e+04
4.940000000000000000e+04
4.957400000000000000e+04
4.990100000000000000e+04
5.035900000000000000e+04
5.085000000000000000e+04
5.138200000000000000e+04
5.192500000000000000e+04
5.249600000000000000e+04
5.267700000000000000e+04
5.308300000000000000e+04
5.375500000000000000e+04
5.447300000000000000e+04
5.508700000000000000e+04
5.573600000000000000e+04
5.645100000000000000e+04
5.682100000000000000e+04
5.756600000000000000e+04
5.862400000000000000e+04
5.999500000000000000e+04
6.146000000000000000e+04
6.300000000000000000e+04
6.469400000000000000e+04
6.546000000000000000e+04
6.669400000000000000e+04
6.853000000000000000e+04
7.083600000000000000e+04
7.331000000000000000e+04
7.552300000000000000e+04
7.783700000000000000e+04
7.881000000000000000e+04
8.041000000000000000e+04
8.265100000000000000e+04
8.503400000000000000e+04
8.743200000000000000e+04
8.981300000000000000e+04
9.225400000000000000e+04
9.344800000000000000e+04
9.477600000000000000e+04
9.715000000000000000e+04
9.956300000000000000e+04
1.017730000000000000e+05
1.042490000000000000e+05
1.064240000000000000e+05
1.074660000000000000e+05
1.086870000000000000e+05
1.105480000000000000e+05
1.126800000000000000e+05
1.143830000000000000e+05
1.158550000000000000e+05
1.173370000000000000e+05
1.178860000000000000e+05
1.188700000000000000e+05
1.204590000000000000e+05
1.219790000000000000e+05
1.236460000000000000e+05
1.248390000000000000e+05
1.262240000000000000e+05
1.267090000000000000e+05
1.275220000000000000e+05
1.290850000000000000e+05
1.308700000000000000e+05
1.323460000000000000e+05
1.335940000000000000e+05
1.347680000000000000e+05
1.351240000000000000e+05
1.359670000000000000e+05
1.372310000000000000e+05
1.385080000000000000e+05
1.396920000000000000e+05
1.409590000000000000e+05
1.419370000000000000e+05
1.423440000000000000e+05
1.429280000000000000e+05
1.440660000000000000e+05
1.452400000000000000e+05
1.463170000000000000e+05
1.473120000000000000e+05
1.483250000000000000e+05
1.486820000000000000e+05
1.491200000000000000e+05
1.502180000000000000e+05
1.513920000000000000e+05
1.522530000000000000e+05
1.531730000000000000e+05
1.538250000000000000e+05
1.540650000000000000e+05
1.546020000000000000e+05
1.554400000000000000e+05
1.561420000000000000e+05
1.567630000000000000e+05
1.573490000000000000e+05
1.578340000000000000e+05
1.579480000000000000e+05
1.582960000000000000e+05
1.588780000000000000e+05
1.594090000000000000e+05
1.597380000000000000e+05
1.597980000000000000e+05
1.600270000000000000e+05
1.602200000000000000e+05
1.605440000000000000e+05
1.608530000000000000e+05
1.610540000000000000e+05
1.614150000000000000e+05
1.617940000000000000e+05
1.621310000000000000e+05
1.622880000000000000e+05
1.626430000000000000e+05
1.631280000000000000e+05
1.635760000000000000e+05
1.639720000000000000e+05
1.642350000000000000e+05
1.645860000000000000e+05
1.646760000000000000e+05
1.649120000000000000e+05
1.652210000000000000e+05
1.655280000000000000e+05
1.657110000000000000e+05
1.659090000000000000e+05
1.660360000000000000e+05
1.660940000000000000e+05
1.662320000000000000e+05
1.664270000000000000e+05
1.666690000000000000e+05
1.667280000000000000e+05
1.669010000000000000e+05
1.670260000000000000e+05
1.670880000000000000e+05
1.672310000000000000e+05
1.674210000000000000e+05
1.675680000000000000e+05
1.677260000000000000e+05
1.679370000000000000e+05
1.680880000000000000e+05
1.681770000000000000e+05
1.683000000000000000e+05
1.684960000000000000e+05
1.686760000000000000e+05
1.688300000000000000e+05
1.690220000000000000e+05
1.691670000000000000e+05
1.692550000000000000e+05
1.693910000000000000e+05
1.695970000000000000e+05
1.698200000000000000e+05
1.700110000000000000e+05
1.702340000000000000e+05
1.704020000000000000e+05
1.705060000000000000e+05
1.706720000000000000e+05
1.709450000000000000e+05
1.712270000000000000e+05
1.715100000000000000e+05
1.717930000000000000e+05
1.720580000000000000e+05
1.722160000000000000e+05
1.724560000000000000e+05
1.728160000000000000e+05
1.733070000000000000e+05
1.737490000000000000e+05
1.742570000000000000e+05
1.746790000000000000e+05
1.750160000000000000e+05
1.751980000000000000e+05
1.755380000000000000e+05
1.762860000000000000e+05
1.771040000000000000e+05
1.778990000000000000e+05
1.783850000000000000e+05
1.787020000000000000e+05
1.792870000000000000e+05
1.801410000000000000e+05
1.811650000000000000e+05
1.820560000000000000e+05
1.831270000000000000e+05
1.837130000000000000e+05
1.842190000000000000e+05
1.850200000000000000e+05
1.861840000000000000e+05
1.874410000000000000e+05
1.884460000000000000e+05
1.895400000000000000e+05
1.903170000000000000e+05
1.907410000000000000e+05
1.914910000000000000e+05
1.926390000000000000e+05
1.937360000000000000e+05
1.948520000000000000e+05
1.960440000000000000e+05
1.966340000000000000e+05
1.971130000000000000e+05
1.978730000000000000e+05
1.988980000000000000e+05
2.001290000000000000e+05
2.011580000000000000e+05
2.021670000000000000e+05
2.028170000000000000e+05
2.033270000000000000e+05
2.040530000000000000e+05
2.051280000000000000e+05
2.061420000000000000e+05
2.071030000000000000e+05
2.079730000000000000e+05
2.085200000000000000e+05
2.088180000000000000e+05
2.094850000000000000e+05
2.105180000000000000e+05
2.113990000000000000e+05
2.121140000000000000e+05
2.128780000000000000e+05
2.132880000000000000e+05
2.134690000000000000e+05
2.140640000000000000e+05
2.148720000000000000e+05
2.155280000000000000e+05
2.160640000000000000e+05
2.165960000000000000e+05
2.168630000000000000e+05
2.170080000000000000e+05
2.174070000000000000e+05
2.179000000000000000e+05
2.183250000000000000e+05
2.186810000000000000e+05
2.190920000000000000e+05
2.192700000000000000e+05
2.193530000000000000e+05
2.195960000000000000e+05
2.199500000000000000e+05
2.202170000000000000e+05
2.204470000000000000e+05
2.207290000000000000e+05
2.208600000000000000e+05
2.209270000000000000e+05
2.211390000000000000e+05
2.213680000000000000e+05
2.215590000000000000e+05
2.216990000000000000e+05
2.218800000000000000e+05
2.219480000000000000e+05
2.219820000000000000e+05
2.221390000000000000e+05
2.222690000000000000e+05
2.224090000000000000e+05
2.225130000000000000e+05
2.225550000000000000e+05
2.226360000000000000e+05
2.226700000000000000e+05
2.227780000000000000e+05
2.228700000000000000e+05
2.229780000000000000e+05
2.230500000000000000e+05
2.231430000000000000e+05
2.231800000000000000e+05
2.232120000000000000e+05
2.232850000000000000e+05
2.233840000000000000e+05
2.234600000000000000e+05
2.235550000000000000e+05
2.236430000000000000e+05
2.236820000000000000e+05
2.237230000000000000e+05
2.238050000000000000e+05
2.239040000000000000e+05
2.240000000000000000e+05
2.240860000000000000e+05
2.241670000000000000e+05
2.242270000000000000e+05
2.242530000000000000e+05
2.243300000000000000e+05
2.244300000000000000e+05
2.245330000000000000e+05
2.246350000000000000e+05
2.247280000000000000e+05
2.247970000000000000e+05
2.248510000000000000e+05
2.249670000000000000e+05
2.250950000000000000e+05
2.252210000000000000e+05
2.253390000000000000e+05
2.254640000000000000e+05
2.255530000000000000e+05
2.256060000000000000e+05
2.256610000000000000e+05
2.258010000000000000e+05
2.259870000000000000e+05
2.261350000000000000e+05
2.262850000000000000e+05
2.263880000000000000e+05
2.264590000000000000e+05
2.265970000000000000e+05
2.267560000000000000e+05
2.269490000000000000e+05
2.271110000000000000e+05
2.272980000000000000e+05
2.274300000000000000e+05
2.275220000000000000e+05
2.277160000000000000e+05
2.279360000000000000e+05
2.281610000000000000e+05
2.283820000000000000e+05
2.286320000000000000e+05
2.287980000000000000e+05
2.289100000000000000e+05
2.290900000000000000e+05
2.293700000000000000e+05
2.296030000000000000e+05
2.298670000000000000e+05
2.301100000000000000e+05
2.303390000000000000e+05
