0.000000000000000000e+00
0.000000000000000000e+00
0.000000000000000000e+00
0.000000000000000000e+00
0.000000000000000000e+00
0.000000000000000000e+00
0.000000000000000000e+00
0.000000000000000000e+00
0.000000000000000000e+00
0.000000000000000000e+00
0.000000000000000000e+00
0.000000000000000000e+00
0.000000000000000000e+00
0.000000000000000000e+00
0.000000000000000000e+00
0.000000000000000000e+00
0.000000000000000000e+00
0.000000000000000000e+00
0.000000000000000000e+00
0.000000000000000000e+00
0.000000000000000000e+00
0.000000000000000000e+00
0.000000000000000000e+00
0.000000000000000000e+00
0.000000000000000000e+00
0.000000000000000000e+00
0.000000000000000000e+00
0.000000000000000000e+00
0.000000000000000000e+00
0.000000000000000000e+00
0.000000000000000000e+00
0.000000000000000000e+00
0.000000000000000000e+00
0.000000000000000000e+00
0.000000000000000000e+00
0.000000000000000000e+00
0.000000000000000000e+00
0.000000000000000000e+00
0.000000000000000000e+00
1.000000000000000000e+00
0.000000000000000000e+00
0.000000000000000000e+00
0.000000000000000000e+00
0.000000000000000000e+00
0.000000000000000000e+00
0.000000000000000000e+00
0.000000000000000000e+00
0.000000000000000000e+00
0.000000000000000000e+00
0.000000000000000000e+00
3.000000000000000000e+00
4.000000000000000000e+00
1.000000000000000000e+01
8.000000000000000000e+00
2.600000000000000000e+01
2.600000000000000000e+01
6.000000000000000000e+00
3.100000000000000000e+01
2.100000000000000000e+01
2.400000000000000000e+01
3.400000000000000000e+01
4.100000000000000000e+01
1.400000000000000000e+01
1.600000000000000000e+01
2.500000000000000000e+01
3.900000000000000000e+01
7.800000000000000000e+01
1.700000000000000000e+01
5.800000000000000000e+01
5.000000000000000000e+01
3.900000000000000000e+01
9.200000000000000000e+01
7.300000000000000000e+01
3.400000000000000000e+01
5.200000000000000000e+01
1.100000000000000000e+01
2.000000000000000000e+01
2.800000000000000000e+01
4.000000000000000000e+01
1.600000000000000000e+01
3.000000000000000000e+01
4.600000000000000000e+01
2.600000000000000000e+01
2.800000000000000000e+01
4.400000000000000000e+01
4.800000000000000000e+01
4.200000000000000000e+01
4.700000000000000000e+01
4.300000000000000000e+01
4.800000000000000000e+01
6.200000000000000000e+01
7.200000000000000000e+01
5.000000000000000000e+01
7.300000000000000000e+01
8.100000000000000000e+01
6.900000000000000000e+01
6.200000000000000000e+01
5.900000000000000000e+01
6.500000000000000000e+01
1.340000000000000000e+02
8.200000000000000000e+01
1.250000000000000000e+02
1.130000000000000000e+02
1.210000000000000000e+02
1.120000000000000000e+02
1.630000000000000000e+02
1.020000000000000000e+02
1.450000000000000000e+02
1.460000000000000000e+02
1.380000000000000000e+02
7.900000000000000000e+01
1.460000000000000000e+02
1.800000000000000000e+02
1.420000000000000000e+02
1.840000000000000000e+02
2.390000000000000000e+02
1.890000000000000000e+02
3.510000000000000000e+02
2.180000000000000000e+02
2.300000000000000000e+02
3.350000000000000000e+02
3.220000000000000000e+02
3.740000000000000000e+02
3.590000000000000000e+02
4.520000000000000000e+02
2.890000000000000000e+02
3.720000000000000000e+02
4.420000000000000000e+02
4.600000000000000000e+02
2.510000000000000000e+02
3.550000000000000000e+02
2.100000000000000000e+02
5.170000000000000000e+02
5.150000000000000000e+02
6.970000000000000000e+02
5.960000000000000000e+02
5.470000000000000000e+02
7.660000000000000000e+02
1.950000000000000000e+02
3.500000000000000000e+02
4.280000000000000000e+02
5.660000000000000000e+02
6.120000000000000000e+02
7.230000000000000000e+02
6.630000000000000000e+02
3.970000000000000000e+02
4.250000000000000000e+02
5.440000000000000000e+02
6.650000000000000000e+02
4.590000000000000000e+02
5.510000000000000000e+02
5.600000000000000000e+02
3.200000000000000000e+02
4.180000000000000000e+02
7.110000000000000000e+02
7.710000000000000000e+02
7.590000000000000000e+02
6.620000000000000000e+02
7.360000000000000000e+02
4.820000000000000000e+02
4.150000000000000000e+02
5.230000000000000000e+02
5.930000000000000000e+02
6.620000000000000000e+02
5.800000000000000000e+02
7.060000000000000000e+02
3.300000000000000000e+02
3.490000000000000000e+02
5.350000000000000000e+02
5.260000000000000000e+02
5.570000000000000000e+02
4.890000000000000000e+02
5.770000000000000000e+02
1.820000000000000000e+02
3.390000000000000000e+02
5.150000000000000000e+02
5.540000000000000000e+02
4.420000000000000000e+02
4.610000000000000000e+02
4.150000000000000000e+02
1.040000000000000000e+02
2.730000000000000000e+02
4.390000000000000000e+02
4.690000000000000000e+02
4.510000000000000000e+02
3.830000000000000000e+02
3.210000000000000000e+02
7.300000000000000000e+01
2.390000000000000000e+02
3.080000000000000000e+02
2.590000000000000000e+02
3.540000000000000000e+02
2.910000000000000000e+02
2.090000000000000000e+02
5.200000000000000000e+01
1.960000000000000000e+02
2.880000000000000000e+02
2.330000000000000000e+02
1.660000000000000000e+02
2.000000000000000000e+02
2.250000000000000000e+02
2.300000000000000000e+01
1.600000000000000000e+02
2.010000000000000000e+02
2.290000000000000000e+02
2.760000000000000000e+02
1.960000000000000000e+02
1.680000000000000000e+02
3.800000000000000000e+01
1.450000000000000000e+02
2.100000000000000000e+02
2.630000000000000000e+02
1.580000000000000000e+02
1.390000000000000000e+02
1.760000000000000000e+02
3.300000000000000000e+01
1.110000000000000000e+02
1.310000000000000000e+02
2.030000000000000000e+02
1.810000000000000000e+02
1.750000000000000000e+02
1.240000000000000000e+02
3.100000000000000000e+01
9.700000000000000000e+01
1.970000000000000000e+02
1.960000000000000000e+02
1.900000000000000000e+02
1.880000000000000000e+02
1.340000000000000000e+02
6.200000000000000000e+01
1.080000000000000000e+02
1.990000000000000000e+02
1.740000000000000000e+02
1.770000000000000000e+02
1.720000000000000000e+02
1.870000000000000000e+02
1.070000000000000000e+02
1.500000000000000000e+02
2.570000000000000000e+02
2.950000000000000000e+02
2.390000000000000000e+02
2.440000000000000000e+02
2.770000000000000000e+02
1.210000000000000000e+02
1.150000000000000000e+02
2.100000000000000000e+02
3.740000000000000000e+02
3.920000000000000000e+02
4.290000000000000000e+02
3.280000000000000000e+02
1.740000000000000000e+02
3.270000000000000000e+02
4.580000000000000000e+02
4.910000000000000000e+02
5.320000000000000000e+02
5.430000000000000000e+02
5.710000000000000000e+02
1.810000000000000000e+02
4.060000000000000000e+02
6.720000000000000000e+02
7.180000000000000000e+02
6.140000000000000000e+02
6.490000000000000000e+02
7.150000000000000000e+02
3.700000000000000000e+02
7.450000000000000000e+02
1.058000000000000000e+03
1.371000000000000000e+03
1.465000000000000000e+03
1.540000000000000000e+03
1.694000000000000000e+03
7.660000000000000000e+02
1.234000000000000000e+03
1.836000000000000000e+03
2.306000000000000000e+03
2.474000000000000000e+03
2.213000000000000000e+03
2.314000000000000000e+03
9.730000000000000000e+02
1.600000000000000000e+03
2.241000000000000000e+03
2.383000000000000000e+03
2.398000000000000000e+03
2.381000000000000000e+03
2.441000000000000000e+03
1.194000000000000000e+03
1.328000000000000000e+03
2.374000000000000000e+03
2.413000000000000000e+03
2.210000000000000000e+03
2.476000000000000000e+03
2.175000000000000000e+03
1.042000000000000000e+03
1.221000000000000000e+03
1.861000000000000000e+03
2.132000000000000000e+03
1.703000000000000000e+03
1.472000000000000000e+03
1.482000000000000000e+03
5.490000000000000000e+02
9.840000000000000000e+02
1.589000000000000000e+03
1.520000000000000000e+03
1.667000000000000000e+03
1.193000000000000000e+03
1.385000000000000000e+03
4.850000000000000000e+02
8.130000000000000000e+02
1.563000000000000000e+03
1.785000000000000000e+03
1.476000000000000000e+03
1.248000000000000000e+03
1.174000000000000000e+03
3.560000000000000000e+02
8.430000000000000000e+02
1.264000000000000000e+03
1.277000000000000000e+03
1.184000000000000000e+03
1.267000000000000000e+03
9.780000000000000000e+02
4.070000000000000000e+02
5.840000000000000000e+02
1.138000000000000000e+03
1.174000000000000000e+03
1.077000000000000000e+03
9.950000000000000000e+02
1.013000000000000000e+03
3.570000000000000000e+02
4.380000000000000000e+02
1.098000000000000000e+03
1.174000000000000000e+03
8.610000000000000000e+02
9.200000000000000000e+02
6.520000000000000000e+02
2.400000000000000000e+02
5.370000000000000000e+02
8.380000000000000000e+02
7.020000000000000000e+02
6.210000000000000000e+02
5.860000000000000000e+02
4.850000000000000000e+02
1.140000000000000000e+02
3.480000000000000000e+02
5.820000000000000000e+02
5.310000000000000000e+02
3.290000000000000000e+02
6.000000000000000000e+01
2.290000000000000000e+02
1.930000000000000000e+02
3.240000000000000000e+02
3.090000000000000000e+02
2.010000000000000000e+02
3.610000000000000000e+02
3.790000000000000000e+02
3.370000000000000000e+02
1.570000000000000000e+02
3.550000000000000000e+02
4.850000000000000000e+02
4.480000000000000000e+02
3.960000000000000000e+02
2.630000000000000000e+02
3.510000000000000000e+02
9.000000000000000000e+01
2.360000000000000000e+02
3.090000000000000000e+02
3.070000000000000000e+02
1.830000000000000000e+02
1.980000000000000000e+02
1.270000000000000000e+02
5.800000000000000000e+01
1.380000000000000000e+02
1.950000000000000000e+02
2.420000000000000000e+02
5.900000000000000000e+01
1.730000000000000000e+02
1.250000000000000000e+02
6.200000000000000000e+01
1.430000000000000000e+02
1.900000000000000000e+02
1.470000000000000000e+02
1.580000000000000000e+02
2.110000000000000000e+02
1.510000000000000000e+02
8.900000000000000000e+01
1.230000000000000000e+02
1.960000000000000000e+02
1.800000000000000000e+02
1.540000000000000000e+02
1.920000000000000000e+02
1.450000000000000000e+02
8.800000000000000000e+01
1.360000000000000000e+02
2.060000000000000000e+02
2.230000000000000000e+02
1.910000000000000000e+02
2.230000000000000000e+02
1.680000000000000000e+02
1.040000000000000000e+02
1.660000000000000000e+02
2.730000000000000000e+02
2.820000000000000000e+02
2.830000000000000000e+02
2.830000000000000000e+02
2.650000000000000000e+02
1.580000000000000000e+02
2.400000000000000000e+02
3.600000000000000000e+02
4.910000000000000000e+02
4.420000000000000000e+02
5.080000000000000000e+02
4.220000000000000000e+02
3.370000000000000000e+02
1.820000000000000000e+02
3.400000000000000000e+02
7.480000000000000000e+02
8.180000000000000000e+02
7.950000000000000000e+02
4.860000000000000000e+02
3.170000000000000000e+02
5.850000000000000000e+02
8.540000000000000000e+02
1.024000000000000000e+03
8.910000000000000000e+02
1.071000000000000000e+03
5.860000000000000000e+02
5.060000000000000000e+02
8.010000000000000000e+02
1.164000000000000000e+03
1.257000000000000000e+03
1.005000000000000000e+03
1.094000000000000000e+03
7.770000000000000000e+02
4.240000000000000000e+02
7.500000000000000000e+02
1.148000000000000000e+03
1.097000000000000000e+03
1.116000000000000000e+03
1.192000000000000000e+03
5.900000000000000000e+02
4.790000000000000000e+02
7.600000000000000000e+02
1.025000000000000000e+03
1.231000000000000000e+03
1.029000000000000000e+03
1.009000000000000000e+03
6.500000000000000000e+02
5.100000000000000000e+02
7.260000000000000000e+02
1.075000000000000000e+03
1.014000000000000000e+03
9.610000000000000000e+02
8.700000000000000000e+02
5.470000000000000000e+02
2.980000000000000000e+02
6.670000000000000000e+02
1.033000000000000000e+03
8.810000000000000000e+02
7.150000000000000000e+02
7.640000000000000000e+02
4.100000000000000000e+02
1.810000000000000000e+02
5.950000000000000000e+02
8.080000000000000000e+02
6.560000000000000000e+02
5.360000000000000000e+02
5.320000000000000000e+02
2.670000000000000000e+02
1.450000000000000000e+02
3.990000000000000000e+02
4.930000000000000000e+02
4.250000000000000000e+02
3.560000000000000000e+02
4.110000000000000000e+02
1.780000000000000000e+02
8.300000000000000000e+01
2.430000000000000000e+02
3.540000000000000000e+02
2.670000000000000000e+02
2.300000000000000000e+02
2.820000000000000000e+02
1.310000000000000000e+02
6.700000000000000000e+01
2.120000000000000000e+02
2.290000000000000000e+02
1.910000000000000000e+02
1.400000000000000000e+02
1.810000000000000000e+02
6.800000000000000000e+01
3.400000000000000000e+01
1.570000000000000000e+02
1.300000000000000000e+02
1.400000000000000000e+02
1.040000000000000000e+02
4.200000000000000000e+01
8.100000000000000000e+01
3.400000000000000000e+01
1.080000000000000000e+02
9.200000000000000000e+01
1.080000000000000000e+02
7.200000000000000000e+01
9.300000000000000000e+01
3.700000000000000000e+01
3.200000000000000000e+01
7.300000000000000000e+01
9.900000000000000000e+01
7.600000000000000000e+01
9.500000000000000000e+01
8.800000000000000000e+01
3.900000000000000000e+01
4.100000000000000000e+01
8.200000000000000000e+01
9.900000000000000000e+01
9.600000000000000000e+01
8.600000000000000000e+01
8.100000000000000000e+01
6.000000000000000000e+01
2.600000000000000000e+01
7.700000000000000000e+01
1.000000000000000000e+02
1.030000000000000000e+02
1.020000000000000000e+02
9.300000000000000000e+01
6.900000000000000000e+01
5.400000000000000000e+01
1.160000000000000000e+02
1.280000000000000000e+02
1.260000000000000000e+02
1.180000000000000000e+02
1.250000000000000000e+02
8.900000000000000000e+01
5.300000000000000000e+01
5.500000000000000000e+01
1.400000000000000000e+02
1.860000000000000000e+02
1.480000000000000000e+02
1.500000000000000000e+02
1.030000000000000000e+02
7.100000000000000000e+01
1.380000000000000000e+02
1.590000000000000000e+02
1.930000000000000000e+02
1.620000000000000000e+02
1.870000000000000000e+02
1.320000000000000000e+02
9.200000000000000000e+01
1.940000000000000000e+02
2.200000000000000000e+02
2.250000000000000000e+02
2.210000000000000000e+02
2.500000000000000000e+02
1.660000000000000000e+02
1.120000000000000000e+02
1.800000000000000000e+02
2.800000000000000000e+02
2.330000000000000000e+02
2.640000000000000000e+02
2.430000000000000000e+02
2.290000000000000000e+02
