0.000000000000000000e+00
0.000000000000000000e+00
0.000000000000000000e+00
0.000000000000000000e+00
0.000000000000000000e+00
0.000000000000000000e+00
0.000000000000000000e+00
0.000000000000000000e+00
0.000000000000000000e+00
0.000000000000000000e+00
0.000000000000000000e+00
0.000000000000000000e+00
0.000000000000000000e+00
0.000000000000000000e+00
0.000000000000000000e+00
0.000000000000000000e+00
0.000000000000000000e+00
0.000000000000000000e+00
0.000000000000000000e+00
0.000000000000000000e+00
0.000000000000000000e+00
0.000000000000000000e+00
0.000000000000000000e+00
0.000000000000000000e+00
0.000000000000000000e+00
0.000000000000000000e+00
0.000000000000000000e+00
0.000000000000000000e+00
0.000000000000000000e+00
0.000000000000000000e+00
0.000000000000000000e+00
0.000000000000000000e+00
0.000000000000000000e+00
0.000000000000000000e+00
0.000000000000000000e+00
0.000000000000000000e+00
0.000000000000000000e+00
0.000000000000000000e+00
0.000000000000000000e+00
0.000000000000000000e+00
0.000000000000000000e+00
0.000000000000000000e+00
0.000000000000000000e+00
0.000000000000000000e+00
0.000000000000000000e+00
0.000000000000000000e+00
1.000000000000000000e+00
1.000000000000000000e+00
1.000000000000000000e+00
5.000000000000000000e+00
5.000000000000000000e+00
6.000000000000000000e+00
6.000000000000000000e+00
6.000000000000000000e+00
8.000000000000000000e+00
9.000000000000000000e+00
1.100000000000000000e+01
1.100000000000000000e+01
1.300000000000000000e+01
1.800000000000000000e+01
2.200000000000000000e+01
2.200000000000000000e+01
2.700000000000000000e+01
3.700000000000000000e+01
4.100000000000000000e+01
5.200000000000000000e+01
5.600000000000000000e+01
5.900000000000000000e+01
6.400000000000000000e+01
6.500000000000000000e+01
6.900000000000000000e+01
7.700000000000000000e+01
9.200000000000000000e+01
9.600000000000000000e+01
1.040000000000000000e+02
1.130000000000000000e+02
1.150000000000000000e+02
1.190000000000000000e+02
1.240000000000000000e+02
1.290000000000000000e+02
1.330000000000000000e+02
1.340000000000000000e+02
1.470000000000000000e+02
1.590000000000000000e+02
1.610000000000000000e+02
1.740000000000000000e+02
1.990000000000000000e+02
2.020000000000000000e+02
2.060000000000000000e+02
2.080000000000000000e+02
2.080000000000000000e+02
2.130000000000000000e+02
2.130000000000000000e+02
2.230000000000000000e+02
2.280000000000000000e+02
2.280000000000000000e+02
2.280000000000000000e+02
2.390000000000000000e+02
2.390000000000000000e+02
2.660000000000000000e+02
3.330000000000000000e+02
3.700000000000000000e+02
3.960000000000000000e+02
4.150000000000000000e+02
4.310000000000000000e+02
4.400000000000000000e+02
4.620000000000000000e+02
5.630000000000000000e+02
6.890000000000000000e+02
7.130000000000000000e+02
7.240000000000000000e+02
7.370000000000000000e+02
7.400000000000000000e+02
7.540000000000000000e+02
7.590000000000000000e+02
7.780000000000000000e+02
7.860000000000000000e+02
7.880000000000000000e+02
8.290000000000000000e+02
8.330000000000000000e+02
8.360000000000000000e+02
8.380000000000000000e+02
8.500000000000000000e+02
8.620000000000000000e+02
8.650000000000000000e+02
8.770000000000000000e+02
8.840000000000000000e+02
9.000000000000000000e+02
9.170000000000000000e+02
9.640000000000000000e+02
9.860000000000000000e+02
9.950000000000000000e+02
1.013000000000000000e+03
1.070000000000000000e+03
1.086000000000000000e+03
1.087000000000000000e+03
1.090000000000000000e+03
1.135000000000000000e+03
1.145000000000000000e+03
1.187000000000000000e+03
1.202000000000000000e+03
1.230000000000000000e+03
1.254000000000000000e+03
1.261000000000000000e+03
1.289000000000000000e+03
1.296000000000000000e+03
1.303000000000000000e+03
1.308000000000000000e+03
1.330000000000000000e+03
1.336000000000000000e+03
1.362000000000000000e+03
1.379000000000000000e+03
1.392000000000000000e+03
1.422000000000000000e+03
1.528000000000000000e+03
1.569000000000000000e+03
1.711000000000000000e+03
1.942000000000000000e+03
2.127000000000000000e+03
2.191000000000000000e+03
2.221000000000000000e+03
2.260000000000000000e+03
2.303000000000000000e+03
2.349000000000000000e+03
2.385000000000000000e+03
2.427000000000000000e+03
2.456000000000000000e+03
2.502000000000000000e+03
2.554000000000000000e+03
2.638000000000000000e+03
2.736000000000000000e+03
2.820000000000000000e+03
2.948000000000000000e+03
2.980000000000000000e+03
3.074000000000000000e+03
3.198000000000000000e+03
3.342000000000000000e+03
3.457000000000000000e+03
3.629000000000000000e+03
3.721000000000000000e+03
3.748000000000000000e+03
3.817000000000000000e+03
4.000000000000000000e+03
4.113000000000000000e+03
4.224000000000000000e+03
4.328000000000000000e+03
4.444000000000000000e+03
4.548000000000000000e+03
4.674000000000000000e+03
4.866000000000000000e+03
5.207000000000000000e+03
5.338000000000000000e+03
5.485000000000000000e+03
5.644000000000000000e+03
5.724000000000000000e+03
5.852000000000000000e+03
6.060000000000000000e+03
6.375000000000000000e+03
6.508000000000000000e+03
6.705000000000000000e+03
6.907000000000000000e+03
7.234000000000000000e+03
7.519000000000000000e+03
8.018000000000000000e+03
8.389000000000000000e+03
9.022000000000000000e+03
9.381000000000000000e+03
9.791000000000000000e+03
1.013500000000000000e+04
1.060600000000000000e+04
1.113300000000000000e+04
1.181700000000000000e+04
1.253600000000000000e+04
1.297400000000000000e+04
1.323300000000000000e+04
1.360200000000000000e+04
1.422800000000000000e+04
1.487200000000000000e+04
1.529000000000000000e+04
1.587300000000000000e+04
1.647400000000000000e+04
1.710500000000000000e+04
1.766200000000000000e+04
1.833800000000000000e+04
1.913800000000000000e+04
1.995900000000000000e+04
2.065400000000000000e+04
2.187100000000000000e+04
2.248600000000000000e+04
2.335300000000000000e+04
2.421400000000000000e+04
2.502600000000000000e+04
2.563100000000000000e+04
2.651200000000000000e+04
2.732400000000000000e+04
2.781700000000000000e+04
2.836700000000000000e+04
2.929800000000000000e+04
3.041900000000000000e+04
3.111300000000000000e+04
3.212700000000000000e+04
3.301500000000000000e+04
3.352000000000000000e+04
3.426000000000000000e+04
3.482800000000000000e+04
3.557100000000000000e+04
3.640400000000000000e+04
3.722600000000000000e+04
3.792200000000000000e+04
3.868400000000000000e+04
3.943200000000000000e+04
4.010100000000000000e+04
4.075800000000000000e+04
4.179900000000000000e+04
4.268400000000000000e+04
4.345200000000000000e+04
4.418200000000000000e+04
4.471500000000000000e+04
4.564700000000000000e+04
4.643500000000000000e+04
4.731600000000000000e+04
4.827500000000000000e+04
4.897800000000000000e+04
4.967500000000000000e+04
5.034400000000000000e+04
5.119700000000000000e+04
5.184500000000000000e+04
5.259600000000000000e+04
5.348200000000000000e+04
5.401500000000000000e+04
5.472400000000000000e+04
5.545200000000000000e+04
5.607300000000000000e+04
5.681900000000000000e+04
5.752600000000000000e+04
5.825900000000000000e+04
5.904300000000000000e+04
5.959400000000000000e+04
6.010900000000000000e+04
6.055700000000000000e+04
6.129000000000000000e+04
6.205000000000000000e+04
6.259600000000000000e+04
6.318500000000000000e+04
6.373100000000000000e+04
6.415600000000000000e+04
6.462800000000000000e+04
6.525800000000000000e+04
6.577800000000000000e+04
6.648100000000000000e+04
6.694100000000000000e+04
6.758900000000000000e+04
6.794800000000000000e+04
6.849700000000000000e+04
6.910600000000000000e+04
6.965300000000000000e+04
7.039200000000000000e+04
7.106500000000000000e+04
7.157400000000000000e+04
7.209900000000000000e+04
7.285700000000000000e+04
7.363900000000000000e+04
7.449500000000000000e+04
7.505800000000000000e+04
7.585700000000000000e+04
7.647600000000000000e+04
7.707200000000000000e+04
7.789100000000000000e+04
7.887800000000000000e+04
7.951700000000000000e+04
8.043600000000000000e+04
8.113100000000000000e+04
8.190600000000000000e+04
8.242400000000000000e+04
8.347900000000000000e+04
8.448200000000000000e+04
8.547700000000000000e+04
8.649900000000000000e+04
8.721300000000000000e+04
8.792000000000000000e+04
8.872300000000000000e+04
8.942100000000000000e+04
9.014600000000000000e+04
9.095800000000000000e+04
9.211300000000000000e+04
9.291300000000000000e+04
9.358200000000000000e+04
9.422300000000000000e+04
9.535300000000000000e+04
9.620900000000000000e+04
9.702800000000000000e+04
9.829600000000000000e+04
9.915700000000000000e+04
9.978900000000000000e+04
1.006120000000000000e+05
1.015440000000000000e+05
1.023710000000000000e+05
1.033290000000000000e+05
1.038880000000000000e+05
1.041620000000000000e+05
1.044220000000000000e+05
1.053740000000000000e+05
1.061360000000000000e+05
1.069580000000000000e+05
1.079320000000000000e+05
1.083490000000000000e+05
1.087180000000000000e+05
1.090730000000000000e+05
1.098370000000000000e+05
1.107960000000000000e+05
1.116940000000000000e+05
1.128560000000000000e+05
1.139940000000000000e+05
1.150260000000000000e+05
1.157330000000000000e+05
1.165350000000000000e+05
1.175900000000000000e+05
1.185920000000000000e+05
1.196400000000000000e+05
1.207890000000000000e+05
1.216480000000000000e+05
1.221600000000000000e+05
1.225880000000000000e+05
1.233590000000000000e+05
1.244470000000000000e+05
1.255180000000000000e+05
1.263700000000000000e+05
1.270810000000000000e+05
1.276520000000000000e+05
1.283660000000000000e+05
1.293940000000000000e+05
1.301630000000000000e+05
1.309170000000000000e+05
1.318860000000000000e+05
1.325480000000000000e+05
1.332270000000000000e+05
1.337810000000000000e+05
1.344820000000000000e+05
1.352290000000000000e+05
1.360230000000000000e+05
1.368900000000000000e+05
1.376030000000000000e+05
1.381180000000000000e+05
1.389450000000000000e+05
1.398190000000000000e+05
1.407970000000000000e+05
1.417750000000000000e+05
1.425980000000000000e+05
1.434430000000000000e+05
1.440420000000000000e+05
1.450950000000000000e+05
1.462160000000000000e+05
1.472530000000000000e+05
1.486220000000000000e+05
1.496840000000000000e+05
1.507310000000000000e+05
1.517180000000000000e+05
1.526580000000000000e+05
1.537900000000000000e+05
1.549040000000000000e+05
1.561890000000000000e+05
1.576030000000000000e+05
1.585370000000000000e+05
1.594740000000000000e+05
1.604480000000000000e+05
1.615300000000000000e+05
1.628710000000000000e+05
1.643100000000000000e+05
1.658110000000000000e+05
1.669690000000000000e+05
1.680430000000000000e+05
1.698600000000000000e+05
1.719850000000000000e+05
1.740130000000000000e+05
1.758270000000000000e+05
1.775930000000000000e+05
1.790720000000000000e+05
1.800140000000000000e+05
1.814140000000000000e+05
1.833480000000000000e+05
1.858880000000000000e+05
1.884930000000000000e+05
1.904990000000000000e+05
1.925990000000000000e+05
1.941220000000000000e+05
1.961120000000000000e+05
1.981350000000000000e+05
2.008230000000000000e+05
2.027000000000000000e+05
2.047040000000000000e+05
2.065970000000000000e+05
2.086550000000000000e+05
2.104250000000000000e+05
2.126910000000000000e+05
2.146670000000000000e+05
2.162780000000000000e+05
2.178860000000000000e+05
2.193930000000000000e+05
2.212070000000000000e+05
2.226630000000000000e+05
2.247360000000000000e+05
2.271160000000000000e+05
2.295950000000000000e+05
2.321420000000000000e+05
2.337450000000000000e+05
2.352920000000000000e+05
2.375420000000000000e+05
2.401410000000000000e+05
2.421610000000000000e+05
2.445280000000000000e+05
2.445280000000000000e+05
2.483640000000000000e+05
2.501650000000000000e+05
2.524430000000000000e+05
2.550460000000000000e+05
2.577060000000000000e+05
2.603820000000000000e+05
2.631340000000000000e+05
2.652960000000000000e+05
2.670820000000000000e+05
2.693530000000000000e+05
2.718140000000000000e+05
2.741700000000000000e+05
2.768650000000000000e+05
2.790770000000000000e+05
2.810230000000000000e+05
2.825430000000000000e+05
2.844530000000000000e+05
2.866670000000000000e+05
2.889740000000000000e+05
2.915400000000000000e+05
2.942330000000000000e+05
2.963060000000000000e+05
2.977890000000000000e+05
2.996840000000000000e+05
3.020610000000000000e+05
3.048890000000000000e+05
3.074570000000000000e+05
3.096380000000000000e+05
3.117460000000000000e+05
3.135270000000000000e+05
3.155470000000000000e+05
3.182510000000000000e+05
3.210320000000000000e+05
3.240630000000000000e+05
3.272290000000000000e+05
3.304570000000000000e+05
3.329710000000000000e+05
3.356910000000000000e+05
3.389140000000000000e+05
3.422210000000000000e+05
3.453570000000000000e+05
3.481840000000000000e+05
3.506130000000000000e+05
3.526880000000000000e+05
3.553840000000000000e+05
3.582440000000000000e+05
3.614400000000000000e+05
3.647020000000000000e+05
3.681830000000000000e+05
3.710210000000000000e+05
3.731650000000000000e+05
3.759960000000000000e+05
3.791310000000000000e+05
3.822310000000000000e+05
3.849890000000000000e+05
3.876870000000000000e+05
3.896500000000000000e+05
3.914360000000000000e+05
3.934820000000000000e+05
3.961490000000000000e+05
3.987610000000000000e+05
4.012430000000000000e+05
4.033920000000000000e+05
4.050750000000000000e+05
4.062200000000000000e+05
4.077210000000000000e+05
4.094670000000000000e+05
4.116150000000000000e+05
4.134570000000000000e+05
4.153200000000000000e+05
4.168430000000000000e+05
4.183300000000000000e+05
4.197640000000000000e+05
4.215890000000000000e+05
4.232820000000000000e+05
4.249980000000000000e+05
4.263180000000000000e+05
4.275420000000000000e+05
4.287430000000000000e+05
4.298840000000000000e+05
4.313670000000000000e+05
4.328010000000000000e+05
4.342640000000000000e+05
4.355220000000000000e+05
4.366240000000000000e+05
4.377190000000000000e+05
4.387640000000000000e+05
4.398970000000000000e+05
4.410560000000000000e+05
4.422070000000000000e+05
4.433780000000000000e+05
4.444270000000000000e+05
4.449920000000000000e+05
4.455650000000000000e+05
4.462670000000000000e+05
4.471460000000000000e+05
4.478640000000000000e+05
4.485080000000000000e+05
4.489180000000000000e+05
4.493410000000000000e+05
4.499020000000000000e+05
4.504940000000000000e+05
4.511580000000000000e+05
4.516950000000000000e+05
4.520850000000000000e+05
4.523880000000000000e+05
4.526980000000000000e+05
