0.000000000000000000e+00
0.000000000000000000e+00
0.000000000000000000e+00
0.000000000000000000e+00
0.000000000000000000e+00
0.000000000000000000e+00
0.000000000000000000e+00
0.000000000000000000e+00
0.000000000000000000e+00
0.000000000000000000e+00
0.000000000000000000e+00
0.000000000000000000e+00
0.000000000000000000e+00
0.000000000000000000e+00
0.000000000000000000e+00
0.000000000000000000e+00
0.000000000000000000e+00
0.000000000000000000e+00
0.000000000000000000e+00
0.000000000000000000e+00
0.000000000000000000e+00
0.000000000000000000e+00
0.000000000000000000e+00
0.000000000000000000e+00
0.000000000000000000e+00
0.000000000000000000e+00
0.000000000000000000e+00
0.000000000000000000e+00
0.000000000000000000e+00
0.000000000000000000e+00
0.000000000000000000e+00
0.000000000000000000e+00
0.000000000000000000e+00
0.000000000000000000e+00
0.000000000000000000e+00
0.000000000000000000e+00
0.000000000000000000e+00
0.000000000000000000e+00
0.000000000000000000e+00
0.000000000000000000e+00
0.000000000000000000e+00
0.000000000000000000e+00
0.000000000000000000e+00
0.000000000000000000e+00
0.000000000000000000e+00
0.000000000000000000e+00
1.000000000000000000e+00
0.000000000000000000e+00
0.000000000000000000e+00
4.000000000000000000e+00
0.000000000000000000e+00
1.000000000000000000e+00
0.000000000000000000e+00
0.000000000000000000e+00
2.000000000000000000e+00
1.000000000000000000e+00
2.000000000000000000e+00
0.000000000000000000e+00
2.000000000000000000e+00
5.000000000000000000e+00
4.000000000000000000e+00
0.000000000000000000e+00
5.000000000000000000e+00
1.000000000000000000e+01
4.000000000000000000e+00
1.100000000000000000e+01
4.000000000000000000e+00
3.000000000000000000e+00
5.000000000000000000e+00
1.000000000000000000e+00
4.000000000000000000e+00
8.000000000000000000e+00
1.500000000000000000e+01
4.000000000000000000e+00
8.000000000000000000e+00
9.000000000000000000e+00
2.000000000000000000e+00
4.000000000000000000e+00
5.000000000000000000e+00
5.000000000000000000e+00
4.000000000000000000e+00
1.000000000000000000e+00
1.300000000000000000e+01
1.200000000000000000e+01
2.000000000000000000e+00
1.300000000000000000e+01
2.500000000000000000e+01
3.000000000000000000e+00
4.000000000000000000e+00
2.000000000000000000e+00
0.000000000000000000e+00
5.000000000000000000e+00
0.000000000000000000e+00
1.000000000000000000e+01
5.000000000000000000e+00
0.000000000000000000e+00
0.000000000000000000e+00
1.100000000000000000e+01
0.000000000000000000e+00
2.700000000000000000e+01
6.700000000000000000e+01
3.700000000000000000e+01
2.600000000000000000e+01
1.900000000000000000e+01
1.600000000000000000e+01
9.000000000000000000e+00
2.200000000000000000e+01
1.010000000000000000e+02
1.260000000000000000e+02
2.400000000000000000e+01
1.100000000000000000e+01
1.300000000000000000e+01
3.000000000000000000e+00
1.400000000000000000e+01
5.000000000000000000e+00
1.900000000000000000e+01
8.000000000000000000e+00
2.000000000000000000e+00
4.100000000000000000e+01
4.000000000000000000e+00
3.000000000000000000e+00
2.000000000000000000e+00
1.200000000000000000e+01
1.200000000000000000e+01
3.000000000000000000e+00
1.200000000000000000e+01
7.000000000000000000e+00
1.600000000000000000e+01
1.700000000000000000e+01
4.700000000000000000e+01
2.200000000000000000e+01
9.000000000000000000e+00
1.800000000000000000e+01
5.700000000000000000e+01
1.600000000000000000e+01
1.000000000000000000e+00
3.000000000000000000e+00
4.500000000000000000e+01
1.000000000000000000e+01
4.200000000000000000e+01
1.500000000000000000e+01
2.800000000000000000e+01
2.400000000000000000e+01
7.000000000000000000e+00
2.800000000000000000e+01
7.000000000000000000e+00
7.000000000000000000e+00
5.000000000000000000e+00
2.200000000000000000e+01
6.000000000000000000e+00
2.600000000000000000e+01
1.700000000000000000e+01
1.300000000000000000e+01
3.000000000000000000e+01
1.060000000000000000e+02
4.100000000000000000e+01
1.420000000000000000e+02
2.310000000000000000e+02
1.850000000000000000e+02
6.400000000000000000e+01
3.000000000000000000e+01
3.900000000000000000e+01
4.300000000000000000e+01
4.600000000000000000e+01
3.600000000000000000e+01
4.200000000000000000e+01
2.900000000000000000e+01
4.600000000000000000e+01
5.200000000000000000e+01
8.400000000000000000e+01
9.800000000000000000e+01
8.400000000000000000e+01
1.280000000000000000e+02
3.200000000000000000e+01
9.400000000000000000e+01
1.240000000000000000e+02
1.440000000000000000e+02
1.150000000000000000e+02
1.720000000000000000e+02
9.200000000000000000e+01
2.700000000000000000e+01
6.900000000000000000e+01
1.830000000000000000e+02
1.130000000000000000e+02
1.110000000000000000e+02
1.040000000000000000e+02
1.160000000000000000e+02
1.040000000000000000e+02
1.260000000000000000e+02
1.920000000000000000e+02
3.410000000000000000e+02
1.310000000000000000e+02
1.470000000000000000e+02
1.590000000000000000e+02
8.000000000000000000e+01
1.280000000000000000e+02
2.080000000000000000e+02
3.150000000000000000e+02
1.330000000000000000e+02
1.970000000000000000e+02
2.020000000000000000e+02
3.270000000000000000e+02
2.850000000000000000e+02
4.990000000000000000e+02
3.710000000000000000e+02
6.330000000000000000e+02
3.590000000000000000e+02
4.100000000000000000e+02
3.440000000000000000e+02
4.710000000000000000e+02
5.270000000000000000e+02
6.840000000000000000e+02
7.190000000000000000e+02
4.380000000000000000e+02
2.590000000000000000e+02
3.690000000000000000e+02
6.260000000000000000e+02
6.440000000000000000e+02
4.180000000000000000e+02
5.830000000000000000e+02
6.010000000000000000e+02
6.310000000000000000e+02
5.570000000000000000e+02
6.760000000000000000e+02
8.000000000000000000e+02
8.210000000000000000e+02
6.950000000000000000e+02
1.217000000000000000e+03
6.150000000000000000e+02
8.670000000000000000e+02
8.610000000000000000e+02
8.120000000000000000e+02
6.050000000000000000e+02
8.810000000000000000e+02
8.120000000000000000e+02
4.930000000000000000e+02
5.500000000000000000e+02
9.310000000000000000e+02
1.121000000000000000e+03
6.940000000000000000e+02
1.014000000000000000e+03
8.880000000000000000e+02
5.050000000000000000e+02
7.400000000000000000e+02
5.680000000000000000e+02
7.430000000000000000e+02
8.330000000000000000e+02
8.220000000000000000e+02
6.960000000000000000e+02
7.620000000000000000e+02
7.480000000000000000e+02
6.690000000000000000e+02
6.570000000000000000e+02
1.041000000000000000e+03
8.850000000000000000e+02
7.680000000000000000e+02
7.300000000000000000e+02
5.330000000000000000e+02
9.320000000000000000e+02
7.880000000000000000e+02
8.810000000000000000e+02
9.590000000000000000e+02
7.030000000000000000e+02
6.970000000000000000e+02
6.690000000000000000e+02
8.530000000000000000e+02
6.480000000000000000e+02
7.510000000000000000e+02
8.860000000000000000e+02
5.330000000000000000e+02
7.090000000000000000e+02
7.280000000000000000e+02
6.210000000000000000e+02
7.460000000000000000e+02
7.070000000000000000e+02
7.330000000000000000e+02
7.840000000000000000e+02
5.510000000000000000e+02
5.150000000000000000e+02
4.480000000000000000e+02
7.330000000000000000e+02
7.600000000000000000e+02
5.460000000000000000e+02
5.890000000000000000e+02
5.460000000000000000e+02
4.250000000000000000e+02
4.720000000000000000e+02
6.300000000000000000e+02
5.200000000000000000e+02
7.030000000000000000e+02
4.600000000000000000e+02
6.480000000000000000e+02
3.590000000000000000e+02
5.490000000000000000e+02
6.090000000000000000e+02
5.470000000000000000e+02
7.390000000000000000e+02
6.730000000000000000e+02
5.090000000000000000e+02
5.250000000000000000e+02
7.580000000000000000e+02
7.820000000000000000e+02
8.560000000000000000e+02
5.630000000000000000e+02
7.990000000000000000e+02
6.190000000000000000e+02
5.960000000000000000e+02
8.190000000000000000e+02
9.870000000000000000e+02
6.390000000000000000e+02
9.190000000000000000e+02
6.950000000000000000e+02
7.750000000000000000e+02
5.180000000000000000e+02
1.055000000000000000e+03
1.003000000000000000e+03
9.950000000000000000e+02
1.022000000000000000e+03
7.140000000000000000e+02
7.070000000000000000e+02
8.030000000000000000e+02
6.980000000000000000e+02
7.250000000000000000e+02
8.120000000000000000e+02
1.155000000000000000e+03
8.000000000000000000e+02
6.690000000000000000e+02
6.410000000000000000e+02
1.130000000000000000e+03
8.560000000000000000e+02
8.190000000000000000e+02
1.268000000000000000e+03
8.610000000000000000e+02
6.320000000000000000e+02
8.230000000000000000e+02
9.320000000000000000e+02
8.270000000000000000e+02
9.580000000000000000e+02
5.590000000000000000e+02
2.740000000000000000e+02
2.600000000000000000e+02
9.520000000000000000e+02
7.620000000000000000e+02
8.220000000000000000e+02
9.740000000000000000e+02
4.170000000000000000e+02
3.690000000000000000e+02
3.550000000000000000e+02
7.640000000000000000e+02
9.590000000000000000e+02
8.980000000000000000e+02
1.162000000000000000e+03
1.138000000000000000e+03
1.032000000000000000e+03
7.070000000000000000e+02
8.020000000000000000e+02
1.055000000000000000e+03
1.002000000000000000e+03
1.048000000000000000e+03
1.149000000000000000e+03
8.590000000000000000e+02
5.120000000000000000e+02
4.280000000000000000e+02
7.710000000000000000e+02
1.088000000000000000e+03
1.071000000000000000e+03
8.520000000000000000e+02
7.110000000000000000e+02
5.710000000000000000e+02
7.140000000000000000e+02
1.028000000000000000e+03
7.690000000000000000e+02
7.540000000000000000e+02
9.690000000000000000e+02
6.620000000000000000e+02
6.790000000000000000e+02
5.540000000000000000e+02
7.010000000000000000e+02
7.470000000000000000e+02
7.940000000000000000e+02
8.670000000000000000e+02
7.130000000000000000e+02
5.150000000000000000e+02
8.270000000000000000e+02
8.740000000000000000e+02
9.780000000000000000e+02
9.780000000000000000e+02
8.230000000000000000e+02
8.450000000000000000e+02
5.990000000000000000e+02
1.053000000000000000e+03
1.121000000000000000e+03
1.037000000000000000e+03
1.369000000000000000e+03
1.062000000000000000e+03
1.047000000000000000e+03
9.870000000000000000e+02
9.400000000000000000e+02
1.132000000000000000e+03
1.114000000000000000e+03
1.285000000000000000e+03
1.414000000000000000e+03
9.340000000000000000e+02
9.370000000000000000e+02
9.740000000000000000e+02
1.082000000000000000e+03
1.341000000000000000e+03
1.439000000000000000e+03
1.501000000000000000e+03
1.158000000000000000e+03
1.074000000000000000e+03
1.817000000000000000e+03
2.125000000000000000e+03
2.028000000000000000e+03
1.814000000000000000e+03
1.766000000000000000e+03
1.479000000000000000e+03
9.420000000000000000e+02
1.400000000000000000e+03
1.934000000000000000e+03
2.540000000000000000e+03
2.605000000000000000e+03
2.006000000000000000e+03
2.100000000000000000e+03
1.523000000000000000e+03
1.990000000000000000e+03
2.023000000000000000e+03
2.688000000000000000e+03
1.877000000000000000e+03
2.004000000000000000e+03
1.893000000000000000e+03
2.058000000000000000e+03
1.770000000000000000e+03
2.266000000000000000e+03
1.976000000000000000e+03
1.611000000000000000e+03
1.608000000000000000e+03
1.507000000000000000e+03
1.814000000000000000e+03
1.456000000000000000e+03
2.073000000000000000e+03
2.380000000000000000e+03
2.479000000000000000e+03
2.547000000000000000e+03
1.603000000000000000e+03
1.547000000000000000e+03
2.250000000000000000e+03
2.599000000000000000e+03
2.020000000000000000e+03
2.367000000000000000e+03
0.000000000000000000e+00
3.836000000000000000e+03
1.801000000000000000e+03
2.278000000000000000e+03
2.603000000000000000e+03
2.660000000000000000e+03
2.676000000000000000e+03
2.752000000000000000e+03
2.162000000000000000e+03
1.786000000000000000e+03
2.271000000000000000e+03
2.461000000000000000e+03
2.356000000000000000e+03
2.695000000000000000e+03
2.212000000000000000e+03
1.946000000000000000e+03
1.520000000000000000e+03
1.910000000000000000e+03
2.214000000000000000e+03
2.307000000000000000e+03
2.566000000000000000e+03
2.693000000000000000e+03
2.073000000000000000e+03
1.483000000000000000e+03
1.895000000000000000e+03
2.377000000000000000e+03
2.828000000000000000e+03
2.568000000000000000e+03
2.181000000000000000e+03
2.108000000000000000e+03
1.781000000000000000e+03
2.020000000000000000e+03
2.704000000000000000e+03
2.781000000000000000e+03
3.031000000000000000e+03
3.166000000000000000e+03
3.228000000000000000e+03
2.514000000000000000e+03
2.720000000000000000e+03
3.223000000000000000e+03
3.307000000000000000e+03
3.136000000000000000e+03
2.827000000000000000e+03
2.429000000000000000e+03
2.075000000000000000e+03
2.696000000000000000e+03
2.860000000000000000e+03
3.196000000000000000e+03
3.262000000000000000e+03
3.481000000000000000e+03
2.838000000000000000e+03
2.144000000000000000e+03
2.831000000000000000e+03
3.135000000000000000e+03
3.100000000000000000e+03
2.758000000000000000e+03
2.698000000000000000e+03
1.963000000000000000e+03
1.786000000000000000e+03
2.046000000000000000e+03
2.667000000000000000e+03
2.612000000000000000e+03
2.482000000000000000e+03
2.149000000000000000e+03
1.683000000000000000e+03
1.145000000000000000e+03
1.501000000000000000e+03
1.746000000000000000e+03
2.148000000000000000e+03
1.842000000000000000e+03
1.863000000000000000e+03
1.523000000000000000e+03
1.487000000000000000e+03
1.434000000000000000e+03
1.825000000000000000e+03
1.693000000000000000e+03
1.716000000000000000e+03
1.320000000000000000e+03
1.224000000000000000e+03
1.201000000000000000e+03
1.141000000000000000e+03
1.483000000000000000e+03
1.434000000000000000e+03
1.463000000000000000e+03
1.258000000000000000e+03
1.102000000000000000e+03
1.095000000000000000e+03
1.045000000000000000e+03
1.133000000000000000e+03
1.159000000000000000e+03
1.151000000000000000e+03
1.171000000000000000e+03
1.049000000000000000e+03
5.650000000000000000e+02
5.730000000000000000e+02
7.020000000000000000e+02
8.790000000000000000e+02
7.180000000000000000e+02
6.440000000000000000e+02
4.100000000000000000e+02
4.230000000000000000e+02
5.610000000000000000e+02
5.920000000000000000e+02
6.640000000000000000e+02
5.370000000000000000e+02
3.900000000000000000e+02
3.030000000000000000e+02
3.100000000000000000e+02
