0.000000000000000000e+00
0.000000000000000000e+00
0.000000000000000000e+00
0.000000000000000000e+00
0.000000000000000000e+00
0.000000000000000000e+00
0.000000000000000000e+00
0.000000000000000000e+00
0.000000000000000000e+00
0.000000000000000000e+00
0.000000000000000000e+00
0.000000000000000000e+00
0.000000000000000000e+00
0.000000000000000000e+00
0.000000000000000000e+00
0.000000000000000000e+00
0.000000000000000000e+00
0.000000000000000000e+00
0.000000000000000000e+00
0.000000000000000000e+00
0.000000000000000000e+00
0.000000000000000000e+00
0.000000000000000000e+00
0.000000000000000000e+00
0.000000000000000000e+00
0.000000000000000000e+00
0.000000000000000000e+00
0.000000000000000000e+00
0.000000000000000000e+00
0.000000000000000000e+00
0.000000000000000000e+00
0.000000000000000000e+00
0.000000000000000000e+00
0.000000000000000000e+00
0.000000000000000000e+00
0.000000000000000000e+00
0.000000000000000000e+00
0.000000000000000000e+00
0.000000000000000000e+00
0.000000000000000000e+00
0.000000000000000000e+00
0.000000000000000000e+00
0.000000000000000000e+00
0.000000000000000000e+00
0.000000000000000000e+00
0.000000000000000000e+00
0.000000000000000000e+00
0.000000000000000000e+00
0.000000000000000000e+00
0.000000000000000000e+00
0.000000000000000000e+00
0.000000000000000000e+00
0.000000000000000000e+00
0.000000000000000000e+00
0.000000000000000000e+00
0.000000000000000000e+00
3.000000000000000000e+00
3.000000000000000000e+00
6.000000000000000000e+00
1.400000000000000000e+01
1.400000000000000000e+01
1.600000000000000000e+01
4.200000000000000000e+01
4.400000000000000000e+01
4.400000000000000000e+01
5.800000000000000000e+01
5.800000000000000000e+01
8.400000000000000000e+01
9.400000000000000000e+01
1.070000000000000000e+02
1.110000000000000000e+02
1.160000000000000000e+02
1.300000000000000000e+02
1.440000000000000000e+02
1.470000000000000000e+02
2.160000000000000000e+02
2.280000000000000000e+02
2.700000000000000000e+02
2.800000000000000000e+02
2.980000000000000000e+02
3.390000000000000000e+02
3.770000000000000000e+02
4.190000000000000000e+02
4.300000000000000000e+02
4.490000000000000000e+02
4.660000000000000000e+02
4.890000000000000000e+02
5.060000000000000000e+02
5.540000000000000000e+02
5.680000000000000000e+02
5.900000000000000000e+02
6.120000000000000000e+02
6.310000000000000000e+02
6.650000000000000000e+02
6.650000000000000000e+02
6.820000000000000000e+02
6.950000000000000000e+02
7.080000000000000000e+02
7.290000000000000000e+02
7.460000000000000000e+02
7.560000000000000000e+02
7.690000000000000000e+02
7.950000000000000000e+02
8.300000000000000000e+02
8.430000000000000000e+02
8.710000000000000000e+02
8.950000000000000000e+02
9.060000000000000000e+02
9.310000000000000000e+02
1.002000000000000000e+03
1.016000000000000000e+03
1.037000000000000000e+03
1.044000000000000000e+03
1.082000000000000000e+03
1.111000000000000000e+03
1.117000000000000000e+03
1.138000000000000000e+03
1.216000000000000000e+03
1.243000000000000000e+03
1.270000000000000000e+03
1.313000000000000000e+03
1.350000000000000000e+03
1.365000000000000000e+03
1.403000000000000000e+03
1.433000000000000000e+03
1.468000000000000000e+03
1.520000000000000000e+03
1.594000000000000000e+03
1.662000000000000000e+03
1.722000000000000000e+03
1.748000000000000000e+03
1.817000000000000000e+03
1.845000000000000000e+03
1.871000000000000000e+03
1.899000000000000000e+03
1.936000000000000000e+03
1.974000000000000000e+03
2.007000000000000000e+03
2.032000000000000000e+03
2.055000000000000000e+03
2.093000000000000000e+03
2.166000000000000000e+03
2.166000000000000000e+03
2.207000000000000000e+03
2.285000000000000000e+03
2.472000000000000000e+03
2.562000000000000000e+03
2.657000000000000000e+03
2.657000000000000000e+03
2.789000000000000000e+03
2.981000000000000000e+03
3.356000000000000000e+03
3.356000000000000000e+03
3.726000000000000000e+03
3.954000000000000000e+03
4.204000000000000000e+03
4.446000000000000000e+03
4.513000000000000000e+03
5.017000000000000000e+03
5.296000000000000000e+03
5.506000000000000000e+03
6.261000000000000000e+03
6.767000000000000000e+03
6.878000000000000000e+03
7.094000000000000000e+03
7.377000000000000000e+03
8.141000000000000000e+03
8.279000000000000000e+03
8.847000000000000000e+03
9.358000000000000000e+03
9.910000000000000000e+03
1.041000000000000000e+04
1.111700000000000000e+04
1.144400000000000000e+04
1.144400000000000000e+04
1.228200000000000000e+04
1.249800000000000000e+04
1.310100000000000000e+04
2.460600000000000000e+04
2.714300000000000000e+04
2.714300000000000000e+04
2.825100000000000000e+04
2.898000000000000000e+04
3.124700000000000000e+04
3.124700000000000000e+04
3.212400000000000000e+04
3.281300000000000000e+04
3.329600000000000000e+04
3.384400000000000000e+04
3.459200000000000000e+04
3.522300000000000000e+04
3.580500000000000000e+04
3.629900000000000000e+04
3.671900000000000000e+04
3.712900000000000000e+04
3.754100000000000000e+04
3.811000000000000000e+04
3.865900000000000000e+04
3.916200000000000000e+04
3.957100000000000000e+04
3.991900000000000000e+04
4.008500000000000000e+04
4.045500000000000000e+04
4.075900000000000000e+04
4.106900000000000000e+04
4.137300000000000000e+04
4.164500000000000000e+04
4.185600000000000000e+04
4.199100000000000000e+04
4.214600000000000000e+04
4.232500000000000000e+04
4.250700000000000000e+04
4.270300000000000000e+04
4.288900000000000000e+04
4.302300000000000000e+04
4.312600000000000000e+04
4.324500000000000000e+04
4.335800000000000000e+04
4.345900000000000000e+04
4.358700000000000000e+04
4.371200000000000000e+04
4.382000000000000000e+04
4.389800000000000000e+04
4.395800000000000000e+04
4.403600000000000000e+04
4.413500000000000000e+04
4.419900000000000000e+04
4.429300000000000000e+04
4.440300000000000000e+04
4.445800000000000000e+04
4.448700000000000000e+04
4.461300000000000000e+04
4.468400000000000000e+04
4.476100000000000000e+04
4.482800000000000000e+04
4.488100000000000000e+04
4.492800000000000000e+04
4.499900000000000000e+04
4.507200000000000000e+04
4.515300000000000000e+04
4.524400000000000000e+04
4.533500000000000000e+04
4.533500000000000000e+04
4.547100000000000000e+04
4.554200000000000000e+04
4.563000000000000000e+04
4.575700000000000000e+04
4.593200000000000000e+04
4.609000000000000000e+04
4.625100000000000000e+04
4.635500000000000000e+04
4.652200000000000000e+04
4.666900000000000000e+04
4.684100000000000000e+04
4.705600000000000000e+04
4.718400000000000000e+04
4.742800000000000000e+04
4.763500000000000000e+04
4.779900000000000000e+04
4.809700000000000000e+04
4.834200000000000000e+04
4.861700000000000000e+04
4.892400000000000000e+04
4.923000000000000000e+04
4.952800000000000000e+04
4.987100000000000000e+04
5.020100000000000000e+04
5.058900000000000000e+04
5.102000000000000000e+04
5.149000000000000000e+04
5.204400000000000000e+04
5.252600000000000000e+04
5.291000000000000000e+04
5.345900000000000000e+04
5.400600000000000000e+04
5.458800000000000000e+04
5.514400000000000000e+04
5.575000000000000000e+04
5.617000000000000000e+04
5.673800000000000000e+04
5.727600000000000000e+04
5.779800000000000000e+04
5.839400000000000000e+04
5.887800000000000000e+04
5.887800000000000000e+04
5.987900000000000000e+04
6.077400000000000000e+04
6.130900000000000000e+04
6.130900000000000000e+04
6.174800000000000000e+04
6.230400000000000000e+04
6.281900000000000000e+04
6.339000000000000000e+04
6.436000000000000000e+04
6.436000000000000000e+04
6.488700000000000000e+04
6.545400000000000000e+04
6.595300000000000000e+04
6.698300000000000000e+04
6.698300000000000000e+04
6.746900000000000000e+04
6.789400000000000000e+04
6.831600000000000000e+04
6.870200000000000000e+04
6.914900000000000000e+04
6.958100000000000000e+04
6.988500000000000000e+04
7.036600000000000000e+04
7.117100000000000000e+04
7.154800000000000000e+04
7.154800000000000000e+04
7.197100000000000000e+04
7.280700000000000000e+04
7.317800000000000000e+04
7.317800000000000000e+04
7.351300000000000000e+04
7.393300000000000000e+04
7.437300000000000000e+04
7.477400000000000000e+04
7.539500000000000000e+04
7.539500000000000000e+04
7.569000000000000000e+04
7.601200000000000000e+04
7.639100000000000000e+04
7.705900000000000000e+04
7.705900000000000000e+04
7.735600000000000000e+04
7.767400000000000000e+04
7.815100000000000000e+04
7.815100000000000000e+04
7.841500000000000000e+04
7.867900000000000000e+04
7.891100000000000000e+04
7.925400000000000000e+04
7.925400000000000000e+04
7.942900000000000000e+04
7.965900000000000000e+04
7.984500000000000000e+04
8.002500000000000000e+04
8.018200000000000000e+04
8.037300000000000000e+04
8.053500000000000000e+04
8.065400000000000000e+04
8.084300000000000000e+04
8.103400000000000000e+04
8.115600000000000000e+04
8.121400000000000000e+04
8.138800000000000000e+04
8.138800000000000000e+04
8.151200000000000000e+04
8.165600000000000000e+04
8.182600000000000000e+04
8.199100000000000000e+04
8.213800000000000000e+04
8.227300000000000000e+04
8.238000000000000000e+04
8.258700000000000000e+04
8.258700000000000000e+04
8.272300000000000000e+04
8.298600000000000000e+04
8.310900000000000000e+04
8.317800000000000000e+04
8.317800000000000000e+04
8.343000000000000000e+04
8.343000000000000000e+04
8.358500000000000000e+04
8.379600000000000000e+04
8.379600000000000000e+04
8.390000000000000000e+04
8.406800000000000000e+04
8.417500000000000000e+04
8.430300000000000000e+04
8.430300000000000000e+04
8.437700000000000000e+04
8.452900000000000000e+04
8.458800000000000000e+04
8.458800000000000000e+04
8.464600000000000000e+04
8.483200000000000000e+04
8.492000000000000000e+04
8.492000000000000000e+04
8.499200000000000000e+04
8.507100000000000000e+04
8.511300000000000000e+04
8.517100000000000000e+04
8.525300000000000000e+04
8.532800000000000000e+04
8.539800000000000000e+04
8.544100000000000000e+04
8.547500000000000000e+04
8.551600000000000000e+04
8.556400000000000000e+04
8.568900000000000000e+04
8.568900000000000000e+04
8.583100000000000000e+04
8.583100000000000000e+04
8.592900000000000000e+04
8.592900000000000000e+04
8.600100000000000000e+04
8.602500000000000000e+04
8.609100000000000000e+04
8.614200000000000000e+04
8.618500000000000000e+04
8.625100000000000000e+04
8.630800000000000000e+04
8.635600000000000000e+04
8.641000000000000000e+04
8.641000000000000000e+04
8.645100000000000000e+04
8.650600000000000000e+04
8.655000000000000000e+04
8.658300000000000000e+04
8.664000000000000000e+04
8.664000000000000000e+04
8.675500000000000000e+04
8.681800000000000000e+04
8.681800000000000000e+04
8.685000000000000000e+04
8.691700000000000000e+04
8.704500000000000000e+04
8.714300000000000000e+04
8.714300000000000000e+04
8.723900000000000000e+04
8.738900000000000000e+04
8.738900000000000000e+04
8.746200000000000000e+04
8.765200000000000000e+04
8.775800000000000000e+04
8.775800000000000000e+04
8.785800000000000000e+04
8.794600000000000000e+04
8.809200000000000000e+04
8.816300000000000000e+04
8.827600000000000000e+04
8.853800000000000000e+04
8.853800000000000000e+04
8.870000000000000000e+04
8.884200000000000000e+04
8.901400000000000000e+04
8.915300000000000000e+04
8.927700000000000000e+04
8.943800000000000000e+04
8.966000000000000000e+04
8.981100000000000000e+04
9.001900000000000000e+04
9.022700000000000000e+04
9.037200000000000000e+04
9.059900000000000000e+04
9.083900000000000000e+04
9.114400000000000000e+04
9.137400000000000000e+04
9.163900000000000000e+04
9.188300000000000000e+04
9.209500000000000000e+04
9.232000000000000000e+04
9.262600000000000000e+04
9.300600000000000000e+04
9.327800000000000000e+04
9.360300000000000000e+04
9.383100000000000000e+04
9.403000000000000000e+04
9.427700000000000000e+04
9.459900000000000000e+04
9.494400000000000000e+04
9.527500000000000000e+04
9.575200000000000000e+04
9.606000000000000000e+04
9.633700000000000000e+04
9.656100000000000000e+04
9.695800000000000000e+04
9.727800000000000000e+04
9.766300000000000000e+04
9.807900000000000000e+04
9.840000000000000000e+04
9.865400000000000000e+04
9.903300000000000000e+04
9.931600000000000000e+04
9.964500000000000000e+04
9.984500000000000000e+04
1.002490000000000000e+05
1.004730000000000000e+05
1.007320000000000000e+05
1.009660000000000000e+05
1.012190000000000000e+05
1.015800000000000000e+05
1.018780000000000000e+05
1.021860000000000000e+05
1.025110000000000000e+05
1.027020000000000000e+05
1.030000000000000000e+05
1.032070000000000000e+05
1.035830000000000000e+05
1.038660000000000000e+05
1.042220000000000000e+05
1.045550000000000000e+05
1.047290000000000000e+05
1.051110000000000000e+05
1.054690000000000000e+05
1.058400000000000000e+05
1.062230000000000000e+05
1.066360000000000000e+05
1.069730000000000000e+05
1.073350000000000000e+05
1.077140000000000000e+05
1.081730000000000000e+05
1.086670000000000000e+05
1.091930000000000000e+05
1.098120000000000000e+05
1.103700000000000000e+05
1.108290000000000000e+05
1.113430000000000000e+05
1.119900000000000000e+05
1.127770000000000000e+05
1.134300000000000000e+05
1.143000000000000000e+05
1.150300000000000000e+05
1.156150000000000000e+05
1.165460000000000000e+05
1.172840000000000000e+05
1.181060000000000000e+05
1.189810000000000000e+05
1.198730000000000000e+05
1.208650000000000000e+05
1.219460000000000000e+05
1.230380000000000000e+05
1.250030000000000000e+05
1.263950000000000000e+05
1.278800000000000000e+05
1.292320000000000000e+05
1.306330000000000000e+05
1.320700000000000000e+05
1.333030000000000000e+05
1.345010000000000000e+05
1.357390000000000000e+05
1.370580000000000000e+05
1.383530000000000000e+05
1.396480000000000000e+05
1.409780000000000000e+05
1.422700000000000000e+05
1.436680000000000000e+05
1.449580000000000000e+05
1.462920000000000000e+05
1.476560000000000000e+05
1.490290000000000000e+05
1.503160000000000000e+05
1.516070000000000000e+05
1.527090000000000000e+05
1.538780000000000000e+05
1.550050000000000000e+05
1.561520000000000000e+05
1.571470000000000000e+05
1.581200000000000000e+05
1.590890000000000000e+05
1.600850000000000000e+05
1.610150000000000000e+05
1.619730000000000000e+05
1.628920000000000000e+05
1.638460000000000000e+05
