0.000000000000000000e+00
0.000000000000000000e+00
0.000000000000000000e+00
0.000000000000000000e+00
0.000000000000000000e+00
0.000000000000000000e+00
0.000000000000000000e+00
0.000000000000000000e+00
0.000000000000000000e+00
0.000000000000000000e+00
0.000000000000000000e+00
0.000000000000000000e+00
0.000000000000000000e+00
0.000000000000000000e+00
0.000000000000000000e+00
0.000000000000000000e+00
0.000000000000000000e+00
0.000000000000000000e+00
0.000000000000000000e+00
0.000000000000000000e+00
0.000000000000000000e+00
0.000000000000000000e+00
0.000000000000000000e+00
0.000000000000000000e+00
0.000000000000000000e+00
0.000000000000000000e+00
0.000000000000000000e+00
0.000000000000000000e+00
0.000000000000000000e+00
0.000000000000000000e+00
0.000000000000000000e+00
0.000000000000000000e+00
0.000000000000000000e+00
0.000000000000000000e+00
0.000000000000000000e+00
0.000000000000000000e+00
0.000000000000000000e+00
0.000000000000000000e+00
0.000000000000000000e+00
0.000000000000000000e+00
0.000000000000000000e+00
0.000000000000000000e+00
0.000000000000000000e+00
0.000000000000000000e+00
0.000000000000000000e+00
0.000000000000000000e+00
0.000000000000000000e+00
0.000000000000000000e+00
0.000000000000000000e+00
0.000000000000000000e+00
0.000000000000000000e+00
0.000000000000000000e+00
0.000000000000000000e+00
0.000000000000000000e+00
0.000000000000000000e+00
0.000000000000000000e+00
0.000000000000000000e+00
0.000000000000000000e+00
0.000000000000000000e+00
1.000000000000000000e+00
1.000000000000000000e+00
1.000000000000000000e+00
1.000000000000000000e+00
4.000000000000000000e+00
6.000000000000000000e+00
6.000000000000000000e+00
6.000000000000000000e+00
1.200000000000000000e+01
1.200000000000000000e+01
1.500000000000000000e+01
1.500000000000000000e+01
2.200000000000000000e+01
2.200000000000000000e+01
2.900000000000000000e+01
2.900000000000000000e+01
3.100000000000000000e+01
3.100000000000000000e+01
3.300000000000000000e+01
3.300000000000000000e+01
3.400000000000000000e+01
3.400000000000000000e+01
3.400000000000000000e+01
3.400000000000000000e+01
3.400000000000000000e+01
3.500000000000000000e+01
3.500000000000000000e+01
3.500000000000000000e+01
3.900000000000000000e+01
3.900000000000000000e+01
3.900000000000000000e+01
3.900000000000000000e+01
3.900000000000000000e+01
3.900000000000000000e+01
3.900000000000000000e+01
3.900000000000000000e+01
3.900000000000000000e+01
3.900000000000000000e+01
3.900000000000000000e+01
3.900000000000000000e+01
3.900000000000000000e+01
3.900000000000000000e+01
3.900000000000000000e+01
3.900000000000000000e+01
3.900000000000000000e+01
3.900000000000000000e+01
3.900000000000000000e+01
3.900000000000000000e+01
3.900000000000000000e+01
3.900000000000000000e+01
3.900000000000000000e+01
3.900000000000000000e+01
3.900000000000000000e+01
3.900000000000000000e+01
3.900000000000000000e+01
3.900000000000000000e+01
3.900000000000000000e+01
3.900000000000000000e+01
3.900000000000000000e+01
3.900000000000000000e+01
3.900000000000000000e+01
3.900000000000000000e+01
3.900000000000000000e+01
3.900000000000000000e+01
3.900000000000000000e+01
3.900000000000000000e+01
3.900000000000000000e+01
3.900000000000000000e+01
3.900000000000000000e+01
3.900000000000000000e+01
3.900000000000000000e+01
3.900000000000000000e+01
3.900000000000000000e+01
3.900000000000000000e+01
3.900000000000000000e+01
3.900000000000000000e+01
3.900000000000000000e+01
3.900000000000000000e+01
3.900000000000000000e+01
3.900000000000000000e+01
3.900000000000000000e+01
4.100000000000000000e+01
4.100000000000000000e+01
4.100000000000000000e+01
6.500000000000000000e+01
9.600000000000000000e+01
1.090000000000000000e+02
1.210000000000000000e+02
1.310000000000000000e+02
1.420000000000000000e+02
1.420000000000000000e+02
1.430000000000000000e+02
1.430000000000000000e+02
1.430000000000000000e+02
1.430000000000000000e+02
1.440000000000000000e+02
1.440000000000000000e+02
1.670000000000000000e+02
1.910000000000000000e+02
1.910000000000000000e+02
1.910000000000000000e+02
2.030000000000000000e+02
2.030000000000000000e+02
2.150000000000000000e+02
2.150000000000000000e+02
2.150000000000000000e+02
2.150000000000000000e+02
2.150000000000000000e+02
2.150000000000000000e+02
2.150000000000000000e+02
2.320000000000000000e+02
2.320000000000000000e+02
2.320000000000000000e+02
2.320000000000000000e+02
2.320000000000000000e+02
2.320000000000000000e+02
2.320000000000000000e+02
2.510000000000000000e+02
2.510000000000000000e+02
2.510000000000000000e+02
2.510000000000000000e+02
2.510000000000000000e+02
2.510000000000000000e+02
2.510000000000000000e+02
2.610000000000000000e+02
2.610000000000000000e+02
2.630000000000000000e+02
2.630000000000000000e+02
2.650000000000000000e+02
2.650000000000000000e+02
2.650000000000000000e+02
2.790000000000000000e+02
2.790000000000000000e+02
2.790000000000000000e+02
2.790000000000000000e+02
2.820000000000000000e+02
2.820000000000000000e+02
2.820000000000000000e+02
2.820000000000000000e+02
2.850000000000000000e+02
2.850000000000000000e+02
2.850000000000000000e+02
2.850000000000000000e+02
2.850000000000000000e+02
2.850000000000000000e+02
2.850000000000000000e+02
2.850000000000000000e+02
2.850000000000000000e+02
2.850000000000000000e+02
2.850000000000000000e+02
3.040000000000000000e+02
3.040000000000000000e+02
3.060000000000000000e+02
3.060000000000000000e+02
3.060000000000000000e+02
3.060000000000000000e+02
3.060000000000000000e+02
3.150000000000000000e+02
3.150000000000000000e+02
3.170000000000000000e+02
3.170000000000000000e+02
3.180000000000000000e+02
3.180000000000000000e+02
3.190000000000000000e+02
3.190000000000000000e+02
3.190000000000000000e+02
3.300000000000000000e+02
3.300000000000000000e+02
3.300000000000000000e+02
3.300000000000000000e+02
3.300000000000000000e+02
3.410000000000000000e+02
3.410000000000000000e+02
3.610000000000000000e+02
3.610000000000000000e+02
3.610000000000000000e+02
3.610000000000000000e+02
3.610000000000000000e+02
3.640000000000000000e+02
3.640000000000000000e+02
3.640000000000000000e+02
3.640000000000000000e+02
3.640000000000000000e+02
3.640000000000000000e+02
3.640000000000000000e+02
3.640000000000000000e+02
3.640000000000000000e+02
3.690000000000000000e+02
3.690000000000000000e+02
3.750000000000000000e+02
3.750000000000000000e+02
3.750000000000000000e+02
3.750000000000000000e+02
3.750000000000000000e+02
3.810000000000000000e+02
3.810000000000000000e+02
3.980000000000000000e+02
3.980000000000000000e+02
3.980000000000000000e+02
3.980000000000000000e+02
3.980000000000000000e+02
4.050000000000000000e+02
4.050000000000000000e+02
4.140000000000000000e+02
4.140000000000000000e+02
4.140000000000000000e+02
4.140000000000000000e+02
4.140000000000000000e+02
4.220000000000000000e+02
4.220000000000000000e+02
4.520000000000000000e+02
4.520000000000000000e+02
4.520000000000000000e+02
4.520000000000000000e+02
4.520000000000000000e+02
4.570000000000000000e+02
4.610000000000000000e+02
4.610000000000000000e+02
4.610000000000000000e+02
4.610000000000000000e+02
4.610000000000000000e+02
4.610000000000000000e+02
4.610000000000000000e+02
4.630000000000000000e+02
4.630000000000000000e+02
4.630000000000000000e+02
4.800000000000000000e+02
4.800000000000000000e+02
4.800000000000000000e+02
4.840000000000000000e+02
4.840000000000000000e+02
4.910000000000000000e+02
4.910000000000000000e+02
4.910000000000000000e+02
4.910000000000000000e+02
4.910000000000000000e+02
4.930000000000000000e+02
4.930000000000000000e+02
4.930000000000000000e+02
4.930000000000000000e+02
5.180000000000000000e+02
5.180000000000000000e+02
5.180000000000000000e+02
5.270000000000000000e+02
5.270000000000000000e+02
5.510000000000000000e+02
5.510000000000000000e+02
5.580000000000000000e+02
5.580000000000000000e+02
5.580000000000000000e+02
5.660000000000000000e+02
5.660000000000000000e+02
5.770000000000000000e+02
5.770000000000000000e+02
5.770000000000000000e+02
5.770000000000000000e+02
5.770000000000000000e+02
5.940000000000000000e+02
6.320000000000000000e+02
6.320000000000000000e+02
6.320000000000000000e+02
6.490000000000000000e+02
6.490000000000000000e+02
6.490000000000000000e+02
6.560000000000000000e+02
6.560000000000000000e+02
7.110000000000000000e+02
7.110000000000000000e+02
7.110000000000000000e+02
7.110000000000000000e+02
7.110000000000000000e+02
7.410000000000000000e+02
7.410000000000000000e+02
7.540000000000000000e+02
7.540000000000000000e+02
8.070000000000000000e+02
8.320000000000000000e+02
8.770000000000000000e+02
9.510000000000000000e+02
9.920000000000000000e+02
9.920000000000000000e+02
1.039000000000000000e+03
1.039000000000000000e+03
1.220000000000000000e+03
1.252000000000000000e+03
1.320000000000000000e+03
1.320000000000000000e+03
1.320000000000000000e+03
1.320000000000000000e+03
1.363000000000000000e+03
1.363000000000000000e+03
1.445000000000000000e+03
1.445000000000000000e+03
1.556000000000000000e+03
1.556000000000000000e+03
1.556000000000000000e+03
1.556000000000000000e+03
1.596000000000000000e+03
1.596000000000000000e+03
1.805000000000000000e+03
1.877000000000000000e+03
1.877000000000000000e+03
1.877000000000000000e+03
1.877000000000000000e+03
1.877000000000000000e+03
1.910000000000000000e+03
1.913000000000000000e+03
1.940000000000000000e+03
1.940000000000000000e+03
1.940000000000000000e+03
1.950000000000000000e+03
1.970000000000000000e+03
2.085000000000000000e+03
2.085000000000000000e+03
2.135000000000000000e+03
2.135000000000000000e+03
2.135000000000000000e+03
2.135000000000000000e+03
2.267000000000000000e+03
2.309000000000000000e+03
2.309000000000000000e+03
2.326000000000000000e+03
2.326000000000000000e+03
2.326000000000000000e+03
2.326000000000000000e+03
2.401000000000000000e+03
2.418000000000000000e+03
2.429000000000000000e+03
2.429000000000000000e+03
2.429000000000000000e+03
2.429000000000000000e+03
2.566000000000000000e+03
2.566000000000000000e+03
2.627000000000000000e+03
2.675000000000000000e+03
2.685000000000000000e+03
2.685000000000000000e+03
2.685000000000000000e+03
2.703000000000000000e+03
2.773000000000000000e+03
2.789000000000000000e+03
2.826000000000000000e+03
2.847000000000000000e+03
2.847000000000000000e+03
2.847000000000000000e+03
2.866000000000000000e+03
2.884000000000000000e+03
2.892000000000000000e+03
2.913000000000000000e+03
2.922000000000000000e+03
2.944000000000000000e+03
2.944000000000000000e+03
2.944000000000000000e+03
2.944000000000000000e+03
2.988000000000000000e+03
3.009000000000000000e+03
3.038000000000000000e+03
3.038000000000000000e+03
3.038000000000000000e+03
3.055000000000000000e+03
3.062000000000000000e+03
3.078000000000000000e+03
3.095000000000000000e+03
3.118000000000000000e+03
3.118000000000000000e+03
3.118000000000000000e+03
3.118000000000000000e+03
3.118000000000000000e+03
3.183000000000000000e+03
3.192000000000000000e+03
3.208000000000000000e+03
3.208000000000000000e+03
3.208000000000000000e+03
3.251000000000000000e+03
3.279000000000000000e+03
3.285000000000000000e+03
3.308000000000000000e+03
3.334000000000000000e+03
3.334000000000000000e+03
3.334000000000000000e+03
3.340000000000000000e+03
3.363000000000000000e+03
3.374000000000000000e+03
3.393000000000000000e+03
3.447000000000000000e+03
3.447000000000000000e+03
3.447000000000000000e+03
3.466000000000000000e+03
3.469000000000000000e+03
3.479000000000000000e+03
3.486000000000000000e+03
3.491000000000000000e+03
3.491000000000000000e+03
3.491000000000000000e+03
3.537000000000000000e+03
3.548000000000000000e+03
3.564000000000000000e+03
3.597000000000000000e+03
3.605000000000000000e+03
3.605000000000000000e+03
3.605000000000000000e+03
3.640000000000000000e+03
3.640000000000000000e+03
3.659000000000000000e+03
3.671000000000000000e+03
3.671000000000000000e+03
3.671000000000000000e+03
3.671000000000000000e+03
3.673000000000000000e+03
3.681000000000000000e+03
3.707000000000000000e+03
3.734000000000000000e+03
3.742000000000000000e+03
3.742000000000000000e+03
3.742000000000000000e+03
3.754000000000000000e+03
3.818000000000000000e+03
3.822000000000000000e+03
3.822000000000000000e+03
3.822000000000000000e+03
3.844000000000000000e+03
3.844000000000000000e+03
3.868000000000000000e+03
3.879000000000000000e+03
3.887000000000000000e+03
3.906000000000000000e+03
3.921000000000000000e+03
3.932000000000000000e+03
3.932000000000000000e+03
3.932000000000000000e+03
3.948000000000000000e+03
3.988000000000000000e+03
4.010000000000000000e+03
4.022000000000000000e+03
4.061000000000000000e+03
4.061000000000000000e+03
4.094000000000000000e+03
4.117000000000000000e+03
4.145000000000000000e+03
4.145000000000000000e+03
4.427000000000000000e+03
4.427000000000000000e+03
4.427000000000000000e+03
4.499000000000000000e+03
4.597000000000000000e+03
4.690000000000000000e+03
4.766000000000000000e+03
4.848000000000000000e+03
4.848000000000000000e+03
4.848000000000000000e+03
4.981000000000000000e+03
5.012000000000000000e+03
5.108000000000000000e+03
5.194000000000000000e+03
5.285000000000000000e+03
5.336000000000000000e+03
5.362000000000000000e+03
5.421000000000000000e+03
5.508000000000000000e+03
5.603000000000000000e+03
5.664000000000000000e+03
5.720000000000000000e+03
5.780000000000000000e+03
5.780000000000000000e+03
5.884000000000000000e+03
5.936000000000000000e+03
6.009000000000000000e+03
6.028000000000000000e+03
6.051000000000000000e+03
6.074000000000000000e+03
6.088000000000000000e+03
6.127000000000000000e+03
6.188000000000000000e+03
6.224000000000000000e+03
6.242000000000000000e+03
6.259000000000000000e+03
6.277000000000000000e+03
6.284000000000000000e+03
6.284000000000000000e+03
6.327000000000000000e+03
6.347000000000000000e+03
6.382000000000000000e+03
6.402000000000000000e+03
6.402000000000000000e+03
6.402000000000000000e+03
6.442000000000000000e+03
6.450000000000000000e+03
6.473000000000000000e+03
6.480000000000000000e+03
6.491000000000000000e+03
6.495000000000000000e+03
6.495000000000000000e+03
6.506000000000000000e+03
6.517000000000000000e+03
6.539000000000000000e+03
6.544000000000000000e+03
6.545000000000000000e+03
6.547000000000000000e+03
6.547000000000000000e+03
