0.000000000000000000e+00
0.000000000000000000e+00
0.000000000000000000e+00
0.000000000000000000e+00
0.000000000000000000e+00
0.000000000000000000e+00
0.000000000000000000e+00
0.000000000000000000e+00
0.000000000000000000e+00
0.000000000000000000e+00
0.000000000000000000e+00
0.000000000000000000e+00
0.000000000000000000e+00
0.000000000000000000e+00
0.000000000000000000e+00
0.000000000000000000e+00
0.000000000000000000e+00
0.000000000000000000e+00
0.000000000000000000e+00
0.000000000000000000e+00
0.000000000000000000e+00
0.000000000000000000e+00
0.000000000000000000e+00
0.000000000000000000e+00
0.000000000000000000e+00
0.000000000000000000e+00
0.000000000000000000e+00
0.000000000000000000e+00
0.000000000000000000e+00
0.000000000000000000e+00
0.000000000000000000e+00
0.000000000000000000e+00
0.000000000000000000e+00
0.000000000000000000e+00
0.000000000000000000e+00
0.000000000000000000e+00
0.000000000000000000e+00
0.000000000000000000e+00
0.000000000000000000e+00
0.000000000000000000e+00
0.000000000000000000e+00
0.000000000000000000e+00
0.000000000000000000e+00
0.000000000000000000e+00
0.000000000000000000e+00
0.000000000000000000e+00
0.000000000000000000e+00
0.000000000000000000e+00
0.000000000000000000e+00
0.000000000000000000e+00
0.000000000000000000e+00
0.000000000000000000e+00
0.000000000000000000e+00
0.000000000000000000e+00
1.000000000000000000e+00
1.000000000000000000e+00
2.000000000000000000e+00
2.000000000000000000e+00
2.000000000000000000e+00
3.000000000000000000e+00
3.000000000000000000e+00
3.000000000000000000e+00
3.000000000000000000e+00
3.000000000000000000e+00
3.000000000000000000e+00
3.000000000000000000e+00
3.000000000000000000e+00
3.000000000000000000e+00
3.000000000000000000e+00
3.000000000000000000e+00
6.000000000000000000e+00
6.000000000000000000e+00
7.000000000000000000e+00
1.000000000000000000e+01
1.300000000000000000e+01
1.400000000000000000e+01
1.400000000000000000e+01
3.100000000000000000e+01
3.100000000000000000e+01
3.700000000000000000e+01
4.800000000000000000e+01
5.000000000000000000e+01
5.900000000000000000e+01
5.900000000000000000e+01
5.900000000000000000e+01
5.900000000000000000e+01
7.600000000000000000e+01
7.600000000000000000e+01
9.100000000000000000e+01
9.900000000000000000e+01
1.010000000000000000e+02
1.010000000000000000e+02
1.010000000000000000e+02
1.170000000000000000e+02
1.200000000000000000e+02
1.240000000000000000e+02
1.240000000000000000e+02
1.410000000000000000e+02
1.410000000000000000e+02
1.410000000000000000e+02
1.520000000000000000e+02
1.540000000000000000e+02
1.580000000000000000e+02
1.660000000000000000e+02
1.700000000000000000e+02
1.780000000000000000e+02
1.890000000000000000e+02
1.990000000000000000e+02
1.990000000000000000e+02
1.990000000000000000e+02
2.110000000000000000e+02
2.110000000000000000e+02
2.130000000000000000e+02
2.150000000000000000e+02
2.190000000000000000e+02
2.230000000000000000e+02
2.260000000000000000e+02
2.290000000000000000e+02
2.330000000000000000e+02
2.380000000000000000e+02
2.400000000000000000e+02
2.490000000000000000e+02
2.550000000000000000e+02
2.650000000000000000e+02
2.650000000000000000e+02
2.660000000000000000e+02
2.660000000000000000e+02
2.690000000000000000e+02
2.730000000000000000e+02
2.800000000000000000e+02
2.880000000000000000e+02
2.960000000000000000e+02
3.110000000000000000e+02
3.160000000000000000e+02
3.210000000000000000e+02
3.340000000000000000e+02
3.450000000000000000e+02
3.590000000000000000e+02
3.700000000000000000e+02
3.830000000000000000e+02
3.970000000000000000e+02
4.100000000000000000e+02
4.210000000000000000e+02
4.460000000000000000e+02
4.580000000000000000e+02
4.980000000000000000e+02
5.090000000000000000e+02
5.160000000000000000e+02
5.420000000000000000e+02
5.810000000000000000e+02
6.010000000000000000e+02
6.260000000000000000e+02
6.500000000000000000e+02
6.520000000000000000e+02
6.620000000000000000e+02
6.810000000000000000e+02
6.840000000000000000e+02
7.290000000000000000e+02
7.680000000000000000e+02
7.700000000000000000e+02
7.800000000000000000e+02
8.040000000000000000e+02
8.190000000000000000e+02
8.330000000000000000e+02
8.690000000000000000e+02
8.740000000000000000e+02
8.910000000000000000e+02
9.170000000000000000e+02
9.260000000000000000e+02
9.570000000000000000e+02
9.630000000000000000e+02
9.980000000000000000e+02
1.010000000000000000e+03
1.024000000000000000e+03
1.024000000000000000e+03
1.056000000000000000e+03
1.070000000000000000e+03
1.085000000000000000e+03
1.088000000000000000e+03
1.091000000000000000e+03
1.107000000000000000e+03
1.108000000000000000e+03
1.114000000000000000e+03
1.117000000000000000e+03
1.135000000000000000e+03
1.155000000000000000e+03
1.162000000000000000e+03
1.167000000000000000e+03
1.177000000000000000e+03
1.179000000000000000e+03
1.181000000000000000e+03
1.186000000000000000e+03
1.189000000000000000e+03
1.207000000000000000e+03
1.214000000000000000e+03
1.216000000000000000e+03
1.221000000000000000e+03
1.224000000000000000e+03
1.230000000000000000e+03
1.234000000000000000e+03
1.237000000000000000e+03
1.240000000000000000e+03
1.250000000000000000e+03
1.252000000000000000e+03
1.252000000000000000e+03
1.252000000000000000e+03
1.257000000000000000e+03
1.257000000000000000e+03
1.277000000000000000e+03
1.282000000000000000e+03
1.282000000000000000e+03
1.284000000000000000e+03
1.285000000000000000e+03
1.286000000000000000e+03
1.286000000000000000e+03
1.290000000000000000e+03
1.295000000000000000e+03
1.298000000000000000e+03
1.298000000000000000e+03
1.298000000000000000e+03
1.304000000000000000e+03
1.304000000000000000e+03
1.304000000000000000e+03
1.305000000000000000e+03
1.305000000000000000e+03
1.306000000000000000e+03
1.306000000000000000e+03
1.306000000000000000e+03
1.307000000000000000e+03
1.311000000000000000e+03
1.311000000000000000e+03
1.313000000000000000e+03
1.315000000000000000e+03
1.315000000000000000e+03
1.316000000000000000e+03
1.319000000000000000e+03
1.321000000000000000e+03
1.327000000000000000e+03
1.332000000000000000e+03
1.333000000000000000e+03
1.334000000000000000e+03
1.335000000000000000e+03
1.335000000000000000e+03
1.336000000000000000e+03
1.336000000000000000e+03
1.337000000000000000e+03
1.338000000000000000e+03
1.338000000000000000e+03
1.338000000000000000e+03
1.339000000000000000e+03
1.342000000000000000e+03
1.343000000000000000e+03
1.343000000000000000e+03
1.343000000000000000e+03
1.346000000000000000e+03
1.347000000000000000e+03
1.348000000000000000e+03
1.354000000000000000e+03
1.354000000000000000e+03
1.355000000000000000e+03
1.360000000000000000e+03
1.360000000000000000e+03
1.363000000000000000e+03
1.363000000000000000e+03
1.371000000000000000e+03
1.371000000000000000e+03
1.372000000000000000e+03
1.374000000000000000e+03
1.377000000000000000e+03
1.377000000000000000e+03
1.377000000000000000e+03
1.381000000000000000e+03
1.384000000000000000e+03
1.385000000000000000e+03
1.385000000000000000e+03
1.393000000000000000e+03
1.393000000000000000e+03
1.393000000000000000e+03
1.416000000000000000e+03
1.419000000000000000e+03
1.419000000000000000e+03
1.426000000000000000e+03
1.426000000000000000e+03
1.426000000000000000e+03
1.426000000000000000e+03
1.436000000000000000e+03
1.436000000000000000e+03
1.438000000000000000e+03
1.440000000000000000e+03
1.442000000000000000e+03
1.442000000000000000e+03
1.442000000000000000e+03
1.452000000000000000e+03
1.461000000000000000e+03
1.461000000000000000e+03
1.468000000000000000e+03
1.491000000000000000e+03
1.498000000000000000e+03
1.507000000000000000e+03
1.512000000000000000e+03
1.512000000000000000e+03
1.528000000000000000e+03
1.539000000000000000e+03
1.551000000000000000e+03
1.551000000000000000e+03
1.551000000000000000e+03
1.551000000000000000e+03
1.551000000000000000e+03
1.578000000000000000e+03
1.591000000000000000e+03
1.595000000000000000e+03
1.595000000000000000e+03
1.595000000000000000e+03
1.595000000000000000e+03
1.595000000000000000e+03
1.595000000000000000e+03
1.663000000000000000e+03
1.676000000000000000e+03
1.676000000000000000e+03
1.676000000000000000e+03
1.676000000000000000e+03
1.676000000000000000e+03
1.676000000000000000e+03
1.676000000000000000e+03
1.676000000000000000e+03
1.676000000000000000e+03
1.676000000000000000e+03
1.676000000000000000e+03
1.676000000000000000e+03
1.773000000000000000e+03
1.779000000000000000e+03
1.779000000000000000e+03
1.779000000000000000e+03
1.779000000000000000e+03
1.779000000000000000e+03
1.779000000000000000e+03
1.779000000000000000e+03
1.779000000000000000e+03
1.779000000000000000e+03
1.779000000000000000e+03
1.779000000000000000e+03
1.779000000000000000e+03
1.779000000000000000e+03
1.779000000000000000e+03
1.779000000000000000e+03
1.779000000000000000e+03
1.779000000000000000e+03
1.779000000000000000e+03
1.779000000000000000e+03
1.779000000000000000e+03
1.779000000000000000e+03
1.779000000000000000e+03
1.779000000000000000e+03
1.779000000000000000e+03
1.779000000000000000e+03
1.779000000000000000e+03
1.876000000000000000e+03
1.877000000000000000e+03
1.878000000000000000e+03
1.882000000000000000e+03
1.887000000000000000e+03
1.887000000000000000e+03
1.896000000000000000e+03
1.898000000000000000e+03
1.901000000000000000e+03
1.901000000000000000e+03
1.912000000000000000e+03
1.914000000000000000e+03
1.914000000000000000e+03
1.927000000000000000e+03
1.932000000000000000e+03
1.936000000000000000e+03
1.936000000000000000e+03
1.939000000000000000e+03
1.939000000000000000e+03
1.939000000000000000e+03
1.944000000000000000e+03
1.944000000000000000e+03
1.945000000000000000e+03
1.945000000000000000e+03
1.956000000000000000e+03
1.956000000000000000e+03
1.956000000000000000e+03
1.956000000000000000e+03
1.956000000000000000e+03
1.956000000000000000e+03
1.956000000000000000e+03
1.956000000000000000e+03
1.956000000000000000e+03
1.956000000000000000e+03
1.985000000000000000e+03
1.985000000000000000e+03
1.985000000000000000e+03
1.985000000000000000e+03
1.988000000000000000e+03
1.988000000000000000e+03
1.988000000000000000e+03
1.996000000000000000e+03
1.998000000000000000e+03
2.002000000000000000e+03
2.009000000000000000e+03
2.010000000000000000e+03
2.010000000000000000e+03
2.014000000000000000e+03
2.014000000000000000e+03
2.014000000000000000e+03
2.017000000000000000e+03
2.017000000000000000e+03
2.023000000000000000e+03
2.024000000000000000e+03
2.024000000000000000e+03
2.024000000000000000e+03
2.026000000000000000e+03
2.026000000000000000e+03
2.026000000000000000e+03
2.030000000000000000e+03
2.030000000000000000e+03
2.030000000000000000e+03
2.030000000000000000e+03
2.030000000000000000e+03
2.042000000000000000e+03
2.042000000000000000e+03
2.042000000000000000e+03
2.042000000000000000e+03
2.042000000000000000e+03
2.042000000000000000e+03
2.042000000000000000e+03
2.042000000000000000e+03
2.042000000000000000e+03
2.042000000000000000e+03
2.042000000000000000e+03
2.042000000000000000e+03
2.042000000000000000e+03
2.042000000000000000e+03
2.042000000000000000e+03
2.042000000000000000e+03
2.042000000000000000e+03
2.042000000000000000e+03
2.042000000000000000e+03
2.042000000000000000e+03
2.042000000000000000e+03
2.042000000000000000e+03
2.042000000000000000e+03
2.042000000000000000e+03
2.042000000000000000e+03
2.042000000000000000e+03
2.042000000000000000e+03
2.042000000000000000e+03
2.042000000000000000e+03
2.042000000000000000e+03
2.042000000000000000e+03
2.042000000000000000e+03
2.042000000000000000e+03
2.042000000000000000e+03
2.042000000000000000e+03
2.091000000000000000e+03
2.091000000000000000e+03
2.097000000000000000e+03
2.097000000000000000e+03
2.097000000000000000e+03
2.098000000000000000e+03
2.098000000000000000e+03
2.099000000000000000e+03
2.099000000000000000e+03
2.099000000000000000e+03
2.099000000000000000e+03
2.099000000000000000e+03
2.110000000000000000e+03
2.110000000000000000e+03
2.113000000000000000e+03
2.113000000000000000e+03
2.114000000000000000e+03
2.114000000000000000e+03
2.114000000000000000e+03
2.114000000000000000e+03
2.114000000000000000e+03
2.114000000000000000e+03
2.114000000000000000e+03
2.114000000000000000e+03
2.114000000000000000e+03
2.114000000000000000e+03
2.114000000000000000e+03
2.131000000000000000e+03
2.142000000000000000e+03
2.142000000000000000e+03
2.142000000000000000e+03
2.142000000000000000e+03
2.142000000000000000e+03
2.161000000000000000e+03
2.161000000000000000e+03
2.174000000000000000e+03
2.174000000000000000e+03
2.179000000000000000e+03
2.179000000000000000e+03
2.179000000000000000e+03
2.191000000000000000e+03
2.210000000000000000e+03
2.219000000000000000e+03
2.219000000000000000e+03
2.250000000000000000e+03
2.250000000000000000e+03
2.250000000000000000e+03
2.290000000000000000e+03
2.290000000000000000e+03
2.382000000000000000e+03
2.382000000000000000e+03
2.484000000000000000e+03
2.484000000000000000e+03
2.535000000000000000e+03
2.575000000000000000e+03
2.575000000000000000e+03
2.729000000000000000e+03
2.796000000000000000e+03
2.834000000000000000e+03
2.834000000000000000e+03
2.995000000000000000e+03
3.109000000000000000e+03
3.109000000000000000e+03
3.265000000000000000e+03
3.265000000000000000e+03
3.374000000000000000e+03
3.529000000000000000e+03
3.736000000000000000e+03
3.794000000000000000e+03
3.900000000000000000e+03
4.093000000000000000e+03
4.304000000000000000e+03
4.520000000000000000e+03
4.520000000000000000e+03
4.520000000000000000e+03
4.918000000000000000e+03
4.918000000000000000e+03
4.994000000000000000e+03
4.994000000000000000e+03
5.080000000000000000e+03
5.102000000000000000e+03
5.102000000000000000e+03
5.215000000000000000e+03
5.215000000000000000e+03
5.276000000000000000e+03
5.306000000000000000e+03
5.306000000000000000e+03
5.315000000000000000e+03
5.396000000000000000e+03
5.396000000000000000e+03
5.396000000000000000e+03
5.396000000000000000e+03
5.396000000000000000e+03
5.396000000000000000e+03
5.396000000000000000e+03
5.396000000000000000e+03
5.396000000000000000e+03
5.396000000000000000e+03
5.396000000000000000e+03
5.396000000000000000e+03
5.396000000000000000e+03
5.396000000000000000e+03
5.396000000000000000e+03
