0.000000000000000000e+00
0.000000000000000000e+00
0.000000000000000000e+00
0.000000000000000000e+00
0.000000000000000000e+00
0.000000000000000000e+00
0.000000000000000000e+00
0.000000000000000000e+00
0.000000000000000000e+00
0.000000000000000000e+00
0.000000000000000000e+00
0.000000000000000000e+00
0.000000000000000000e+00
0.000000000000000000e+00
0.000000000000000000e+00
0.000000000000000000e+00
0.000000000000000000e+00
0.000000000000000000e+00
0.000000000000000000e+00
0.000000000000000000e+00
0.000000000000000000e+00
0.000000000000000000e+00
0.000000000000000000e+00
0.000000000000000000e+00
0.000000000000000000e+00
0.000000000000000000e+00
0.000000000000000000e+00
0.000000000000000000e+00
0.000000000000000000e+00
0.000000000000000000e+00
0.000000000000000000e+00
0.000000000000000000e+00
0.000000000000000000e+00
0.000000000000000000e+00
0.000000000000000000e+00
0.000000000000000000e+00
1.000000000000000000e+00
1.000000000000000000e+00
3.000000000000000000e+00
4.000000000000000000e+00
4.000000000000000000e+00
6.000000000000000000e+00
1.100000000000000000e+01
1.100000000000000000e+01
2.400000000000000000e+01
2.400000000000000000e+01
3.700000000000000000e+01
9.200000000000000000e+01
2.640000000000000000e+02
4.440000000000000000e+02
6.170000000000000000e+02
8.040000000000000000e+02
8.360000000000000000e+02
8.750000000000000000e+02
9.330000000000000000e+02
1.025000000000000000e+03
1.116000000000000000e+03
1.225000000000000000e+03
1.337000000000000000e+03
1.420000000000000000e+03
1.514000000000000000e+03
1.572000000000000000e+03
1.718000000000000000e+03
1.862000000000000000e+03
2.023000000000000000e+03
2.200000000000000000e+03
2.366000000000000000e+03
2.564000000000000000e+03
2.755000000000000000e+03
3.039000000000000000e+03
3.290000000000000000e+03
3.573000000000000000e+03
3.946000000000000000e+03
4.269000000000000000e+03
4.561000000000000000e+03
4.875000000000000000e+03
5.266000000000000000e+03
5.597000000000000000e+03
5.830000000000000000e+03
6.014000000000000000e+03
6.191000000000000000e+03
6.369000000000000000e+03
6.513000000000000000e+03
6.706000000000000000e+03
6.876000000000000000e+03
7.074000000000000000e+03
7.268000000000000000e+03
7.437000000000000000e+03
7.580000000000000000e+03
7.711000000000000000e+03
7.891000000000000000e+03
8.108000000000000000e+03
8.271000000000000000e+03
8.408000000000000000e+03
8.643000000000000000e+03
8.773000000000000000e+03
8.896000000000000000e+03
9.049000000000000000e+03
9.206000000000000000e+03
9.356000000000000000e+03
9.509000000000000000e+03
9.605000000000000000e+03
9.721000000000000000e+03
9.868000000000000000e+03
1.001900000000000000e+04
1.013600000000000000e+04
1.028100000000000000e+04
1.041600000000000000e+04
1.051700000000000000e+04
1.062700000000000000e+04
1.071100000000000000e+04
1.078900000000000000e+04
1.086500000000000000e+04
1.091100000000000000e+04
1.098900000000000000e+04
1.105600000000000000e+04
1.112500000000000000e+04
1.116600000000000000e+04
1.124200000000000000e+04
1.131500000000000000e+04
1.138000000000000000e+04
1.142800000000000000e+04
1.148700000000000000e+04
1.155900000000000000e+04
1.158600000000000000e+04
1.162700000000000000e+04
1.168000000000000000e+04
1.171200000000000000e+04
1.179300000000000000e+04
1.183300000000000000e+04
1.186900000000000000e+04
1.189900000000000000e+04
1.193400000000000000e+04
1.197100000000000000e+04
1.201100000000000000e+04
1.207500000000000000e+04
1.212400000000000000e+04
1.214800000000000000e+04
1.216200000000000000e+04
1.220100000000000000e+04
1.221600000000000000e+04
1.223500000000000000e+04
1.229900000000000000e+04
1.233900000000000000e+04
1.239300000000000000e+04
1.241700000000000000e+04
1.245000000000000000e+04
1.249400000000000000e+04
1.254400000000000000e+04
1.259100000000000000e+04
1.259100000000000000e+04
1.259100000000000000e+04
1.272700000000000000e+04
1.276100000000000000e+04
1.281500000000000000e+04
1.283600000000000000e+04
1.287500000000000000e+04
1.287500000000000000e+04
1.287500000000000000e+04
1.295100000000000000e+04
1.296800000000000000e+04
1.299400000000000000e+04
1.301500000000000000e+04
1.303200000000000000e+04
1.303200000000000000e+04
1.303300000000000000e+04
1.307900000000000000e+04
1.308900000000000000e+04
1.310100000000000000e+04
1.311700000000000000e+04
1.314700000000000000e+04
1.314700000000000000e+04
1.314700000000000000e+04
1.323800000000000000e+04
1.326200000000000000e+04
1.329300000000000000e+04
1.332500000000000000e+04
1.337400000000000000e+04
1.337400000000000000e+04
1.337700000000000000e+04
1.346600000000000000e+04
1.350600000000000000e+04
1.355400000000000000e+04
1.359400000000000000e+04
1.364200000000000000e+04
1.364300000000000000e+04
1.366500000000000000e+04
1.377500000000000000e+04
1.381100000000000000e+04
1.386800000000000000e+04
1.396400000000000000e+04
1.402800000000000000e+04
1.402800000000000000e+04
1.402800000000000000e+04
1.423500000000000000e+04
1.431400000000000000e+04
1.444000000000000000e+04
1.458600000000000000e+04
1.474700000000000000e+04
1.475100000000000000e+04
1.475900000000000000e+04
1.513500000000000000e+04
1.529100000000000000e+04
1.542300000000000000e+04
1.559000000000000000e+04
1.575800000000000000e+04
1.586700000000000000e+04
1.600300000000000000e+04
1.612700000000000000e+04
1.624600000000000000e+04
1.633600000000000000e+04
1.645300000000000000e+04
1.652500000000000000e+04
1.663700000000000000e+04
1.671500000000000000e+04
1.682100000000000000e+04
1.690500000000000000e+04
1.696200000000000000e+04
1.705200000000000000e+04
1.712500000000000000e+04
1.720400000000000000e+04
1.731600000000000000e+04
1.741000000000000000e+04
1.750900000000000000e+04
1.762000000000000000e+04
1.780000000000000000e+04
1.797400000000000000e+04
1.816300000000000000e+04
1.831000000000000000e+04
1.854000000000000000e+04
1.878400000000000000e+04
1.903600000000000000e+04
1.935300000000000000e+04
1.964600000000000000e+04
1.998900000000000000e+04
2.032700000000000000e+04
2.067400000000000000e+04
2.101300000000000000e+04
2.101300000000000000e+04
2.183600000000000000e+04
2.229100000000000000e+04
2.288100000000000000e+04
2.335300000000000000e+04
2.377400000000000000e+04
2.426100000000000000e+04
2.482200000000000000e+04
2.538500000000000000e+04
2.606600000000000000e+04
2.668700000000000000e+04
2.711100000000000000e+04
2.754600000000000000e+04
2.794100000000000000e+04
2.847900000000000000e+04
2.888200000000000000e+04
2.941800000000000000e+04
2.978900000000000000e+04
3.016800000000000000e+04
3.054600000000000000e+04
3.086800000000000000e+04
3.120100000000000000e+04
3.164800000000000000e+04
3.213100000000000000e+04
3.257500000000000000e+04
3.291500000000000000e+04
3.330400000000000000e+04
3.359400000000000000e+04
3.408700000000000000e+04
3.451900000000000000e+04
3.493900000000000000e+04
3.544000000000000000e+04
3.589300000000000000e+04
3.634500000000000000e+04
3.687700000000000000e+04
3.750700000000000000e+04
3.827000000000000000e+04
3.912900000000000000e+04
3.991800000000000000e+04
4.086300000000000000e+04
4.191900000000000000e+04
4.266800000000000000e+04
4.368500000000000000e+04
4.454500000000000000e+04
4.573600000000000000e+04
4.686300000000000000e+04
4.781100000000000000e+04
4.875300000000000000e+04
5.010600000000000000e+04
5.104200000000000000e+04
5.226500000000000000e+04
5.369200000000000000e+04
5.474200000000000000e+04
5.563500000000000000e+04
5.640600000000000000e+04
5.747200000000000000e+04
5.846600000000000000e+04
5.947800000000000000e+04
6.051500000000000000e+04
6.159300000000000000e+04
6.265200000000000000e+04
6.384700000000000000e+04
6.506700000000000000e+04
6.632400000000000000e+04
6.762100000000000000e+04
6.887800000000000000e+04
7.015200000000000000e+04
7.100300000000000000e+04
7.217200000000000000e+04
7.353900000000000000e+04
7.472200000000000000e+04
7.591300000000000000e+04
7.723600000000000000e+04
7.887400000000000000e+04
7.987200000000000000e+04
8.100200000000000000e+04
8.247000000000000000e+04
8.405600000000000000e+04
8.566300000000000000e+04
8.726600000000000000e+04
8.938200000000000000e+04
9.113100000000000000e+04
9.317700000000000000e+04
9.533200000000000000e+04
9.789500000000000000e+04
1.010270000000000000e+05
1.041030000000000000e+05
1.076600000000000000e+05
1.103050000000000000e+05
1.136420000000000000e+05
1.166360000000000000e+05
1.203300000000000000e+05
1.243660000000000000e+05
1.288740000000000000e+05
1.321640000000000000e+05
1.349990000000000000e+05
1.382040000000000000e+05
1.407500000000000000e+05
1.440530000000000000e+05
1.469270000000000000e+05
1.499260000000000000e+05
1.517640000000000000e+05
1.539520000000000000e+05
1.564340000000000000e+05
1.590740000000000000e+05
1.618620000000000000e+05
1.641160000000000000e+05
1.665670000000000000e+05
1.681820000000000000e+05
1.693580000000000000e+05
1.714360000000000000e+05
1.734330000000000000e+05
1.756630000000000000e+05
1.775070000000000000e+05
1.791700000000000000e+05
1.809150000000000000e+05
1.821610000000000000e+05
1.834000000000000000e+05
1.844760000000000000e+05
1.858350000000000000e+05
1.858360000000000000e+05
1.879980000000000000e+05
1.888780000000000000e+05
1.897670000000000000e+05
1.905740000000000000e+05
1.912990000000000000e+05
1.921870000000000000e+05
1.929470000000000000e+05
1.937200000000000000e+05
1.945990000000000000e+05
1.953530000000000000e+05
1.959780000000000000e+05
1.966320000000000000e+05
1.972240000000000000e+05
1.978920000000000000e+05
1.983480000000000000e+05
1.987790000000000000e+05
1.991560000000000000e+05
1.996440000000000000e+05
2.000410000000000000e+05
2.004660000000000000e+05
2.010200000000000000e+05
2.014580000000000000e+05
2.018710000000000000e+05
2.023070000000000000e+05
2.027370000000000000e+05
2.031040000000000000e+05
2.035740000000000000e+05
2.040520000000000000e+05
2.044800000000000000e+05
2.047540000000000000e+05
2.050490000000000000e+05
2.054860000000000000e+05
2.058710000000000000e+05
2.062850000000000000e+05
2.067530000000000000e+05
2.073050000000000000e+05
2.077690000000000000e+05
2.082650000000000000e+05
2.087150000000000000e+05
2.092440000000000000e+05
2.097670000000000000e+05
2.103700000000000000e+05
2.109000000000000000e+05
2.114200000000000000e+05
2.118830000000000000e+05
2.123800000000000000e+05
2.129120000000000000e+05
2.134860000000000000e+05
2.140070000000000000e+05
2.146210000000000000e+05
2.150150000000000000e+05
2.155280000000000000e+05
2.159550000000000000e+05
2.164820000000000000e+05
2.184890000000000000e+05
2.193510000000000000e+05
2.199960000000000000e+05
2.206090000000000000e+05
2.211510000000000000e+05
2.217630000000000000e+05
2.225340000000000000e+05
2.233210000000000000e+05
2.241070000000000000e+05
2.249500000000000000e+05
2.255400000000000000e+05
2.261970000000000000e+05
2.274690000000000000e+05
2.277230000000000000e+05
2.257220000000000000e+05
2.265360000000000000e+05
2.273250000000000000e+05
2.277410000000000000e+05
2.287050000000000000e+05
2.293840000000000000e+05
2.305940000000000000e+05
2.312950000000000000e+05
2.319570000000000000e+05
2.326650000000000000e+05
2.334100000000000000e+05
2.340100000000000000e+05
2.344890000000000000e+05
2.350090000000000000e+05
2.356230000000000000e+05
2.363400000000000000e+05
2.370380000000000000e+05
2.377930000000000000e+05
2.384840000000000000e+05
2.389980000000000000e+05
2.395610000000000000e+05
2.402250000000000000e+05
2.410230000000000000e+05
2.417000000000000000e+05
2.424240000000000000e+05
2.433260000000000000e+05
2.440670000000000000e+05
2.447590000000000000e+05
2.455620000000000000e+05
2.464550000000000000e+05
2.471570000000000000e+05
2.477040000000000000e+05
2.483160000000000000e+05
2.490200000000000000e+05
2.496440000000000000e+05
2.504790000000000000e+05
2.512480000000000000e+05
2.512490000000000000e+05
2.527400000000000000e+05
2.536070000000000000e+05
2.543680000000000000e+05
2.551780000000000000e+05
2.551810000000000000e+05
2.571810000000000000e+05
2.582040000000000000e+05
2.588810000000000000e+05
2.597550000000000000e+05
2.606870000000000000e+05
2.616130000000000000e+05
2.628590000000000000e+05
2.642140000000000000e+05
2.651650000000000000e+05
2.662400000000000000e+05
2.672040000000000000e+05
2.680400000000000000e+05
2.689560000000000000e+05
2.700470000000000000e+05
2.712610000000000000e+05
2.726130000000000000e+05
2.733660000000000000e+05
2.742040000000000000e+05
2.751390000000000000e+05
2.759350000000000000e+05
2.770110000000000000e+05
2.781360000000000000e+05
2.791390000000000000e+05
2.801830000000000000e+05
2.811410000000000000e+05
2.819850000000000000e+05
2.828960000000000000e+05
2.838520000000000000e+05
2.848880000000000000e+05
2.858230000000000000e+05
2.864200000000000000e+05
2.872750000000000000e+05
2.877350000000000000e+05
2.881150000000000000e+05
2.890240000000000000e+05
2.895010000000000000e+05
2.899190000000000000e+05
2.903580000000000000e+05
2.906740000000000000e+05
2.909120000000000000e+05
2.911390000000000000e+05
2.914920000000000000e+05
2.918240000000000000e+05
2.920290000000000000e+05
2.922730000000000000e+05
2.924670000000000000e+05
2.926180000000000000e+05
2.927750000000000000e+05
2.929990000000000000e+05
2.931720000000000000e+05
2.933940000000000000e+05
2.935900000000000000e+05
2.937650000000000000e+05
2.939160000000000000e+05
2.941620000000000000e+05
2.945030000000000000e+05
2.949800000000000000e+05
2.953060000000000000e+05
2.957560000000000000e+05
2.961480000000000000e+05
2.964890000000000000e+05
2.970400000000000000e+05
2.977390000000000000e+05
2.984110000000000000e+05
2.989700000000000000e+05
2.995110000000000000e+05
3.001460000000000000e+05
3.010060000000000000e+05
3.020810000000000000e+05
3.032910000000000000e+05
3.044390000000000000e+05
3.054120000000000000e+05
3.064520000000000000e+05
3.071030000000000000e+05
3.079580000000000000e+05
3.087880000000000000e+05
3.096470000000000000e+05
3.104620000000000000e+05
3.111700000000000000e+05
3.119350000000000000e+05
3.125820000000000000e+05
3.133540000000000000e+05
3.139220000000000000e+05
3.152230000000000000e+05
3.160800000000000000e+05
3.171680000000000000e+05
3.179090000000000000e+05
3.188070000000000000e+05
