0.000000000000000000e+00
0.000000000000000000e+00
0.000000000000000000e+00
0.000000000000000000e+00
0.000000000000000000e+00
0.000000000000000000e+00
0.000000000000000000e+00
0.000000000000000000e+00
0.000000000000000000e+00
0.000000000000000000e+00
0.000000000000000000e+00
0.000000000000000000e+00
0.000000000000000000e+00
0.000000000000000000e+00
0.000000000000000000e+00
0.000000000000000000e+00
0.000000000000000000e+00
0.000000000000000000e+00
0.000000000000000000e+00
0.000000000000000000e+00
0.000000000000000000e+00
0.000000000000000000e+00
0.000000000000000000e+00
0.000000000000000000e+00
0.000000000000000000e+00
0.000000000000000000e+00
0.000000000000000000e+00
0.000000000000000000e+00
0.000000000000000000e+00
0.000000000000000000e+00
0.000000000000000000e+00
0.000000000000000000e+00
0.000000000000000000e+00
0.000000000000000000e+00
0.000000000000000000e+00
0.000000000000000000e+00
1.000000000000000000e+00
0.000000000000000000e+00
2.000000000000000000e+00
1.000000000000000000e+00
0.000000000000000000e+00
2.000000000000000000e+00
5.000000000000000000e+00
0.000000000000000000e+00
1.300000000000000000e+01
0.000000000000000000e+00
1.300000000000000000e+01
5.500000000000000000e+01
1.720000000000000000e+02
1.800000000000000000e+02
1.730000000000000000e+02
1.870000000000000000e+02
3.200000000000000000e+01
3.900000000000000000e+01
5.800000000000000000e+01
9.200000000000000000e+01
9.100000000000000000e+01
1.090000000000000000e+02
1.120000000000000000e+02
8.300000000000000000e+01
9.400000000000000000e+01
5.800000000000000000e+01
1.460000000000000000e+02
1.440000000000000000e+02
1.610000000000000000e+02
1.770000000000000000e+02
1.660000000000000000e+02
1.980000000000000000e+02
1.910000000000000000e+02
2.840000000000000000e+02
2.510000000000000000e+02
2.830000000000000000e+02
3.730000000000000000e+02
3.230000000000000000e+02
2.920000000000000000e+02
3.140000000000000000e+02
3.910000000000000000e+02
3.310000000000000000e+02
2.330000000000000000e+02
1.840000000000000000e+02
1.770000000000000000e+02
1.780000000000000000e+02
1.440000000000000000e+02
1.930000000000000000e+02
1.700000000000000000e+02
1.980000000000000000e+02
1.940000000000000000e+02
1.690000000000000000e+02
1.430000000000000000e+02
1.310000000000000000e+02
1.800000000000000000e+02
2.170000000000000000e+02
1.630000000000000000e+02
1.370000000000000000e+02
2.350000000000000000e+02
1.300000000000000000e+02
1.230000000000000000e+02
1.530000000000000000e+02
1.570000000000000000e+02
1.500000000000000000e+02
1.530000000000000000e+02
9.600000000000000000e+01
1.160000000000000000e+02
1.470000000000000000e+02
1.510000000000000000e+02
1.170000000000000000e+02
1.450000000000000000e+02
1.350000000000000000e+02
1.010000000000000000e+02
1.100000000000000000e+02
8.400000000000000000e+01
7.800000000000000000e+01
7.600000000000000000e+01
4.600000000000000000e+01
7.800000000000000000e+01
6.700000000000000000e+01
6.900000000000000000e+01
4.100000000000000000e+01
7.600000000000000000e+01
7.300000000000000000e+01
6.500000000000000000e+01
4.800000000000000000e+01
5.900000000000000000e+01
7.200000000000000000e+01
2.700000000000000000e+01
4.100000000000000000e+01
5.300000000000000000e+01
3.200000000000000000e+01
8.100000000000000000e+01
4.000000000000000000e+01
3.600000000000000000e+01
3.000000000000000000e+01
3.500000000000000000e+01
3.700000000000000000e+01
4.000000000000000000e+01
6.400000000000000000e+01
4.900000000000000000e+01
2.400000000000000000e+01
1.400000000000000000e+01
3.900000000000000000e+01
1.500000000000000000e+01
1.900000000000000000e+01
6.400000000000000000e+01
4.000000000000000000e+01
5.400000000000000000e+01
2.400000000000000000e+01
3.300000000000000000e+01
4.400000000000000000e+01
5.000000000000000000e+01
4.700000000000000000e+01
0.000000000000000000e+00
0.000000000000000000e+00
1.360000000000000000e+02
3.400000000000000000e+01
5.400000000000000000e+01
2.100000000000000000e+01
3.900000000000000000e+01
0.000000000000000000e+00
0.000000000000000000e+00
7.600000000000000000e+01
1.700000000000000000e+01
2.600000000000000000e+01
2.100000000000000000e+01
1.700000000000000000e+01
0.000000000000000000e+00
1.000000000000000000e+00
4.600000000000000000e+01
1.000000000000000000e+01
1.200000000000000000e+01
1.600000000000000000e+01
3.000000000000000000e+01
0.000000000000000000e+00
0.000000000000000000e+00
9.100000000000000000e+01
2.400000000000000000e+01
3.100000000000000000e+01
3.200000000000000000e+01
4.900000000000000000e+01
0.000000000000000000e+00
3.000000000000000000e+00
8.900000000000000000e+01
4.000000000000000000e+01
4.800000000000000000e+01
4.000000000000000000e+01
4.800000000000000000e+01
1.000000000000000000e+00
2.200000000000000000e+01
1.100000000000000000e+02
3.600000000000000000e+01
5.700000000000000000e+01
9.600000000000000000e+01
6.400000000000000000e+01
0.000000000000000000e+00
0.000000000000000000e+00
2.070000000000000000e+02
7.900000000000000000e+01
1.260000000000000000e+02
1.460000000000000000e+02
1.610000000000000000e+02
4.000000000000000000e+00
8.000000000000000000e+00
3.760000000000000000e+02
1.560000000000000000e+02
1.320000000000000000e+02
1.670000000000000000e+02
1.680000000000000000e+02
1.090000000000000000e+02
1.360000000000000000e+02
1.240000000000000000e+02
1.190000000000000000e+02
9.000000000000000000e+01
1.170000000000000000e+02
7.200000000000000000e+01
1.120000000000000000e+02
7.800000000000000000e+01
1.060000000000000000e+02
8.400000000000000000e+01
5.700000000000000000e+01
9.000000000000000000e+01
7.300000000000000000e+01
7.900000000000000000e+01
1.120000000000000000e+02
9.400000000000000000e+01
9.900000000000000000e+01
1.110000000000000000e+02
1.800000000000000000e+02
1.740000000000000000e+02
1.890000000000000000e+02
1.470000000000000000e+02
2.300000000000000000e+02
2.440000000000000000e+02
2.520000000000000000e+02
3.170000000000000000e+02
2.930000000000000000e+02
3.430000000000000000e+02
3.380000000000000000e+02
3.470000000000000000e+02
3.390000000000000000e+02
0.000000000000000000e+00
8.230000000000000000e+02
4.550000000000000000e+02
5.900000000000000000e+02
4.720000000000000000e+02
4.210000000000000000e+02
4.870000000000000000e+02
5.610000000000000000e+02
5.630000000000000000e+02
6.810000000000000000e+02
6.210000000000000000e+02
4.240000000000000000e+02
4.350000000000000000e+02
3.950000000000000000e+02
5.380000000000000000e+02
4.030000000000000000e+02
5.360000000000000000e+02
3.710000000000000000e+02
3.790000000000000000e+02
3.780000000000000000e+02
3.220000000000000000e+02
3.330000000000000000e+02
4.470000000000000000e+02
4.830000000000000000e+02
4.440000000000000000e+02
3.400000000000000000e+02
3.890000000000000000e+02
2.900000000000000000e+02
4.930000000000000000e+02
4.320000000000000000e+02
4.200000000000000000e+02
5.010000000000000000e+02
4.530000000000000000e+02
4.520000000000000000e+02
5.320000000000000000e+02
6.300000000000000000e+02
7.630000000000000000e+02
8.590000000000000000e+02
7.890000000000000000e+02
9.450000000000000000e+02
1.056000000000000000e+03
7.490000000000000000e+02
1.017000000000000000e+03
8.600000000000000000e+02
1.191000000000000000e+03
1.127000000000000000e+03
9.480000000000000000e+02
9.420000000000000000e+02
1.353000000000000000e+03
9.360000000000000000e+02
1.223000000000000000e+03
1.427000000000000000e+03
1.050000000000000000e+03
8.930000000000000000e+02
7.710000000000000000e+02
1.066000000000000000e+03
9.940000000000000000e+02
1.012000000000000000e+03
1.037000000000000000e+03
1.078000000000000000e+03
1.059000000000000000e+03
1.195000000000000000e+03
1.220000000000000000e+03
1.257000000000000000e+03
1.297000000000000000e+03
1.257000000000000000e+03
1.274000000000000000e+03
8.510000000000000000e+02
1.169000000000000000e+03
1.367000000000000000e+03
1.183000000000000000e+03
1.191000000000000000e+03
1.323000000000000000e+03
1.638000000000000000e+03
9.980000000000000000e+02
1.130000000000000000e+03
1.468000000000000000e+03
1.586000000000000000e+03
1.607000000000000000e+03
1.603000000000000000e+03
2.116000000000000000e+03
1.749000000000000000e+03
2.046000000000000000e+03
2.155000000000000000e+03
2.563000000000000000e+03
3.132000000000000000e+03
3.076000000000000000e+03
3.557000000000000000e+03
2.645000000000000000e+03
3.337000000000000000e+03
2.994000000000000000e+03
3.694000000000000000e+03
4.036000000000000000e+03
4.508000000000000000e+03
3.290000000000000000e+03
2.835000000000000000e+03
3.205000000000000000e+03
2.546000000000000000e+03
3.303000000000000000e+03
2.874000000000000000e+03
2.999000000000000000e+03
1.838000000000000000e+03
2.188000000000000000e+03
2.482000000000000000e+03
2.640000000000000000e+03
2.788000000000000000e+03
2.254000000000000000e+03
2.451000000000000000e+03
1.615000000000000000e+03
1.176000000000000000e+03
2.078000000000000000e+03
1.997000000000000000e+03
2.230000000000000000e+03
1.844000000000000000e+03
1.663000000000000000e+03
1.745000000000000000e+03
1.246000000000000000e+03
1.239000000000000000e+03
1.076000000000000000e+03
1.359000000000000000e+03
1.000000000000000000e+00
2.162000000000000000e+03
8.800000000000000000e+02
8.890000000000000000e+02
8.070000000000000000e+02
7.250000000000000000e+02
8.880000000000000000e+02
7.600000000000000000e+02
7.730000000000000000e+02
8.790000000000000000e+02
7.540000000000000000e+02
6.250000000000000000e+02
6.540000000000000000e+02
5.920000000000000000e+02
6.680000000000000000e+02
4.560000000000000000e+02
4.310000000000000000e+02
3.770000000000000000e+02
4.880000000000000000e+02
3.970000000000000000e+02
4.250000000000000000e+02
5.540000000000000000e+02
4.380000000000000000e+02
4.130000000000000000e+02
4.360000000000000000e+02
4.300000000000000000e+02
3.670000000000000000e+02
4.700000000000000000e+02
4.780000000000000000e+02
4.280000000000000000e+02
2.740000000000000000e+02
2.950000000000000000e+02
4.370000000000000000e+02
3.850000000000000000e+02
4.140000000000000000e+02
4.680000000000000000e+02
5.520000000000000000e+02
4.640000000000000000e+02
4.960000000000000000e+02
4.500000000000000000e+02
5.290000000000000000e+02
5.230000000000000000e+02
6.030000000000000000e+02
5.300000000000000000e+02
5.200000000000000000e+02
4.630000000000000000e+02
4.970000000000000000e+02
5.320000000000000000e+02
5.740000000000000000e+02
5.210000000000000000e+02
6.140000000000000000e+02
3.940000000000000000e+02
5.130000000000000000e+02
4.270000000000000000e+02
5.270000000000000000e+02
2.007000000000000000e+03
8.620000000000000000e+02
6.450000000000000000e+02
6.130000000000000000e+02
5.420000000000000000e+02
6.120000000000000000e+02
7.710000000000000000e+02
7.870000000000000000e+02
7.860000000000000000e+02
8.430000000000000000e+02
5.900000000000000000e+02
6.570000000000000000e+02
1.272000000000000000e+03
2.540000000000000000e+02
-2.001000000000000000e+03
8.140000000000000000e+02
7.890000000000000000e+02
4.160000000000000000e+02
9.640000000000000000e+02
6.790000000000000000e+02
1.210000000000000000e+03
7.010000000000000000e+02
6.620000000000000000e+02
7.080000000000000000e+02
7.450000000000000000e+02
6.000000000000000000e+02
4.790000000000000000e+02
5.200000000000000000e+02
6.140000000000000000e+02
7.170000000000000000e+02
6.980000000000000000e+02
7.550000000000000000e+02
6.910000000000000000e+02
5.140000000000000000e+02
5.630000000000000000e+02
6.640000000000000000e+02
7.980000000000000000e+02
6.770000000000000000e+02
7.240000000000000000e+02
9.020000000000000000e+02
7.410000000000000000e+02
6.920000000000000000e+02
8.030000000000000000e+02
8.930000000000000000e+02
7.020000000000000000e+02
5.470000000000000000e+02
6.120000000000000000e+02
7.040000000000000000e+02
6.240000000000000000e+02
8.350000000000000000e+02
7.690000000000000000e+02
1.000000000000000000e+00
1.491000000000000000e+03
8.670000000000000000e+02
7.610000000000000000e+02
8.100000000000000000e+02
3.000000000000000000e+00
2.000000000000000000e+03
1.023000000000000000e+03
6.770000000000000000e+02
8.740000000000000000e+02
9.320000000000000000e+02
9.260000000000000000e+02
1.246000000000000000e+03
1.355000000000000000e+03
9.510000000000000000e+02
1.075000000000000000e+03
9.640000000000000000e+02
8.360000000000000000e+02
9.160000000000000000e+02
1.091000000000000000e+03
1.214000000000000000e+03
1.352000000000000000e+03
7.530000000000000000e+02
8.380000000000000000e+02
9.350000000000000000e+02
7.960000000000000000e+02
1.076000000000000000e+03
1.125000000000000000e+03
1.003000000000000000e+03
1.044000000000000000e+03
9.580000000000000000e+02
8.440000000000000000e+02
9.110000000000000000e+02
9.560000000000000000e+02
1.036000000000000000e+03
9.350000000000000000e+02
5.970000000000000000e+02
8.550000000000000000e+02
4.600000000000000000e+02
3.800000000000000000e+02
9.090000000000000000e+02
4.770000000000000000e+02
4.180000000000000000e+02
4.390000000000000000e+02
3.160000000000000000e+02
2.380000000000000000e+02
2.270000000000000000e+02
3.530000000000000000e+02
3.320000000000000000e+02
2.050000000000000000e+02
2.440000000000000000e+02
1.940000000000000000e+02
1.510000000000000000e+02
1.570000000000000000e+02
2.240000000000000000e+02
1.730000000000000000e+02
2.220000000000000000e+02
1.960000000000000000e+02
1.750000000000000000e+02
1.510000000000000000e+02
2.460000000000000000e+02
3.410000000000000000e+02
4.770000000000000000e+02
3.260000000000000000e+02
4.500000000000000000e+02
3.920000000000000000e+02
3.410000000000000000e+02
5.510000000000000000e+02
6.990000000000000000e+02
6.720000000000000000e+02
5.590000000000000000e+02
5.410000000000000000e+02
6.350000000000000000e+02
8.600000000000000000e+02
1.075000000000000000e+03
1.210000000000000000e+03
1.148000000000000000e+03
9.730000000000000000e+02
1.040000000000000000e+03
6.510000000000000000e+02
8.550000000000000000e+02
8.300000000000000000e+02
8.590000000000000000e+02
8.150000000000000000e+02
7.080000000000000000e+02
7.650000000000000000e+02
6.470000000000000000e+02
7.720000000000000000e+02
5.680000000000000000e+02
1.301000000000000000e+03
8.570000000000000000e+02
1.088000000000000000e+03
7.410000000000000000e+02
8.980000000000000000e+02
