0.000000000000000000e+00
0.000000000000000000e+00
0.000000000000000000e+00
0.000000000000000000e+00
0.000000000000000000e+00
0.000000000000000000e+00
0.000000000000000000e+00
0.000000000000000000e+00
0.000000000000000000e+00
0.000000000000000000e+00
0.000000000000000000e+00
0.000000000000000000e+00
0.000000000000000000e+00
0.000000000000000000e+00
0.000000000000000000e+00
0.000000000000000000e+00
0.000000000000000000e+00
0.000000000000000000e+00
0.000000000000000000e+00
0.000000000000000000e+00
0.000000000000000000e+00
0.000000000000000000e+00
0.000000000000000000e+00
0.000000000000000000e+00
0.000000000000000000e+00
0.000000000000000000e+00
0.000000000000000000e+00
0.000000000000000000e+00
0.000000000000000000e+00
0.000000000000000000e+00
0.000000000000000000e+00
0.000000000000000000e+00
0.000000000000000000e+00
0.000000000000000000e+00
0.000000000000000000e+00
0.000000000000000000e+00
0.000000000000000000e+00
0.000000000000000000e+00
0.000000000000000000e+00
0.000000000000000000e+00
0.000000000000000000e+00
0.000000000000000000e+00
0.000000000000000000e+00
0.000000000000000000e+00
0.000000000000000000e+00
0.000000000000000000e+00
0.000000000000000000e+00
0.000000000000000000e+00
0.000000000000000000e+00
0.000000000000000000e+00
0.000000000000000000e+00
4.000000000000000000e+00
6.000000000000000000e+00
9.000000000000000000e+00
1.000000000000000000e+01
3.300000000000000000e+01
3.500000000000000000e+01
4.400000000000000000e+01
4.900000000000000000e+01
5.300000000000000000e+01
6.100000000000000000e+01
6.200000000000000000e+01
7.200000000000000000e+01
8.100000000000000000e+01
1.110000000000000000e+02
1.500000000000000000e+02
2.280000000000000000e+02
2.840000000000000000e+02
3.020000000000000000e+02
3.430000000000000000e+02
3.800000000000000000e+02
4.350000000000000000e+02
4.640000000000000000e+02
5.310000000000000000e+02
5.840000000000000000e+02
6.620000000000000000e+02
6.970000000000000000e+02
7.270000000000000000e+02
7.810000000000000000e+02
8.120000000000000000e+02
8.650000000000000000e+02
9.510000000000000000e+02
1.091000000000000000e+03
1.232000000000000000e+03
1.295000000000000000e+03
1.402000000000000000e+03
1.546000000000000000e+03
1.615000000000000000e+03
1.676000000000000000e+03
1.852000000000000000e+03
1.995000000000000000e+03
2.135000000000000000e+03
2.289000000000000000e+03
2.482000000000000000e+03
2.601000000000000000e+03
2.717000000000000000e+03
2.835000000000000000e+03
3.027000000000000000e+03
3.138000000000000000e+03
3.402000000000000000e+03
3.597000000000000000e+03
3.857000000000000000e+03
3.920000000000000000e+03
4.049000000000000000e+03
4.205000000000000000e+03
4.422000000000000000e+03
4.578000000000000000e+03
4.834000000000000000e+03
4.975000000000000000e+03
5.090000000000000000e+03
5.207000000000000000e+03
5.279000000000000000e+03
5.417000000000000000e+03
5.571000000000000000e+03
5.689000000000000000e+03
5.850000000000000000e+03
6.157000000000000000e+03
6.751000000000000000e+03
6.751000000000000000e+03
6.969000000000000000e+03
7.234000000000000000e+03
7.919000000000000000e+03
7.919000000000000000e+03
8.531000000000000000e+03
8.969000000000000000e+03
8.969000000000000000e+03
9.304000000000000000e+03
9.576000000000000000e+03
9.932000000000000000e+03
1.038200000000000000e+04
1.085800000000000000e+04
1.130800000000000000e+04
1.157100000000000000e+04
1.206700000000000000e+04
1.206700000000000000e+04
1.231200000000000000e+04
1.251100000000000000e+04
1.269400000000000000e+04
1.285900000000000000e+04
1.307400000000000000e+04
1.331900000000000000e+04
1.387200000000000000e+04
1.387200000000000000e+04
1.423800000000000000e+04
1.449600000000000000e+04
1.519200000000000000e+04
1.554200000000000000e+04
1.587700000000000000e+04
1.587700000000000000e+04
1.677900000000000000e+04
1.722500000000000000e+04
1.773200000000000000e+04
1.823100000000000000e+04
1.876500000000000000e+04
1.928500000000000000e+04
1.975000000000000000e+04
2.031900000000000000e+04
2.031900000000000000e+04
2.132700000000000000e+04
2.181900000000000000e+04
2.230800000000000000e+04
4.106500000000000000e+04
4.257400000000000000e+04
4.571900000000000000e+04
4.717100000000000000e+04
4.857400000000000000e+04
4.968300000000000000e+04
5.105900000000000000e+04
5.105900000000000000e+04
5.474700000000000000e+04
5.645500000000000000e+04
5.825300000000000000e+04
5.825300000000000000e+04
6.175500000000000000e+04
6.351400000000000000e+04
6.518800000000000000e+04
6.689500000000000000e+04
6.870300000000000000e+04
6.870300000000000000e+04
7.183800000000000000e+04
7.346800000000000000e+04
7.515300000000000000e+04
7.515300000000000000e+04
7.848600000000000000e+04
8.022600000000000000e+04
8.172000000000000000e+04
8.312200000000000000e+04
8.464800000000000000e+04
8.619200000000000000e+04
8.766400000000000000e+04
8.907800000000000000e+04
9.036700000000000000e+04
9.036700000000000000e+04
9.677400000000000000e+04
9.864100000000000000e+04
1.000750000000000000e+05
1.029360000000000000e+05
1.055260000000000000e+05
1.079300000000000000e+05
1.099390000000000000e+05
1.118220000000000000e+05
1.127220000000000000e+05
1.135010000000000000e+05
1.156150000000000000e+05
1.171040000000000000e+05
1.185140000000000000e+05
1.197810000000000000e+05
1.211610000000000000e+05
1.216390000000000000e+05
1.219730000000000000e+05
1.233250000000000000e+05
1.243560000000000000e+05
1.253350000000000000e+05
1.262430000000000000e+05
1.272030000000000000e+05
1.274620000000000000e+05
1.274620000000000000e+05
1.274620000000000000e+05
1.276640000000000000e+05
1.286180000000000000e+05
1.300400000000000000e+05
1.306730000000000000e+05
1.306730000000000000e+05
1.315960000000000000e+05
1.316950000000000000e+05
1.323540000000000000e+05
1.329240000000000000e+05
1.330280000000000000e+05
1.339240000000000000e+05
1.341230000000000000e+05
1.342030000000000000e+05
1.347260000000000000e+05
1.351590000000000000e+05
1.355890000000000000e+05
1.359640000000000000e+05
1.363840000000000000e+05
1.365130000000000000e+05
1.365860000000000000e+05
1.370580000000000000e+05
1.373930000000000000e+05
1.377130000000000000e+05
1.380130000000000000e+05
1.383480000000000000e+05
1.384550000000000000e+05
1.385420000000000000e+05
1.389820000000000000e+05
1.392890000000000000e+05
1.395810000000000000e+05
1.398820000000000000e+05
1.401750000000000000e+05
1.402650000000000000e+05
1.403330000000000000e+05
1.407070000000000000e+05
1.409580000000000000e+05
1.412560000000000000e+05
1.414840000000000000e+05
1.417480000000000000e+05
1.418440000000000000e+05
1.419040000000000000e+05
1.422390000000000000e+05
1.425970000000000000e+05
1.429450000000000000e+05
1.432800000000000000e+05
1.436320000000000000e+05
1.437400000000000000e+05
1.438140000000000000e+05
1.442180000000000000e+05
1.443280000000000000e+05
1.447610000000000000e+05
1.450190000000000000e+05
1.453200000000000000e+05
1.454730000000000000e+05
1.456030000000000000e+05
1.459660000000000000e+05
1.462880000000000000e+05
1.466530000000000000e+05
1.469820000000000000e+05
1.472970000000000000e+05
1.474630000000000000e+05
1.476150000000000000e+05
1.480370000000000000e+05
1.484790000000000000e+05
1.490660000000000000e+05
1.496990000000000000e+05
1.503800000000000000e+05
1.508630000000000000e+05
1.513210000000000000e+05
1.520220000000000000e+05
1.527250000000000000e+05
1.535470000000000000e+05
1.543210000000000000e+05
1.552200000000000000e+05
1.558760000000000000e+05
1.564510000000000000e+05
1.572610000000000000e+05
1.580360000000000000e+05
1.588530000000000000e+05
1.597560000000000000e+05
1.606120000000000000e+05
1.618500000000000000e+05
1.625550000000000000e+05
1.635850000000000000e+05
1.645780000000000000e+05
1.655580000000000000e+05
1.664680000000000000e+05
1.673410000000000000e+05
1.673850000000000000e+05
1.688030000000000000e+05
1.698270000000000000e+05
1.708080000000000000e+05
1.717950000000000000e+05
1.728050000000000000e+05
1.737630000000000000e+05
1.745630000000000000e+05
1.755650000000000000e+05
1.763420000000000000e+05
1.773860000000000000e+05
1.783780000000000000e+05
1.793440000000000000e+05
1.800890000000000000e+05
1.807770000000000000e+05
1.817210000000000000e+05
1.826570000000000000e+05
1.836300000000000000e+05
1.845570000000000000e+05
1.855130000000000000e+05
1.862770000000000000e+05
1.869600000000000000e+05
1.878900000000000000e+05
1.888370000000000000e+05
1.895510000000000000e+05
1.902920000000000000e+05
1.909690000000000000e+05
1.916500000000000000e+05
1.925790000000000000e+05
1.935030000000000000e+05
1.942570000000000000e+05
1.949930000000000000e+05
1.962160000000000000e+05
1.971420000000000000e+05
1.979020000000000000e+05
1.986590000000000000e+05
1.995550000000000000e+05
2.004430000000000000e+05
2.011960000000000000e+05
2.020600000000000000e+05
2.028800000000000000e+05
2.035630000000000000e+05
2.042930000000000000e+05
2.050640000000000000e+05
2.059330000000000000e+05
2.068400000000000000e+05
2.076830000000000000e+05
2.085960000000000000e+05
2.093690000000000000e+05
2.100860000000000000e+05
2.109760000000000000e+05
2.119010000000000000e+05
2.128120000000000000e+05
2.138550000000000000e+05
2.149270000000000000e+05
2.159470000000000000e+05
2.169640000000000000e+05
2.182160000000000000e+05
2.195270000000000000e+05
2.210530000000000000e+05
2.227010000000000000e+05
2.243950000000000000e+05
2.258910000000000000e+05
2.271650000000000000e+05
2.286920000000000000e+05
2.301880000000000000e+05
2.317160000000000000e+05
2.331560000000000000e+05
2.345690000000000000e+05
2.358440000000000000e+05
2.370290000000000000e+05
2.383640000000000000e+05
2.397260000000000000e+05
2.409830000000000000e+05
2.409830000000000000e+05
2.434040000000000000e+05
2.444280000000000000e+05
2.453510000000000000e+05
2.464740000000000000e+05
2.475330000000000000e+05
2.485660000000000000e+05
2.495620000000000000e+05
2.503990000000000000e+05
2.512670000000000000e+05
2.519590000000000000e+05
2.528210000000000000e+05
2.537510000000000000e+05
2.547120000000000000e+05
2.555840000000000000e+05
2.563880000000000000e+05
2.571000000000000000e+05
2.578000000000000000e+05
2.586090000000000000e+05
2.594780000000000000e+05
2.603840000000000000e+05
2.612440000000000000e+05
2.620930000000000000e+05
2.627150000000000000e+05
2.633960000000000000e+05
2.641780000000000000e+05
2.650280000000000000e+05
2.659290000000000000e+05
2.668030000000000000e+05
2.676570000000000000e+05
2.683270000000000000e+05
2.689020000000000000e+05
2.695990000000000000e+05
2.703990000000000000e+05
2.713630000000000000e+05
2.723650000000000000e+05
2.734690000000000000e+05
2.745410000000000000e+05
2.755020000000000000e+05
2.766630000000000000e+05
2.779060000000000000e+05
2.792200000000000000e+05
2.805760000000000000e+05
2.817980000000000000e+05
2.830270000000000000e+05
2.841380000000000000e+05
2.852410000000000000e+05
2.863520000000000000e+05
2.874730000000000000e+05
2.891020000000000000e+05
2.907920000000000000e+05
2.923060000000000000e+05
2.937610000000000000e+05
2.955060000000000000e+05
2.974720000000000000e+05
2.996260000000000000e+05
3.018180000000000000e+05
3.039220000000000000e+05
3.058600000000000000e+05
3.076760000000000000e+05
3.097560000000000000e+05
3.125580000000000000e+05
3.151020000000000000e+05
3.179370000000000000e+05
3.208810000000000000e+05
3.232070000000000000e+05
3.252340000000000000e+05
3.275930000000000000e+05
3.303190000000000000e+05
3.330460000000000000e+05
3.358680000000000000e+05
3.387640000000000000e+05
3.415990000000000000e+05
3.441400000000000000e+05
3.469710000000000000e+05
3.499870000000000000e+05
3.529880000000000000e+05
3.559180000000000000e+05
3.588340000000000000e+05
3.615750000000000000e+05
3.638710000000000000e+05
3.667090000000000000e+05
3.697040000000000000e+05
3.726620000000000000e+05
3.755390000000000000e+05
3.784410000000000000e+05
3.810780000000000000e+05
3.831640000000000000e+05
3.854910000000000000e+05
3.881110000000000000e+05
3.910520000000000000e+05
3.936390000000000000e+05
3.961300000000000000e+05
3.982720000000000000e+05
3.982950000000000000e+05
4.018920000000000000e+05
4.043480000000000000e+05
4.070240000000000000e+05
4.096590000000000000e+05
4.122360000000000000e+05
4.143250000000000000e+05
4.143450000000000000e+05
4.182010000000000000e+05
4.208630000000000000e+05
4.231300000000000000e+05
4.253970000000000000e+05
4.278730000000000000e+05
4.297200000000000000e+05
4.312880000000000000e+05
4.331480000000000000e+05
4.351040000000000000e+05
4.369310000000000000e+05
4.386190000000000000e+05
4.387150000000000000e+05
4.417740000000000000e+05
4.429350000000000000e+05
4.443770000000000000e+05
4.457620000000000000e+05
4.472750000000000000e+05
4.485780000000000000e+05
4.498580000000000000e+05
4.508680000000000000e+05
4.516410000000000000e+05
4.527600000000000000e+05
4.539750000000000000e+05
4.551650000000000000e+05
4.563460000000000000e+05
4.574040000000000000e+05
4.574740000000000000e+05
4.592120000000000000e+05
4.603400000000000000e+05
4.614850000000000000e+05
4.627950000000000000e+05
4.627950000000000000e+05
4.640100000000000000e+05
4.661250000000000000e+05
4.670690000000000000e+05
4.683980000000000000e+05
4.699750000000000000e+05
4.714980000000000000e+05
4.732280000000000000e+05
4.732820000000000000e+05
4.767400000000000000e+05
4.780630000000000000e+05
4.801620000000000000e+05
4.826860000000000000e+05
4.853520000000000000e+05
4.882040000000000000e+05
4.912770000000000000e+05
4.912770000000000000e+05
4.970080000000000000e+05
4.997550000000000000e+05
5.025810000000000000e+05
5.025810000000000000e+05
5.056300000000000000e+05
5.126850000000000000e+05
5.166240000000000000e+05
5.203360000000000000e+05
5.248780000000000000e+05
5.248780000000000000e+05
5.360890000000000000e+05
5.417470000000000000e+05
5.473860000000000000e+05
5.475100000000000000e+05
5.475100000000000000e+05
5.631730000000000000e+05
5.689150000000000000e+05
5.752670000000000000e+05
6.413880000000000000e+05
5.820130000000000000e+05
5.955770000000000000e+05
6.023970000000000000e+05
6.096460000000000000e+05
6.173870000000000000e+05
6.251650000000000000e+05
6.334690000000000000e+05
6.334690000000000000e+05
6.492070000000000000e+05
