0.000000000000000000e+00
0.000000000000000000e+00
0.000000000000000000e+00
0.000000000000000000e+00
0.000000000000000000e+00
0.000000000000000000e+00
0.000000000000000000e+00
0.000000000000000000e+00
0.000000000000000000e+00
0.000000000000000000e+00
0.000000000000000000e+00
0.000000000000000000e+00
0.000000000000000000e+00
0.000000000000000000e+00
0.000000000000000000e+00
0.000000000000000000e+00
0.000000000000000000e+00
0.000000000000000000e+00
0.000000000000000000e+00
0.000000000000000000e+00
0.000000000000000000e+00
0.000000000000000000e+00
0.000000000000000000e+00
0.000000000000000000e+00
0.000000000000000000e+00
0.000000000000000000e+00
0.000000000000000000e+00
0.000000000000000000e+00
0.000000000000000000e+00
0.000000000000000000e+00
0.000000000000000000e+00
0.000000000000000000e+00
0.000000000000000000e+00
0.000000000000000000e+00
0.000000000000000000e+00
0.000000000000000000e+00
0.000000000000000000e+00
0.000000000000000000e+00
0.000000000000000000e+00
0.000000000000000000e+00
0.000000000000000000e+00
0.000000000000000000e+00
0.000000000000000000e+00
0.000000000000000000e+00
0.000000000000000000e+00
0.000000000000000000e+00
0.000000000000000000e+00
0.000000000000000000e+00
0.000000000000000000e+00
0.000000000000000000e+00
0.000000000000000000e+00
4.000000000000000000e+00
2.000000000000000000e+00
3.000000000000000000e+00
1.000000000000000000e+00
2.300000000000000000e+01
2.000000000000000000e+00
9.000000000000000000e+00
5.000000000000000000e+00
4.000000000000000000e+00
8.000000000000000000e+00
1.000000000000000000e+00
1.000000000000000000e+01
9.000000000000000000e+00
3.000000000000000000e+01
3.900000000000000000e+01
7.800000000000000000e+01
5.600000000000000000e+01
1.800000000000000000e+01
4.100000000000000000e+01
3.700000000000000000e+01
5.500000000000000000e+01
2.900000000000000000e+01
6.700000000000000000e+01
5.300000000000000000e+01
7.800000000000000000e+01
3.500000000000000000e+01
3.000000000000000000e+01
5.400000000000000000e+01
3.100000000000000000e+01
5.300000000000000000e+01
8.600000000000000000e+01
1.400000000000000000e+02
1.410000000000000000e+02
6.300000000000000000e+01
1.070000000000000000e+02
1.440000000000000000e+02
6.900000000000000000e+01
6.100000000000000000e+01
1.760000000000000000e+02
1.430000000000000000e+02
1.400000000000000000e+02
1.540000000000000000e+02
1.930000000000000000e+02
1.190000000000000000e+02
1.160000000000000000e+02
1.180000000000000000e+02
1.920000000000000000e+02
1.110000000000000000e+02
2.640000000000000000e+02
1.950000000000000000e+02
2.600000000000000000e+02
6.300000000000000000e+01
1.290000000000000000e+02
1.560000000000000000e+02
2.170000000000000000e+02
1.560000000000000000e+02
2.560000000000000000e+02
1.410000000000000000e+02
1.150000000000000000e+02
1.170000000000000000e+02
7.200000000000000000e+01
1.380000000000000000e+02
1.540000000000000000e+02
1.180000000000000000e+02
1.610000000000000000e+02
3.070000000000000000e+02
5.940000000000000000e+02
0.000000000000000000e+00
2.180000000000000000e+02
2.650000000000000000e+02
6.850000000000000000e+02
0.000000000000000000e+00
6.120000000000000000e+02
4.380000000000000000e+02
0.000000000000000000e+00
3.350000000000000000e+02
2.720000000000000000e+02
3.560000000000000000e+02
4.500000000000000000e+02
4.760000000000000000e+02
4.500000000000000000e+02
2.630000000000000000e+02
4.960000000000000000e+02
0.000000000000000000e+00
2.450000000000000000e+02
1.990000000000000000e+02
1.830000000000000000e+02
1.650000000000000000e+02
2.150000000000000000e+02
2.450000000000000000e+02
5.530000000000000000e+02
0.000000000000000000e+00
3.660000000000000000e+02
2.580000000000000000e+02
6.960000000000000000e+02
3.500000000000000000e+02
3.350000000000000000e+02
0.000000000000000000e+00
9.020000000000000000e+02
4.460000000000000000e+02
5.070000000000000000e+02
4.990000000000000000e+02
5.340000000000000000e+02
5.200000000000000000e+02
4.650000000000000000e+02
5.690000000000000000e+02
0.000000000000000000e+00
1.008000000000000000e+03
4.920000000000000000e+02
4.890000000000000000e+02
1.875700000000000000e+04
1.509000000000000000e+03
3.145000000000000000e+03
1.452000000000000000e+03
1.403000000000000000e+03
1.109000000000000000e+03
1.376000000000000000e+03
0.000000000000000000e+00
3.688000000000000000e+03
1.708000000000000000e+03
1.798000000000000000e+03
0.000000000000000000e+00
3.502000000000000000e+03
1.759000000000000000e+03
1.674000000000000000e+03
1.707000000000000000e+03
1.808000000000000000e+03
0.000000000000000000e+00
3.135000000000000000e+03
1.630000000000000000e+03
1.685000000000000000e+03
0.000000000000000000e+00
3.333000000000000000e+03
1.740000000000000000e+03
1.494000000000000000e+03
1.402000000000000000e+03
1.526000000000000000e+03
1.544000000000000000e+03
1.472000000000000000e+03
1.414000000000000000e+03
1.289000000000000000e+03
0.000000000000000000e+00
6.407000000000000000e+03
1.867000000000000000e+03
1.434000000000000000e+03
2.861000000000000000e+03
2.590000000000000000e+03
2.404000000000000000e+03
2.009000000000000000e+03
1.883000000000000000e+03
9.000000000000000000e+02
7.790000000000000000e+02
2.114000000000000000e+03
1.489000000000000000e+03
1.410000000000000000e+03
1.267000000000000000e+03
1.380000000000000000e+03
4.780000000000000000e+02
3.340000000000000000e+02
1.352000000000000000e+03
1.031000000000000000e+03
9.790000000000000000e+02
9.080000000000000000e+02
9.600000000000000000e+02
2.590000000000000000e+02
0.000000000000000000e+00
0.000000000000000000e+00
2.020000000000000000e+02
9.540000000000000000e+02
1.422000000000000000e+03
6.330000000000000000e+02
0.000000000000000000e+00
9.230000000000000000e+02
9.900000000000000000e+01
6.590000000000000000e+02
5.700000000000000000e+02
1.040000000000000000e+02
8.960000000000000000e+02
1.990000000000000000e+02
8.000000000000000000e+01
5.230000000000000000e+02
4.330000000000000000e+02
4.300000000000000000e+02
3.750000000000000000e+02
4.200000000000000000e+02
1.290000000000000000e+02
7.300000000000000000e+01
4.720000000000000000e+02
3.350000000000000000e+02
3.200000000000000000e+02
3.000000000000000000e+02
3.350000000000000000e+02
1.070000000000000000e+02
8.700000000000000000e+01
4.400000000000000000e+02
3.070000000000000000e+02
2.920000000000000000e+02
3.010000000000000000e+02
2.930000000000000000e+02
9.000000000000000000e+01
6.800000000000000000e+01
3.740000000000000000e+02
2.510000000000000000e+02
2.980000000000000000e+02
2.280000000000000000e+02
2.640000000000000000e+02
9.600000000000000000e+01
6.000000000000000000e+01
3.350000000000000000e+02
3.580000000000000000e+02
3.480000000000000000e+02
3.350000000000000000e+02
3.520000000000000000e+02
1.080000000000000000e+02
7.400000000000000000e+01
4.040000000000000000e+02
1.100000000000000000e+02
4.330000000000000000e+02
2.580000000000000000e+02
3.010000000000000000e+02
1.530000000000000000e+02
1.300000000000000000e+02
3.630000000000000000e+02
3.220000000000000000e+02
3.650000000000000000e+02
3.290000000000000000e+02
3.150000000000000000e+02
1.660000000000000000e+02
1.520000000000000000e+02
4.220000000000000000e+02
4.420000000000000000e+02
5.870000000000000000e+02
6.330000000000000000e+02
6.810000000000000000e+02
4.830000000000000000e+02
4.580000000000000000e+02
7.010000000000000000e+02
7.030000000000000000e+02
8.220000000000000000e+02
7.740000000000000000e+02
8.990000000000000000e+02
6.560000000000000000e+02
5.750000000000000000e+02
8.100000000000000000e+02
7.750000000000000000e+02
8.170000000000000000e+02
9.030000000000000000e+02
8.560000000000000000e+02
1.238000000000000000e+03
7.050000000000000000e+02
1.030000000000000000e+03
9.930000000000000000e+02
9.800000000000000000e+02
9.100000000000000000e+02
8.730000000000000000e+02
4.400000000000000000e+01
1.418000000000000000e+03
1.024000000000000000e+03
9.810000000000000000e+02
9.870000000000000000e+02
1.010000000000000000e+03
9.580000000000000000e+02
8.000000000000000000e+02
1.002000000000000000e+03
7.770000000000000000e+02
1.044000000000000000e+03
9.920000000000000000e+02
9.660000000000000000e+02
7.450000000000000000e+02
6.880000000000000000e+02
9.440000000000000000e+02
9.360000000000000000e+02
9.730000000000000000e+02
9.270000000000000000e+02
9.560000000000000000e+02
7.640000000000000000e+02
6.830000000000000000e+02
9.300000000000000000e+02
9.470000000000000000e+02
7.140000000000000000e+02
7.410000000000000000e+02
6.770000000000000000e+02
6.810000000000000000e+02
9.290000000000000000e+02
9.240000000000000000e+02
7.540000000000000000e+02
7.360000000000000000e+02
1.223000000000000000e+03
9.260000000000000000e+02
7.600000000000000000e+02
7.570000000000000000e+02
8.960000000000000000e+02
8.880000000000000000e+02
7.530000000000000000e+02
8.640000000000000000e+02
8.200000000000000000e+02
6.830000000000000000e+02
7.300000000000000000e+02
7.710000000000000000e+02
8.690000000000000000e+02
9.070000000000000000e+02
8.430000000000000000e+02
9.130000000000000000e+02
7.730000000000000000e+02
7.170000000000000000e+02
8.900000000000000000e+02
9.250000000000000000e+02
9.110000000000000000e+02
1.043000000000000000e+03
1.072000000000000000e+03
1.020000000000000000e+03
1.017000000000000000e+03
1.252000000000000000e+03
1.311000000000000000e+03
1.526000000000000000e+03
1.648000000000000000e+03
1.694000000000000000e+03
1.496000000000000000e+03
1.274000000000000000e+03
1.527000000000000000e+03
1.496000000000000000e+03
1.528000000000000000e+03
1.440000000000000000e+03
1.413000000000000000e+03
1.275000000000000000e+03
1.185000000000000000e+03
1.335000000000000000e+03
1.362000000000000000e+03
1.257000000000000000e+03
0.000000000000000000e+00
2.421000000000000000e+03
1.024000000000000000e+03
9.230000000000000000e+02
1.123000000000000000e+03
1.059000000000000000e+03
1.033000000000000000e+03
9.960000000000000000e+02
8.370000000000000000e+02
8.680000000000000000e+02
6.920000000000000000e+02
8.620000000000000000e+02
9.300000000000000000e+02
9.610000000000000000e+02
8.720000000000000000e+02
8.040000000000000000e+02
7.120000000000000000e+02
7.000000000000000000e+02
8.090000000000000000e+02
8.690000000000000000e+02
9.060000000000000000e+02
8.600000000000000000e+02
8.490000000000000000e+02
6.220000000000000000e+02
6.810000000000000000e+02
7.820000000000000000e+02
8.500000000000000000e+02
9.010000000000000000e+02
8.740000000000000000e+02
8.540000000000000000e+02
6.700000000000000000e+02
5.750000000000000000e+02
6.970000000000000000e+02
8.000000000000000000e+02
9.640000000000000000e+02
1.002000000000000000e+03
1.104000000000000000e+03
1.072000000000000000e+03
9.610000000000000000e+02
1.161000000000000000e+03
1.243000000000000000e+03
1.314000000000000000e+03
1.356000000000000000e+03
1.222000000000000000e+03
1.229000000000000000e+03
1.111000000000000000e+03
1.103000000000000000e+03
1.111000000000000000e+03
1.121000000000000000e+03
1.629000000000000000e+03
1.690000000000000000e+03
1.514000000000000000e+03
1.455000000000000000e+03
1.745000000000000000e+03
1.966000000000000000e+03
2.154000000000000000e+03
2.192000000000000000e+03
2.104000000000000000e+03
1.938000000000000000e+03
1.816000000000000000e+03
2.080000000000000000e+03
2.802000000000000000e+03
2.544000000000000000e+03
2.835000000000000000e+03
2.944000000000000000e+03
2.326000000000000000e+03
2.027000000000000000e+03
2.359000000000000000e+03
2.726000000000000000e+03
2.727000000000000000e+03
2.822000000000000000e+03
2.896000000000000000e+03
2.835000000000000000e+03
2.541000000000000000e+03
2.831000000000000000e+03
3.016000000000000000e+03
3.001000000000000000e+03
2.930000000000000000e+03
2.916000000000000000e+03
2.741000000000000000e+03
2.296000000000000000e+03
2.838000000000000000e+03
2.995000000000000000e+03
2.958000000000000000e+03
2.877000000000000000e+03
2.902000000000000000e+03
2.637000000000000000e+03
2.086000000000000000e+03
2.327000000000000000e+03
2.620000000000000000e+03
2.941000000000000000e+03
2.587000000000000000e+03
2.491000000000000000e+03
2.142000000000000000e+03
2.300000000000000000e+01
3.597000000000000000e+03
2.456000000000000000e+03
2.676000000000000000e+03
2.635000000000000000e+03
2.577000000000000000e+03
2.089000000000000000e+03
2.000000000000000000e+01
3.856000000000000000e+03
2.662000000000000000e+03
2.267000000000000000e+03
2.267000000000000000e+03
2.476000000000000000e+03
1.847000000000000000e+03
1.568000000000000000e+03
1.860000000000000000e+03
1.956000000000000000e+03
1.827000000000000000e+03
1.688000000000000000e+03
9.600000000000000000e+01
3.059000000000000000e+03
1.161000000000000000e+03
1.442000000000000000e+03
1.385000000000000000e+03
1.513000000000000000e+03
1.303000000000000000e+03
1.280000000000000000e+03
1.010000000000000000e+03
7.730000000000000000e+02
1.119000000000000000e+03
1.215000000000000000e+03
1.190000000000000000e+03
1.181000000000000000e+03
1.058000000000000000e+03
7.000000000000000000e+01
1.738000000000000000e+03
1.128000000000000000e+03
1.145000000000000000e+03
1.310000000000000000e+03
0.000000000000000000e+00
1.215000000000000000e+03
2.115000000000000000e+03
9.440000000000000000e+02
1.329000000000000000e+03
1.577000000000000000e+03
1.523000000000000000e+03
1.730000000000000000e+03
5.400000000000000000e+01
3.458000000000000000e+03
1.323000000000000000e+03
2.099000000000000000e+03
2.524000000000000000e+03
2.666000000000000000e+03
2.852000000000000000e+03
3.073000000000000000e+03
0.000000000000000000e+00
5.731000000000000000e+03
2.747000000000000000e+03
2.826000000000000000e+03
0.000000000000000000e+00
3.049000000000000000e+03
7.055000000000000000e+03
3.939000000000000000e+03
3.712000000000000000e+03
4.542000000000000000e+03
0.000000000000000000e+00
1.121100000000000000e+04
5.658000000000000000e+03
5.639000000000000000e+03
1.240000000000000000e+02
0.000000000000000000e+00
1.566300000000000000e+04
5.742000000000000000e+03
6.352000000000000000e+03
6.612100000000000000e+04
-5.937500000000000000e+04
1.356400000000000000e+04
6.820000000000000000e+03
7.249000000000000000e+03
7.741000000000000000e+03
7.778000000000000000e+03
8.304000000000000000e+03
0.000000000000000000e+00
1.573800000000000000e+04
