0.000000000000000000e+00
0.000000000000000000e+00
0.000000000000000000e+00
0.000000000000000000e+00
0.000000000000000000e+00
0.000000000000000000e+00
0.000000000000000000e+00
0.000000000000000000e+00
0.000000000000000000e+00
0.000000000000000000e+00
0.000000000000000000e+00
0.000000000000000000e+00
0.000000000000000000e+00
0.000000000000000000e+00
0.000000000000000000e+00
0.000000000000000000e+00
0.000000000000000000e+00
0.000000000000000000e+00
0.000000000000000000e+00
0.000000000000000000e+00
0.000000000000000000e+00
0.000000000000000000e+00
0.000000000000000000e+00
0.000000000000000000e+00
0.000000000000000000e+00
0.000000000000000000e+00
0.000000000000000000e+00
0.000000000000000000e+00
0.000000000000000000e+00
0.000000000000000000e+00
0.000000000000000000e+00
0.000000000000000000e+00
0.000000000000000000e+00
0.000000000000000000e+00
0.000000000000000000e+00
0.000000000000000000e+00
0.000000000000000000e+00
0.000000000000000000e+00
0.000000000000000000e+00
0.000000000000000000e+00
0.000000000000000000e+00
1.000000000000000000e+00
1.000000000000000000e+00
1.000000000000000000e+00
1.000000000000000000e+00
1.000000000000000000e+00
1.000000000000000000e+00
1.000000000000000000e+00
1.000000000000000000e+00
1.000000000000000000e+00
1.000000000000000000e+00
1.000000000000000000e+00
1.000000000000000000e+00
8.000000000000000000e+00
1.700000000000000000e+01
3.400000000000000000e+01
5.200000000000000000e+01
6.900000000000000000e+01
8.500000000000000000e+01
8.500000000000000000e+01
1.120000000000000000e+02
1.270000000000000000e+02
1.540000000000000000e+02
1.720000000000000000e+02
2.120000000000000000e+02
2.350000000000000000e+02
2.460000000000000000e+02
2.590000000000000000e+02
2.680000000000000000e+02
2.740000000000000000e+02
2.780000000000000000e+02
2.990000000000000000e+02
3.100000000000000000e+02
3.230000000000000000e+02
3.450000000000000000e+02
3.490000000000000000e+02
3.530000000000000000e+02
3.580000000000000000e+02
3.720000000000000000e+02
3.720000000000000000e+02
3.810000000000000000e+02
3.890000000000000000e+02
3.910000000000000000e+02
3.970000000000000000e+02
4.010000000000000000e+02
4.020000000000000000e+02
4.070000000000000000e+02
4.130000000000000000e+02
4.170000000000000000e+02
4.250000000000000000e+02
4.280000000000000000e+02
4.350000000000000000e+02
4.370000000000000000e+02
4.410000000000000000e+02
4.440000000000000000e+02
4.470000000000000000e+02
4.490000000000000000e+02
4.490000000000000000e+02
4.510000000000000000e+02
4.530000000000000000e+02
4.590000000000000000e+02
4.600000000000000000e+02
4.610000000000000000e+02
4.650000000000000000e+02
4.710000000000000000e+02
4.730000000000000000e+02
4.940000000000000000e+02
5.080000000000000000e+02
5.220000000000000000e+02
5.400000000000000000e+02
5.620000000000000000e+02
5.760000000000000000e+02
5.820000000000000000e+02
5.860000000000000000e+02
5.960000000000000000e+02
6.070000000000000000e+02
6.130000000000000000e+02
6.290000000000000000e+02
6.490000000000000000e+02
6.720000000000000000e+02
6.840000000000000000e+02
7.000000000000000000e+02
7.040000000000000000e+02
7.080000000000000000e+02
7.110000000000000000e+02
7.180000000000000000e+02
7.200000000000000000e+02
7.280000000000000000e+02
7.300000000000000000e+02
7.340000000000000000e+02
7.390000000000000000e+02
7.460000000000000000e+02
7.550000000000000000e+02
7.570000000000000000e+02
7.650000000000000000e+02
7.840000000000000000e+02
7.950000000000000000e+02
8.080000000000000000e+02
8.310000000000000000e+02
8.450000000000000000e+02
8.630000000000000000e+02
8.900000000000000000e+02
9.150000000000000000e+02
9.530000000000000000e+02
9.610000000000000000e+02
9.790000000000000000e+02
9.810000000000000000e+02
9.870000000000000000e+02
1.001000000000000000e+03
1.008000000000000000e+03
1.015000000000000000e+03
1.033000000000000000e+03
1.042000000000000000e+03
1.047000000000000000e+03
1.071000000000000000e+03
1.086000000000000000e+03
1.104000000000000000e+03
1.111000000000000000e+03
1.121000000000000000e+03
1.128000000000000000e+03
1.132000000000000000e+03
1.133000000000000000e+03
1.136000000000000000e+03
1.147000000000000000e+03
1.150000000000000000e+03
1.164000000000000000e+03
1.167000000000000000e+03
1.169000000000000000e+03
1.169000000000000000e+03
1.169000000000000000e+03
1.173000000000000000e+03
1.176000000000000000e+03
1.179000000000000000e+03
1.183000000000000000e+03
1.198000000000000000e+03
1.201000000000000000e+03
1.206000000000000000e+03
1.209000000000000000e+03
1.214000000000000000e+03
1.218000000000000000e+03
1.223000000000000000e+03
1.113000000000000000e+03
1.120000000000000000e+03
1.131000000000000000e+03
1.146000000000000000e+03
1.154000000000000000e+03
1.168000000000000000e+03
1.176000000000000000e+03
1.182000000000000000e+03
1.187000000000000000e+03
1.191000000000000000e+03
1.193000000000000000e+03
1.208000000000000000e+03
1.213000000000000000e+03
1.218000000000000000e+03
1.224000000000000000e+03
1.231000000000000000e+03
1.232000000000000000e+03
1.237000000000000000e+03
1.246000000000000000e+03
1.252000000000000000e+03
1.268000000000000000e+03
1.283000000000000000e+03
1.303000000000000000e+03
1.320000000000000000e+03
1.329000000000000000e+03
1.339000000000000000e+03
1.378000000000000000e+03
1.398000000000000000e+03
1.438000000000000000e+03
1.482000000000000000e+03
1.498000000000000000e+03
1.532000000000000000e+03
1.576000000000000000e+03
1.609000000000000000e+03
1.639000000000000000e+03
1.716000000000000000e+03
1.756000000000000000e+03
1.801000000000000000e+03
1.869000000000000000e+03
1.893000000000000000e+03
1.966000000000000000e+03
2.034000000000000000e+03
2.097000000000000000e+03
2.161000000000000000e+03
2.233000000000000000e+03
2.301000000000000000e+03
2.353000000000000000e+03
2.411000000000000000e+03
2.478000000000000000e+03
2.581000000000000000e+03
2.659000000000000000e+03
2.739000000000000000e+03
2.945000000000000000e+03
3.062000000000000000e+03
3.314000000000000000e+03
3.528000000000000000e+03
3.677000000000000000e+03
3.852000000000000000e+03
4.131000000000000000e+03
4.344000000000000000e+03
4.540000000000000000e+03
4.779000000000000000e+03
5.045000000000000000e+03
5.679000000000000000e+03
6.042000000000000000e+03
6.591000000000000000e+03
7.211000000000000000e+03
8.061000000000000000e+03
8.492000000000000000e+03
9.226000000000000000e+03
1.004900000000000000e+04
1.182500000000000000e+04
1.310100000000000000e+04
1.365000000000000000e+04
1.474900000000000000e+04
1.564000000000000000e+04
1.746400000000000000e+04
1.900100000000000000e+04
2.020000000000000000e+04
2.151700000000000000e+04
2.276300000000000000e+04
2.399800000000000000e+04
2.492600000000000000e+04
2.607300000000000000e+04
2.812700000000000000e+04
3.055000000000000000e+04
3.300900000000000000e+04
3.454800000000000000e+04
3.605300000000000000e+04
3.757300000000000000e+04
3.893700000000000000e+04
4.097200000000000000e+04
4.362000000000000000e+04
4.644100000000000000e+04
4.893000000000000000e+04
5.075000000000000000e+04
5.308700000000000000e+04
5.505500000000000000e+04
5.885500000000000000e+04
6.194200000000000000e+04
6.538500000000000000e+04
6.930600000000000000e+04
7.260700000000000000e+04
7.586600000000000000e+04
8.174300000000000000e+04
8.657600000000000000e+04
9.123400000000000000e+04
9.586400000000000000e+04
1.012480000000000000e+05
1.048020000000000000e+05
1.093210000000000000e+05
1.149860000000000000e+05
1.209820000000000000e+05
1.264010000000000000e+05
1.320860000000000000e+05
1.365550000000000000e+05
1.413050000000000000e+05
1.436780000000000000e+05
1.495390000000000000e+05
1.559930000000000000e+05
1.639260000000000000e+05
1.693950000000000000e+05
1.743350000000000000e+05
1.781610000000000000e+05
1.834290000000000000e+05
1.884100000000000000e+05
1.929960000000000000e+05
1.980210000000000000e+05
2.030210000000000000e+05
2.076010000000000000e+05
2.107090000000000000e+05
2.143070000000000000e+05
2.194300000000000000e+05
2.236170000000000000e+05
2.272080000000000000e+05
2.312370000000000000e+05
2.343530000000000000e+05
2.375130000000000000e+05
2.400890000000000000e+05
2.440690000000000000e+05
2.471310000000000000e+05
2.502190000000000000e+05
2.531210000000000000e+05
2.554590000000000000e+05
2.572750000000000000e+05
2.596140000000000000e+05
2.624770000000000000e+05
2.650240000000000000e+05
2.675850000000000000e+05
2.698060000000000000e+05
2.715140000000000000e+05
2.727970000000000000e+05
2.749490000000000000e+05
2.774480000000000000e+05
2.798920000000000000e+05
2.819830000000000000e+05
2.836900000000000000e+05
2.853060000000000000e+05
2.863560000000000000e+05
2.879460000000000000e+05
2.897480000000000000e+05
2.913930000000000000e+05
2.930670000000000000e+05
2.944940000000000000e+05
2.957650000000000000e+05
2.966680000000000000e+05
2.982080000000000000e+05
2.998310000000000000e+05
3.013030000000000000e+05
3.028560000000000000e+05
3.040710000000000000e+05
3.051630000000000000e+05
3.059590000000000000e+05
3.072090000000000000e+05
3.086700000000000000e+05
3.098460000000000000e+05
3.109680000000000000e+05
3.120430000000000000e+05
3.128510000000000000e+05
3.135570000000000000e+05
3.145140000000000000e+05
3.155440000000000000e+05
3.164270000000000000e+05
3.174050000000000000e+05
3.181810000000000000e+05
3.189110000000000000e+05
3.195190000000000000e+05
3.204530000000000000e+05
3.212980000000000000e+05
3.222410000000000000e+05
3.231110000000000000e+05
3.241690000000000000e+05
3.250330000000000000e+05
3.256740000000000000e+05
3.268550000000000000e+05
3.280620000000000000e+05
3.291940000000000000e+05
3.304740000000000000e+05
3.317680000000000000e+05
3.329900000000000000e+05
3.338550000000000000e+05
3.351540000000000000e+05
3.368390000000000000e+05
3.383220000000000000e+05
3.401770000000000000e+05
3.419840000000000000e+05
3.435630000000000000e+05
3.448030000000000000e+05
3.472500000000000000e+05
3.495620000000000000e+05
3.522190000000000000e+05
3.551060000000000000e+05
3.567440000000000000e+05
3.576110000000000000e+05
3.598110000000000000e+05
3.637280000000000000e+05
3.682780000000000000e+05
3.724170000000000000e+05
3.764410000000000000e+05
3.802680000000000000e+05
3.839120000000000000e+05
3.864960000000000000e+05
3.910900000000000000e+05
3.971580000000000000e+05
4.022820000000000000e+05
4.076170000000000000e+05
4.133500000000000000e+05
4.179340000000000000e+05
4.214150000000000000e+05
4.277170000000000000e+05
4.351300000000000000e+05
4.422020000000000000e+05
4.488510000000000000e+05
4.571510000000000000e+05
4.648560000000000000e+05
4.690000000000000000e+05
4.770530000000000000e+05
4.864700000000000000e+05
4.953800000000000000e+05
5.049150000000000000e+05
5.141070000000000000e+05
5.214610000000000000e+05
5.266660000000000000e+05
5.354550000000000000e+05
5.447240000000000000e+05
5.537270000000000000e+05
5.628570000000000000e+05
5.712900000000000000e+05
5.777340000000000000e+05
5.821330000000000000e+05
5.893160000000000000e+05
5.972560000000000000e+05
6.050070000000000000e+05
6.115770000000000000e+05
6.180590000000000000e+05
6.228330000000000000e+05
6.268750000000000000e+05
6.329070000000000000e+05
6.394440000000000000e+05
6.454490000000000000e+05
6.506810000000000000e+05
6.554560000000000000e+05
6.592500000000000000e+05
6.623950000000000000e+05
6.657350000000000000e+05
6.693000000000000000e+05
6.720900000000000000e+05
6.761750000000000000e+05
6.791380000000000000e+05
6.818700000000000000e+05
6.834660000000000000e+05
6.859730000000000000e+05
6.894820000000000000e+05
6.921810000000000000e+05
6.953900000000000000e+05
6.974870000000000000e+05
6.991640000000000000e+05
7.004230000000000000e+05
7.021540000000000000e+05
7.045400000000000000e+05
7.063550000000000000e+05
7.082650000000000000e+05
7.098170000000000000e+05
7.113730000000000000e+05
7.120770000000000000e+05
7.129010000000000000e+05
7.141730000000000000e+05
7.157030000000000000e+05
7.169230000000000000e+05
7.179300000000000000e+05
7.186320000000000000e+05
7.192330000000000000e+05
7.192330000000000000e+05
7.209980000000000000e+05
7.218530000000000000e+05
7.218530000000000000e+05
7.227540000000000000e+05
7.227540000000000000e+05
7.227540000000000000e+05
7.241540000000000000e+05
7.252580000000000000e+05
7.264320000000000000e+05
7.264320000000000000e+05
7.264320000000000000e+05
7.264320000000000000e+05
7.264320000000000000e+05
7.264320000000000000e+05
7.314360000000000000e+05
7.314360000000000000e+05
7.314360000000000000e+05
7.340390000000000000e+05
7.346590000000000000e+05
7.346590000000000000e+05
7.346590000000000000e+05
7.365340000000000000e+05
7.372840000000000000e+05
7.378880000000000000e+05
7.385210000000000000e+05
7.390150000000000000e+05
7.393190000000000000e+05
7.398470000000000000e+05
7.405020000000000000e+05
7.411010000000000000e+05
7.416990000000000000e+05
7.421780000000000000e+05
7.425210000000000000e+05
7.428310000000000000e+05
7.433310000000000000e+05
7.438770000000000000e+05
7.443770000000000000e+05
7.448440000000000000e+05
7.453660000000000000e+05
7.456670000000000000e+05
7.459780000000000000e+05
7.464800000000000000e+05
7.470000000000000000e+05
7.475040000000000000e+05
7.481030000000000000e+05
7.486850000000000000e+05
7.490460000000000000e+05
7.493190000000000000e+05
7.497840000000000000e+05
7.503890000000000000e+05
7.508860000000000000e+05
7.514040000000000000e+05
7.519370000000000000e+05
7.523950000000000000e+05
7.526170000000000000e+05
7.531920000000000000e+05
7.537760000000000000e+05
7.542810000000000000e+05
7.549270000000000000e+05
7.554800000000000000e+05
7.559480000000000000e+05
7.563540000000000000e+05
7.569230000000000000e+05
7.576900000000000000e+05
7.582910000000000000e+05
7.590250000000000000e+05
7.596860000000000000e+05
7.601610000000000000e+05
7.605500000000000000e+05
7.612250000000000000e+05
7.612250000000000000e+05
7.624200000000000000e+05
7.627060000000000000e+05
7.631060000000000000e+05
7.634370000000000000e+05
7.639220000000000000e+05
7.649830000000000000e+05
7.661140000000000000e+05
7.673270000000000000e+05
7.683820000000000000e+05
7.693900000000000000e+05
7.701500000000000000e+05
7.707120000000000000e+05
7.717530000000000000e+05
