0.000000000000000000e+00
0.000000000000000000e+00
0.000000000000000000e+00
0.000000000000000000e+00
0.000000000000000000e+00
0.000000000000000000e+00
0.000000000000000000e+00
0.000000000000000000e+00
0.000000000000000000e+00
0.000000000000000000e+00
0.000000000000000000e+00
0.000000000000000000e+00
0.000000000000000000e+00
0.000000000000000000e+00
0.000000000000000000e+00
0.000000000000000000e+00
0.000000000000000000e+00
0.000000000000000000e+00
0.000000000000000000e+00
0.000000000000000000e+00
0.000000000000000000e+00
0.000000000000000000e+00
0.000000000000000000e+00
0.000000000000000000e+00
0.000000000000000000e+00
0.000000000000000000e+00
0.000000000000000000e+00
0.000000000000000000e+00
0.000000000000000000e+00
0.000000000000000000e+00
0.000000000000000000e+00
0.000000000000000000e+00
0.000000000000000000e+00
0.000000000000000000e+00
0.000000000000000000e+00
0.000000000000000000e+00
0.000000000000000000e+00
0.000000000000000000e+00
0.000000000000000000e+00
0.000000000000000000e+00
0.000000000000000000e+00
1.000000000000000000e+00
0.000000000000000000e+00
0.000000000000000000e+00
0.000000000000000000e+00
0.000000000000000000e+00
0.000000000000000000e+00
0.000000000000000000e+00
0.000000000000000000e+00
0.000000000000000000e+00
0.000000000000000000e+00
0.000000000000000000e+00
0.000000000000000000e+00
7.000000000000000000e+00
9.000000000000000000e+00
1.700000000000000000e+01
1.800000000000000000e+01
1.700000000000000000e+01
1.600000000000000000e+01
0.000000000000000000e+00
2.700000000000000000e+01
1.500000000000000000e+01
2.700000000000000000e+01
1.800000000000000000e+01
4.000000000000000000e+01
2.300000000000000000e+01
1.100000000000000000e+01
1.300000000000000000e+01
9.000000000000000000e+00
6.000000000000000000e+00
4.000000000000000000e+00
2.100000000000000000e+01
1.100000000000000000e+01
1.300000000000000000e+01
2.200000000000000000e+01
4.000000000000000000e+00
4.000000000000000000e+00
5.000000000000000000e+00
1.400000000000000000e+01
0.000000000000000000e+00
9.000000000000000000e+00
8.000000000000000000e+00
2.000000000000000000e+00
6.000000000000000000e+00
4.000000000000000000e+00
1.000000000000000000e+00
5.000000000000000000e+00
6.000000000000000000e+00
4.000000000000000000e+00
8.000000000000000000e+00
3.000000000000000000e+00
7.000000000000000000e+00
2.000000000000000000e+00
4.000000000000000000e+00
3.000000000000000000e+00
3.000000000000000000e+00
2.000000000000000000e+00
0.000000000000000000e+00
2.000000000000000000e+00
2.000000000000000000e+00
6.000000000000000000e+00
1.000000000000000000e+00
1.000000000000000000e+00
4.000000000000000000e+00
6.000000000000000000e+00
2.000000000000000000e+00
2.100000000000000000e+01
1.400000000000000000e+01
1.400000000000000000e+01
1.800000000000000000e+01
2.200000000000000000e+01
1.400000000000000000e+01
6.000000000000000000e+00
4.000000000000000000e+00
1.000000000000000000e+01
1.100000000000000000e+01
6.000000000000000000e+00
1.600000000000000000e+01
2.000000000000000000e+01
2.300000000000000000e+01
1.200000000000000000e+01
1.600000000000000000e+01
4.000000000000000000e+00
4.000000000000000000e+00
3.000000000000000000e+00
7.000000000000000000e+00
2.000000000000000000e+00
8.000000000000000000e+00
2.000000000000000000e+00
4.000000000000000000e+00
5.000000000000000000e+00
7.000000000000000000e+00
9.000000000000000000e+00
2.000000000000000000e+00
8.000000000000000000e+00
1.900000000000000000e+01
1.100000000000000000e+01
1.300000000000000000e+01
2.300000000000000000e+01
1.400000000000000000e+01
1.800000000000000000e+01
2.700000000000000000e+01
2.500000000000000000e+01
3.800000000000000000e+01
8.000000000000000000e+00
1.800000000000000000e+01
2.000000000000000000e+00
6.000000000000000000e+00
1.400000000000000000e+01
7.000000000000000000e+00
7.000000000000000000e+00
1.800000000000000000e+01
9.000000000000000000e+00
5.000000000000000000e+00
2.400000000000000000e+01
1.500000000000000000e+01
1.800000000000000000e+01
7.000000000000000000e+00
1.000000000000000000e+01
7.000000000000000000e+00
4.000000000000000000e+00
1.000000000000000000e+00
3.000000000000000000e+00
1.100000000000000000e+01
3.000000000000000000e+00
1.400000000000000000e+01
3.000000000000000000e+00
2.000000000000000000e+00
0.000000000000000000e+00
0.000000000000000000e+00
4.000000000000000000e+00
3.000000000000000000e+00
3.000000000000000000e+00
4.000000000000000000e+00
1.500000000000000000e+01
3.000000000000000000e+00
5.000000000000000000e+00
3.000000000000000000e+00
5.000000000000000000e+00
4.000000000000000000e+00
5.000000000000000000e+00
-1.100000000000000000e+02
7.000000000000000000e+00
1.100000000000000000e+01
1.500000000000000000e+01
8.000000000000000000e+00
1.400000000000000000e+01
8.000000000000000000e+00
6.000000000000000000e+00
5.000000000000000000e+00
4.000000000000000000e+00
2.000000000000000000e+00
1.500000000000000000e+01
5.000000000000000000e+00
5.000000000000000000e+00
6.000000000000000000e+00
7.000000000000000000e+00
1.000000000000000000e+00
5.000000000000000000e+00
9.000000000000000000e+00
6.000000000000000000e+00
1.600000000000000000e+01
1.500000000000000000e+01
2.000000000000000000e+01
1.700000000000000000e+01
9.000000000000000000e+00
1.000000000000000000e+01
3.900000000000000000e+01
2.000000000000000000e+01
4.000000000000000000e+01
4.400000000000000000e+01
1.600000000000000000e+01
3.400000000000000000e+01
4.400000000000000000e+01
3.300000000000000000e+01
3.000000000000000000e+01
7.700000000000000000e+01
4.000000000000000000e+01
4.500000000000000000e+01
6.800000000000000000e+01
2.400000000000000000e+01
7.300000000000000000e+01
6.800000000000000000e+01
6.300000000000000000e+01
6.400000000000000000e+01
7.200000000000000000e+01
6.800000000000000000e+01
5.200000000000000000e+01
5.800000000000000000e+01
6.700000000000000000e+01
1.030000000000000000e+02
7.800000000000000000e+01
8.000000000000000000e+01
2.060000000000000000e+02
1.170000000000000000e+02
2.520000000000000000e+02
2.140000000000000000e+02
1.490000000000000000e+02
1.750000000000000000e+02
2.790000000000000000e+02
2.130000000000000000e+02
1.960000000000000000e+02
2.390000000000000000e+02
2.660000000000000000e+02
6.340000000000000000e+02
3.630000000000000000e+02
5.490000000000000000e+02
6.200000000000000000e+02
8.500000000000000000e+02
4.310000000000000000e+02
7.340000000000000000e+02
8.230000000000000000e+02
1.776000000000000000e+03
1.276000000000000000e+03
5.490000000000000000e+02
1.099000000000000000e+03
8.910000000000000000e+02
1.824000000000000000e+03
1.537000000000000000e+03
1.199000000000000000e+03
1.317000000000000000e+03
1.246000000000000000e+03
1.235000000000000000e+03
9.280000000000000000e+02
1.147000000000000000e+03
2.054000000000000000e+03
2.423000000000000000e+03
2.459000000000000000e+03
1.539000000000000000e+03
1.505000000000000000e+03
1.520000000000000000e+03
1.364000000000000000e+03
2.035000000000000000e+03
2.648000000000000000e+03
2.821000000000000000e+03
2.489000000000000000e+03
1.820000000000000000e+03
2.337000000000000000e+03
1.968000000000000000e+03
3.800000000000000000e+03
3.087000000000000000e+03
3.443000000000000000e+03
3.921000000000000000e+03
3.301000000000000000e+03
3.259000000000000000e+03
5.877000000000000000e+03
4.833000000000000000e+03
4.658000000000000000e+03
4.630000000000000000e+03
5.384000000000000000e+03
3.554000000000000000e+03
4.519000000000000000e+03
5.665000000000000000e+03
5.996000000000000000e+03
5.419000000000000000e+03
5.685000000000000000e+03
4.469000000000000000e+03
4.750000000000000000e+03
2.373000000000000000e+03
5.861000000000000000e+03
6.454000000000000000e+03
7.933000000000000000e+03
5.469000000000000000e+03
4.940000000000000000e+03
3.826000000000000000e+03
5.268000000000000000e+03
4.981000000000000000e+03
4.586000000000000000e+03
5.025000000000000000e+03
5.000000000000000000e+03
4.580000000000000000e+03
3.108000000000000000e+03
3.598000000000000000e+03
5.123000000000000000e+03
4.187000000000000000e+03
3.591000000000000000e+03
4.029000000000000000e+03
3.116000000000000000e+03
3.160000000000000000e+03
2.576000000000000000e+03
3.980000000000000000e+03
3.062000000000000000e+03
3.088000000000000000e+03
2.902000000000000000e+03
2.338000000000000000e+03
1.816000000000000000e+03
2.339000000000000000e+03
2.863000000000000000e+03
2.547000000000000000e+03
2.561000000000000000e+03
2.221000000000000000e+03
1.708000000000000000e+03
1.283000000000000000e+03
2.152000000000000000e+03
2.499000000000000000e+03
2.444000000000000000e+03
2.091000000000000000e+03
1.707000000000000000e+03
1.616000000000000000e+03
1.050000000000000000e+03
1.590000000000000000e+03
1.802000000000000000e+03
1.645000000000000000e+03
1.674000000000000000e+03
1.427000000000000000e+03
1.271000000000000000e+03
9.030000000000000000e+02
1.540000000000000000e+03
1.623000000000000000e+03
1.472000000000000000e+03
1.553000000000000000e+03
1.215000000000000000e+03
1.092000000000000000e+03
7.960000000000000000e+02
1.250000000000000000e+03
1.461000000000000000e+03
1.176000000000000000e+03
1.122000000000000000e+03
1.075000000000000000e+03
8.080000000000000000e+02
7.060000000000000000e+02
9.570000000000000000e+02
1.030000000000000000e+03
8.830000000000000000e+02
9.780000000000000000e+02
7.760000000000000000e+02
7.300000000000000000e+02
6.080000000000000000e+02
9.340000000000000000e+02
8.450000000000000000e+02
9.430000000000000000e+02
8.700000000000000000e+02
1.058000000000000000e+03
8.640000000000000000e+02
6.410000000000000000e+02
1.181000000000000000e+03
1.207000000000000000e+03
1.132000000000000000e+03
1.280000000000000000e+03
1.294000000000000000e+03
1.222000000000000000e+03
8.650000000000000000e+02
1.299000000000000000e+03
1.685000000000000000e+03
1.483000000000000000e+03
1.855000000000000000e+03
1.807000000000000000e+03
1.579000000000000000e+03
1.240000000000000000e+03
2.447000000000000000e+03
2.312000000000000000e+03
2.657000000000000000e+03
2.887000000000000000e+03
1.638000000000000000e+03
8.670000000000000000e+02
2.200000000000000000e+03
3.917000000000000000e+03
4.550000000000000000e+03
4.139000000000000000e+03
4.024000000000000000e+03
3.827000000000000000e+03
3.644000000000000000e+03
2.584000000000000000e+03
4.594000000000000000e+03
6.068000000000000000e+03
5.124000000000000000e+03
5.335000000000000000e+03
5.733000000000000000e+03
4.584000000000000000e+03
3.481000000000000000e+03
6.302000000000000000e+03
7.413000000000000000e+03
7.072000000000000000e+03
6.649000000000000000e+03
8.300000000000000000e+03
7.705000000000000000e+03
4.144000000000000000e+03
8.053000000000000000e+03
9.417000000000000000e+03
8.910000000000000000e+03
9.535000000000000000e+03
9.192000000000000000e+03
7.354000000000000000e+03
5.205000000000000000e+03
8.789000000000000000e+03
9.269000000000000000e+03
9.003000000000000000e+03
9.130000000000000000e+03
8.433000000000000000e+03
6.444000000000000000e+03
4.399000000000000000e+03
7.183000000000000000e+03
7.940000000000000000e+03
7.751000000000000000e+03
6.570000000000000000e+03
6.482000000000000000e+03
4.774000000000000000e+03
4.042000000000000000e+03
6.032000000000000000e+03
6.537000000000000000e+03
6.005000000000000000e+03
5.232000000000000000e+03
4.775000000000000000e+03
3.794000000000000000e+03
3.145000000000000000e+03
3.340000000000000000e+03
3.565000000000000000e+03
2.790000000000000000e+03
4.085000000000000000e+03
2.963000000000000000e+03
2.732000000000000000e+03
1.596000000000000000e+03
2.507000000000000000e+03
3.509000000000000000e+03
2.699000000000000000e+03
3.209000000000000000e+03
2.097000000000000000e+03
1.677000000000000000e+03
1.259000000000000000e+03
1.731000000000000000e+03
2.386000000000000000e+03
1.815000000000000000e+03
1.910000000000000000e+03
1.552000000000000000e+03
1.556000000000000000e+03
7.040000000000000000e+02
8.240000000000000000e+02
1.272000000000000000e+03
1.530000000000000000e+03
1.220000000000000000e+03
1.007000000000000000e+03
7.020000000000000000e+02
6.010000000000000000e+02
0.000000000000000000e+00
1.765000000000000000e+03
8.550000000000000000e+02
0.000000000000000000e+00
9.010000000000000000e+02
0.000000000000000000e+00
0.000000000000000000e+00
1.400000000000000000e+03
1.104000000000000000e+03
1.174000000000000000e+03
0.000000000000000000e+00
0.000000000000000000e+00
0.000000000000000000e+00
0.000000000000000000e+00
0.000000000000000000e+00
5.004000000000000000e+03
0.000000000000000000e+00
0.000000000000000000e+00
2.603000000000000000e+03
6.200000000000000000e+02
0.000000000000000000e+00
0.000000000000000000e+00
1.875000000000000000e+03
7.500000000000000000e+02
6.040000000000000000e+02
6.330000000000000000e+02
4.940000000000000000e+02
3.040000000000000000e+02
5.280000000000000000e+02
6.550000000000000000e+02
5.990000000000000000e+02
5.980000000000000000e+02
4.790000000000000000e+02
3.430000000000000000e+02
3.100000000000000000e+02
5.000000000000000000e+02
5.460000000000000000e+02
5.000000000000000000e+02
4.670000000000000000e+02
5.220000000000000000e+02
3.010000000000000000e+02
3.110000000000000000e+02
5.020000000000000000e+02
5.200000000000000000e+02
5.040000000000000000e+02
5.990000000000000000e+02
5.820000000000000000e+02
3.610000000000000000e+02
2.730000000000000000e+02
4.650000000000000000e+02
6.050000000000000000e+02
4.970000000000000000e+02
5.180000000000000000e+02
5.330000000000000000e+02
4.580000000000000000e+02
2.220000000000000000e+02
5.750000000000000000e+02
5.840000000000000000e+02
5.050000000000000000e+02
6.460000000000000000e+02
5.530000000000000000e+02
4.680000000000000000e+02
4.060000000000000000e+02
5.690000000000000000e+02
7.670000000000000000e+02
6.010000000000000000e+02
7.340000000000000000e+02
6.610000000000000000e+02
4.750000000000000000e+02
3.890000000000000000e+02
6.750000000000000000e+02
0.000000000000000000e+00
1.195000000000000000e+03
2.860000000000000000e+02
4.000000000000000000e+02
3.310000000000000000e+02
4.850000000000000000e+02
1.061000000000000000e+03
1.131000000000000000e+03
1.213000000000000000e+03
1.055000000000000000e+03
1.008000000000000000e+03
7.600000000000000000e+02
5.620000000000000000e+02
1.041000000000000000e+03
