0.000000000000000000e+00
0.000000000000000000e+00
0.000000000000000000e+00
0.000000000000000000e+00
0.000000000000000000e+00
0.000000000000000000e+00
0.000000000000000000e+00
0.000000000000000000e+00
0.000000000000000000e+00
0.000000000000000000e+00
0.000000000000000000e+00
0.000000000000000000e+00
0.000000000000000000e+00
0.000000000000000000e+00
0.000000000000000000e+00
0.000000000000000000e+00
0.000000000000000000e+00
0.000000000000000000e+00
0.000000000000000000e+00
0.000000000000000000e+00
0.000000000000000000e+00
0.000000000000000000e+00
0.000000000000000000e+00
0.000000000000000000e+00
0.000000000000000000e+00
0.000000000000000000e+00
0.000000000000000000e+00
0.000000000000000000e+00
0.000000000000000000e+00
0.000000000000000000e+00
0.000000000000000000e+00
0.000000000000000000e+00
0.000000000000000000e+00
0.000000000000000000e+00
0.000000000000000000e+00
0.000000000000000000e+00
0.000000000000000000e+00
0.000000000000000000e+00
0.000000000000000000e+00
0.000000000000000000e+00
0.000000000000000000e+00
0.000000000000000000e+00
0.000000000000000000e+00
0.000000000000000000e+00
0.000000000000000000e+00
0.000000000000000000e+00
0.000000000000000000e+00
0.000000000000000000e+00
0.000000000000000000e+00
0.000000000000000000e+00
0.000000000000000000e+00
0.000000000000000000e+00
0.000000000000000000e+00
0.000000000000000000e+00
0.000000000000000000e+00
0.000000000000000000e+00
0.000000000000000000e+00
0.000000000000000000e+00
0.000000000000000000e+00
0.000000000000000000e+00
0.000000000000000000e+00
0.000000000000000000e+00
1.000000000000000000e+00
1.000000000000000000e+00
1.000000000000000000e+00
1.000000000000000000e+00
3.000000000000000000e+00
8.000000000000000000e+00
8.000000000000000000e+00
1.000000000000000000e+01
1.000000000000000000e+01
1.100000000000000000e+01
1.100000000000000000e+01
1.800000000000000000e+01
1.800000000000000000e+01
1.900000000000000000e+01
2.000000000000000000e+01
2.100000000000000000e+01
2.400000000000000000e+01
2.400000000000000000e+01
2.400000000000000000e+01
2.500000000000000000e+01
2.600000000000000000e+01
3.500000000000000000e+01
4.800000000000000000e+01
4.900000000000000000e+01
4.900000000000000000e+01
4.900000000000000000e+01
5.100000000000000000e+01
5.100000000000000000e+01
5.100000000000000000e+01
5.900000000000000000e+01
6.000000000000000000e+01
6.100000000000000000e+01
6.100000000000000000e+01
6.100000000000000000e+01
6.100000000000000000e+01
6.100000000000000000e+01
6.100000000000000000e+01
6.100000000000000000e+01
6.300000000000000000e+01
6.300000000000000000e+01
6.300000000000000000e+01
6.300000000000000000e+01
6.300000000000000000e+01
6.400000000000000000e+01
6.400000000000000000e+01
6.400000000000000000e+01
6.400000000000000000e+01
6.400000000000000000e+01
6.400000000000000000e+01
6.400000000000000000e+01
6.400000000000000000e+01
6.400000000000000000e+01
6.400000000000000000e+01
6.500000000000000000e+01
6.500000000000000000e+01
6.500000000000000000e+01
6.800000000000000000e+01
6.900000000000000000e+01
7.100000000000000000e+01
7.200000000000000000e+01
7.500000000000000000e+01
7.500000000000000000e+01
7.500000000000000000e+01
7.700000000000000000e+01
9.900000000000000000e+01
1.050000000000000000e+02
1.180000000000000000e+02
1.300000000000000000e+02
1.560000000000000000e+02
1.680000000000000000e+02
1.820000000000000000e+02
1.960000000000000000e+02
2.090000000000000000e+02
2.390000000000000000e+02
2.560000000000000000e+02
2.560000000000000000e+02
3.320000000000000000e+02
3.590000000000000000e+02
3.780000000000000000e+02
3.930000000000000000e+02
4.090000000000000000e+02
4.180000000000000000e+02
4.540000000000000000e+02
4.670000000000000000e+02
4.840000000000000000e+02
5.000000000000000000e+02
5.100000000000000000e+02
5.200000000000000000e+02
5.440000000000000000e+02
5.710000000000000000e+02
5.950000000000000000e+02
6.390000000000000000e+02
6.700000000000000000e+02
6.980000000000000000e+02
7.130000000000000000e+02
7.270000000000000000e+02
7.620000000000000000e+02
8.020000000000000000e+02
8.240000000000000000e+02
8.740000000000000000e+02
8.910000000000000000e+02
9.180000000000000000e+02
9.890000000000000000e+02
1.046000000000000000e+03
1.117000000000000000e+03
1.182000000000000000e+03
1.268000000000000000e+03
1.342000000000000000e+03
1.342000000000000000e+03
1.389000000000000000e+03
1.433000000000000000e+03
1.512000000000000000e+03
1.563000000000000000e+03
1.589000000000000000e+03
1.652000000000000000e+03
1.704000000000000000e+03
1.791000000000000000e+03
1.866000000000000000e+03
1.980000000000000000e+03
2.088000000000000000e+03
2.176000000000000000e+03
2.314000000000000000e+03
2.424000000000000000e+03
2.547000000000000000e+03
2.669000000000000000e+03
2.827000000000000000e+03
3.017000000000000000e+03
3.222000000000000000e+03
3.438000000000000000e+03
3.621000000000000000e+03
3.691000000000000000e+03
3.837000000000000000e+03
4.063000000000000000e+03
4.224000000000000000e+03
4.475000000000000000e+03
4.879000000000000000e+03
5.079000000000000000e+03
5.232000000000000000e+03
5.451000000000000000e+03
5.929000000000000000e+03
6.302000000000000000e+03
6.611000000000000000e+03
7.050000000000000000e+03
7.327000000000000000e+03
7.738000000000000000e+03
8.172000000000000000e+03
8.579000000000000000e+03
9.068000000000000000e+03
9.463000000000000000e+03
9.707000000000000000e+03
1.012100000000000000e+04
1.043700000000000000e+04
1.043700000000000000e+04
1.100900000000000000e+04
1.128100000000000000e+04
1.183400000000000000e+04
1.227400000000000000e+04
1.262900000000000000e+04
1.295800000000000000e+04
1.342300000000000000e+04
1.396600000000000000e+04
1.462400000000000000e+04
1.515600000000000000e+04
1.577300000000000000e+04
1.644500000000000000e+04
1.709400000000000000e+04
1.774900000000000000e+04
1.883400000000000000e+04
1.958300000000000000e+04
2.046200000000000000e+04
2.093900000000000000e+04
2.190800000000000000e+04
2.234800000000000000e+04
2.278100000000000000e+04
2.351500000000000000e+04
2.414400000000000000e+04
2.493600000000000000e+04
2.582200000000000000e+04
2.643800000000000000e+04
2.723400000000000000e+04
2.794900000000000000e+04
2.879600000000000000e+04
2.944600000000000000e+04
3.009700000000000000e+04
3.063200000000000000e+04
3.129000000000000000e+04
3.182800000000000000e+04
3.236400000000000000e+04
3.321300000000000000e+04
3.401400000000000000e+04
3.452500000000000000e+04
3.520800000000000000e+04
3.571700000000000000e+04
3.608700000000000000e+04
3.680900000000000000e+04
3.743700000000000000e+04
3.846800000000000000e+04
3.951300000000000000e+04
4.029200000000000000e+04
4.136800000000000000e+04
4.168600000000000000e+04
4.271200000000000000e+04
4.382100000000000000e+04
4.498500000000000000e+04
4.582100000000000000e+04
4.667600000000000000e+04
4.784500000000000000e+04
4.784500000000000000e+04
4.879000000000000000e+04
4.994900000000000000e+04
5.090600000000000000e+04
5.162500000000000000e+04
5.262000000000000000e+04
5.338400000000000000e+04
5.437400000000000000e+04
5.601300000000000000e+04
5.722300000000000000e+04
5.797500000000000000e+04
5.887400000000000000e+04
5.965600000000000000e+04
6.062800000000000000e+04
6.109500000000000000e+04
6.204500000000000000e+04
6.290700000000000000e+04
6.368800000000000000e+04
6.458700000000000000e+04
6.544000000000000000e+04
6.644400000000000000e+04
6.703900000000000000e+04
6.811700000000000000e+04
6.904000000000000000e+04
7.001000000000000000e+04
7.088500000000000000e+04
7.180400000000000000e+04
7.262800000000000000e+04
7.262800000000000000e+04
7.360200000000000000e+04
7.432400000000000000e+04
7.493600000000000000e+04
7.546500000000000000e+04
7.600600000000000000e+04
7.680800000000000000e+04
7.680800000000000000e+04
7.782300000000000000e+04
7.847300000000000000e+04
7.918000000000000000e+04
7.979700000000000000e+04
8.040700000000000000e+04
8.127300000000000000e+04
8.127300000000000000e+04
8.243000000000000000e+04
8.280900000000000000e+04
8.341700000000000000e+04
8.408700000000000000e+04
8.484900000000000000e+04
8.552900000000000000e+04
8.552900000000000000e+04
8.658000000000000000e+04
8.709700000000000000e+04
8.798600000000000000e+04
8.852200000000000000e+04
8.918300000000000000e+04
8.988000000000000000e+04
8.988000000000000000e+04
9.077900000000000000e+04
9.135700000000000000e+04
9.201700000000000000e+04
9.257700000000000000e+04
9.328300000000000000e+04
9.377200000000000000e+04
9.377200000000000000e+04
9.456000000000000000e+04
9.520000000000000000e+04
9.570600000000000000e+04
9.634600000000000000e+04
9.719200000000000000e+04
9.765300000000000000e+04
9.765300000000000000e+04
9.838100000000000000e+04
9.891300000000000000e+04
9.935000000000000000e+04
9.993500000000000000e+04
1.002770000000000000e+05
1.007440000000000000e+05
1.007440000000000000e+05
1.014140000000000000e+05
1.019750000000000000e+05
1.024560000000000000e+05
1.028800000000000000e+05
1.035150000000000000e+05
1.040020000000000000e+05
1.040020000000000000e+05
1.047450000000000000e+05
1.053780000000000000e+05
1.060300000000000000e+05
1.066700000000000000e+05
1.074340000000000000e+05
1.080170000000000000e+05
1.080170000000000000e+05
1.090880000000000000e+05
1.098690000000000000e+05
1.104650000000000000e+05
1.111240000000000000e+05
1.117460000000000000e+05
1.125400000000000000e+05
1.125400000000000000e+05
1.136880000000000000e+05
1.144290000000000000e+05
1.152990000000000000e+05
1.160640000000000000e+05
1.167790000000000000e+05
1.176500000000000000e+05
1.176500000000000000e+05
1.186310000000000000e+05
1.194020000000000000e+05
1.204340000000000000e+05
1.212430000000000000e+05
1.220130000000000000e+05
1.228940000000000000e+05
1.228940000000000000e+05
1.240260000000000000e+05
1.248820000000000000e+05
1.255610000000000000e+05
1.260280000000000000e+05
1.263610000000000000e+05
1.268810000000000000e+05
1.268810000000000000e+05
1.273540000000000000e+05
1.277050000000000000e+05
1.280360000000000000e+05
1.283480000000000000e+05
1.287400000000000000e+05
1.293250000000000000e+05
1.293250000000000000e+05
1.297970000000000000e+05
1.302120000000000000e+05
1.307010000000000000e+05
1.312620000000000000e+05
1.318330000000000000e+05
1.324580000000000000e+05
1.324580000000000000e+05
1.333380000000000000e+05
1.341270000000000000e+05
1.349670000000000000e+05
1.355850000000000000e+05
1.365870000000000000e+05
1.374820000000000000e+05
1.374820000000000000e+05
1.386400000000000000e+05
1.396580000000000000e+05
1.406880000000000000e+05
1.415980000000000000e+05
1.426710000000000000e+05
1.436430000000000000e+05
1.436430000000000000e+05
1.449930000000000000e+05
1.460800000000000000e+05
1.471210000000000000e+05
1.481750000000000000e+05
1.492070000000000000e+05
1.503410000000000000e+05
1.503410000000000000e+05
1.516050000000000000e+05
1.525100000000000000e+05
1.534110000000000000e+05
1.543200000000000000e+05
1.552320000000000000e+05
1.561160000000000000e+05
1.561160000000000000e+05
1.568490000000000000e+05
1.575450000000000000e+05
1.582510000000000000e+05
1.589570000000000000e+05
1.599800000000000000e+05
1.610880000000000000e+05
1.610880000000000000e+05
1.622940000000000000e+05
1.634420000000000000e+05
1.643180000000000000e+05
1.652870000000000000e+05
1.661560000000000000e+05
1.668880000000000000e+05
1.668880000000000000e+05
1.678250000000000000e+05
1.686760000000000000e+05
1.695040000000000000e+05
1.700450000000000000e+05
1.705580000000000000e+05
1.711310000000000000e+05
1.711310000000000000e+05
1.718800000000000000e+05
1.724640000000000000e+05
1.730890000000000000e+05
1.736830000000000000e+05
1.742160000000000000e+05
1.747520000000000000e+05
1.747520000000000000e+05
1.752860000000000000e+05
1.757530000000000000e+05
1.762540000000000000e+05
1.767010000000000000e+05
1.770720000000000000e+05
1.775080000000000000e+05
1.775080000000000000e+05
1.778710000000000000e+05
1.783350000000000000e+05
1.786720000000000000e+05
1.789270000000000000e+05
1.791930000000000000e+05
1.796970000000000000e+05
1.796970000000000000e+05
1.799700000000000000e+05
1.802260000000000000e+05
1.806920000000000000e+05
1.809450000000000000e+05
1.811790000000000000e+05
1.811790000000000000e+05
1.811790000000000000e+05
1.814100000000000000e+05
1.817140000000000000e+05
1.820120000000000000e+05
1.823500000000000000e+05
1.826490000000000000e+05
1.828990000000000000e+05
1.828990000000000000e+05
1.833110000000000000e+05
1.835920000000000000e+05
1.839320000000000000e+05
1.841510000000000000e+05
1.844720000000000000e+05
1.848150000000000000e+05
1.848150000000000000e+05
1.851810000000000000e+05
1.857760000000000000e+05
1.860720000000000000e+05
1.863230000000000000e+05
1.865670000000000000e+05
1.869530000000000000e+05
1.869530000000000000e+05
1.872810000000000000e+05
1.876850000000000000e+05
1.879280000000000000e+05
1.881570000000000000e+05
1.883860000000000000e+05
1.887620000000000000e+05
1.887620000000000000e+05
1.890590000000000000e+05
1.892840000000000000e+05
1.895550000000000000e+05
1.898880000000000000e+05
1.901460000000000000e+05
1.904260000000000000e+05
1.904260000000000000e+05
1.907480000000000000e+05
1.910380000000000000e+05
1.912530000000000000e+05
1.914760000000000000e+05
1.916600000000000000e+05
1.921290000000000000e+05
1.921290000000000000e+05
1.924700000000000000e+05
1.927860000000000000e+05
1.932380000000000000e+05
1.934740000000000000e+05
1.939050000000000000e+05
1.943230000000000000e+05
1.943230000000000000e+05
1.950420000000000000e+05
1.958240000000000000e+05
1.968940000000000000e+05
1.981420000000000000e+05
1.995260000000000000e+05
2.012360000000000000e+05
2.012360000000000000e+05
2.040900000000000000e+05
2.067690000000000000e+05
2.094090000000000000e+05
2.120130000000000000e+05
2.145680000000000000e+05
2.174340000000000000e+05
2.174340000000000000e+05
2.214950000000000000e+05
2.249200000000000000e+05
2.267010000000000000e+05
2.267010000000000000e+05
2.274330000000000000e+05
2.296040000000000000e+05
2.296040000000000000e+05
2.334490000000000000e+05
2.369610000000000000e+05
2.403090000000000000e+05
2.434700000000000000e+05
2.462000000000000000e+05
2.491140000000000000e+05
2.491140000000000000e+05
2.534360000000000000e+05
