0.000000000000000000e+00
0.000000000000000000e+00
0.000000000000000000e+00
0.000000000000000000e+00
0.000000000000000000e+00
0.000000000000000000e+00
0.000000000000000000e+00
0.000000000000000000e+00
0.000000000000000000e+00
0.000000000000000000e+00
0.000000000000000000e+00
0.000000000000000000e+00
0.000000000000000000e+00
0.000000000000000000e+00
0.000000000000000000e+00
0.000000000000000000e+00
0.000000000000000000e+00
0.000000000000000000e+00
0.000000000000000000e+00
0.000000000000000000e+00
0.000000000000000000e+00
0.000000000000000000e+00
0.000000000000000000e+00
0.000000000000000000e+00
0.000000000000000000e+00
0.000000000000000000e+00
0.000000000000000000e+00
0.000000000000000000e+00
0.000000000000000000e+00
0.000000000000000000e+00
0.000000000000000000e+00
0.000000000000000000e+00
0.000000000000000000e+00
0.000000000000000000e+00
0.000000000000000000e+00
0.000000000000000000e+00
0.000000000000000000e+00
0.000000000000000000e+00
0.000000000000000000e+00
0.000000000000000000e+00
0.000000000000000000e+00
0.000000000000000000e+00
0.000000000000000000e+00
0.000000000000000000e+00
0.000000000000000000e+00
0.000000000000000000e+00
0.000000000000000000e+00
0.000000000000000000e+00
0.000000000000000000e+00
0.000000000000000000e+00
0.000000000000000000e+00
0.000000000000000000e+00
0.000000000000000000e+00
0.000000000000000000e+00
0.000000000000000000e+00
0.000000000000000000e+00
0.000000000000000000e+00
0.000000000000000000e+00
0.000000000000000000e+00
0.000000000000000000e+00
0.000000000000000000e+00
0.000000000000000000e+00
1.000000000000000000e+00
0.000000000000000000e+00
0.000000000000000000e+00
0.000000000000000000e+00
2.000000000000000000e+00
5.000000000000000000e+00
0.000000000000000000e+00
2.000000000000000000e+00
0.000000000000000000e+00
1.000000000000000000e+00
0.000000000000000000e+00
7.000000000000000000e+00
0.000000000000000000e+00
1.000000000000000000e+00
1.000000000000000000e+00
1.000000000000000000e+00
3.000000000000000000e+00
0.000000000000000000e+00
0.000000000000000000e+00
1.000000000000000000e+00
1.000000000000000000e+00
9.000000000000000000e+00
1.300000000000000000e+01
1.000000000000000000e+00
0.000000000000000000e+00
0.000000000000000000e+00
2.000000000000000000e+00
0.000000000000000000e+00
0.000000000000000000e+00
8.000000000000000000e+00
1.000000000000000000e+00
1.000000000000000000e+00
0.000000000000000000e+00
0.000000000000000000e+00
0.000000000000000000e+00
0.000000000000000000e+00
0.000000000000000000e+00
0.000000000000000000e+00
2.000000000000000000e+00
0.000000000000000000e+00
0.000000000000000000e+00
0.000000000000000000e+00
0.000000000000000000e+00
1.000000000000000000e+00
0.000000000000000000e+00
0.000000000000000000e+00
0.000000000000000000e+00
0.000000000000000000e+00
0.000000000000000000e+00
0.000000000000000000e+00
0.000000000000000000e+00
0.000000000000000000e+00
0.000000000000000000e+00
1.000000000000000000e+00
0.000000000000000000e+00
0.000000000000000000e+00
3.000000000000000000e+00
1.000000000000000000e+00
2.000000000000000000e+00
1.000000000000000000e+00
3.000000000000000000e+00
0.000000000000000000e+00
0.000000000000000000e+00
2.000000000000000000e+00
2.200000000000000000e+01
6.000000000000000000e+00
1.300000000000000000e+01
1.200000000000000000e+01
2.600000000000000000e+01
1.200000000000000000e+01
1.400000000000000000e+01
1.400000000000000000e+01
1.300000000000000000e+01
3.000000000000000000e+01
1.700000000000000000e+01
0.000000000000000000e+00
7.600000000000000000e+01
2.700000000000000000e+01
1.900000000000000000e+01
1.500000000000000000e+01
1.600000000000000000e+01
9.000000000000000000e+00
3.600000000000000000e+01
1.300000000000000000e+01
1.700000000000000000e+01
1.600000000000000000e+01
1.000000000000000000e+01
1.000000000000000000e+01
2.400000000000000000e+01
2.700000000000000000e+01
2.400000000000000000e+01
4.400000000000000000e+01
3.100000000000000000e+01
2.800000000000000000e+01
1.500000000000000000e+01
1.400000000000000000e+01
3.500000000000000000e+01
4.000000000000000000e+01
2.200000000000000000e+01
5.000000000000000000e+01
1.700000000000000000e+01
2.700000000000000000e+01
7.100000000000000000e+01
5.700000000000000000e+01
7.100000000000000000e+01
6.500000000000000000e+01
8.600000000000000000e+01
7.400000000000000000e+01
0.000000000000000000e+00
4.700000000000000000e+01
4.400000000000000000e+01
7.900000000000000000e+01
5.100000000000000000e+01
2.600000000000000000e+01
6.300000000000000000e+01
5.200000000000000000e+01
8.700000000000000000e+01
7.500000000000000000e+01
1.140000000000000000e+02
1.080000000000000000e+02
8.800000000000000000e+01
1.380000000000000000e+02
1.100000000000000000e+02
1.230000000000000000e+02
1.220000000000000000e+02
1.580000000000000000e+02
1.900000000000000000e+02
2.050000000000000000e+02
2.160000000000000000e+02
1.830000000000000000e+02
7.000000000000000000e+01
1.460000000000000000e+02
2.260000000000000000e+02
1.610000000000000000e+02
2.510000000000000000e+02
4.040000000000000000e+02
2.000000000000000000e+02
1.530000000000000000e+02
2.190000000000000000e+02
4.780000000000000000e+02
3.730000000000000000e+02
3.090000000000000000e+02
4.390000000000000000e+02
2.770000000000000000e+02
4.110000000000000000e+02
4.340000000000000000e+02
4.070000000000000000e+02
4.890000000000000000e+02
3.950000000000000000e+02
2.440000000000000000e+02
4.140000000000000000e+02
3.160000000000000000e+02
0.000000000000000000e+00
5.720000000000000000e+02
2.720000000000000000e+02
5.530000000000000000e+02
4.400000000000000000e+02
3.550000000000000000e+02
3.290000000000000000e+02
4.650000000000000000e+02
5.430000000000000000e+02
6.580000000000000000e+02
5.320000000000000000e+02
6.170000000000000000e+02
6.720000000000000000e+02
6.490000000000000000e+02
6.550000000000000000e+02
1.085000000000000000e+03
7.490000000000000000e+02
8.790000000000000000e+02
4.770000000000000000e+02
9.690000000000000000e+02
4.400000000000000000e+02
4.330000000000000000e+02
7.340000000000000000e+02
6.290000000000000000e+02
7.920000000000000000e+02
8.860000000000000000e+02
6.160000000000000000e+02
7.960000000000000000e+02
7.150000000000000000e+02
8.470000000000000000e+02
6.500000000000000000e+02
6.510000000000000000e+02
5.350000000000000000e+02
6.580000000000000000e+02
5.380000000000000000e+02
5.360000000000000000e+02
8.490000000000000000e+02
8.010000000000000000e+02
5.110000000000000000e+02
6.830000000000000000e+02
5.090000000000000000e+02
3.700000000000000000e+02
7.220000000000000000e+02
6.280000000000000000e+02
1.031000000000000000e+03
1.045000000000000000e+03
7.790000000000000000e+02
1.076000000000000000e+03
3.180000000000000000e+02
1.026000000000000000e+03
1.109000000000000000e+03
1.164000000000000000e+03
8.360000000000000000e+02
8.550000000000000000e+02
1.169000000000000000e+03
0.000000000000000000e+00
9.450000000000000000e+02
1.159000000000000000e+03
9.570000000000000000e+02
7.190000000000000000e+02
9.950000000000000000e+02
7.640000000000000000e+02
9.900000000000000000e+02
1.639000000000000000e+03
1.210000000000000000e+03
7.520000000000000000e+02
8.990000000000000000e+02
7.820000000000000000e+02
9.720000000000000000e+02
4.670000000000000000e+02
9.500000000000000000e+02
8.620000000000000000e+02
7.810000000000000000e+02
8.990000000000000000e+02
8.530000000000000000e+02
1.004000000000000000e+03
5.950000000000000000e+02
1.078000000000000000e+03
9.230000000000000000e+02
9.700000000000000000e+02
8.750000000000000000e+02
9.190000000000000000e+02
8.240000000000000000e+02
0.000000000000000000e+00
9.740000000000000000e+02
7.220000000000000000e+02
6.120000000000000000e+02
5.290000000000000000e+02
5.410000000000000000e+02
8.020000000000000000e+02
0.000000000000000000e+00
1.015000000000000000e+03
6.500000000000000000e+02
7.070000000000000000e+02
6.170000000000000000e+02
6.100000000000000000e+02
8.660000000000000000e+02
0.000000000000000000e+00
1.157000000000000000e+03
3.790000000000000000e+02
6.080000000000000000e+02
6.700000000000000000e+02
7.620000000000000000e+02
6.800000000000000000e+02
0.000000000000000000e+00
1.051000000000000000e+03
5.170000000000000000e+02
8.890000000000000000e+02
5.360000000000000000e+02
6.610000000000000000e+02
6.970000000000000000e+02
0.000000000000000000e+00
8.990000000000000000e+02
5.780000000000000000e+02
6.600000000000000000e+02
5.600000000000000000e+02
7.060000000000000000e+02
4.890000000000000000e+02
0.000000000000000000e+00
7.880000000000000000e+02
6.400000000000000000e+02
5.060000000000000000e+02
6.400000000000000000e+02
8.460000000000000000e+02
4.610000000000000000e+02
0.000000000000000000e+00
7.280000000000000000e+02
5.320000000000000000e+02
4.370000000000000000e+02
5.850000000000000000e+02
3.420000000000000000e+02
4.670000000000000000e+02
0.000000000000000000e+00
6.700000000000000000e+02
5.610000000000000000e+02
4.810000000000000000e+02
4.240000000000000000e+02
6.350000000000000000e+02
4.870000000000000000e+02
0.000000000000000000e+00
7.430000000000000000e+02
6.330000000000000000e+02
6.520000000000000000e+02
6.400000000000000000e+02
7.640000000000000000e+02
5.830000000000000000e+02
0.000000000000000000e+00
1.071000000000000000e+03
7.810000000000000000e+02
5.960000000000000000e+02
6.590000000000000000e+02
6.220000000000000000e+02
7.940000000000000000e+02
0.000000000000000000e+00
1.148000000000000000e+03
7.410000000000000000e+02
8.700000000000000000e+02
7.650000000000000000e+02
7.150000000000000000e+02
8.710000000000000000e+02
0.000000000000000000e+00
9.810000000000000000e+02
7.710000000000000000e+02
1.032000000000000000e+03
8.090000000000000000e+02
7.700000000000000000e+02
8.810000000000000000e+02
0.000000000000000000e+00
1.132000000000000000e+03
8.560000000000000000e+02
6.790000000000000000e+02
4.670000000000000000e+02
3.330000000000000000e+02
5.200000000000000000e+02
0.000000000000000000e+00
4.730000000000000000e+02
3.510000000000000000e+02
3.310000000000000000e+02
3.120000000000000000e+02
3.920000000000000000e+02
5.850000000000000000e+02
0.000000000000000000e+00
4.720000000000000000e+02
4.150000000000000000e+02
4.890000000000000000e+02
5.610000000000000000e+02
5.710000000000000000e+02
6.250000000000000000e+02
0.000000000000000000e+00
8.800000000000000000e+02
7.890000000000000000e+02
8.400000000000000000e+02
6.180000000000000000e+02
1.002000000000000000e+03
8.950000000000000000e+02
0.000000000000000000e+00
1.158000000000000000e+03
1.018000000000000000e+03
1.030000000000000000e+03
9.100000000000000000e+02
1.073000000000000000e+03
9.720000000000000000e+02
0.000000000000000000e+00
1.350000000000000000e+03
1.087000000000000000e+03
1.041000000000000000e+03
1.054000000000000000e+03
1.032000000000000000e+03
1.134000000000000000e+03
0.000000000000000000e+00
1.264000000000000000e+03
9.050000000000000000e+02
9.010000000000000000e+02
9.090000000000000000e+02
9.120000000000000000e+02
8.840000000000000000e+02
0.000000000000000000e+00
7.330000000000000000e+02
6.960000000000000000e+02
7.060000000000000000e+02
7.060000000000000000e+02
1.023000000000000000e+03
1.108000000000000000e+03
0.000000000000000000e+00
1.206000000000000000e+03
1.148000000000000000e+03
8.760000000000000000e+02
9.690000000000000000e+02
8.690000000000000000e+02
7.320000000000000000e+02
0.000000000000000000e+00
9.370000000000000000e+02
8.510000000000000000e+02
8.280000000000000000e+02
5.410000000000000000e+02
5.130000000000000000e+02
5.730000000000000000e+02
0.000000000000000000e+00
7.490000000000000000e+02
5.840000000000000000e+02
6.250000000000000000e+02
5.940000000000000000e+02
5.330000000000000000e+02
5.360000000000000000e+02
0.000000000000000000e+00
5.340000000000000000e+02
4.670000000000000000e+02
5.010000000000000000e+02
4.470000000000000000e+02
3.710000000000000000e+02
4.360000000000000000e+02
0.000000000000000000e+00
3.630000000000000000e+02
4.640000000000000000e+02
3.370000000000000000e+02
2.550000000000000000e+02
2.660000000000000000e+02
5.040000000000000000e+02
0.000000000000000000e+00
2.730000000000000000e+02
2.560000000000000000e+02
4.660000000000000000e+02
2.530000000000000000e+02
2.340000000000000000e+02
0.000000000000000000e+00
0.000000000000000000e+00
2.310000000000000000e+02
3.040000000000000000e+02
2.980000000000000000e+02
3.380000000000000000e+02
2.990000000000000000e+02
2.500000000000000000e+02
0.000000000000000000e+00
4.120000000000000000e+02
2.810000000000000000e+02
3.400000000000000000e+02
2.190000000000000000e+02
3.210000000000000000e+02
3.430000000000000000e+02
0.000000000000000000e+00
3.660000000000000000e+02
5.950000000000000000e+02
2.960000000000000000e+02
2.510000000000000000e+02
2.440000000000000000e+02
3.860000000000000000e+02
0.000000000000000000e+00
3.280000000000000000e+02
4.040000000000000000e+02
2.430000000000000000e+02
2.290000000000000000e+02
2.290000000000000000e+02
3.760000000000000000e+02
0.000000000000000000e+00
2.970000000000000000e+02
2.250000000000000000e+02
2.710000000000000000e+02
3.330000000000000000e+02
2.580000000000000000e+02
2.800000000000000000e+02
0.000000000000000000e+00
3.220000000000000000e+02
2.900000000000000000e+02
2.150000000000000000e+02
2.230000000000000000e+02
1.840000000000000000e+02
4.690000000000000000e+02
0.000000000000000000e+00
3.410000000000000000e+02
3.160000000000000000e+02
4.520000000000000000e+02
2.360000000000000000e+02
4.310000000000000000e+02
4.180000000000000000e+02
0.000000000000000000e+00
7.190000000000000000e+02
7.820000000000000000e+02
1.070000000000000000e+03
1.248000000000000000e+03
1.384000000000000000e+03
1.710000000000000000e+03
0.000000000000000000e+00
2.854000000000000000e+03
2.679000000000000000e+03
2.640000000000000000e+03
2.604000000000000000e+03
2.555000000000000000e+03
2.866000000000000000e+03
0.000000000000000000e+00
4.061000000000000000e+03
3.425000000000000000e+03
1.781000000000000000e+03
0.000000000000000000e+00
7.320000000000000000e+02
2.171000000000000000e+03
0.000000000000000000e+00
3.845000000000000000e+03
3.512000000000000000e+03
3.348000000000000000e+03
3.161000000000000000e+03
2.730000000000000000e+03
2.914000000000000000e+03
0.000000000000000000e+00
4.322000000000000000e+03
