0.000000000000000000e+00
0.000000000000000000e+00
0.000000000000000000e+00
0.000000000000000000e+00
0.000000000000000000e+00
0.000000000000000000e+00
0.000000000000000000e+00
0.000000000000000000e+00
0.000000000000000000e+00
0.000000000000000000e+00
0.000000000000000000e+00
0.000000000000000000e+00
0.000000000000000000e+00
0.000000000000000000e+00
0.000000000000000000e+00
0.000000000000000000e+00
0.000000000000000000e+00
0.000000000000000000e+00
0.000000000000000000e+00
0.000000000000000000e+00
0.000000000000000000e+00
0.000000000000000000e+00
0.000000000000000000e+00
0.000000000000000000e+00
0.000000000000000000e+00
0.000000000000000000e+00
0.000000000000000000e+00
0.000000000000000000e+00
0.000000000000000000e+00
0.000000000000000000e+00
0.000000000000000000e+00
0.000000000000000000e+00
0.000000000000000000e+00
0.000000000000000000e+00
0.000000000000000000e+00
0.000000000000000000e+00
0.000000000000000000e+00
0.000000000000000000e+00
0.000000000000000000e+00
0.000000000000000000e+00
0.000000000000000000e+00
0.000000000000000000e+00
0.000000000000000000e+00
0.000000000000000000e+00
0.000000000000000000e+00
0.000000000000000000e+00
4.000000000000000000e+00
4.000000000000000000e+00
6.000000000000000000e+00
8.000000000000000000e+00
8.000000000000000000e+00
9.000000000000000000e+00
1.000000000000000000e+01
1.300000000000000000e+01
1.300000000000000000e+01
1.300000000000000000e+01
1.300000000000000000e+01
1.300000000000000000e+01
1.300000000000000000e+01
1.300000000000000000e+01
1.300000000000000000e+01
1.300000000000000000e+01
1.300000000000000000e+01
1.300000000000000000e+01
1.300000000000000000e+01
1.600000000000000000e+01
1.600000000000000000e+01
1.700000000000000000e+01
1.700000000000000000e+01
1.800000000000000000e+01
1.900000000000000000e+01
1.900000000000000000e+01
1.900000000000000000e+01
1.900000000000000000e+01
1.900000000000000000e+01
1.900000000000000000e+01
1.900000000000000000e+01
1.900000000000000000e+01
1.900000000000000000e+01
1.900000000000000000e+01
1.900000000000000000e+01
2.000000000000000000e+01
2.000000000000000000e+01
2.000000000000000000e+01
2.200000000000000000e+01
2.500000000000000000e+01
2.800000000000000000e+01
3.500000000000000000e+01
5.200000000000000000e+01
6.900000000000000000e+01
8.300000000000000000e+01
8.600000000000000000e+01
1.080000000000000000e+02
1.290000000000000000e+02
1.770000000000000000e+02
2.140000000000000000e+02
2.260000000000000000e+02
2.500000000000000000e+02
2.780000000000000000e+02
4.680000000000000000e+02
4.910000000000000000e+02
5.190000000000000000e+02
5.270000000000000000e+02
5.410000000000000000e+02
5.730000000000000000e+02
6.170000000000000000e+02
6.480000000000000000e+02
7.440000000000000000e+02
7.900000000000000000e+02
8.350000000000000000e+02
8.970000000000000000e+02
9.040000000000000000e+02
9.550000000000000000e+02
9.820000000000000000e+02
1.031000000000000000e+03
1.078000000000000000e+03
1.094000000000000000e+03
1.106000000000000000e+03
1.143000000000000000e+03
1.186000000000000000e+03
1.216000000000000000e+03
1.274000000000000000e+03
1.313000000000000000e+03
1.371000000000000000e+03
1.395000000000000000e+03
1.438000000000000000e+03
1.457000000000000000e+03
1.513000000000000000e+03
1.591000000000000000e+03
1.672000000000000000e+03
1.773000000000000000e+03
1.829000000000000000e+03
1.841000000000000000e+03
1.850000000000000000e+03
1.872000000000000000e+03
1.883000000000000000e+03
1.901000000000000000e+03
1.903000000000000000e+03
1.916000000000000000e+03
1.942000000000000000e+03
1.962000000000000000e+03
1.976000000000000000e+03
2.003000000000000000e+03
2.013000000000000000e+03
2.035000000000000000e+03
2.065000000000000000e+03
2.094000000000000000e+03
2.120000000000000000e+03
2.137000000000000000e+03
2.150000000000000000e+03
2.187000000000000000e+03
2.203000000000000000e+03
2.217000000000000000e+03
2.238000000000000000e+03
2.261000000000000000e+03
2.277000000000000000e+03
2.283000000000000000e+03
2.305000000000000000e+03
2.324000000000000000e+03
2.337000000000000000e+03
2.361000000000000000e+03
2.382000000000000000e+03
2.400000000000000000e+03
2.410000000000000000e+03
2.435000000000000000e+03
2.468000000000000000e+03
2.491000000000000000e+03
2.501000000000000000e+03
2.517000000000000000e+03
2.553000000000000000e+03
2.617000000000000000e+03
2.664000000000000000e+03
2.731000000000000000e+03
2.762000000000000000e+03
2.801000000000000000e+03
2.831000000000000000e+03
2.899000000000000000e+03
2.913000000000000000e+03
2.930000000000000000e+03
2.966000000000000000e+03
2.999000000000000000e+03
3.044000000000000000e+03
3.103000000000000000e+03
3.120000000000000000e+03
3.175000000000000000e+03
3.252000000000000000e+03
3.302000000000000000e+03
3.369000000000000000e+03
3.506000000000000000e+03
3.567000000000000000e+03
3.719000000000000000e+03
3.793000000000000000e+03
3.949000000000000000e+03
4.164000000000000000e+03
4.293000000000000000e+03
4.446000000000000000e+03
4.594000000000000000e+03
4.680000000000000000e+03
4.769000000000000000e+03
4.898000000000000000e+03
5.041000000000000000e+03
5.157000000000000000e+03
5.223000000000000000e+03
5.366000000000000000e+03
5.494000000000000000e+03
5.572000000000000000e+03
5.679000000000000000e+03
5.785000000000000000e+03
5.909000000000000000e+03
6.079000000000000000e+03
6.225000000000000000e+03
6.370000000000000000e+03
6.564000000000000000e+03
6.660000000000000000e+03
6.779000000000000000e+03
6.912000000000000000e+03
7.047000000000000000e+03
7.225000000000000000e+03
7.329000000000000000e+03
7.469000000000000000e+03
7.578000000000000000e+03
7.667000000000000000e+03
7.804000000000000000e+03
8.003000000000000000e+03
8.140000000000000000e+03
8.281000000000000000e+03
8.361000000000000000e+03
8.486000000000000000e+03
8.584000000000000000e+03
8.667000000000000000e+03
8.741000000000000000e+03
8.834000000000000000e+03
8.900000000000000000e+03
8.990000000000000000e+03
9.052000000000000000e+03
9.173000000000000000e+03
9.243000000000000000e+03
9.328000000000000000e+03
9.427000000000000000e+03
9.494000000000000000e+03
9.568000000000000000e+03
9.649000000000000000e+03
9.724000000000000000e+03
9.770000000000000000e+03
9.818000000000000000e+03
9.885000000000000000e+03
9.939000000000000000e+03
1.001400000000000000e+04
1.004500000000000000e+04
1.009800000000000000e+04
1.015700000000000000e+04
1.019400000000000000e+04
1.029100000000000000e+04
1.035400000000000000e+04
1.039800000000000000e+04
1.046500000000000000e+04
1.053000000000000000e+04
1.056700000000000000e+04
1.062100000000000000e+04
1.065600000000000000e+04
1.074200000000000000e+04
1.080800000000000000e+04
1.085900000000000000e+04
1.089400000000000000e+04
1.094300000000000000e+04
1.099300000000000000e+04
1.106200000000000000e+04
1.111300000000000000e+04
1.115400000000000000e+04
1.117800000000000000e+04
1.121000000000000000e+04
1.123200000000000000e+04
1.127100000000000000e+04
1.131600000000000000e+04
1.135800000000000000e+04
1.139100000000000000e+04
1.142100000000000000e+04
1.150500000000000000e+04
1.153200000000000000e+04
1.156700000000000000e+04
1.159100000000000000e+04
1.161600000000000000e+04
1.164300000000000000e+04
1.165900000000000000e+04
1.170100000000000000e+04
1.173700000000000000e+04
1.179600000000000000e+04
1.182200000000000000e+04
1.189300000000000000e+04
1.193200000000000000e+04
1.196200000000000000e+04
1.198600000000000000e+04
1.200900000000000000e+04
1.203000000000000000e+04
1.205900000000000000e+04
1.208500000000000000e+04
1.211200000000000000e+04
1.215400000000000000e+04
1.220400000000000000e+04
1.231400000000000000e+04
1.235500000000000000e+04
1.238400000000000000e+04
1.245200000000000000e+04
1.254600000000000000e+04
1.257800000000000000e+04
1.260800000000000000e+04
1.275800000000000000e+04
1.281000000000000000e+04
1.285400000000000000e+04
1.288900000000000000e+04
1.293300000000000000e+04
1.294700000000000000e+04
1.299400000000000000e+04
1.301100000000000000e+04
1.304900000000000000e+04
1.307000000000000000e+04
1.310600000000000000e+04
1.314300000000000000e+04
1.315900000000000000e+04
1.319800000000000000e+04
1.321300000000000000e+04
1.324800000000000000e+04
1.327400000000000000e+04
1.330800000000000000e+04
1.332600000000000000e+04
1.334800000000000000e+04
1.336800000000000000e+04
1.337900000000000000e+04
1.339200000000000000e+04
1.340200000000000000e+04
1.341800000000000000e+04
1.344400000000000000e+04
1.347400000000000000e+04
1.349300000000000000e+04
1.350100000000000000e+04
1.352400000000000000e+04
1.353700000000000000e+04
1.355800000000000000e+04
1.358300000000000000e+04
1.361800000000000000e+04
1.364400000000000000e+04
1.366000000000000000e+04
1.369100000000000000e+04
1.373800000000000000e+04
1.375700000000000000e+04
1.380400000000000000e+04
1.383400000000000000e+04
1.386700000000000000e+04
1.389300000000000000e+04
1.393000000000000000e+04
1.396700000000000000e+04
1.398800000000000000e+04
1.404000000000000000e+04
1.406500000000000000e+04
1.410900000000000000e+04
1.415900000000000000e+04
1.421800000000000000e+04
1.427700000000000000e+04
1.432500000000000000e+04
1.437500000000000000e+04
1.442600000000000000e+04
1.451300000000000000e+04
1.458200000000000000e+04
1.463300000000000000e+04
1.471200000000000000e+04
1.476500000000000000e+04
1.483000000000000000e+04
1.488500000000000000e+04
1.499300000000000000e+04
1.510200000000000000e+04
1.524700000000000000e+04
1.539000000000000000e+04
1.549600000000000000e+04
1.561400000000000000e+04
1.573600000000000000e+04
1.584100000000000000e+04
1.605600000000000000e+04
1.615500000000000000e+04
1.627600000000000000e+04
1.641000000000000000e+04
1.654700000000000000e+04
1.665600000000000000e+04
1.678300000000000000e+04
1.690900000000000000e+04
1.710100000000000000e+04
1.720100000000000000e+04
1.738700000000000000e+04
1.750700000000000000e+04
1.771600000000000000e+04
1.782800000000000000e+04
1.795300000000000000e+04
1.808200000000000000e+04
1.822400000000000000e+04
1.834000000000000000e+04
1.846700000000000000e+04
1.861200000000000000e+04
1.876900000000000000e+04
1.893000000000000000e+04
1.903800000000000000e+04
1.916200000000000000e+04
1.934600000000000000e+04
1.947900000000000000e+04
1.959700000000000000e+04
1.979300000000000000e+04
1.997900000000000000e+04
2.014400000000000000e+04
2.028000000000000000e+04
2.044700000000000000e+04
2.056500000000000000e+04
2.066300000000000000e+04
2.079400000000000000e+04
2.091900000000000000e+04
2.103400000000000000e+04
2.114400000000000000e+04
2.126800000000000000e+04
2.138200000000000000e+04
2.147600000000000000e+04
2.157200000000000000e+04
2.166600000000000000e+04
2.181900000000000000e+04
2.196100000000000000e+04
2.214700000000000000e+04
2.229200000000000000e+04
2.237300000000000000e+04
2.251300000000000000e+04
2.266200000000000000e+04
2.279000000000000000e+04
2.292900000000000000e+04
2.309100000000000000e+04
2.323700000000000000e+04
2.340300000000000000e+04
2.352400000000000000e+04
2.367100000000000000e+04
2.383800000000000000e+04
2.407900000000000000e+04
2.437900000000000000e+04
2.454800000000000000e+04
2.465100000000000000e+04
2.478300000000000000e+04
2.490800000000000000e+04
2.505300000000000000e+04
2.519100000000000000e+04
2.530400000000000000e+04
2.543600000000000000e+04
2.552400000000000000e+04
2.561700000000000000e+04
2.570100000000000000e+04
2.575900000000000000e+04
2.584400000000000000e+04
2.593900000000000000e+04
2.602100000000000000e+04
2.614500000000000000e+04
2.634800000000000000e+04
2.650500000000000000e+04
2.666700000000000000e+04
2.692000000000000000e+04
2.708400000000000000e+04
2.740300000000000000e+04
2.762100000000000000e+04
2.787400000000000000e+04
2.820200000000000000e+04
2.858800000000000000e+04
2.905200000000000000e+04
2.937000000000000000e+04
2.983500000000000000e+04
3.023700000000000000e+04
3.074500000000000000e+04
3.133000000000000000e+04
3.193100000000000000e+04
3.266500000000000000e+04
3.336800000000000000e+04
3.413400000000000000e+04
3.472400000000000000e+04
3.581500000000000000e+04
3.701900000000000000e+04
3.852000000000000000e+04
4.009200000000000000e+04
4.130800000000000000e+04
4.277500000000000000e+04
4.378200000000000000e+04
4.452300000000000000e+04
4.595600000000000000e+04
4.742100000000000000e+04
4.860800000000000000e+04
5.080200000000000000e+04
5.240500000000000000e+04
5.436500000000000000e+04
5.592400000000000000e+04
5.734100000000000000e+04
5.834500000000000000e+04
5.964400000000000000e+04
6.094300000000000000e+04
6.184400000000000000e+04
6.290600000000000000e+04
6.368600000000000000e+04
6.439600000000000000e+04
6.516400000000000000e+04
6.586800000000000000e+04
6.651600000000000000e+04
6.694800000000000000e+04
6.753800000000000000e+04
6.795000000000000000e+04
6.850200000000000000e+04
6.887200000000000000e+04
6.921300000000000000e+04
6.953600000000000000e+04
6.983100000000000000e+04
7.007700000000000000e+04
7.030100000000000000e+04
7.067300000000000000e+04
7.089700000000000000e+04
7.113800000000000000e+04
7.135600000000000000e+04
7.149800000000000000e+04
7.170900000000000000e+04
7.189600000000000000e+04
7.214900000000000000e+04
7.229400000000000000e+04
7.246600000000000000e+04
7.267800000000000000e+04
7.294400000000000000e+04
7.309400000000000000e+04
7.332700000000000000e+04
7.348200000000000000e+04
7.366000000000000000e+04
7.379800000000000000e+04
7.393100000000000000e+04
7.407400000000000000e+04
7.422400000000000000e+04
7.435100000000000000e+04
7.448000000000000000e+04
7.458500000000000000e+04
7.472400000000000000e+04
7.484800000000000000e+04
7.490300000000000000e+04
7.499300000000000000e+04
7.507100000000000000e+04
7.516200000000000000e+04
7.533200000000000000e+04
7.540500000000000000e+04
7.562200000000000000e+04
7.573600000000000000e+04
7.581600000000000000e+04
7.587900000000000000e+04
7.601900000000000000e+04
7.618800000000000000e+04
7.633200000000000000e+04
7.645400000000000000e+04
7.654600000000000000e+04
7.662700000000000000e+04
7.675000000000000000e+04
7.684800000000000000e+04
7.695300000000000000e+04
7.709400000000000000e+04
7.720200000000000000e+04
7.730900000000000000e+04
7.743200000000000000e+04
7.754700000000000000e+04
