0.000000000000000000e+00
0.000000000000000000e+00
0.000000000000000000e+00
0.000000000000000000e+00
0.000000000000000000e+00
0.000000000000000000e+00
0.000000000000000000e+00
0.000000000000000000e+00
0.000000000000000000e+00
0.000000000000000000e+00
0.000000000000000000e+00
0.000000000000000000e+00
0.000000000000000000e+00
0.000000000000000000e+00
0.000000000000000000e+00
0.000000000000000000e+00
0.000000000000000000e+00
0.000000000000000000e+00
0.000000000000000000e+00
0.000000000000000000e+00
0.000000000000000000e+00
0.000000000000000000e+00
0.000000000000000000e+00
0.000000000000000000e+00
0.000000000000000000e+00
0.000000000000000000e+00
0.000000000000000000e+00
0.000000000000000000e+00
0.000000000000000000e+00
0.000000000000000000e+00
0.000000000000000000e+00
0.000000000000000000e+00
0.000000000000000000e+00
0.000000000000000000e+00
0.000000000000000000e+00
0.000000000000000000e+00
0.000000000000000000e+00
0.000000000000000000e+00
0.000000000000000000e+00
0.000000000000000000e+00
0.000000000000000000e+00
0.000000000000000000e+00
0.000000000000000000e+00
0.000000000000000000e+00
0.000000000000000000e+00
0.000000000000000000e+00
0.000000000000000000e+00
0.000000000000000000e+00
0.000000000000000000e+00
0.000000000000000000e+00
0.000000000000000000e+00
1.000000000000000000e+00
1.000000000000000000e+00
1.000000000000000000e+00
1.000000000000000000e+00
1.000000000000000000e+00
1.000000000000000000e+00
1.000000000000000000e+00
1.000000000000000000e+00
2.000000000000000000e+00
2.000000000000000000e+00
4.000000000000000000e+00
4.000000000000000000e+00
4.000000000000000000e+00
4.000000000000000000e+00
8.000000000000000000e+00
8.000000000000000000e+00
1.600000000000000000e+01
2.200000000000000000e+01
2.200000000000000000e+01
3.000000000000000000e+01
5.200000000000000000e+01
7.300000000000000000e+01
1.110000000000000000e+02
1.210000000000000000e+02
1.280000000000000000e+02
1.440000000000000000e+02
1.640000000000000000e+02
1.940000000000000000e+02
2.120000000000000000e+02
2.500000000000000000e+02
2.500000000000000000e+02
3.190000000000000000e+02
3.630000000000000000e+02
4.040000000000000000e+02
4.380000000000000000e+02
4.770000000000000000e+02
5.180000000000000000e+02
5.790000000000000000e+02
6.220000000000000000e+02
6.880000000000000000e+02
7.610000000000000000e+02
8.620000000000000000e+02
9.540000000000000000e+02
9.960000000000000000e+02
9.960000000000000000e+02
1.163000000000000000e+03
1.240000000000000000e+03
1.351000000000000000e+03
1.495000000000000000e+03
1.537000000000000000e+03
1.586000000000000000e+03
1.586000000000000000e+03
1.710000000000000000e+03
1.811000000000000000e+03
1.856000000000000000e+03
1.927000000000000000e+03
2.009000000000000000e+03
2.042000000000000000e+03
2.146000000000000000e+03
2.146000000000000000e+03
2.298000000000000000e+03
2.374000000000000000e+03
2.473000000000000000e+03
2.473000000000000000e+03
2.658000000000000000e+03
2.658000000000000000e+03
2.796000000000000000e+03
2.863000000000000000e+03
2.863000000000000000e+03
3.067000000000000000e+03
3.067000000000000000e+03
3.176000000000000000e+03
3.275000000000000000e+03
3.275000000000000000e+03
3.275000000000000000e+03
3.275000000000000000e+03
3.553000000000000000e+03
3.656000000000000000e+03
3.706000000000000000e+03
3.706000000000000000e+03
3.844000000000000000e+03
3.886000000000000000e+03
3.933000000000000000e+03
3.991000000000000000e+03
4.060000000000000000e+03
4.117000000000000000e+03
4.117000000000000000e+03
4.216000000000000000e+03
4.258000000000000000e+03
4.258000000000000000e+03
4.372000000000000000e+03
4.426000000000000000e+03
4.484000000000000000e+03
4.532000000000000000e+03
4.572000000000000000e+03
4.639000000000000000e+03
4.668000000000000000e+03
4.841000000000000000e+03
4.904000000000000000e+03
4.960000000000000000e+03
4.988000000000000000e+03
4.988000000000000000e+03
5.040000000000000000e+03
5.174000000000000000e+03
5.174000000000000000e+03
5.260000000000000000e+03
5.291000000000000000e+03
5.342000000000000000e+03
5.351000000000000000e+03
5.391000000000000000e+03
5.404000000000000000e+03
5.450000000000000000e+03
5.521000000000000000e+03
5.570000000000000000e+03
5.610000000000000000e+03
5.610000000000000000e+03
5.636000000000000000e+03
5.697000000000000000e+03
5.881000000000000000e+03
5.969000000000000000e+03
6.044000000000000000e+03
6.141000000000000000e+03
6.141000000000000000e+03
6.200000000000000000e+03
6.276000000000000000e+03
6.359000000000000000e+03
6.430000000000000000e+03
6.491000000000000000e+03
6.544000000000000000e+03
6.590000000000000000e+03
6.652000000000000000e+03
6.747000000000000000e+03
6.806000000000000000e+03
6.867000000000000000e+03
6.927000000000000000e+03
7.008000000000000000e+03
7.055000000000000000e+03
7.126000000000000000e+03
7.183000000000000000e+03
7.242000000000000000e+03
7.308000000000000000e+03
7.308000000000000000e+03
7.317000000000000000e+03
7.364000000000000000e+03
7.489000000000000000e+03
7.575000000000000000e+03
7.664000000000000000e+03
7.777000000000000000e+03
7.875000000000000000e+03
7.930000000000000000e+03
7.930000000000000000e+03
8.018000000000000000e+03
8.116000000000000000e+03
8.198000000000000000e+03
8.260000000000000000e+03
8.343000000000000000e+03
8.482000000000000000e+03
8.620000000000000000e+03
8.715000000000000000e+03
8.792000000000000000e+03
8.876000000000000000e+03
8.932000000000000000e+03
8.932000000000000000e+03
8.967000000000000000e+03
9.076000000000000000e+03
9.128000000000000000e+03
9.167000000000000000e+03
9.213000000000000000e+03
9.251000000000000000e+03
9.251000000000000000e+03
9.371000000000000000e+03
9.409000000000000000e+03
9.479000000000000000e+03
9.479000000000000000e+03
9.579000000000000000e+03
9.649000000000000000e+03
9.649000000000000000e+03
9.798000000000000000e+03
9.816000000000000000e+03
9.848000000000000000e+03
9.885000000000000000e+03
9.946000000000000000e+03
9.979000000000000000e+03
1.002000000000000000e+04
1.004500000000000000e+04
1.006100000000000000e+04
1.011100000000000000e+04
1.015400000000000000e+04
1.015400000000000000e+04
1.023100000000000000e+04
1.028600000000000000e+04
1.032500000000000000e+04
1.034400000000000000e+04
1.038700000000000000e+04
1.043400000000000000e+04
1.043400000000000000e+04
1.047800000000000000e+04
1.051200000000000000e+04
1.058000000000000000e+04
1.059800000000000000e+04
1.063400000000000000e+04
1.065200000000000000e+04
1.065200000000000000e+04
1.073500000000000000e+04
1.073500000000000000e+04
1.075400000000000000e+04
1.080000000000000000e+04
1.086300000000000000e+04
1.086300000000000000e+04
1.090100000000000000e+04
1.095400000000000000e+04
1.099600000000000000e+04
1.102200000000000000e+04
1.106200000000000000e+04
1.113400000000000000e+04
1.118800000000000000e+04
1.125500000000000000e+04
1.136200000000000000e+04
1.147800000000000000e+04
1.151800000000000000e+04
1.151800000000000000e+04
1.153800000000000000e+04
1.159900000000000000e+04
1.163500000000000000e+04
1.163500000000000000e+04
1.163500000000000000e+04
1.163500000000000000e+04
1.163500000000000000e+04
1.181900000000000000e+04
1.181900000000000000e+04
1.202000000000000000e+04
1.207200000000000000e+04
1.207200000000000000e+04
1.219500000000000000e+04
1.221300000000000000e+04
1.221300000000000000e+04
1.233100000000000000e+04
1.236300000000000000e+04
1.236300000000000000e+04
1.240000000000000000e+04
1.241400000000000000e+04
1.245900000000000000e+04
1.248400000000000000e+04
1.251600000000000000e+04
1.253700000000000000e+04
1.253700000000000000e+04
1.258500000000000000e+04
1.261100000000000000e+04
1.262400000000000000e+04
1.265400000000000000e+04
1.271300000000000000e+04
1.271300000000000000e+04
1.274300000000000000e+04
1.279800000000000000e+04
1.282600000000000000e+04
1.284100000000000000e+04
1.286300000000000000e+04
1.292900000000000000e+04
1.294900000000000000e+04
1.303900000000000000e+04
1.303900000000000000e+04
1.303900000000000000e+04
1.311900000000000000e+04
1.311900000000000000e+04
1.314300000000000000e+04
1.316700000000000000e+04
1.318600000000000000e+04
1.323300000000000000e+04
1.323300000000000000e+04
1.326400000000000000e+04
1.326400000000000000e+04
1.332500000000000000e+04
1.336800000000000000e+04
1.339800000000000000e+04
1.342000000000000000e+04
1.342000000000000000e+04
1.345700000000000000e+04
1.345700000000000000e+04
1.347400000000000000e+04
1.348500000000000000e+04
1.351100000000000000e+04
1.353200000000000000e+04
1.354500000000000000e+04
1.357800000000000000e+04
1.357800000000000000e+04
1.359800000000000000e+04
1.363000000000000000e+04
1.364600000000000000e+04
1.364600000000000000e+04
1.367400000000000000e+04
1.368800000000000000e+04
1.368800000000000000e+04
1.370700000000000000e+04
1.372200000000000000e+04
1.373800000000000000e+04
1.378400000000000000e+04
1.378400000000000000e+04
1.379900000000000000e+04
1.384500000000000000e+04
1.384500000000000000e+04
1.390400000000000000e+04
1.390400000000000000e+04
1.394200000000000000e+04
1.394200000000000000e+04
1.398000000000000000e+04
1.402500000000000000e+04
1.405100000000000000e+04
1.405100000000000000e+04
1.406500000000000000e+04
1.409800000000000000e+04
1.411400000000000000e+04
1.416500000000000000e+04
1.420700000000000000e+04
1.420700000000000000e+04
1.423600000000000000e+04
1.426200000000000000e+04
1.430000000000000000e+04
1.431900000000000000e+04
1.437500000000000000e+04
1.437900000000000000e+04
1.443500000000000000e+04
1.443500000000000000e+04
1.445100000000000000e+04
1.447500000000000000e+04
1.454600000000000000e+04
1.455500000000000000e+04
1.455500000000000000e+04
1.455500000000000000e+04
1.462900000000000000e+04
1.462900000000000000e+04
1.466500000000000000e+04
1.468700000000000000e+04
1.476400000000000000e+04
1.479100000000000000e+04
1.479100000000000000e+04
1.486000000000000000e+04
1.486000000000000000e+04
1.489500000000000000e+04
1.496700000000000000e+04
1.496700000000000000e+04
1.502000000000000000e+04
1.508800000000000000e+04
1.515400000000000000e+04
1.521600000000000000e+04
1.539500000000000000e+04
1.539500000000000000e+04
1.542700000000000000e+04
1.548700000000000000e+04
1.568000000000000000e+04
1.578900000000000000e+04
1.589400000000000000e+04
1.589400000000000000e+04
1.599200000000000000e+04
1.600500000000000000e+04
1.608100000000000000e+04
1.629100000000000000e+04
1.642000000000000000e+04
1.642000000000000000e+04
1.654000000000000000e+04
1.667000000000000000e+04
1.691200000000000000e+04
1.691200000000000000e+04
1.720800000000000000e+04
1.737200000000000000e+04
1.759200000000000000e+04
1.759200000000000000e+04
1.774200000000000000e+04
1.785100000000000000e+04
1.798200000000000000e+04
1.828500000000000000e+04
1.828500000000000000e+04
1.856200000000000000e+04
1.856200000000000000e+04
1.887700000000000000e+04
1.894500000000000000e+04
1.894500000000000000e+04
1.908400000000000000e+04
1.923200000000000000e+04
1.940300000000000000e+04
1.950100000000000000e+04
1.967000000000000000e+04
1.977300000000000000e+04
1.979300000000000000e+04
1.990800000000000000e+04
2.008300000000000000e+04
2.022800000000000000e+04
2.031900000000000000e+04
2.040500000000000000e+04
2.050600000000000000e+04
2.051000000000000000e+04
2.055400000000000000e+04
2.055400000000000000e+04
2.074600000000000000e+04
2.080700000000000000e+04
2.094900000000000000e+04
2.103200000000000000e+04
2.110600000000000000e+04
2.129900000000000000e+04
2.129900000000000000e+04
2.139200000000000000e+04
2.146000000000000000e+04
2.146000000000000000e+04
2.161200000000000000e+04
2.163300000000000000e+04
2.166600000000000000e+04
2.174500000000000000e+04
2.180300000000000000e+04
2.188500000000000000e+04
2.195300000000000000e+04
2.198500000000000000e+04
2.204600000000000000e+04
2.208700000000000000e+04
2.221500000000000000e+04
2.221500000000000000e+04
2.224700000000000000e+04
2.230400000000000000e+04
2.233300000000000000e+04
2.236800000000000000e+04
2.246800000000000000e+04
2.250500000000000000e+04
2.255300000000000000e+04
2.260200000000000000e+04
2.263300000000000000e+04
2.263300000000000000e+04
2.271900000000000000e+04
2.271900000000000000e+04
2.271900000000000000e+04
2.274600000000000000e+04
2.274600000000000000e+04
2.274600000000000000e+04
2.283000000000000000e+04
2.285300000000000000e+04
2.287900000000000000e+04
2.296300000000000000e+04
2.296300000000000000e+04
2.298800000000000000e+04
2.298800000000000000e+04
2.305200000000000000e+04
2.306000000000000000e+04
2.308000000000000000e+04
2.311000000000000000e+04
2.311000000000000000e+04
2.317200000000000000e+04
2.317200000000000000e+04
2.317700000000000000e+04
2.319400000000000000e+04
2.319400000000000000e+04
2.324500000000000000e+04
2.325500000000000000e+04
2.325500000000000000e+04
2.325500000000000000e+04
2.330700000000000000e+04
2.331200000000000000e+04
2.333400000000000000e+04
2.335200000000000000e+04
2.336600000000000000e+04
2.338900000000000000e+04
2.339800000000000000e+04
2.339800000000000000e+04
2.339800000000000000e+04
2.339800000000000000e+04
2.343100000000000000e+04
2.345000000000000000e+04
2.345000000000000000e+04
2.345000000000000000e+04
2.353500000000000000e+04
2.354300000000000000e+04
2.357900000000000000e+04
2.361500000000000000e+04
2.365300000000000000e+04
2.369200000000000000e+04
2.369200000000000000e+04
2.374400000000000000e+04
2.375300000000000000e+04
2.377000000000000000e+04
2.378700000000000000e+04
2.380700000000000000e+04
2.380700000000000000e+04
2.380700000000000000e+04
2.387100000000000000e+04
2.389500000000000000e+04
2.394500000000000000e+04
2.399900000000000000e+04
2.402000000000000000e+04
2.406500000000000000e+04
2.411700000000000000e+04
2.413400000000000000e+04
2.417300000000000000e+04
2.425200000000000000e+04
2.429800000000000000e+04
2.438500000000000000e+04
2.450900000000000000e+04
2.466800000000000000e+04
2.471100000000000000e+04
2.476500000000000000e+04
2.482300000000000000e+04
2.482300000000000000e+04
2.487800000000000000e+04
2.499300000000000000e+04
2.505400000000000000e+04
2.512600000000000000e+04
2.521100000000000000e+04
2.529300000000000000e+04
2.540100000000000000e+04
2.556400000000000000e+04
2.568800000000000000e+04
2.580100000000000000e+04
