0.000000000000000000e+00
0.000000000000000000e+00
0.000000000000000000e+00
0.000000000000000000e+00
0.000000000000000000e+00
0.000000000000000000e+00
0.000000000000000000e+00
0.000000000000000000e+00
0.000000000000000000e+00
0.000000000000000000e+00
0.000000000000000000e+00
0.000000000000000000e+00
0.000000000000000000e+00
0.000000000000000000e+00
0.000000000000000000e+00
0.000000000000000000e+00
0.000000000000000000e+00
0.000000000000000000e+00
0.000000000000000000e+00
0.000000000000000000e+00
0.000000000000000000e+00
0.000000000000000000e+00
0.000000000000000000e+00
0.000000000000000000e+00
0.000000000000000000e+00
0.000000000000000000e+00
0.000000000000000000e+00
0.000000000000000000e+00
0.000000000000000000e+00
0.000000000000000000e+00
0.000000000000000000e+00
0.000000000000000000e+00
0.000000000000000000e+00
0.000000000000000000e+00
0.000000000000000000e+00
0.000000000000000000e+00
0.000000000000000000e+00
0.000000000000000000e+00
0.000000000000000000e+00
0.000000000000000000e+00
0.000000000000000000e+00
0.000000000000000000e+00
0.000000000000000000e+00
0.000000000000000000e+00
0.000000000000000000e+00
0.000000000000000000e+00
0.000000000000000000e+00
0.000000000000000000e+00
0.000000000000000000e+00
1.000000000000000000e+00
1.000000000000000000e+00
1.000000000000000000e+00
1.000000000000000000e+00
1.000000000000000000e+00
1.000000000000000000e+00
5.000000000000000000e+00
6.000000000000000000e+00
9.000000000000000000e+00
9.000000000000000000e+00
1.400000000000000000e+01
1.400000000000000000e+01
2.500000000000000000e+01
7.300000000000000000e+01
8.000000000000000000e+01
9.600000000000000000e+01
1.010000000000000000e+02
1.010000000000000000e+02
1.650000000000000000e+02
1.680000000000000000e+02
1.790000000000000000e+02
1.900000000000000000e+02
1.940000000000000000e+02
2.180000000000000000e+02
2.450000000000000000e+02
2.610000000000000000e+02
3.230000000000000000e+02
3.490000000000000000e+02
3.840000000000000000e+02
4.440000000000000000e+02
4.440000000000000000e+02
5.330000000000000000e+02
5.740000000000000000e+02
6.260000000000000000e+02
6.380000000000000000e+02
6.380000000000000000e+02
6.540000000000000000e+02
6.880000000000000000e+02
8.010000000000000000e+02
8.470000000000000000e+02
8.470000000000000000e+02
9.160000000000000000e+02
9.520000000000000000e+02
1.004000000000000000e+03
1.077000000000000000e+03
1.077000000000000000e+03
1.150000000000000000e+03
1.164000000000000000e+03
1.183000000000000000e+03
1.238000000000000000e+03
1.275000000000000000e+03
1.333000000000000000e+03
1.362000000000000000e+03
1.398000000000000000e+03
1.432000000000000000e+03
1.464000000000000000e+03
1.516000000000000000e+03
1.571000000000000000e+03
1.602000000000000000e+03
1.667000000000000000e+03
1.700000000000000000e+03
1.730000000000000000e+03
1.857000000000000000e+03
1.912000000000000000e+03
1.971000000000000000e+03
2.017000000000000000e+03
2.061000000000000000e+03
2.109000000000000000e+03
2.119000000000000000e+03
2.153000000000000000e+03
2.231000000000000000e+03
2.301000000000000000e+03
2.341000000000000000e+03
2.366000000000000000e+03
2.376000000000000000e+03
2.423000000000000000e+03
2.477000000000000000e+03
2.556000000000000000e+03
2.641000000000000000e+03
2.750000000000000000e+03
2.799000000000000000e+03
2.833000000000000000e+03
2.951000000000000000e+03
3.024000000000000000e+03
3.110000000000000000e+03
3.262000000000000000e+03
3.431000000000000000e+03
3.557000000000000000e+03
3.739000000000000000e+03
3.881000000000000000e+03
3.995000000000000000e+03
4.181000000000000000e+03
4.404000000000000000e+03
4.684000000000000000e+03
4.848000000000000000e+03
5.084000000000000000e+03
5.439000000000000000e+03
5.679000000000000000e+03
6.063000000000000000e+03
6.444000000000000000e+03
6.874000000000000000e+03
7.276000000000000000e+03
7.492000000000000000e+03
7.677000000000000000e+03
7.904000000000000000e+03
8.164000000000000000e+03
8.334000000000000000e+03
8.739000000000000000e+03
8.944000000000000000e+03
9.101000000000000000e+03
9.214000000000000000e+03
9.499000000000000000e+03
9.702000000000000000e+03
9.992000000000000000e+03
1.024400000000000000e+04
1.046200000000000000e+04
1.077200000000000000e+04
1.096600000000000000e+04
1.119400000000000000e+04
1.150400000000000000e+04
1.175000000000000000e+04
1.205200000000000000e+04
1.244300000000000000e+04
1.276600000000000000e+04
1.287200000000000000e+04
1.303700000000000000e+04
1.340300000000000000e+04
1.355400000000000000e+04
1.369600000000000000e+04
1.391200000000000000e+04
1.411900000000000000e+04
1.431200000000000000e+04
1.453100000000000000e+04
1.473300000000000000e+04
1.500100000000000000e+04
1.525300000000000000e+04
1.549400000000000000e+04
1.559600000000000000e+04
1.565500000000000000e+04
1.571300000000000000e+04
1.581300000000000000e+04
1.597800000000000000e+04
1.604700000000000000e+04
1.610900000000000000e+04
1.618200000000000000e+04
1.622000000000000000e+04
1.629300000000000000e+04
1.634900000000000000e+04
1.644700000000000000e+04
1.652400000000000000e+04
1.662000000000000000e+04
1.671500000000000000e+04
1.679800000000000000e+04
1.684700000000000000e+04
1.684700000000000000e+04
1.688900000000000000e+04
1.693500000000000000e+04
1.699300000000000000e+04
1.702600000000000000e+04
1.710700000000000000e+04
1.715000000000000000e+04
1.723200000000000000e+04
1.724900000000000000e+04
1.731000000000000000e+04
1.737400000000000000e+04
1.747100000000000000e+04
1.750600000000000000e+04
1.756200000000000000e+04
1.760300000000000000e+04
1.770200000000000000e+04
1.779700000000000000e+04
1.789300000000000000e+04
1.794800000000000000e+04
1.806700000000000000e+04
1.810300000000000000e+04
1.816100000000000000e+04
1.820800000000000000e+04
1.826900000000000000e+04
1.847200000000000000e+04
1.858800000000000000e+04
1.870100000000000000e+04
1.877800000000000000e+04
1.881500000000000000e+04
1.886900000000000000e+04
1.891600000000000000e+04
1.891600000000000000e+04
1.901300000000000000e+04
1.906600000000000000e+04
1.910000000000000000e+04
1.913200000000000000e+04
1.915800000000000000e+04
1.920000000000000000e+04
1.926900000000000000e+04
1.932000000000000000e+04
1.932700000000000000e+04
1.934300000000000000e+04
1.943000000000000000e+04
1.950100000000000000e+04
1.955600000000000000e+04
1.960000000000000000e+04
1.962900000000000000e+04
1.964100000000000000e+04
1.966900000000000000e+04
1.972400000000000000e+04
1.975500000000000000e+04
1.979300000000000000e+04
1.984900000000000000e+04
1.988200000000000000e+04
1.988500000000000000e+04
1.990300000000000000e+04
1.993500000000000000e+04
1.998200000000000000e+04
2.003600000000000000e+04
2.012800000000000000e+04
2.015400000000000000e+04
2.015500000000000000e+04
2.018300000000000000e+04
2.021700000000000000e+04
2.025700000000000000e+04
2.027500000000000000e+04
2.030100000000000000e+04
2.032300000000000000e+04
2.032400000000000000e+04
2.034200000000000000e+04
2.036300000000000000e+04
2.039000000000000000e+04
2.040500000000000000e+04
2.042900000000000000e+04
2.047000000000000000e+04
2.048600000000000000e+04
2.048800000000000000e+04
2.055500000000000000e+04
2.062800000000000000e+04
2.069200000000000000e+04
2.071600000000000000e+04
2.071600000000000000e+04
2.075300000000000000e+04
2.076500000000000000e+04
2.077800000000000000e+04
2.078900000000000000e+04
2.080100000000000000e+04
2.081300000000000000e+04
2.083200000000000000e+04
2.083500000000000000e+04
2.084700000000000000e+04
2.085500000000000000e+04
2.088200000000000000e+04
2.089900000000000000e+04
2.094500000000000000e+04
2.097600000000000000e+04
2.098800000000000000e+04
2.100400000000000000e+04
2.104500000000000000e+04
2.108300000000000000e+04
2.109900000000000000e+04
2.112600000000000000e+04
2.113800000000000000e+04
2.114800000000000000e+04
2.115600000000000000e+04
2.116800000000000000e+04
2.119900000000000000e+04
2.123200000000000000e+04
2.126100000000000000e+04
2.131000000000000000e+04
2.133100000000000000e+04
2.133400000000000000e+04
2.136100000000000000e+04
2.138900000000000000e+04
2.141200000000000000e+04
2.144100000000000000e+04
2.148500000000000000e+04
2.150700000000000000e+04
2.151300000000000000e+04
2.154700000000000000e+04
2.159000000000000000e+04
2.161800000000000000e+04
2.163900000000000000e+04
2.168000000000000000e+04
2.170500000000000000e+04
2.177500000000000000e+04
2.174100000000000000e+04
2.177200000000000000e+04
2.184500000000000000e+04
2.189000000000000000e+04
2.191800000000000000e+04
2.193200000000000000e+04
2.194200000000000000e+04
2.198400000000000000e+04
2.207100000000000000e+04
2.208100000000000000e+04
2.208100000000000000e+04
2.215200000000000000e+04
2.217600000000000000e+04
2.225000000000000000e+04
2.236600000000000000e+04
2.249000000000000000e+04
2.256300000000000000e+04
2.256300000000000000e+04
2.264800000000000000e+04
2.280000000000000000e+04
2.285500000000000000e+04
2.296300000000000000e+04
2.317300000000000000e+04
2.325400000000000000e+04
2.348200000000000000e+04
2.375000000000000000e+04
2.389400000000000000e+04
2.418600000000000000e+04
2.436900000000000000e+04
2.457800000000000000e+04
2.485600000000000000e+04
2.485600000000000000e+04
2.524100000000000000e+04
2.530400000000000000e+04
2.538300000000000000e+04
2.559700000000000000e+04
2.575100000000000000e+04
2.631500000000000000e+04
2.661200000000000000e+04
2.685000000000000000e+04
2.709600000000000000e+04
2.723700000000000000e+04
2.745500000000000000e+04
2.769400000000000000e+04
2.793400000000000000e+04
2.817800000000000000e+04
2.839900000000000000e+04
2.847500000000000000e+04
2.860700000000000000e+04
2.873900000000000000e+04
2.910200000000000000e+04
2.929500000000000000e+04
2.956700000000000000e+04
2.982500000000000000e+04
2.996700000000000000e+04
2.996700000000000000e+04
3.024000000000000000e+04
3.052600000000000000e+04
3.071700000000000000e+04
3.088400000000000000e+04
3.114000000000000000e+04
3.123500000000000000e+04
3.136500000000000000e+04
3.149700000000000000e+04
3.161200000000000000e+04
3.182500000000000000e+04
3.191400000000000000e+04
3.202600000000000000e+04
3.203900000000000000e+04
3.212400000000000000e+04
3.229500000000000000e+04
3.229500000000000000e+04
3.247800000000000000e+04
3.263100000000000000e+04
3.275400000000000000e+04
3.279100000000000000e+04
3.292900000000000000e+04
3.328500000000000000e+04
3.397600000000000000e+04
3.441200000000000000e+04
3.493500000000000000e+04
3.518700000000000000e+04
3.533100000000000000e+04
3.547700000000000000e+04
3.602800000000000000e+04
3.651100000000000000e+04
3.682400000000000000e+04
3.730400000000000000e+04
3.765300000000000000e+04
3.790800000000000000e+04
3.812000000000000000e+04
3.828200000000000000e+04
3.892300000000000000e+04
3.943400000000000000e+04
3.991300000000000000e+04
4.031000000000000000e+04
4.060100000000000000e+04
4.086800000000000000e+04
4.130700000000000000e+04
4.207400000000000000e+04
4.246800000000000000e+04
4.286100000000000000e+04
4.318000000000000000e+04
4.342200000000000000e+04
4.354200000000000000e+04
4.388900000000000000e+04
4.388900000000000000e+04
4.444500000000000000e+04
4.461800000000000000e+04
4.474900000000000000e+04
4.484100000000000000e+04
4.485400000000000000e+04
4.488000000000000000e+04
4.497500000000000000e+04
4.508900000000000000e+04
4.508900000000000000e+04
4.520600000000000000e+04
4.522700000000000000e+04
4.526500000000000000e+04
4.538800000000000000e+04
4.544400000000000000e+04
4.547400000000000000e+04
4.551900000000000000e+04
4.556000000000000000e+04
4.557000000000000000e+04
4.561400000000000000e+04
4.569700000000000000e+04
4.571500000000000000e+04
4.576500000000000000e+04
4.582000000000000000e+04
4.585200000000000000e+04
4.586300000000000000e+04
4.588500000000000000e+04
4.594300000000000000e+04
4.599800000000000000e+04
4.603600000000000000e+04
4.611400000000000000e+04
4.611400000000000000e+04
4.615400000000000000e+04
4.617300000000000000e+04
4.623100000000000000e+04
4.631500000000000000e+04
4.634400000000000000e+04
4.638500000000000000e+04
4.644200000000000000e+04
4.644300000000000000e+04
4.648400000000000000e+04
4.651600000000000000e+04
4.652000000000000000e+04
4.653500000000000000e+04
4.653500000000000000e+04
4.665600000000000000e+04
4.666100000000000000e+04
4.670800000000000000e+04
4.677700000000000000e+04
4.683400000000000000e+04
4.687400000000000000e+04
4.694200000000000000e+04
4.694200000000000000e+04
4.703300000000000000e+04
4.703600000000000000e+04
4.708500000000000000e+04
4.714600000000000000e+04
4.719500000000000000e+04
4.723300000000000000e+04
4.723300000000000000e+04
4.729200000000000000e+04
4.731900000000000000e+04
4.735600000000000000e+04
4.738900000000000000e+04
4.743500000000000000e+04
4.747600000000000000e+04
4.749000000000000000e+04
4.749300000000000000e+04
4.751100000000000000e+04
4.754700000000000000e+04
4.760500000000000000e+04
4.763800000000000000e+04
4.766200000000000000e+04
4.766200000000000000e+04
4.776000000000000000e+04
4.790900000000000000e+04
4.793300000000000000e+04
4.797300000000000000e+04
4.797300000000000000e+04
4.803100000000000000e+04
4.804400000000000000e+04
4.804700000000000000e+04
4.805800000000000000e+04
4.805800000000000000e+04
4.805800000000000000e+04
4.805800000000000000e+04
4.817600000000000000e+04
4.819200000000000000e+04
4.820300000000000000e+04
4.824200000000000000e+04
4.830500000000000000e+04
4.837800000000000000e+04
4.837800000000000000e+04
4.851300000000000000e+04
4.856400000000000000e+04
4.858000000000000000e+04
4.863400000000000000e+04
4.869300000000000000e+04
4.873900000000000000e+04
4.877600000000000000e+04
4.877600000000000000e+04
4.877600000000000000e+04
4.886900000000000000e+04
4.890300000000000000e+04
4.895900000000000000e+04
4.899900000000000000e+04
4.906900000000000000e+04
4.912500000000000000e+04
4.919600000000000000e+04
4.921900000000000000e+04
4.928800000000000000e+04
4.928800000000000000e+04
4.938600000000000000e+04
4.947300000000000000e+04
4.955400000000000000e+04
4.959200000000000000e+04
4.964700000000000000e+04
4.969900000000000000e+04
4.977500000000000000e+04
4.991100000000000000e+04
5.000400000000000000e+04
5.013500000000000000e+04
5.027800000000000000e+04
