0.000000000000000000e+00
0.000000000000000000e+00
0.000000000000000000e+00
0.000000000000000000e+00
0.000000000000000000e+00
0.000000000000000000e+00
0.000000000000000000e+00
0.000000000000000000e+00
0.000000000000000000e+00
0.000000000000000000e+00
0.000000000000000000e+00
0.000000000000000000e+00
0.000000000000000000e+00
0.000000000000000000e+00
0.000000000000000000e+00
0.000000000000000000e+00
0.000000000000000000e+00
0.000000000000000000e+00
0.000000000000000000e+00
0.000000000000000000e+00
0.000000000000000000e+00
0.000000000000000000e+00
0.000000000000000000e+00
0.000000000000000000e+00
0.000000000000000000e+00
0.000000000000000000e+00
0.000000000000000000e+00
0.000000000000000000e+00
0.000000000000000000e+00
0.000000000000000000e+00
0.000000000000000000e+00
0.000000000000000000e+00
0.000000000000000000e+00
0.000000000000000000e+00
0.000000000000000000e+00
0.000000000000000000e+00
0.000000000000000000e+00
0.000000000000000000e+00
0.000000000000000000e+00
0.000000000000000000e+00
0.000000000000000000e+00
0.000000000000000000e+00
0.000000000000000000e+00
0.000000000000000000e+00
0.000000000000000000e+00
0.000000000000000000e+00
0.000000000000000000e+00
0.000000000000000000e+00
0.000000000000000000e+00
0.000000000000000000e+00
0.000000000000000000e+00
0.000000000000000000e+00
0.000000000000000000e+00
0.000000000000000000e+00
0.000000000000000000e+00
0.000000000000000000e+00
0.000000000000000000e+00
0.000000000000000000e+00
0.000000000000000000e+00
0.000000000000000000e+00
0.000000000000000000e+00
0.000000000000000000e+00
0.000000000000000000e+00
0.000000000000000000e+00
0.000000000000000000e+00
0.000000000000000000e+00
0.000000000000000000e+00
0.000000000000000000e+00
0.000000000000000000e+00
0.000000000000000000e+00
0.000000000000000000e+00
0.000000000000000000e+00
0.000000000000000000e+00
0.000000000000000000e+00
0.000000000000000000e+00
0.000000000000000000e+00
0.000000000000000000e+00
0.000000000000000000e+00
0.000000000000000000e+00
1.000000000000000000e+00
1.000000000000000000e+00
1.000000000000000000e+00
1.000000000000000000e+00
1.000000000000000000e+00
1.000000000000000000e+00
1.000000000000000000e+00
1.000000000000000000e+00
1.000000000000000000e+00
1.000000000000000000e+00
1.000000000000000000e+00
1.000000000000000000e+00
1.000000000000000000e+00
1.000000000000000000e+00
1.000000000000000000e+00
1.000000000000000000e+00
1.000000000000000000e+00
1.000000000000000000e+00
1.000000000000000000e+00
6.000000000000000000e+00
6.000000000000000000e+00
7.000000000000000000e+00
1.000000000000000000e+01
1.000000000000000000e+01
1.200000000000000000e+01
2.100000000000000000e+01
2.500000000000000000e+01
2.500000000000000000e+01
3.400000000000000000e+01
3.400000000000000000e+01
5.100000000000000000e+01
5.600000000000000000e+01
6.500000000000000000e+01
7.000000000000000000e+01
8.500000000000000000e+01
1.060000000000000000e+02
1.220000000000000000e+02
1.280000000000000000e+02
1.300000000000000000e+02
1.670000000000000000e+02
1.800000000000000000e+02
1.930000000000000000e+02
2.050000000000000000e+02
2.120000000000000000e+02
2.220000000000000000e+02
2.330000000000000000e+02
2.490000000000000000e+02
2.550000000000000000e+02
2.780000000000000000e+02
2.830000000000000000e+02
3.100000000000000000e+02
3.230000000000000000e+02
3.540000000000000000e+02
3.990000000000000000e+02
4.190000000000000000e+02
4.530000000000000000e+02
4.690000000000000000e+02
4.820000000000000000e+02
4.840000000000000000e+02
4.960000000000000000e+02
5.240000000000000000e+02
5.600000000000000000e+02
5.910000000000000000e+02
6.320000000000000000e+02
7.050000000000000000e+02
7.280000000000000000e+02
8.440000000000000000e+02
8.850000000000000000e+02
9.020000000000000000e+02
9.090000000000000000e+02
9.190000000000000000e+02
9.220000000000000000e+02
9.410000000000000000e+02
9.670000000000000000e+02
9.920000000000000000e+02
1.015000000000000000e+03
1.076000000000000000e+03
1.089000000000000000e+03
1.103000000000000000e+03
1.118000000000000000e+03
1.128000000000000000e+03
1.158000000000000000e+03
1.190000000000000000e+03
1.221000000000000000e+03
1.240000000000000000e+03
1.248000000000000000e+03
1.265000000000000000e+03
1.290000000000000000e+03
1.297000000000000000e+03
1.318000000000000000e+03
1.356000000000000000e+03
1.380000000000000000e+03
1.389000000000000000e+03
1.465000000000000000e+03
1.498000000000000000e+03
1.516000000000000000e+03
1.526000000000000000e+03
1.552000000000000000e+03
1.576000000000000000e+03
1.581000000000000000e+03
1.606000000000000000e+03
1.619000000000000000e+03
1.629000000000000000e+03
1.640000000000000000e+03
1.654000000000000000e+03
1.674000000000000000e+03
1.674000000000000000e+03
1.681000000000000000e+03
1.691000000000000000e+03
1.703000000000000000e+03
1.711000000000000000e+03
1.726000000000000000e+03
1.728000000000000000e+03
1.730000000000000000e+03
1.734000000000000000e+03
1.734000000000000000e+03
1.760000000000000000e+03
1.763000000000000000e+03
1.768000000000000000e+03
1.796000000000000000e+03
1.797000000000000000e+03
1.804000000000000000e+03
1.832000000000000000e+03
1.831000000000000000e+03
1.841000000000000000e+03
1.847000000000000000e+03
1.858000000000000000e+03
1.858000000000000000e+03
1.869000000000000000e+03
1.869000000000000000e+03
1.889000000000000000e+03
1.892000000000000000e+03
1.899000000000000000e+03
1.906000000000000000e+03
1.907000000000000000e+03
1.911000000000000000e+03
1.916000000000000000e+03
1.924000000000000000e+03
1.930000000000000000e+03
1.933000000000000000e+03
1.943000000000000000e+03
1.946000000000000000e+03
1.953000000000000000e+03
1.958000000000000000e+03
1.962000000000000000e+03
1.976000000000000000e+03
1.979000000000000000e+03
1.983000000000000000e+03
1.983000000000000000e+03
1.987000000000000000e+03
1.989000000000000000e+03
1.994000000000000000e+03
1.999000000000000000e+03
2.003000000000000000e+03
2.007000000000000000e+03
2.009000000000000000e+03
2.011000000000000000e+03
2.013000000000000000e+03
2.016000000000000000e+03
2.019000000000000000e+03
2.022000000000000000e+03
2.024000000000000000e+03
2.026000000000000000e+03
2.026000000000000000e+03
2.028000000000000000e+03
2.028000000000000000e+03
2.029000000000000000e+03
2.029000000000000000e+03
2.029000000000000000e+03
2.030000000000000000e+03
2.030000000000000000e+03
2.031000000000000000e+03
2.031000000000000000e+03
2.034000000000000000e+03
2.039000000000000000e+03
2.040000000000000000e+03
2.041000000000000000e+03
2.041000000000000000e+03
2.041000000000000000e+03
2.047000000000000000e+03
2.049000000000000000e+03
2.050000000000000000e+03
2.051000000000000000e+03
2.051000000000000000e+03
2.052000000000000000e+03
2.052000000000000000e+03
2.053000000000000000e+03
2.053000000000000000e+03
2.053000000000000000e+03
2.055000000000000000e+03
2.055000000000000000e+03
2.056000000000000000e+03
2.056000000000000000e+03
2.057000000000000000e+03
2.057000000000000000e+03
2.057000000000000000e+03
2.060000000000000000e+03
2.060000000000000000e+03
2.060000000000000000e+03
2.060000000000000000e+03
2.060000000000000000e+03
2.061000000000000000e+03
2.062000000000000000e+03
2.062000000000000000e+03
2.063000000000000000e+03
2.063000000000000000e+03
2.063000000000000000e+03
2.063000000000000000e+03
2.063000000000000000e+03
2.063000000000000000e+03
2.063000000000000000e+03
2.063000000000000000e+03
2.063000000000000000e+03
2.063000000000000000e+03
2.063000000000000000e+03
2.063000000000000000e+03
2.068000000000000000e+03
2.068000000000000000e+03
2.068000000000000000e+03
2.068000000000000000e+03
2.068000000000000000e+03
2.068000000000000000e+03
2.068000000000000000e+03
2.068000000000000000e+03
2.069000000000000000e+03
2.069000000000000000e+03
2.069000000000000000e+03
2.072000000000000000e+03
2.073000000000000000e+03
2.073000000000000000e+03
2.074000000000000000e+03
2.074000000000000000e+03
2.074000000000000000e+03
2.077000000000000000e+03
2.077000000000000000e+03
2.077000000000000000e+03
2.077000000000000000e+03
2.077000000000000000e+03
2.077000000000000000e+03
2.077000000000000000e+03
2.078000000000000000e+03
2.078000000000000000e+03
2.079000000000000000e+03
2.079000000000000000e+03
2.081000000000000000e+03
2.082000000000000000e+03
2.083000000000000000e+03
2.083000000000000000e+03
2.084000000000000000e+03
2.085000000000000000e+03
2.085000000000000000e+03
2.087000000000000000e+03
2.087000000000000000e+03
2.087000000000000000e+03
2.087000000000000000e+03
2.087000000000000000e+03
2.087000000000000000e+03
2.087000000000000000e+03
2.092000000000000000e+03
2.092000000000000000e+03
2.092000000000000000e+03
2.094000000000000000e+03
2.096000000000000000e+03
2.096000000000000000e+03
2.097000000000000000e+03
2.099000000000000000e+03
2.101000000000000000e+03
2.101000000000000000e+03
2.101000000000000000e+03
2.101000000000000000e+03
2.101000000000000000e+03
2.102000000000000000e+03
2.104000000000000000e+03
2.104000000000000000e+03
2.104000000000000000e+03
2.104000000000000000e+03
2.105000000000000000e+03
2.107000000000000000e+03
2.109000000000000000e+03
2.110000000000000000e+03
2.111000000000000000e+03
2.112000000000000000e+03
2.112000000000000000e+03
2.113000000000000000e+03
2.115000000000000000e+03
2.115000000000000000e+03
2.115000000000000000e+03
2.118000000000000000e+03
2.118000000000000000e+03
2.118000000000000000e+03
2.118000000000000000e+03
2.119000000000000000e+03
2.120000000000000000e+03
2.120000000000000000e+03
2.120000000000000000e+03
2.120000000000000000e+03
2.121000000000000000e+03
2.122000000000000000e+03
2.122000000000000000e+03
2.122000000000000000e+03
2.122000000000000000e+03
2.124000000000000000e+03
2.127000000000000000e+03
2.127000000000000000e+03
2.131000000000000000e+03
2.131000000000000000e+03
2.133000000000000000e+03
2.134000000000000000e+03
2.136000000000000000e+03
2.136000000000000000e+03
2.145000000000000000e+03
2.145000000000000000e+03
2.148000000000000000e+03
2.151000000000000000e+03
2.154000000000000000e+03
2.157000000000000000e+03
2.157000000000000000e+03
2.165000000000000000e+03
2.176000000000000000e+03
2.187000000000000000e+03
2.221000000000000000e+03
2.255000000000000000e+03
2.267000000000000000e+03
2.269000000000000000e+03
2.285000000000000000e+03
2.310000000000000000e+03
2.342000000000000000e+03
2.363000000000000000e+03
2.375000000000000000e+03
2.411000000000000000e+03
2.444000000000000000e+03
2.473000000000000000e+03
2.545000000000000000e+03
2.586000000000000000e+03
2.627000000000000000e+03
2.667000000000000000e+03
2.729000000000000000e+03
2.771000000000000000e+03
2.836000000000000000e+03
2.908000000000000000e+03
2.969000000000000000e+03
3.037000000000000000e+03
3.126000000000000000e+03
3.217000000000000000e+03
3.278000000000000000e+03
3.418000000000000000e+03
3.516000000000000000e+03
3.612000000000000000e+03
3.703000000000000000e+03
3.816000000000000000e+03
3.900000000000000000e+03
3.969000000000000000e+03
4.033000000000000000e+03
4.115000000000000000e+03
4.247000000000000000e+03
4.357000000000000000e+03
4.531000000000000000e+03
4.620000000000000000e+03
4.697000000000000000e+03
4.798000000000000000e+03
4.881000000000000000e+03
4.975000000000000000e+03
5.047000000000000000e+03
5.133000000000000000e+03
5.233000000000000000e+03
5.276000000000000000e+03
5.357000000000000000e+03
5.446000000000000000e+03
5.507000000000000000e+03
5.582000000000000000e+03
5.657000000000000000e+03
5.715000000000000000e+03
5.770000000000000000e+03
5.812000000000000000e+03
5.858000000000000000e+03
5.918000000000000000e+03
5.960000000000000000e+03
6.020000000000000000e+03
6.056000000000000000e+03
6.105000000000000000e+03
6.137000000000000000e+03
6.183000000000000000e+03
6.220000000000000000e+03
6.263000000000000000e+03
6.294000000000000000e+03
6.317000000000000000e+03
6.325000000000000000e+03
6.341000000000000000e+03
6.363000000000000000e+03
6.390000000000000000e+03
6.414000000000000000e+03
6.426000000000000000e+03
6.446000000000000000e+03
6.462000000000000000e+03
6.482000000000000000e+03
6.485000000000000000e+03
6.492000000000000000e+03
6.498000000000000000e+03
6.507000000000000000e+03
6.523000000000000000e+03
6.538000000000000000e+03
6.543000000000000000e+03
6.568000000000000000e+03
6.586000000000000000e+03
6.593000000000000000e+03
6.613000000000000000e+03
6.632000000000000000e+03
6.649000000000000000e+03
6.658000000000000000e+03
6.662000000000000000e+03
6.670000000000000000e+03
6.688000000000000000e+03
6.696000000000000000e+03
6.723000000000000000e+03
6.731000000000000000e+03
6.737000000000000000e+03
6.742000000000000000e+03
6.751000000000000000e+03
6.759000000000000000e+03
6.767000000000000000e+03
6.773000000000000000e+03
6.780000000000000000e+03
6.787000000000000000e+03
6.812000000000000000e+03
6.823000000000000000e+03
6.832000000000000000e+03
6.836000000000000000e+03
6.856000000000000000e+03
6.857000000000000000e+03
6.862000000000000000e+03
6.863000000000000000e+03
6.864000000000000000e+03
6.867000000000000000e+03
6.869000000000000000e+03
6.875000000000000000e+03
6.877000000000000000e+03
6.885000000000000000e+03
6.889000000000000000e+03
6.892000000000000000e+03
6.898000000000000000e+03
6.905000000000000000e+03
6.905000000000000000e+03
6.906000000000000000e+03
6.908000000000000000e+03
6.909000000000000000e+03
6.918000000000000000e+03
6.920000000000000000e+03
6.923000000000000000e+03
6.924000000000000000e+03
6.926000000000000000e+03
6.929000000000000000e+03
6.929000000000000000e+03
6.931000000000000000e+03
6.934000000000000000e+03
6.936000000000000000e+03
6.940000000000000000e+03
6.941000000000000000e+03
6.948000000000000000e+03
6.952000000000000000e+03
6.961000000000000000e+03
6.964000000000000000e+03
6.967000000000000000e+03
6.972000000000000000e+03
6.977000000000000000e+03
6.981000000000000000e+03
6.987000000000000000e+03
6.992000000000000000e+03
6.997000000000000000e+03
7.001000000000000000e+03
7.003000000000000000e+03
7.008000000000000000e+03
7.012000000000000000e+03
7.012000000000000000e+03
7.022000000000000000e+03
7.027000000000000000e+03
7.042000000000000000e+03
7.058000000000000000e+03
7.061000000000000000e+03
7.070000000000000000e+03
