0.000000000000000000e+00
0.000000000000000000e+00
0.000000000000000000e+00
0.000000000000000000e+00
0.000000000000000000e+00
0.000000000000000000e+00
0.000000000000000000e+00
0.000000000000000000e+00
0.000000000000000000e+00
0.000000000000000000e+00
0.000000000000000000e+00
0.000000000000000000e+00
0.000000000000000000e+00
0.000000000000000000e+00
0.000000000000000000e+00
0.000000000000000000e+00
0.000000000000000000e+00
0.000000000000000000e+00
0.000000000000000000e+00
0.000000000000000000e+00
0.000000000000000000e+00
0.000000000000000000e+00
0.000000000000000000e+00
0.000000000000000000e+00
0.000000000000000000e+00
0.000000000000000000e+00
0.000000000000000000e+00
0.000000000000000000e+00
0.000000000000000000e+00
0.000000000000000000e+00
0.000000000000000000e+00
0.000000000000000000e+00
0.000000000000000000e+00
0.000000000000000000e+00
0.000000000000000000e+00
0.000000000000000000e+00
0.000000000000000000e+00
0.000000000000000000e+00
0.000000000000000000e+00
0.000000000000000000e+00
0.000000000000000000e+00
0.000000000000000000e+00
0.000000000000000000e+00
0.000000000000000000e+00
0.000000000000000000e+00
0.000000000000000000e+00
0.000000000000000000e+00
0.000000000000000000e+00
0.000000000000000000e+00
0.000000000000000000e+00
0.000000000000000000e+00
0.000000000000000000e+00
0.000000000000000000e+00
0.000000000000000000e+00
0.000000000000000000e+00
0.000000000000000000e+00
0.000000000000000000e+00
0.000000000000000000e+00
0.000000000000000000e+00
0.000000000000000000e+00
1.000000000000000000e+00
1.000000000000000000e+00
1.000000000000000000e+00
5.000000000000000000e+00
5.000000000000000000e+00
5.000000000000000000e+00
5.000000000000000000e+00
9.000000000000000000e+00
1.000000000000000000e+01
1.000000000000000000e+01
1.000000000000000000e+01
1.600000000000000000e+01
1.600000000000000000e+01
1.600000000000000000e+01
1.900000000000000000e+01
1.900000000000000000e+01
1.900000000000000000e+01
1.900000000000000000e+01
1.900000000000000000e+01
1.900000000000000000e+01
2.500000000000000000e+01
2.500000000000000000e+01
2.500000000000000000e+01
2.900000000000000000e+01
3.300000000000000000e+01
3.300000000000000000e+01
3.800000000000000000e+01
3.800000000000000000e+01
3.900000000000000000e+01
3.900000000000000000e+01
4.200000000000000000e+01
4.200000000000000000e+01
4.200000000000000000e+01
4.200000000000000000e+01
4.200000000000000000e+01
4.300000000000000000e+01
4.300000000000000000e+01
4.300000000000000000e+01
4.300000000000000000e+01
4.300000000000000000e+01
4.400000000000000000e+01
4.400000000000000000e+01
4.400000000000000000e+01
4.400000000000000000e+01
4.400000000000000000e+01
4.500000000000000000e+01
4.500000000000000000e+01
4.700000000000000000e+01
4.700000000000000000e+01
4.700000000000000000e+01
4.700000000000000000e+01
4.700000000000000000e+01
4.800000000000000000e+01
4.800000000000000000e+01
5.000000000000000000e+01
5.100000000000000000e+01
5.800000000000000000e+01
5.800000000000000000e+01
5.800000000000000000e+01
5.800000000000000000e+01
5.800000000000000000e+01
5.900000000000000000e+01
7.000000000000000000e+01
8.600000000000000000e+01
1.060000000000000000e+02
1.210000000000000000e+02
1.210000000000000000e+02
1.220000000000000000e+02
1.220000000000000000e+02
1.220000000000000000e+02
1.220000000000000000e+02
1.230000000000000000e+02
1.230000000000000000e+02
1.230000000000000000e+02
1.240000000000000000e+02
1.240000000000000000e+02
1.250000000000000000e+02
1.410000000000000000e+02
1.440000000000000000e+02
1.460000000000000000e+02
1.520000000000000000e+02
1.640000000000000000e+02
1.640000000000000000e+02
1.700000000000000000e+02
1.770000000000000000e+02
1.770000000000000000e+02
1.770000000000000000e+02
1.780000000000000000e+02
1.870000000000000000e+02
1.870000000000000000e+02
1.980000000000000000e+02
2.040000000000000000e+02
2.190000000000000000e+02
2.310000000000000000e+02
2.310000000000000000e+02
2.420000000000000000e+02
2.550000000000000000e+02
2.560000000000000000e+02
2.560000000000000000e+02
2.690000000000000000e+02
2.790000000000000000e+02
2.930000000000000000e+02
3.120000000000000000e+02
3.280000000000000000e+02
3.380000000000000000e+02
3.580000000000000000e+02
3.720000000000000000e+02
3.720000000000000000e+02
3.720000000000000000e+02
3.720000000000000000e+02
3.940000000000000000e+02
3.940000000000000000e+02
3.940000000000000000e+02
4.170000000000000000e+02
4.390000000000000000e+02
4.580000000000000000e+02
4.770000000000000000e+02
4.960000000000000000e+02
4.960000000000000000e+02
4.960000000000000000e+02
5.220000000000000000e+02
5.400000000000000000e+02
5.610000000000000000e+02
5.840000000000000000e+02
6.080000000000000000e+02
6.270000000000000000e+02
6.500000000000000000e+02
6.740000000000000000e+02
6.940000000000000000e+02
7.170000000000000000e+02
7.380000000000000000e+02
7.570000000000000000e+02
7.800000000000000000e+02
8.090000000000000000e+02
8.470000000000000000e+02
8.920000000000000000e+02
9.440000000000000000e+02
9.990000000000000000e+02
1.060000000000000000e+03
1.125000000000000000e+03
1.188000000000000000e+03
1.255000000000000000e+03
1.327000000000000000e+03
1.327000000000000000e+03
1.432000000000000000e+03
1.515000000000000000e+03
1.593000000000000000e+03
1.677000000000000000e+03
1.764000000000000000e+03
1.844000000000000000e+03
1.927000000000000000e+03
2.008000000000000000e+03
2.073000000000000000e+03
2.143000000000000000e+03
2.217000000000000000e+03
2.293000000000000000e+03
2.365000000000000000e+03
2.440000000000000000e+03
2.504000000000000000e+03
2.563000000000000000e+03
2.628000000000000000e+03
2.703000000000000000e+03
2.765000000000000000e+03
2.830000000000000000e+03
2.898000000000000000e+03
2.973000000000000000e+03
3.041000000000000000e+03
3.104000000000000000e+03
3.171000000000000000e+03
3.229000000000000000e+03
3.289000000000000000e+03
3.351000000000000000e+03
3.416000000000000000e+03
3.476000000000000000e+03
3.506000000000000000e+03
3.540000000000000000e+03
3.576000000000000000e+03
3.614000000000000000e+03
3.654000000000000000e+03
3.691000000000000000e+03
3.731000000000000000e+03
3.765000000000000000e+03
3.800000000000000000e+03
3.833000000000000000e+03
3.877000000000000000e+03
3.924000000000000000e+03
3.966000000000000000e+03
4.001000000000000000e+03
4.038000000000000000e+03
4.072000000000000000e+03
4.102000000000000000e+03
4.148000000000000000e+03
4.200000000000000000e+03
4.247000000000000000e+03
4.289000000000000000e+03
4.329000000000000000e+03
4.366000000000000000e+03
4.411000000000000000e+03
4.457000000000000000e+03
4.504000000000000000e+03
4.566000000000000000e+03
4.616000000000000000e+03
4.673000000000000000e+03
4.718000000000000000e+03
4.774000000000000000e+03
4.826000000000000000e+03
4.883000000000000000e+03
4.931000000000000000e+03
4.987000000000000000e+03
5.033000000000000000e+03
5.077000000000000000e+03
5.134000000000000000e+03
5.180000000000000000e+03
5.224000000000000000e+03
5.267000000000000000e+03
5.319000000000000000e+03
5.359000000000000000e+03
5.408000000000000000e+03
5.461000000000000000e+03
5.528000000000000000e+03
5.580000000000000000e+03
5.633000000000000000e+03
5.683000000000000000e+03
5.728000000000000000e+03
5.789000000000000000e+03
5.843000000000000000e+03
5.888000000000000000e+03
5.964000000000000000e+03
6.040000000000000000e+03
6.102000000000000000e+03
6.147000000000000000e+03
6.215000000000000000e+03
6.284000000000000000e+03
6.352000000000000000e+03
6.421000000000000000e+03
6.486000000000000000e+03
6.552000000000000000e+03
6.613000000000000000e+03
6.684000000000000000e+03
6.759000000000000000e+03
6.836000000000000000e+03
6.919000000000000000e+03
6.991000000000000000e+03
7.079000000000000000e+03
7.154000000000000000e+03
7.225000000000000000e+03
7.295000000000000000e+03
7.369000000000000000e+03
7.459000000000000000e+03
7.542000000000000000e+03
7.635000000000000000e+03
7.715000000000000000e+03
7.797000000000000000e+03
7.887000000000000000e+03
7.973000000000000000e+03
8.059000000000000000e+03
8.147000000000000000e+03
8.233000000000000000e+03
8.320000000000000000e+03
8.403000000000000000e+03
8.490000000000000000e+03
8.580000000000000000e+03
8.675000000000000000e+03
8.787000000000000000e+03
8.911000000000000000e+03
9.041000000000000000e+03
9.166000000000000000e+03
9.302000000000000000e+03
9.452000000000000000e+03
9.603000000000000000e+03
9.759000000000000000e+03
9.928000000000000000e+03
1.005000000000000000e+04
1.019500000000000000e+04
1.031800000000000000e+04
1.044200000000000000e+04
1.057100000000000000e+04
1.070100000000000000e+04
1.082100000000000000e+04
1.093200000000000000e+04
1.103300000000000000e+04
1.113800000000000000e+04
1.124300000000000000e+04
1.134400000000000000e+04
1.143400000000000000e+04
1.152600000000000000e+04
1.161600000000000000e+04
1.171000000000000000e+04
1.179900000000000000e+04
1.189000000000000000e+04
1.198800000000000000e+04
1.208400000000000000e+04
1.217900000000000000e+04
1.227400000000000000e+04
1.236400000000000000e+04
1.246200000000000000e+04
1.255800000000000000e+04
1.266000000000000000e+04
1.276000000000000000e+04
1.285000000000000000e+04
1.294200000000000000e+04
1.303600000000000000e+04
1.313200000000000000e+04
1.322400000000000000e+04
1.331300000000000000e+04
1.339800000000000000e+04
1.347900000000000000e+04
1.355700000000000000e+04
1.362800000000000000e+04
1.369700000000000000e+04
1.376200000000000000e+04
1.382300000000000000e+04
1.388500000000000000e+04
1.394400000000000000e+04
1.399800000000000000e+04
1.404800000000000000e+04
1.409600000000000000e+04
1.414200000000000000e+04
1.420200000000000000e+04
1.426700000000000000e+04
1.433800000000000000e+04
1.440800000000000000e+04
1.447700000000000000e+04
1.455100000000000000e+04
1.461100000000000000e+04
1.466800000000000000e+04
1.472400000000000000e+04
1.476500000000000000e+04
1.482000000000000000e+04
1.486300000000000000e+04
1.490600000000000000e+04
1.495100000000000000e+04
1.500100000000000000e+04
1.504500000000000000e+04
1.509400000000000000e+04
1.514300000000000000e+04
1.517900000000000000e+04
1.523000000000000000e+04
1.528200000000000000e+04
1.534300000000000000e+04
1.540500000000000000e+04
1.546700000000000000e+04
1.553300000000000000e+04
1.558800000000000000e+04
1.564200000000000000e+04
1.569600000000000000e+04
1.575300000000000000e+04
1.581500000000000000e+04
1.587000000000000000e+04
1.592500000000000000e+04
1.598100000000000000e+04
1.604200000000000000e+04
1.611700000000000000e+04
1.618700000000000000e+04
1.625700000000000000e+04
1.632800000000000000e+04
1.640100000000000000e+04
1.647800000000000000e+04
1.655600000000000000e+04
1.665600000000000000e+04
1.677600000000000000e+04
1.692500000000000000e+04
1.707700000000000000e+04
1.724000000000000000e+04
1.741100000000000000e+04
1.758300000000000000e+04
1.774300000000000000e+04
1.789600000000000000e+04
1.804600000000000000e+04
1.820100000000000000e+04
1.835600000000000000e+04
1.849800000000000000e+04
1.863800000000000000e+04
1.877500000000000000e+04
1.890900000000000000e+04
1.903900000000000000e+04
1.916400000000000000e+04
1.928400000000000000e+04
1.940400000000000000e+04
1.952600000000000000e+04
1.964100000000000000e+04
1.976100000000000000e+04
1.988300000000000000e+04
2.000800000000000000e+04
2.011800000000000000e+04
2.022600000000000000e+04
2.033100000000000000e+04
2.043500000000000000e+04
2.055500000000000000e+04
2.071300000000000000e+04
2.085600000000000000e+04
2.100400000000000000e+04
2.114200000000000000e+04
2.127900000000000000e+04
2.143300000000000000e+04
2.158400000000000000e+04
2.172500000000000000e+04
2.186400000000000000e+04
2.199900000000000000e+04
2.213500000000000000e+04
2.226500000000000000e+04
2.238900000000000000e+04
2.251300000000000000e+04
2.263100000000000000e+04
2.273300000000000000e+04
2.281800000000000000e+04
2.289800000000000000e+04
2.297700000000000000e+04
2.305100000000000000e+04
2.312100000000000000e+04
2.319100000000000000e+04
2.325600000000000000e+04
2.331900000000000000e+04
2.337900000000000000e+04
2.343900000000000000e+04
2.349000000000000000e+04
2.354300000000000000e+04
2.359500000000000000e+04
2.364500000000000000e+04
2.369300000000000000e+04
2.373800000000000000e+04
2.378800000000000000e+04
2.383000000000000000e+04
2.388400000000000000e+04
2.393900000000000000e+04
2.399600000000000000e+04
2.405200000000000000e+04
2.411700000000000000e+04
2.418700000000000000e+04
2.425200000000000000e+04
2.431500000000000000e+04
2.436500000000000000e+04
2.441000000000000000e+04
2.444000000000000000e+04
2.446700000000000000e+04
2.449500000000000000e+04
2.452900000000000000e+04
2.455900000000000000e+04
2.459100000000000000e+04
2.461900000000000000e+04
2.463900000000000000e+04
2.465900000000000000e+04
2.468000000000000000e+04
2.470000000000000000e+04
2.472300000000000000e+04
2.474300000000000000e+04
2.476700000000000000e+04
2.478900000000000000e+04
2.481400000000000000e+04
2.486000000000000000e+04
2.490400000000000000e+04
2.494600000000000000e+04
2.499100000000000000e+04
2.503500000000000000e+04
2.507600000000000000e+04
2.511800000000000000e+04
2.515800000000000000e+04
2.520500000000000000e+04
2.524800000000000000e+04
2.528700000000000000e+04
2.532800000000000000e+04
2.536500000000000000e+04
2.540400000000000000e+04
2.544200000000000000e+04
2.547900000000000000e+04
2.551500000000000000e+04
2.555100000000000000e+04
2.558600000000000000e+04
2.561900000000000000e+04
2.565300000000000000e+04
2.568600000000000000e+04
2.571200000000000000e+04
2.573500000000000000e+04
2.575300000000000000e+04
2.576600000000000000e+04
2.576600000000000000e+04
2.578500000000000000e+04
2.579500000000000000e+04
2.580100000000000000e+04
2.580600000000000000e+04
2.581400000000000000e+04
2.582100000000000000e+04
2.582700000000000000e+04
2.583400000000000000e+04
2.584000000000000000e+04
2.584500000000000000e+04
2.584900000000000000e+04
2.585300000000000000e+04
2.585800000000000000e+04
2.586500000000000000e+04
2.587700000000000000e+04
2.589200000000000000e+04
2.591100000000000000e+04
2.593000000000000000e+04
2.594200000000000000e+04
2.595400000000000000e+04
2.596300000000000000e+04
2.598300000000000000e+04
