0.000000000000000000e+00
0.000000000000000000e+00
0.000000000000000000e+00
0.000000000000000000e+00
0.000000000000000000e+00
0.000000000000000000e+00
0.000000000000000000e+00
0.000000000000000000e+00
0.000000000000000000e+00
0.000000000000000000e+00
0.000000000000000000e+00
0.000000000000000000e+00
0.000000000000000000e+00
0.000000000000000000e+00
0.000000000000000000e+00
0.000000000000000000e+00
0.000000000000000000e+00
0.000000000000000000e+00
0.000000000000000000e+00
0.000000000000000000e+00
0.000000000000000000e+00
0.000000000000000000e+00
0.000000000000000000e+00
0.000000000000000000e+00
0.000000000000000000e+00
0.000000000000000000e+00
0.000000000000000000e+00
0.000000000000000000e+00
0.000000000000000000e+00
0.000000000000000000e+00
0.000000000000000000e+00
0.000000000000000000e+00
0.000000000000000000e+00
0.000000000000000000e+00
0.000000000000000000e+00
0.000000000000000000e+00
0.000000000000000000e+00
0.000000000000000000e+00
0.000000000000000000e+00
0.000000000000000000e+00
0.000000000000000000e+00
0.000000000000000000e+00
0.000000000000000000e+00
0.000000000000000000e+00
0.000000000000000000e+00
0.000000000000000000e+00
0.000000000000000000e+00
0.000000000000000000e+00
0.000000000000000000e+00
0.000000000000000000e+00
0.000000000000000000e+00
0.000000000000000000e+00
0.000000000000000000e+00
0.000000000000000000e+00
0.000000000000000000e+00
0.000000000000000000e+00
0.000000000000000000e+00
0.000000000000000000e+00
0.000000000000000000e+00
0.000000000000000000e+00
0.000000000000000000e+00
0.000000000000000000e+00
0.000000000000000000e+00
0.000000000000000000e+00
0.000000000000000000e+00
0.000000000000000000e+00
0.000000000000000000e+00
0.000000000000000000e+00
0.000000000000000000e+00
0.000000000000000000e+00
0.000000000000000000e+00
0.000000000000000000e+00
0.000000000000000000e+00
0.000000000000000000e+00
0.000000000000000000e+00
0.000000000000000000e+00
0.000000000000000000e+00
0.000000000000000000e+00
0.000000000000000000e+00
0.000000000000000000e+00
0.000000000000000000e+00
0.000000000000000000e+00
0.000000000000000000e+00
0.000000000000000000e+00
0.000000000000000000e+00
0.000000000000000000e+00
0.000000000000000000e+00
0.000000000000000000e+00
0.000000000000000000e+00
0.000000000000000000e+00
0.000000000000000000e+00
0.000000000000000000e+00
0.000000000000000000e+00
0.000000000000000000e+00
0.000000000000000000e+00
0.000000000000000000e+00
0.000000000000000000e+00
0.000000000000000000e+00
0.000000000000000000e+00
1.500000000000000000e+01
1.500000000000000000e+01
7.600000000000000000e+01
1.280000000000000000e+02
2.300000000000000000e+02
2.930000000000000000e+02
3.790000000000000000e+02
4.610000000000000000e+02
5.220000000000000000e+02
6.120000000000000000e+02
6.120000000000000000e+02
6.610000000000000000e+02
7.290000000000000000e+02
8.010000000000000000e+02
9.070000000000000000e+02
1.118000000000000000e+03
1.322000000000000000e+03
1.524000000000000000e+03
1.729000000000000000e+03
1.936000000000000000e+03
2.140000000000000000e+03
2.350000000000000000e+03
2.551000000000000000e+03
2.738000000000000000e+03
2.929000000000000000e+03
3.100000000000000000e+03
3.266000000000000000e+03
3.424000000000000000e+03
3.563000000000000000e+03
3.686000000000000000e+03
3.807000000000000000e+03
3.930000000000000000e+03
4.013000000000000000e+03
4.100000000000000000e+03
4.191000000000000000e+03
4.289000000000000000e+03
4.370000000000000000e+03
4.453000000000000000e+03
4.529000000000000000e+03
4.609000000000000000e+03
4.690000000000000000e+03
4.763000000000000000e+03
4.834000000000000000e+03
4.902000000000000000e+03
4.971000000000000000e+03
5.035000000000000000e+03
5.097000000000000000e+03
5.160000000000000000e+03
5.221000000000000000e+03
5.279000000000000000e+03
5.338000000000000000e+03
5.399000000000000000e+03
5.457000000000000000e+03
5.513000000000000000e+03
5.567000000000000000e+03
5.630000000000000000e+03
5.691000000000000000e+03
5.747000000000000000e+03
5.799000000000000000e+03
5.849000000000000000e+03
5.900000000000000000e+03
5.900000000000000000e+03
6.005000000000000000e+03
6.058000000000000000e+03
6.058000000000000000e+03
6.159000000000000000e+03
6.213000000000000000e+03
6.262000000000000000e+03
6.315000000000000000e+03
6.364000000000000000e+03
6.410000000000000000e+03
6.457000000000000000e+03
6.506000000000000000e+03
6.552000000000000000e+03
6.596000000000000000e+03
6.643000000000000000e+03
6.695000000000000000e+03
6.741000000000000000e+03
6.786000000000000000e+03
6.834000000000000000e+03
6.878000000000000000e+03
6.921000000000000000e+03
6.967000000000000000e+03
7.015000000000000000e+03
7.060000000000000000e+03
7.104000000000000000e+03
7.150000000000000000e+03
7.192000000000000000e+03
7.235000000000000000e+03
7.276000000000000000e+03
7.320000000000000000e+03
7.366000000000000000e+03
7.409000000000000000e+03
7.451000000000000000e+03
7.495000000000000000e+03
7.538000000000000000e+03
7.583000000000000000e+03
7.625000000000000000e+03
7.665000000000000000e+03
7.706000000000000000e+03
7.706000000000000000e+03
7.745000000000000000e+03
7.827000000000000000e+03
7.871000000000000000e+03
7.912000000000000000e+03
7.950000000000000000e+03
7.989000000000000000e+03
8.029000000000000000e+03
8.065000000000000000e+03
8.099000000000000000e+03
8.131000000000000000e+03
8.166000000000000000e+03
8.203000000000000000e+03
8.241000000000000000e+03
8.277000000000000000e+03
8.311000000000000000e+03
8.346000000000000000e+03
8.379000000000000000e+03
8.413000000000000000e+03
8.449000000000000000e+03
8.481000000000000000e+03
8.516000000000000000e+03
8.516000000000000000e+03
8.583000000000000000e+03
8.619000000000000000e+03
8.654000000000000000e+03
8.690000000000000000e+03
8.724000000000000000e+03
8.757000000000000000e+03
8.792000000000000000e+03
8.824000000000000000e+03
8.860000000000000000e+03
8.899000000000000000e+03
8.939000000000000000e+03
8.977000000000000000e+03
9.014000000000000000e+03
9.049000000000000000e+03
9.088000000000000000e+03
9.129000000000000000e+03
9.171000000000000000e+03
9.214000000000000000e+03
9.259000000000000000e+03
9.303000000000000000e+03
9.346000000000000000e+03
9.388000000000000000e+03
9.432000000000000000e+03
9.475000000000000000e+03
9.520000000000000000e+03
9.562000000000000000e+03
9.605000000000000000e+03
9.646000000000000000e+03
9.685000000000000000e+03
9.726000000000000000e+03
9.769000000000000000e+03
9.811000000000000000e+03
9.852000000000000000e+03
9.895000000000000000e+03
9.935000000000000000e+03
9.974000000000000000e+03
1.001400000000000000e+04
1.005500000000000000e+04
1.009700000000000000e+04
1.013700000000000000e+04
1.018000000000000000e+04
1.022200000000000000e+04
1.026000000000000000e+04
1.029700000000000000e+04
1.033600000000000000e+04
1.037400000000000000e+04
1.041400000000000000e+04
1.045500000000000000e+04
1.049300000000000000e+04
1.053300000000000000e+04
1.057400000000000000e+04
1.061300000000000000e+04
1.065300000000000000e+04
1.069500000000000000e+04
1.073600000000000000e+04
1.077600000000000000e+04
1.081900000000000000e+04
1.086000000000000000e+04
1.090000000000000000e+04
1.093900000000000000e+04
1.097700000000000000e+04
1.101700000000000000e+04
1.105400000000000000e+04
1.109600000000000000e+04
1.113900000000000000e+04
1.118000000000000000e+04
1.121900000000000000e+04
1.125600000000000000e+04
1.129400000000000000e+04
1.133600000000000000e+04
1.137600000000000000e+04
1.141700000000000000e+04
1.145600000000000000e+04
1.149600000000000000e+04
1.153400000000000000e+04
1.157300000000000000e+04
1.161000000000000000e+04
1.164900000000000000e+04
1.168900000000000000e+04
1.173100000000000000e+04
1.177200000000000000e+04
1.181500000000000000e+04
1.185400000000000000e+04
1.189400000000000000e+04
1.193200000000000000e+04
1.197100000000000000e+04
1.200800000000000000e+04
1.204400000000000000e+04
1.208200000000000000e+04
1.211800000000000000e+04
1.215500000000000000e+04
1.219400000000000000e+04
1.223100000000000000e+04
1.226900000000000000e+04
1.230800000000000000e+04
1.234900000000000000e+04
1.238900000000000000e+04
1.242800000000000000e+04
1.246900000000000000e+04
1.251100000000000000e+04
1.255100000000000000e+04
1.258800000000000000e+04
1.258800000000000000e+04
1.262400000000000000e+04
1.270400000000000000e+04
1.274100000000000000e+04
1.277700000000000000e+04
1.281500000000000000e+04
1.285200000000000000e+04
1.288800000000000000e+04
1.292300000000000000e+04
1.296000000000000000e+04
1.299800000000000000e+04
1.303400000000000000e+04
1.307100000000000000e+04
1.310600000000000000e+04
1.313800000000000000e+04
1.317200000000000000e+04
1.320500000000000000e+04
1.323700000000000000e+04
1.326500000000000000e+04
1.329600000000000000e+04
1.329600000000000000e+04
1.329600000000000000e+04
1.330000000000000000e+04
1.330000000000000000e+04
1.330000000000000000e+04
1.330500000000000000e+04
1.330500000000000000e+04
1.330500000000000000e+04
1.330500000000000000e+04
1.330500000000000000e+04
1.330800000000000000e+04
1.330800000000000000e+04
1.330800000000000000e+04
1.330800000000000000e+04
1.330800000000000000e+04
1.330800000000000000e+04
1.330800000000000000e+04
1.330800000000000000e+04
1.330800000000000000e+04
1.330800000000000000e+04
1.330800000000000000e+04
1.330800000000000000e+04
1.330800000000000000e+04
1.330800000000000000e+04
1.330800000000000000e+04
1.330800000000000000e+04
1.330800000000000000e+04
1.330800000000000000e+04
1.330800000000000000e+04
1.330800000000000000e+04
1.330800000000000000e+04
1.330800000000000000e+04
1.330800000000000000e+04
1.330800000000000000e+04
1.330800000000000000e+04
1.330800000000000000e+04
1.330800000000000000e+04
1.330800000000000000e+04
1.330800000000000000e+04
1.330800000000000000e+04
1.330800000000000000e+04
1.330800000000000000e+04
1.330800000000000000e+04
1.330800000000000000e+04
1.330800000000000000e+04
1.330800000000000000e+04
1.330800000000000000e+04
1.330800000000000000e+04
1.330800000000000000e+04
1.330800000000000000e+04
1.330800000000000000e+04
1.330800000000000000e+04
1.330800000000000000e+04
1.330800000000000000e+04
1.330800000000000000e+04
1.330800000000000000e+04
1.330800000000000000e+04
1.330800000000000000e+04
1.330800000000000000e+04
1.330800000000000000e+04
1.330800000000000000e+04
1.330800000000000000e+04
1.330800000000000000e+04
1.330800000000000000e+04
1.330800000000000000e+04
1.330800000000000000e+04
1.330800000000000000e+04
1.330800000000000000e+04
1.330800000000000000e+04
1.330800000000000000e+04
1.330800000000000000e+04
1.330800000000000000e+04
1.330800000000000000e+04
1.330800000000000000e+04
1.330800000000000000e+04
1.330800000000000000e+04
1.330800000000000000e+04
1.330800000000000000e+04
1.330800000000000000e+04
1.330800000000000000e+04
1.330800000000000000e+04
1.330800000000000000e+04
1.330800000000000000e+04
1.330800000000000000e+04
1.330800000000000000e+04
1.330800000000000000e+04
1.330800000000000000e+04
1.330800000000000000e+04
1.330800000000000000e+04
1.330800000000000000e+04
1.330800000000000000e+04
1.330800000000000000e+04
1.330800000000000000e+04
1.330800000000000000e+04
1.330800000000000000e+04
1.330800000000000000e+04
1.330800000000000000e+04
1.330800000000000000e+04
1.330800000000000000e+04
1.330800000000000000e+04
1.330800000000000000e+04
1.330800000000000000e+04
1.330800000000000000e+04
1.330800000000000000e+04
1.330800000000000000e+04
1.330800000000000000e+04
1.330800000000000000e+04
1.330800000000000000e+04
1.330800000000000000e+04
1.330800000000000000e+04
1.330800000000000000e+04
1.330800000000000000e+04
1.330800000000000000e+04
1.330800000000000000e+04
1.330800000000000000e+04
1.330800000000000000e+04
1.330800000000000000e+04
1.330800000000000000e+04
1.330800000000000000e+04
1.330800000000000000e+04
1.330800000000000000e+04
1.330800000000000000e+04
1.330800000000000000e+04
1.330800000000000000e+04
1.330800000000000000e+04
1.330800000000000000e+04
1.330800000000000000e+04
1.330800000000000000e+04
1.330800000000000000e+04
1.330800000000000000e+04
1.330800000000000000e+04
1.330800000000000000e+04
1.330800000000000000e+04
1.330800000000000000e+04
1.330800000000000000e+04
1.330800000000000000e+04
1.330800000000000000e+04
1.330800000000000000e+04
1.330800000000000000e+04
1.330800000000000000e+04
1.330800000000000000e+04
1.330800000000000000e+04
1.330800000000000000e+04
1.330800000000000000e+04
1.330800000000000000e+04
1.330800000000000000e+04
1.330800000000000000e+04
1.330800000000000000e+04
1.330800000000000000e+04
1.330800000000000000e+04
1.330800000000000000e+04
1.330800000000000000e+04
1.330800000000000000e+04
1.330800000000000000e+04
1.330800000000000000e+04
1.330800000000000000e+04
1.330800000000000000e+04
1.330800000000000000e+04
1.330800000000000000e+04
1.330800000000000000e+04
1.330800000000000000e+04
1.330800000000000000e+04
1.330800000000000000e+04
1.330800000000000000e+04
1.330800000000000000e+04
1.330800000000000000e+04
1.330800000000000000e+04
1.330800000000000000e+04
1.330800000000000000e+04
1.330800000000000000e+04
1.330800000000000000e+04
1.330800000000000000e+04
1.330800000000000000e+04
1.330800000000000000e+04
1.335800000000000000e+04
1.335800000000000000e+04
1.339200000000000000e+04
1.341500000000000000e+04
1.343900000000000000e+04
1.346000000000000000e+04
1.347800000000000000e+04
1.349900000000000000e+04
1.352300000000000000e+04
1.352300000000000000e+04
1.356900000000000000e+04
1.359700000000000000e+04
1.362300000000000000e+04
1.362300000000000000e+04
1.369000000000000000e+04
1.371900000000000000e+04
1.375300000000000000e+04
1.379600000000000000e+04
1.383400000000000000e+04
1.386800000000000000e+04
1.391100000000000000e+04
1.395800000000000000e+04
1.400000000000000000e+04
1.400000000000000000e+04
1.403700000000000000e+04
1.407800000000000000e+04
1.417700000000000000e+04
1.422800000000000000e+04
1.429100000000000000e+04
1.435900000000000000e+04
1.442700000000000000e+04
1.450500000000000000e+04
1.459200000000000000e+04
1.467300000000000000e+04
1.476100000000000000e+04
1.484500000000000000e+04
1.492900000000000000e+04
1.500400000000000000e+04
1.508200000000000000e+04
1.508200000000000000e+04
