0.000000000000000000e+00
0.000000000000000000e+00
0.000000000000000000e+00
0.000000000000000000e+00
0.000000000000000000e+00
0.000000000000000000e+00
0.000000000000000000e+00
0.000000000000000000e+00
0.000000000000000000e+00
0.000000000000000000e+00
0.000000000000000000e+00
0.000000000000000000e+00
0.000000000000000000e+00
0.000000000000000000e+00
0.000000000000000000e+00
0.000000000000000000e+00
0.000000000000000000e+00
0.000000000000000000e+00
0.000000000000000000e+00
0.000000000000000000e+00
0.000000000000000000e+00
0.000000000000000000e+00
0.000000000000000000e+00
0.000000000000000000e+00
0.000000000000000000e+00
0.000000000000000000e+00
0.000000000000000000e+00
0.000000000000000000e+00
0.000000000000000000e+00
0.000000000000000000e+00
0.000000000000000000e+00
0.000000000000000000e+00
0.000000000000000000e+00
0.000000000000000000e+00
0.000000000000000000e+00
0.000000000000000000e+00
0.000000000000000000e+00
0.000000000000000000e+00
0.000000000000000000e+00
0.000000000000000000e+00
1.000000000000000000e+00
1.000000000000000000e+00
1.000000000000000000e+00
1.000000000000000000e+00
1.000000000000000000e+00
1.000000000000000000e+00
2.000000000000000000e+00
6.000000000000000000e+00
8.000000000000000000e+00
1.000000000000000000e+01
1.000000000000000000e+01
1.700000000000000000e+01
2.600000000000000000e+01
3.000000000000000000e+01
3.400000000000000000e+01
4.900000000000000000e+01
7.100000000000000000e+01
8.600000000000000000e+01
1.110000000000000000e+02
1.240000000000000000e+02
1.390000000000000000e+02
1.800000000000000000e+02
1.970000000000000000e+02
2.210000000000000000e+02
2.440000000000000000e+02
2.800000000000000000e+02
3.050000000000000000e+02
3.470000000000000000e+02
3.760000000000000000e+02
3.980000000000000000e+02
4.460000000000000000e+02
4.580000000000000000e+02
4.930000000000000000e+02
5.090000000000000000e+02
5.330000000000000000e+02
5.420000000000000000e+02
5.480000000000000000e+02
5.770000000000000000e+02
5.890000000000000000e+02
6.120000000000000000e+02
6.300000000000000000e+02
6.510000000000000000e+02
6.550000000000000000e+02
6.570000000000000000e+02
6.660000000000000000e+02
6.750000000000000000e+02
6.820000000000000000e+02
7.120000000000000000e+02
7.270000000000000000e+02
7.390000000000000000e+02
7.480000000000000000e+02
7.610000000000000000e+02
7.780000000000000000e+02
7.840000000000000000e+02
8.040000000000000000e+02
8.120000000000000000e+02
8.180000000000000000e+02
8.360000000000000000e+02
8.490000000000000000e+02
8.580000000000000000e+02
8.700000000000000000e+02
8.710000000000000000e+02
8.790000000000000000e+02
8.960000000000000000e+02
8.960000000000000000e+02
9.000000000000000000e+02
9.090000000000000000e+02
9.280000000000000000e+02
9.300000000000000000e+02
9.390000000000000000e+02
9.460000000000000000e+02
9.500000000000000000e+02
9.510000000000000000e+02
9.620000000000000000e+02
9.700000000000000000e+02
9.970000000000000000e+02
1.008000000000000000e+03
1.009000000000000000e+03
1.012000000000000000e+03
1.016000000000000000e+03
1.025000000000000000e+03
1.030000000000000000e+03
1.046000000000000000e+03
1.047000000000000000e+03
1.049000000000000000e+03
1.053000000000000000e+03
1.057000000000000000e+03
1.061000000000000000e+03
1.064000000000000000e+03
1.065000000000000000e+03
1.066000000000000000e+03
1.066000000000000000e+03
1.071000000000000000e+03
1.079000000000000000e+03
1.082000000000000000e+03
1.085000000000000000e+03
1.086000000000000000e+03
1.088000000000000000e+03
1.088000000000000000e+03
1.089000000000000000e+03
1.092000000000000000e+03
1.094000000000000000e+03
1.096000000000000000e+03
1.097000000000000000e+03
1.097000000000000000e+03
1.097000000000000000e+03
1.098000000000000000e+03
1.104000000000000000e+03
1.108000000000000000e+03
1.110000000000000000e+03
1.111000000000000000e+03
1.111000000000000000e+03
1.111000000000000000e+03
1.111000000000000000e+03
1.111000000000000000e+03
1.111000000000000000e+03
1.112000000000000000e+03
1.115000000000000000e+03
1.116000000000000000e+03
1.117000000000000000e+03
1.118000000000000000e+03
1.121000000000000000e+03
1.122000000000000000e+03
1.122000000000000000e+03
1.123000000000000000e+03
1.124000000000000000e+03
1.127000000000000000e+03
1.134000000000000000e+03
1.141000000000000000e+03
1.154000000000000000e+03
1.165000000000000000e+03
1.173000000000000000e+03
1.173000000000000000e+03
1.174000000000000000e+03
1.174000000000000000e+03
1.178000000000000000e+03
1.179000000000000000e+03
1.185000000000000000e+03
1.189000000000000000e+03
1.192000000000000000e+03
1.192000000000000000e+03
1.193000000000000000e+03
1.197000000000000000e+03
1.203000000000000000e+03
1.205000000000000000e+03
1.206000000000000000e+03
1.219000000000000000e+03
1.219000000000000000e+03
1.220000000000000000e+03
1.224000000000000000e+03
1.228000000000000000e+03
1.231000000000000000e+03
1.238000000000000000e+03
1.243000000000000000e+03
1.246000000000000000e+03
1.249000000000000000e+03
1.257000000000000000e+03
1.275000000000000000e+03
1.281000000000000000e+03
1.288000000000000000e+03
1.290000000000000000e+03
1.290000000000000000e+03
1.293000000000000000e+03
1.303000000000000000e+03
1.307000000000000000e+03
1.308000000000000000e+03
1.315000000000000000e+03
1.322000000000000000e+03
1.323000000000000000e+03
1.323000000000000000e+03
1.326000000000000000e+03
1.327000000000000000e+03
1.330000000000000000e+03
1.333000000000000000e+03
1.337000000000000000e+03
1.337000000000000000e+03
1.342000000000000000e+03
1.360000000000000000e+03
1.366000000000000000e+03
1.375000000000000000e+03
1.381000000000000000e+03
1.393000000000000000e+03
1.396000000000000000e+03
1.404000000000000000e+03
1.406000000000000000e+03
1.410000000000000000e+03
1.416000000000000000e+03
1.425000000000000000e+03
1.428000000000000000e+03
1.429000000000000000e+03
1.432000000000000000e+03
1.443000000000000000e+03
1.448000000000000000e+03
1.459000000000000000e+03
1.464000000000000000e+03
1.474000000000000000e+03
1.477000000000000000e+03
1.482000000000000000e+03
1.486000000000000000e+03
1.494000000000000000e+03
1.498000000000000000e+03
1.515000000000000000e+03
1.525000000000000000e+03
1.526000000000000000e+03
1.560000000000000000e+03
1.572000000000000000e+03
1.594000000000000000e+03
1.625000000000000000e+03
1.654000000000000000e+03
1.676000000000000000e+03
1.697000000000000000e+03
1.729000000000000000e+03
1.824000000000000000e+03
1.868000000000000000e+03
1.945000000000000000e+03
2.019000000000000000e+03
2.086000000000000000e+03
2.126000000000000000e+03
2.194000000000000000e+03
2.261000000000000000e+03
2.370000000000000000e+03
2.507000000000000000e+03
2.596000000000000000e+03
2.670000000000000000e+03
2.765000000000000000e+03
2.840000000000000000e+03
2.942000000000000000e+03
3.056000000000000000e+03
3.204000000000000000e+03
3.392000000000000000e+03
3.450000000000000000e+03
3.494000000000000000e+03
3.609000000000000000e+03
3.797000000000000000e+03
3.958000000000000000e+03
4.208000000000000000e+03
4.467000000000000000e+03
4.678000000000000000e+03
4.757000000000000000e+03
4.893000000000000000e+03
5.144000000000000000e+03
5.395000000000000000e+03
5.679000000000000000e+03
5.894000000000000000e+03
6.136000000000000000e+03
6.268000000000000000e+03
6.439000000000000000e+03
6.752000000000000000e+03
7.119000000000000000e+03
7.476000000000000000e+03
7.880000000000000000e+03
8.095000000000000000e+03
8.187000000000000000e+03
8.395000000000000000e+03
8.848000000000000000e+03
9.381000000000000000e+03
9.836000000000000000e+03
1.023100000000000000e+04
1.054700000000000000e+04
1.063600000000000000e+04
1.091400000000000000e+04
1.135600000000000000e+04
1.172200000000000000e+04
1.210200000000000000e+04
1.274400000000000000e+04
1.312000000000000000e+04
1.323600000000000000e+04
1.369300000000000000e+04
1.427300000000000000e+04
1.517100000000000000e+04
1.580800000000000000e+04
1.656100000000000000e+04
1.697500000000000000e+04
1.707500000000000000e+04
1.768700000000000000e+04
1.837700000000000000e+04
1.930700000000000000e+04
1.999300000000000000e+04
2.078700000000000000e+04
2.131300000000000000e+04
2.152000000000000000e+04
2.210400000000000000e+04
2.281600000000000000e+04
2.370600000000000000e+04
2.438600000000000000e+04
2.504600000000000000e+04
2.567500000000000000e+04
2.588500000000000000e+04
2.647200000000000000e+04
2.749500000000000000e+04
2.853500000000000000e+04
2.942700000000000000e+04
3.029700000000000000e+04
3.094000000000000000e+04
3.133500000000000000e+04
3.233900000000000000e+04
3.348400000000000000e+04
3.475400000000000000e+04
3.542000000000000000e+04
3.581900000000000000e+04
3.633000000000000000e+04
3.683800000000000000e+04
3.767600000000000000e+04
3.904300000000000000e+04
4.090400000000000000e+04
4.161500000000000000e+04
4.192900000000000000e+04
4.249700000000000000e+04
4.311800000000000000e+04
4.394200000000000000e+04
4.517100000000000000e+04
4.654500000000000000e+04
4.778200000000000000e+04
4.895200000000000000e+04
4.956800000000000000e+04
4.989900000000000000e+04
5.077700000000000000e+04
5.203200000000000000e+04
5.298200000000000000e+04
5.406600000000000000e+04
5.509700000000000000e+04
5.566400000000000000e+04
5.590800000000000000e+04
5.672000000000000000e+04
5.780800000000000000e+04
5.871000000000000000e+04
5.958600000000000000e+04
6.049600000000000000e+04
6.100800000000000000e+04
6.123100000000000000e+04
6.192400000000000000e+04
6.302700000000000000e+04
6.399200000000000000e+04
6.492300000000000000e+04
6.570800000000000000e+04
6.624100000000000000e+04
6.665200000000000000e+04
6.742700000000000000e+04
6.865800000000000000e+04
6.940000000000000000e+04
7.027600000000000000e+04
7.132000000000000000e+04
7.180000000000000000e+04
7.208800000000000000e+04
7.286900000000000000e+04
7.385900000000000000e+04
7.470100000000000000e+04
7.550900000000000000e+04
7.628200000000000000e+04
7.670600000000000000e+04
7.698400000000000000e+04
7.769700000000000000e+04
7.864300000000000000e+04
7.935100000000000000e+04
8.004000000000000000e+04
8.110900000000000000e+04
8.151900000000000000e+04
8.179300000000000000e+04
8.246200000000000000e+04
8.344500000000000000e+04
8.425800000000000000e+04
8.498300000000000000e+04
8.581000000000000000e+04
8.618600000000000000e+04
8.645800000000000000e+04
8.710300000000000000e+04
8.802200000000000000e+04
8.866800000000000000e+04
8.941400000000000000e+04
9.000900000000000000e+04
9.033100000000000000e+04
9.052500000000000000e+04
9.099700000000000000e+04
9.163600000000000000e+04
9.227400000000000000e+04
9.290600000000000000e+04
9.348400000000000000e+04
9.378100000000000000e+04
9.395900000000000000e+04
9.460200000000000000e+04
9.542000000000000000e+04
9.590200000000000000e+04
9.652400000000000000e+04
9.714900000000000000e+04
9.740900000000000000e+04
9.758600000000000000e+04
9.809400000000000000e+04
9.887000000000000000e+04
9.947600000000000000e+04
1.001140000000000000e+05
1.007160000000000000e+05
1.010400000000000000e+05
1.012070000000000000e+05
1.017330000000000000e+05
1.023630000000000000e+05
1.030010000000000000e+05
1.035880000000000000e+05
1.038670000000000000e+05
1.041050000000000000e+05
1.042240000000000000e+05
1.045330000000000000e+05
1.051760000000000000e+05
1.059160000000000000e+05
1.065740000000000000e+05
1.072400000000000000e+05
1.076080000000000000e+05
1.078180000000000000e+05
1.083550000000000000e+05
1.090880000000000000e+05
1.097310000000000000e+05
1.103430000000000000e+05
1.109970000000000000e+05
1.113340000000000000e+05
1.115360000000000000e+05
1.122240000000000000e+05
1.129830000000000000e+05
1.135610000000000000e+05
1.142440000000000000e+05
1.149550000000000000e+05
1.153160000000000000e+05
1.155360000000000000e+05
1.161320000000000000e+05
1.170990000000000000e+05
1.177950000000000000e+05
1.185580000000000000e+05
1.193700000000000000e+05
1.197500000000000000e+05
1.199530000000000000e+05
1.203780000000000000e+05
1.207360000000000000e+05
1.215090000000000000e+05
1.225450000000000000e+05
1.233310000000000000e+05
1.239630000000000000e+05
1.243010000000000000e+05
1.249600000000000000e+05
1.256890000000000000e+05
1.263780000000000000e+05
1.270530000000000000e+05
1.275970000000000000e+05
1.279780000000000000e+05
1.281250000000000000e+05
1.286880000000000000e+05
1.292970000000000000e+05
1.297940000000000000e+05
1.302710000000000000e+05
1.307120000000000000e+05
1.309450000000000000e+05
1.310790000000000000e+05
1.315140000000000000e+05
1.319100000000000000e+05
1.322580000000000000e+05
1.326120000000000000e+05
1.329180000000000000e+05
1.330980000000000000e+05
1.331990000000000000e+05
1.335180000000000000e+05
1.338660000000000000e+05
1.341620000000000000e+05
1.344210000000000000e+05
1.346770000000000000e+05
1.348120000000000000e+05
1.348880000000000000e+05
1.351440000000000000e+05
1.353880000000000000e+05
1.355840000000000000e+05
1.357620000000000000e+05
1.359400000000000000e+05
1.360300000000000000e+05
1.361040000000000000e+05
1.362470000000000000e+05
1.364030000000000000e+05
1.365440000000000000e+05
1.366520000000000000e+05
1.367360000000000000e+05
1.368100000000000000e+05
1.368500000000000000e+05
1.369750000000000000e+05
1.370770000000000000e+05
1.371100000000000000e+05
1.371300000000000000e+05
1.371690000000000000e+05
1.372100000000000000e+05
1.372400000000000000e+05
1.373290000000000000e+05
1.374290000000000000e+05
1.375000000000000000e+05
1.375400000000000000e+05
1.376000000000000000e+05
1.376310000000000000e+05
1.376530000000000000e+05
1.376990000000000000e+05
1.377470000000000000e+05
1.377970000000000000e+05
1.378310000000000000e+05
1.378630000000000000e+05
1.378990000000000000e+05
1.379170000000000000e+05
1.379700000000000000e+05
1.380040000000000000e+05
1.380410000000000000e+05
1.380870000000000000e+05
1.381260000000000000e+05
1.381590000000000000e+05
1.381840000000000000e+05
1.382380000000000000e+05
1.383000000000000000e+05
1.383440000000000000e+05
1.383820000000000000e+05
1.384250000000000000e+05
1.384810000000000000e+05
1.385040000000000000e+05
1.385720000000000000e+05
1.386500000000000000e+05
1.387170000000000000e+05
1.387990000000000000e+05
1.388630000000000000e+05
1.388990000000000000e+05
