0.000000000000000000e+00
0.000000000000000000e+00
0.000000000000000000e+00
0.000000000000000000e+00
0.000000000000000000e+00
0.000000000000000000e+00
0.000000000000000000e+00
0.000000000000000000e+00
0.000000000000000000e+00
0.000000000000000000e+00
0.000000000000000000e+00
0.000000000000000000e+00
0.000000000000000000e+00
0.000000000000000000e+00
0.000000000000000000e+00
0.000000000000000000e+00
0.000000000000000000e+00
0.000000000000000000e+00
0.000000000000000000e+00
0.000000000000000000e+00
0.000000000000000000e+00
0.000000000000000000e+00
0.000000000000000000e+00
0.000000000000000000e+00
0.000000000000000000e+00
0.000000000000000000e+00
0.000000000000000000e+00
0.000000000000000000e+00
0.000000000000000000e+00
0.000000000000000000e+00
0.000000000000000000e+00
0.000000000000000000e+00
0.000000000000000000e+00
0.000000000000000000e+00
0.000000000000000000e+00
1.000000000000000000e+00
1.000000000000000000e+00
1.000000000000000000e+00
1.000000000000000000e+00
3.000000000000000000e+00
3.000000000000000000e+00
3.000000000000000000e+00
3.000000000000000000e+00
4.000000000000000000e+00
4.000000000000000000e+00
4.000000000000000000e+00
1.300000000000000000e+01
1.500000000000000000e+01
1.500000000000000000e+01
2.400000000000000000e+01
2.400000000000000000e+01
2.500000000000000000e+01
3.000000000000000000e+01
3.300000000000000000e+01
3.300000000000000000e+01
3.400000000000000000e+01
3.800000000000000000e+01
4.000000000000000000e+01
4.300000000000000000e+01
4.900000000000000000e+01
5.400000000000000000e+01
6.100000000000000000e+01
7.000000000000000000e+01
7.500000000000000000e+01
7.900000000000000000e+01
8.300000000000000000e+01
9.000000000000000000e+01
9.100000000000000000e+01
1.030000000000000000e+02
1.100000000000000000e+02
1.170000000000000000e+02
1.340000000000000000e+02
1.550000000000000000e+02
1.620000000000000000e+02
1.740000000000000000e+02
1.880000000000000000e+02
1.960000000000000000e+02
2.110000000000000000e+02
2.180000000000000000e+02
2.340000000000000000e+02
2.420000000000000000e+02
2.570000000000000000e+02
2.720000000000000000e+02
3.000000000000000000e+02
3.060000000000000000e+02
3.480000000000000000e+02
3.700000000000000000e+02
3.880000000000000000e+02
3.940000000000000000e+02
4.020000000000000000e+02
4.080000000000000000e+02
4.160000000000000000e+02
4.250000000000000000e+02
4.440000000000000000e+02
4.560000000000000000e+02
4.860000000000000000e+02
4.970000000000000000e+02
5.110000000000000000e+02
5.170000000000000000e+02
5.390000000000000000e+02
5.660000000000000000e+02
5.820000000000000000e+02
5.890000000000000000e+02
5.930000000000000000e+02
6.040000000000000000e+02
6.100000000000000000e+02
6.150000000000000000e+02
6.230000000000000000e+02
6.260000000000000000e+02
6.350000000000000000e+02
6.380000000000000000e+02
6.420000000000000000e+02
6.470000000000000000e+02
6.670000000000000000e+02
6.710000000000000000e+02
6.830000000000000000e+02
6.950000000000000000e+02
7.010000000000000000e+02
7.070000000000000000e+02
7.130000000000000000e+02
7.210000000000000000e+02
7.230000000000000000e+02
7.280000000000000000e+02
7.300000000000000000e+02
7.310000000000000000e+02
7.320000000000000000e+02
7.350000000000000000e+02
7.380000000000000000e+02
7.460000000000000000e+02
7.570000000000000000e+02
7.830000000000000000e+02
7.940000000000000000e+02
7.960000000000000000e+02
8.000000000000000000e+02
8.010000000000000000e+02
8.050000000000000000e+02
8.080000000000000000e+02
8.090000000000000000e+02
8.120000000000000000e+02
8.180000000000000000e+02
8.270000000000000000e+02
8.310000000000000000e+02
8.430000000000000000e+02
8.510000000000000000e+02
8.640000000000000000e+02
8.790000000000000000e+02
8.790000000000000000e+02
8.880000000000000000e+02
8.930000000000000000e+02
8.960000000000000000e+02
8.980000000000000000e+02
9.060000000000000000e+02
9.080000000000000000e+02
9.110000000000000000e+02
9.140000000000000000e+02
9.170000000000000000e+02
9.190000000000000000e+02
9.210000000000000000e+02
9.240000000000000000e+02
9.260000000000000000e+02
9.280000000000000000e+02
9.310000000000000000e+02
9.390000000000000000e+02
9.430000000000000000e+02
9.480000000000000000e+02
9.510000000000000000e+02
9.530000000000000000e+02
9.580000000000000000e+02
9.630000000000000000e+02
9.680000000000000000e+02
9.730000000000000000e+02
9.810000000000000000e+02
9.860000000000000000e+02
9.950000000000000000e+02
9.990000000000000000e+02
1.004000000000000000e+03
1.006000000000000000e+03
1.010000000000000000e+03
1.018000000000000000e+03
1.028000000000000000e+03
1.039000000000000000e+03
1.049000000000000000e+03
1.073000000000000000e+03
1.085000000000000000e+03
1.104000000000000000e+03
1.117000000000000000e+03
1.131000000000000000e+03
1.137000000000000000e+03
1.145000000000000000e+03
1.155000000000000000e+03
1.160000000000000000e+03
1.168000000000000000e+03
1.171000000000000000e+03
1.177000000000000000e+03
1.179000000000000000e+03
1.182000000000000000e+03
1.197000000000000000e+03
1.206000000000000000e+03
1.213000000000000000e+03
1.216000000000000000e+03
1.225000000000000000e+03
1.250000000000000000e+03
1.264000000000000000e+03
1.278000000000000000e+03
1.283000000000000000e+03
1.306000000000000000e+03
1.321000000000000000e+03
1.336000000000000000e+03
1.341000000000000000e+03
1.351000000000000000e+03
1.361000000000000000e+03
1.370000000000000000e+03
1.385000000000000000e+03
1.394000000000000000e+03
1.411000000000000000e+03
1.421000000000000000e+03
1.429000000000000000e+03
1.436000000000000000e+03
1.447000000000000000e+03
1.455000000000000000e+03
1.462000000000000000e+03
1.469000000000000000e+03
1.487000000000000000e+03
1.510000000000000000e+03
1.548000000000000000e+03
1.568000000000000000e+03
1.596000000000000000e+03
1.621000000000000000e+03
1.650000000000000000e+03
1.684000000000000000e+03
1.729000000000000000e+03
1.773000000000000000e+03
1.830000000000000000e+03
1.917000000000000000e+03
2.075000000000000000e+03
2.227000000000000000e+03
2.392000000000000000e+03
2.562000000000000000e+03
2.758000000000000000e+03
2.937000000000000000e+03
3.119000000000000000e+03
3.306000000000000000e+03
3.502000000000000000e+03
3.695000000000000000e+03
3.913000000000000000e+03
4.140000000000000000e+03
4.399000000000000000e+03
4.664000000000000000e+03
4.960000000000000000e+03
5.254000000000000000e+03
5.552000000000000000e+03
5.866000000000000000e+03
6.192000000000000000e+03
6.640000000000000000e+03
7.093000000000000000e+03
7.564000000000000000e+03
8.118000000000000000e+03
8.696000000000000000e+03
9.245000000000000000e+03
9.753000000000000000e+03
1.022500000000000000e+04
1.075200000000000000e+04
1.127100000000000000e+04
1.179400000000000000e+04
1.227200000000000000e+04
1.284100000000000000e+04
1.352100000000000000e+04
1.444000000000000000e+04
1.532700000000000000e+04
1.628500000000000000e+04
1.747700000000000000e+04
1.866300000000000000e+04
1.985700000000000000e+04
2.120800000000000000e+04
2.280300000000000000e+04
2.456200000000000000e+04
2.650300000000000000e+04
2.843100000000000000e+04
3.030300000000000000e+04
3.212700000000000000e+04
3.385800000000000000e+04
3.556700000000000000e+04
3.726300000000000000e+04
3.893600000000000000e+04
4.072700000000000000e+04
4.257900000000000000e+04
4.452200000000000000e+04
4.681700000000000000e+04
4.921800000000000000e+04
5.199300000000000000e+04
5.485200000000000000e+04
5.775300000000000000e+04
6.068000000000000000e+04
6.365000000000000000e+04
6.656100000000000000e+04
6.968100000000000000e+04
7.315400000000000000e+04
7.665800000000000000e+04
7.967800000000000000e+04
8.283500000000000000e+04
8.595200000000000000e+04
8.939500000000000000e+04
9.309200000000000000e+04
9.686000000000000000e+04
1.006840000000000000e+05
1.047320000000000000e+05
1.086900000000000000e+05
1.118180000000000000e+05
1.148890000000000000e+05
1.186900000000000000e+05
1.234700000000000000e+05
1.279420000000000000e+05
1.323680000000000000e+05
1.355840000000000000e+05
1.393430000000000000e+05
1.433760000000000000e+05
1.476360000000000000e+05
1.527040000000000000e+05
1.581540000000000000e+05
1.624750000000000000e+05
1.649760000000000000e+05
1.696490000000000000e+05
1.743830000000000000e+05
1.789530000000000000e+05
1.830990000000000000e+05
1.870060000000000000e+05
1.897260000000000000e+05
1.910630000000000000e+05
1.949000000000000000e+05
1.983870000000000000e+05
2.013680000000000000e+05
2.040030000000000000e+05
2.069070000000000000e+05
2.086380000000000000e+05
2.094620000000000000e+05
2.125260000000000000e+05
2.148710000000000000e+05
2.168430000000000000e+05
2.187240000000000000e+05
2.205080000000000000e+05
2.216050000000000000e+05
2.221430000000000000e+05
2.241550000000000000e+05
2.258930000000000000e+05
2.274200000000000000e+05
2.284100000000000000e+05
2.287520000000000000e+05
2.291690000000000000e+05
2.297630000000000000e+05
2.320790000000000000e+05
2.338790000000000000e+05
2.354910000000000000e+05
2.360280000000000000e+05
2.380860000000000000e+05
2.392290000000000000e+05
2.397800000000000000e+05
2.416370000000000000e+05
2.432550000000000000e+05
2.446120000000000000e+05
2.457890000000000000e+05
2.470250000000000000e+05
2.478050000000000000e+05
2.479150000000000000e+05
2.494650000000000000e+05
2.499340000000000000e+05
2.510710000000000000e+05
2.519740000000000000e+05
2.529720000000000000e+05
2.535180000000000000e+05
2.538160000000000000e+05
2.548220000000000000e+05
2.555640000000000000e+05
2.562870000000000000e+05
2.569560000000000000e+05
2.576320000000000000e+05
2.581110000000000000e+05
2.583510000000000000e+05
2.592090000000000000e+05
2.598970000000000000e+05
2.604800000000000000e+05
2.610180000000000000e+05
2.616200000000000000e+05
2.620240000000000000e+05
2.622280000000000000e+05
2.630570000000000000e+05
2.636010000000000000e+05
2.641580000000000000e+05
2.646650000000000000e+05
2.652000000000000000e+05
2.655570000000000000e+05
2.657220000000000000e+05
2.664620000000000000e+05
2.669480000000000000e+05
2.673130000000000000e+05
2.677010000000000000e+05
2.680970000000000000e+05
2.683550000000000000e+05
2.685020000000000000e+05
2.689950000000000000e+05
2.694380000000000000e+05
2.698000000000000000e+05
2.701370000000000000e+05
2.705100000000000000e+05
2.707580000000000000e+05
2.709180000000000000e+05
2.713790000000000000e+05
2.717390000000000000e+05
2.718720000000000000e+05
2.722620000000000000e+05
2.726170000000000000e+05
2.728510000000000000e+05
2.729980000000000000e+05
2.731370000000000000e+05
2.736500000000000000e+05
2.740450000000000000e+05
2.743770000000000000e+05
2.747210000000000000e+05
2.749890000000000000e+05
2.751480000000000000e+05
2.756850000000000000e+05
2.760670000000000000e+05
2.764360000000000000e+05
2.767960000000000000e+05
2.772180000000000000e+05
2.774800000000000000e+05
2.776500000000000000e+05
2.781780000000000000e+05
2.786280000000000000e+05
2.790270000000000000e+05
2.794460000000000000e+05
2.799360000000000000e+05
2.803010000000000000e+05
2.804720000000000000e+05
2.811450000000000000e+05
2.817610000000000000e+05
2.822600000000000000e+05
2.827890000000000000e+05
2.833690000000000000e+05
2.838330000000000000e+05
2.840610000000000000e+05
2.849580000000000000e+05
2.856450000000000000e+05
2.864060000000000000e+05
2.871830000000000000e+05
2.876890000000000000e+05
2.883960000000000000e+05
2.887550000000000000e+05
2.901290000000000000e+05
2.912140000000000000e+05
2.922440000000000000e+05
2.933210000000000000e+05
2.945400000000000000e+05
2.953580000000000000e+05
2.959360000000000000e+05
2.977280000000000000e+05
2.990380000000000000e+05
3.002640000000000000e+05
3.015350000000000000e+05
3.027850000000000000e+05
3.037510000000000000e+05
3.042720000000000000e+05
3.058500000000000000e+05
3.074010000000000000e+05
3.088340000000000000e+05
3.103100000000000000e+05
3.114570000000000000e+05
3.124450000000000000e+05
3.129540000000000000e+05
3.137420000000000000e+05
3.159130000000000000e+05
3.177190000000000000e+05
3.192660000000000000e+05
3.208300000000000000e+05
3.219190000000000000e+05
3.224680000000000000e+05
3.242560000000000000e+05
3.256650000000000000e+05
3.264410000000000000e+05
3.278310000000000000e+05
3.294070000000000000e+05
3.303750000000000000e+05
3.308790000000000000e+05
3.324410000000000000e+05
3.336010000000000000e+05
3.347050000000000000e+05
3.357690000000000000e+05
3.368400000000000000e+05
3.375730000000000000e+05
3.379610000000000000e+05
3.393150000000000000e+05
3.403300000000000000e+05
3.408380000000000000e+05
3.418940000000000000e+05
3.428800000000000000e+05
3.436030000000000000e+05
3.439630000000000000e+05
3.451960000000000000e+05
3.461500000000000000e+05
3.469830000000000000e+05
3.477620000000000000e+05
3.485940000000000000e+05
3.490980000000000000e+05
3.494050000000000000e+05
3.504280000000000000e+05
3.512490000000000000e+05
3.519540000000000000e+05
3.526490000000000000e+05
3.534430000000000000e+05
3.539650000000000000e+05
3.542760000000000000e+05
3.553680000000000000e+05
3.561790000000000000e+05
3.569200000000000000e+05
3.575910000000000000e+05
3.583600000000000000e+05
3.588810000000000000e+05
3.591410000000000000e+05
3.600550000000000000e+05
3.608280000000000000e+05
3.614840000000000000e+05
3.621830000000000000e+05
3.629370000000000000e+05
3.635220000000000000e+05
3.638740000000000000e+05
3.650680000000000000e+05
3.660780000000000000e+05
3.670580000000000000e+05
3.680220000000000000e+05
3.690480000000000000e+05
3.690480000000000000e+05
3.698860000000000000e+05
3.712930000000000000e+05
3.726850000000000000e+05
3.737280000000000000e+05
3.748360000000000000e+05
3.762000000000000000e+05
3.771520000000000000e+05
3.778110000000000000e+05
3.796730000000000000e+05
3.813360000000000000e+05
3.827340000000000000e+05
3.843870000000000000e+05
3.861950000000000000e+05
3.874810000000000000e+05
3.883290000000000000e+05
3.909450000000000000e+05
3.933600000000000000e+05
3.956210000000000000e+05
3.980810000000000000e+05
4.006980000000000000e+05
4.027590000000000000e+05
4.040230000000000000e+05
4.076890000000000000e+05
4.108300000000000000e+05
4.136260000000000000e+05
4.163380000000000000e+05
4.195340000000000000e+05
4.221880000000000000e+05
