0.000000000000000000e+00
0.000000000000000000e+00
0.000000000000000000e+00
0.000000000000000000e+00
0.000000000000000000e+00
0.000000000000000000e+00
0.000000000000000000e+00
0.000000000000000000e+00
0.000000000000000000e+00
0.000000000000000000e+00
0.000000000000000000e+00
0.000000000000000000e+00
0.000000000000000000e+00
0.000000000000000000e+00
0.000000000000000000e+00
0.000000000000000000e+00
0.000000000000000000e+00
0.000000000000000000e+00
0.000000000000000000e+00
0.000000000000000000e+00
0.000000000000000000e+00
0.000000000000000000e+00
0.000000000000000000e+00
0.000000000000000000e+00
0.000000000000000000e+00
0.000000000000000000e+00
0.000000000000000000e+00
0.000000000000000000e+00
0.000000000000000000e+00
0.000000000000000000e+00
0.000000000000000000e+00
0.000000000000000000e+00
0.000000000000000000e+00
0.000000000000000000e+00
0.000000000000000000e+00
1.000000000000000000e+00
0.000000000000000000e+00
0.000000000000000000e+00
0.000000000000000000e+00
2.000000000000000000e+00
0.000000000000000000e+00
0.000000000000000000e+00
0.000000000000000000e+00
1.000000000000000000e+00
0.000000000000000000e+00
0.000000000000000000e+00
9.000000000000000000e+00
2.000000000000000000e+00
0.000000000000000000e+00
9.000000000000000000e+00
0.000000000000000000e+00
1.000000000000000000e+00
5.000000000000000000e+00
3.000000000000000000e+00
0.000000000000000000e+00
1.000000000000000000e+00
4.000000000000000000e+00
2.000000000000000000e+00
3.000000000000000000e+00
6.000000000000000000e+00
5.000000000000000000e+00
7.000000000000000000e+00
9.000000000000000000e+00
5.000000000000000000e+00
4.000000000000000000e+00
4.000000000000000000e+00
7.000000000000000000e+00
1.000000000000000000e+00
1.200000000000000000e+01
7.000000000000000000e+00
7.000000000000000000e+00
1.700000000000000000e+01
2.100000000000000000e+01
7.000000000000000000e+00
1.200000000000000000e+01
1.400000000000000000e+01
8.000000000000000000e+00
1.500000000000000000e+01
7.000000000000000000e+00
1.600000000000000000e+01
8.000000000000000000e+00
1.500000000000000000e+01
1.500000000000000000e+01
2.800000000000000000e+01
6.000000000000000000e+00
4.200000000000000000e+01
2.200000000000000000e+01
1.800000000000000000e+01
6.000000000000000000e+00
8.000000000000000000e+00
6.000000000000000000e+00
8.000000000000000000e+00
9.000000000000000000e+00
1.900000000000000000e+01
1.200000000000000000e+01
3.000000000000000000e+01
1.100000000000000000e+01
1.400000000000000000e+01
6.000000000000000000e+00
2.200000000000000000e+01
2.700000000000000000e+01
1.600000000000000000e+01
7.000000000000000000e+00
4.000000000000000000e+00
1.100000000000000000e+01
6.000000000000000000e+00
5.000000000000000000e+00
8.000000000000000000e+00
3.000000000000000000e+00
9.000000000000000000e+00
3.000000000000000000e+00
4.000000000000000000e+00
5.000000000000000000e+00
2.000000000000000000e+01
4.000000000000000000e+00
1.200000000000000000e+01
1.200000000000000000e+01
6.000000000000000000e+00
6.000000000000000000e+00
6.000000000000000000e+00
8.000000000000000000e+00
2.000000000000000000e+00
5.000000000000000000e+00
2.000000000000000000e+00
1.000000000000000000e+00
1.000000000000000000e+00
3.000000000000000000e+00
3.000000000000000000e+00
8.000000000000000000e+00
1.100000000000000000e+01
2.600000000000000000e+01
1.100000000000000000e+01
2.000000000000000000e+00
4.000000000000000000e+00
1.000000000000000000e+00
4.000000000000000000e+00
3.000000000000000000e+00
1.000000000000000000e+00
3.000000000000000000e+00
6.000000000000000000e+00
9.000000000000000000e+00
4.000000000000000000e+00
1.200000000000000000e+01
8.000000000000000000e+00
1.300000000000000000e+01
1.500000000000000000e+01
0.000000000000000000e+00
9.000000000000000000e+00
5.000000000000000000e+00
3.000000000000000000e+00
2.000000000000000000e+00
8.000000000000000000e+00
2.000000000000000000e+00
3.000000000000000000e+00
3.000000000000000000e+00
3.000000000000000000e+00
2.000000000000000000e+00
2.000000000000000000e+00
3.000000000000000000e+00
2.000000000000000000e+00
2.000000000000000000e+00
3.000000000000000000e+00
8.000000000000000000e+00
4.000000000000000000e+00
5.000000000000000000e+00
3.000000000000000000e+00
2.000000000000000000e+00
5.000000000000000000e+00
5.000000000000000000e+00
5.000000000000000000e+00
5.000000000000000000e+00
8.000000000000000000e+00
5.000000000000000000e+00
9.000000000000000000e+00
4.000000000000000000e+00
5.000000000000000000e+00
2.000000000000000000e+00
4.000000000000000000e+00
8.000000000000000000e+00
1.000000000000000000e+01
1.100000000000000000e+01
1.000000000000000000e+01
2.400000000000000000e+01
1.200000000000000000e+01
1.900000000000000000e+01
1.300000000000000000e+01
1.400000000000000000e+01
6.000000000000000000e+00
8.000000000000000000e+00
1.000000000000000000e+01
5.000000000000000000e+00
8.000000000000000000e+00
3.000000000000000000e+00
6.000000000000000000e+00
2.000000000000000000e+00
3.000000000000000000e+00
1.500000000000000000e+01
9.000000000000000000e+00
7.000000000000000000e+00
3.000000000000000000e+00
9.000000000000000000e+00
2.500000000000000000e+01
1.400000000000000000e+01
1.400000000000000000e+01
5.000000000000000000e+00
2.300000000000000000e+01
1.500000000000000000e+01
1.500000000000000000e+01
5.000000000000000000e+00
1.000000000000000000e+01
1.000000000000000000e+01
9.000000000000000000e+00
1.500000000000000000e+01
9.000000000000000000e+00
1.700000000000000000e+01
1.000000000000000000e+01
8.000000000000000000e+00
7.000000000000000000e+00
1.100000000000000000e+01
8.000000000000000000e+00
7.000000000000000000e+00
7.000000000000000000e+00
1.800000000000000000e+01
2.300000000000000000e+01
3.800000000000000000e+01
2.000000000000000000e+01
2.800000000000000000e+01
2.500000000000000000e+01
2.900000000000000000e+01
3.400000000000000000e+01
4.500000000000000000e+01
4.400000000000000000e+01
5.700000000000000000e+01
8.700000000000000000e+01
1.580000000000000000e+02
1.520000000000000000e+02
1.650000000000000000e+02
1.700000000000000000e+02
1.960000000000000000e+02
1.790000000000000000e+02
1.820000000000000000e+02
1.870000000000000000e+02
1.960000000000000000e+02
1.930000000000000000e+02
2.180000000000000000e+02
2.270000000000000000e+02
2.590000000000000000e+02
2.650000000000000000e+02
2.960000000000000000e+02
2.940000000000000000e+02
2.980000000000000000e+02
3.140000000000000000e+02
3.260000000000000000e+02
4.480000000000000000e+02
4.530000000000000000e+02
4.710000000000000000e+02
5.540000000000000000e+02
5.780000000000000000e+02
5.490000000000000000e+02
5.080000000000000000e+02
4.720000000000000000e+02
5.270000000000000000e+02
5.190000000000000000e+02
5.230000000000000000e+02
4.780000000000000000e+02
5.690000000000000000e+02
6.800000000000000000e+02
9.190000000000000000e+02
8.870000000000000000e+02
9.580000000000000000e+02
1.192000000000000000e+03
1.186000000000000000e+03
1.194000000000000000e+03
1.351000000000000000e+03
1.595000000000000000e+03
1.759000000000000000e+03
1.941000000000000000e+03
1.928000000000000000e+03
1.872000000000000000e+03
1.824000000000000000e+03
1.731000000000000000e+03
1.709000000000000000e+03
1.696000000000000000e+03
1.673000000000000000e+03
1.791000000000000000e+03
1.852000000000000000e+03
1.943000000000000000e+03
2.295000000000000000e+03
2.401000000000000000e+03
2.775000000000000000e+03
2.859000000000000000e+03
2.901000000000000000e+03
2.927000000000000000e+03
2.970000000000000000e+03
2.911000000000000000e+03
3.120000000000000000e+03
3.473000000000000000e+03
3.504000000000000000e+03
3.020000000000000000e+03
3.157000000000000000e+03
3.117000000000000000e+03
3.443000000000000000e+03
3.697000000000000000e+03
3.768000000000000000e+03
3.824000000000000000e+03
4.048000000000000000e+03
3.958000000000000000e+03
3.128000000000000000e+03
3.071000000000000000e+03
3.801000000000000000e+03
4.780000000000000000e+03
4.472000000000000000e+03
4.426000000000000000e+03
3.216000000000000000e+03
3.759000000000000000e+03
4.033000000000000000e+03
4.260000000000000000e+03
5.068000000000000000e+03
5.450000000000000000e+03
4.321000000000000000e+03
2.501000000000000000e+03
4.673000000000000000e+03
4.734000000000000000e+03
4.570000000000000000e+03
4.146000000000000000e+03
3.907000000000000000e+03
2.720000000000000000e+03
1.337000000000000000e+03
3.837000000000000000e+03
3.487000000000000000e+03
2.981000000000000000e+03
2.635000000000000000e+03
2.904000000000000000e+03
1.731000000000000000e+03
8.240000000000000000e+02
3.064000000000000000e+03
2.345000000000000000e+03
1.972000000000000000e+03
1.881000000000000000e+03
1.784000000000000000e+03
1.097000000000000000e+03
5.380000000000000000e+02
2.012000000000000000e+03
1.738000000000000000e+03
1.527000000000000000e+03
9.900000000000000000e+02
3.420000000000000000e+02
4.170000000000000000e+02
5.940000000000000000e+02
2.316000000000000000e+03
1.800000000000000000e+03
1.612000000000000000e+03
5.370000000000000000e+02
2.058000000000000000e+03
1.143000000000000000e+03
5.510000000000000000e+02
1.857000000000000000e+03
1.618000000000000000e+03
1.357000000000000000e+03
1.177000000000000000e+03
1.236000000000000000e+03
7.800000000000000000e+02
1.100000000000000000e+02
1.550000000000000000e+03
4.690000000000000000e+02
1.137000000000000000e+03
9.030000000000000000e+02
9.980000000000000000e+02
5.460000000000000000e+02
2.980000000000000000e+02
1.006000000000000000e+03
7.420000000000000000e+02
7.230000000000000000e+02
6.690000000000000000e+02
6.760000000000000000e+02
4.790000000000000000e+02
2.400000000000000000e+02
8.580000000000000000e+02
6.880000000000000000e+02
5.830000000000000000e+02
5.380000000000000000e+02
6.020000000000000000e+02
4.040000000000000000e+02
2.040000000000000000e+02
8.290000000000000000e+02
5.440000000000000000e+02
5.570000000000000000e+02
5.070000000000000000e+02
5.350000000000000000e+02
3.570000000000000000e+02
1.650000000000000000e+02
7.400000000000000000e+02
4.860000000000000000e+02
3.650000000000000000e+02
3.880000000000000000e+02
3.960000000000000000e+02
2.580000000000000000e+02
1.470000000000000000e+02
4.930000000000000000e+02
4.430000000000000000e+02
3.620000000000000000e+02
3.370000000000000000e+02
3.730000000000000000e+02
2.480000000000000000e+02
1.600000000000000000e+02
4.610000000000000000e+02
3.600000000000000000e+02
1.330000000000000000e+02
3.900000000000000000e+02
3.550000000000000000e+02
2.340000000000000000e+02
1.470000000000000000e+02
1.390000000000000000e+02
5.130000000000000000e+02
3.950000000000000000e+02
3.320000000000000000e+02
3.440000000000000000e+02
2.680000000000000000e+02
1.590000000000000000e+02
5.370000000000000000e+02
3.820000000000000000e+02
3.690000000000000000e+02
3.600000000000000000e+02
4.220000000000000000e+02
2.620000000000000000e+02
1.700000000000000000e+02
5.280000000000000000e+02
4.500000000000000000e+02
3.990000000000000000e+02
4.190000000000000000e+02
4.900000000000000000e+02
3.650000000000000000e+02
1.710000000000000000e+02
6.730000000000000000e+02
6.160000000000000000e+02
4.990000000000000000e+02
5.290000000000000000e+02
5.800000000000000000e+02
4.640000000000000000e+02
2.280000000000000000e+02
8.970000000000000000e+02
6.870000000000000000e+02
7.610000000000000000e+02
7.770000000000000000e+02
5.060000000000000000e+02
7.070000000000000000e+02
3.590000000000000000e+02
1.374000000000000000e+03
1.085000000000000000e+03
1.030000000000000000e+03
1.077000000000000000e+03
1.219000000000000000e+03
8.180000000000000000e+02
5.780000000000000000e+02
1.792000000000000000e+03
1.310000000000000000e+03
1.226000000000000000e+03
1.271000000000000000e+03
1.250000000000000000e+03
9.660000000000000000e+02
5.210000000000000000e+02
1.578000000000000000e+03
1.551000000000000000e+03
1.433000000000000000e+03
1.476000000000000000e+03
1.147000000000000000e+03
9.880000000000000000e+02
5.090000000000000000e+02
7.880000000000000000e+02
2.171000000000000000e+03
1.806000000000000000e+03
1.547000000000000000e+03
1.564000000000000000e+03
1.089000000000000000e+03
5.490000000000000000e+02
1.788000000000000000e+03
1.409000000000000000e+03
7.760000000000000000e+02
1.390000000000000000e+03
1.576000000000000000e+03
9.680000000000000000e+02
5.040000000000000000e+02
1.562000000000000000e+03
1.160000000000000000e+03
1.104000000000000000e+03
1.064000000000000000e+03
1.071000000000000000e+03
7.330000000000000000e+02
3.880000000000000000e+02
1.354000000000000000e+03
1.015000000000000000e+03
5.080000000000000000e+02
1.056000000000000000e+03
9.860000000000000000e+02
7.230000000000000000e+02
3.600000000000000000e+02
1.233000000000000000e+03
9.540000000000000000e+02
8.330000000000000000e+02
7.790000000000000000e+02
8.320000000000000000e+02
5.040000000000000000e+02
3.070000000000000000e+02
1.023000000000000000e+03
8.210000000000000000e+02
7.050000000000000000e+02
6.950000000000000000e+02
7.940000000000000000e+02
5.220000000000000000e+02
3.110000000000000000e+02
1.092000000000000000e+03
8.110000000000000000e+02
7.410000000000000000e+02
6.710000000000000000e+02
7.690000000000000000e+02
5.210000000000000000e+02
2.600000000000000000e+02
9.140000000000000000e+02
7.730000000000000000e+02
6.560000000000000000e+02
6.990000000000000000e+02
7.540000000000000000e+02
5.850000000000000000e+02
3.520000000000000000e+02
1.194000000000000000e+03
1.010000000000000000e+03
9.800000000000000000e+02
9.640000000000000000e+02
1.026000000000000000e+03
0.000000000000000000e+00
8.380000000000000000e+02
1.407000000000000000e+03
1.392000000000000000e+03
1.043000000000000000e+03
1.108000000000000000e+03
1.364000000000000000e+03
9.520000000000000000e+02
6.590000000000000000e+02
1.862000000000000000e+03
1.663000000000000000e+03
1.398000000000000000e+03
1.653000000000000000e+03
1.808000000000000000e+03
1.286000000000000000e+03
8.480000000000000000e+02
2.616000000000000000e+03
2.415000000000000000e+03
2.261000000000000000e+03
2.460000000000000000e+03
2.617000000000000000e+03
2.061000000000000000e+03
1.264000000000000000e+03
3.666000000000000000e+03
3.141000000000000000e+03
2.796000000000000000e+03
2.712000000000000000e+03
3.196000000000000000e+03
2.654000000000000000e+03
