0.000000000000000000e+00
0.000000000000000000e+00
0.000000000000000000e+00
0.000000000000000000e+00
0.000000000000000000e+00
0.000000000000000000e+00
0.000000000000000000e+00
0.000000000000000000e+00
0.000000000000000000e+00
0.000000000000000000e+00
0.000000000000000000e+00
0.000000000000000000e+00
0.000000000000000000e+00
0.000000000000000000e+00
0.000000000000000000e+00
0.000000000000000000e+00
0.000000000000000000e+00
0.000000000000000000e+00
0.000000000000000000e+00
0.000000000000000000e+00
0.000000000000000000e+00
0.000000000000000000e+00
0.000000000000000000e+00
0.000000000000000000e+00
0.000000000000000000e+00
0.000000000000000000e+00
0.000000000000000000e+00
0.000000000000000000e+00
0.000000000000000000e+00
0.000000000000000000e+00
0.000000000000000000e+00
0.000000000000000000e+00
0.000000000000000000e+00
0.000000000000000000e+00
0.000000000000000000e+00
0.000000000000000000e+00
0.000000000000000000e+00
0.000000000000000000e+00
0.000000000000000000e+00
0.000000000000000000e+00
0.000000000000000000e+00
0.000000000000000000e+00
1.000000000000000000e+00
1.000000000000000000e+00
5.000000000000000000e+00
5.000000000000000000e+00
1.100000000000000000e+01
1.600000000000000000e+01
2.200000000000000000e+01
3.100000000000000000e+01
4.900000000000000000e+01
6.800000000000000000e+01
1.030000000000000000e+02
1.190000000000000000e+02
1.770000000000000000e+02
2.380000000000000000e+02
2.510000000000000000e+02
3.550000000000000000e+02
4.250000000000000000e+02
5.360000000000000000e+02
6.340000000000000000e+02
7.490000000000000000e+02
9.010000000000000000e+02
1.051000000000000000e+03
1.221000000000000000e+03
1.389000000000000000e+03
1.638000000000000000e+03
1.862000000000000000e+03
2.055000000000000000e+03
2.311000000000000000e+03
2.554000000000000000e+03
2.946000000000000000e+03
3.383000000000000000e+03
3.627000000000000000e+03
4.102000000000000000e+03
4.413000000000000000e+03
4.848000000000000000e+03
5.205000000000000000e+03
5.575000000000000000e+03
5.955000000000000000e+03
6.356000000000000000e+03
6.674000000000000000e+03
6.934000000000000000e+03
7.202000000000000000e+03
7.582000000000000000e+03
7.918000000000000000e+03
8.379000000000000000e+03
8.742000000000000000e+03
9.287000000000000000e+03
9.593000000000000000e+03
9.856000000000000000e+03
1.016900000000000000e+04
1.051100000000000000e+04
1.089200000000000000e+04
1.127300000000000000e+04
1.161700000000000000e+04
1.190200000000000000e+04
1.221800000000000000e+04
1.264000000000000000e+04
1.287700000000000000e+04
1.310500000000000000e+04
1.337500000000000000e+04
1.369300000000000000e+04
1.400600000000000000e+04
1.443100000000000000e+04
1.474000000000000000e+04
1.504700000000000000e+04
1.536600000000000000e+04
1.565100000000000000e+04
1.599600000000000000e+04
1.632600000000000000e+04
1.692100000000000000e+04
1.720400000000000000e+04
1.761500000000000000e+04
1.801600000000000000e+04
1.825700000000000000e+04
1.852900000000000000e+04
1.888500000000000000e+04
1.926800000000000000e+04
1.973900000000000000e+04
2.014300000000000000e+04
2.061900000000000000e+04
2.093100000000000000e+04
2.132600000000000000e+04
2.163100000000000000e+04
2.207400000000000000e+04
2.247300000000000000e+04
2.282500000000000000e+04
2.315500000000000000e+04
2.357100000000000000e+04
2.378600000000000000e+04
2.416500000000000000e+04
2.439500000000000000e+04
2.468700000000000000e+04
2.504800000000000000e+04
2.541000000000000000e+04
2.598600000000000000e+04
2.656100000000000000e+04
2.716000000000000000e+04
2.756000000000000000e+04
2.784200000000000000e+04
2.820100000000000000e+04
2.857700000000000000e+04
2.901700000000000000e+04
2.939200000000000000e+04
2.978800000000000000e+04
3.019500000000000000e+04
3.070100000000000000e+04
3.101500000000000000e+04
3.131600000000000000e+04
3.162000000000000000e+04
3.193100000000000000e+04
3.222700000000000000e+04
3.252700000000000000e+04
3.282100000000000000e+04
3.311900000000000000e+04
3.339500000000000000e+04
3.371400000000000000e+04
3.390700000000000000e+04
3.415400000000000000e+04
3.439300000000000000e+04
3.477500000000000000e+04
3.514600000000000000e+04
3.540500000000000000e+04
3.571900000000000000e+04
3.595000000000000000e+04
3.615500000000000000e+04
3.641200000000000000e+04
3.668900000000000000e+04
3.695100000000000000e+04
3.721600000000000000e+04
3.752100000000000000e+04
3.789100000000000000e+04
3.819000000000000000e+04
3.845700000000000000e+04
3.872100000000000000e+04
3.905400000000000000e+04
3.940700000000000000e+04
3.974600000000000000e+04
4.010400000000000000e+04
4.038300000000000000e+04
4.078200000000000000e+04
4.116200000000000000e+04
4.158000000000000000e+04
4.203800000000000000e+04
4.262200000000000000e+04
4.306500000000000000e+04
4.340200000000000000e+04
4.390400000000000000e+04
4.441600000000000000e+04
4.503100000000000000e+04
4.568800000000000000e+04
4.634600000000000000e+04
4.689400000000000000e+04
4.746900000000000000e+04
4.814900000000000000e+04
4.878900000000000000e+04
4.951500000000000000e+04
5.032400000000000000e+04
5.116700000000000000e+04
5.179100000000000000e+04
5.241000000000000000e+04
5.296100000000000000e+04
5.367600000000000000e+04
5.448700000000000000e+04
5.531900000000000000e+04
5.609000000000000000e+04
5.668400000000000000e+04
5.727900000000000000e+04
5.787600000000000000e+04
5.861100000000000000e+04
5.937800000000000000e+04
6.028100000000000000e+04
6.118100000000000000e+04
6.176200000000000000e+04
6.231000000000000000e+04
6.307300000000000000e+04
6.380200000000000000e+04
6.468900000000000000e+04
6.548000000000000000e+04
6.623900000000000000e+04
6.687000000000000000e+04
6.737200000000000000e+04
6.792200000000000000e+04
6.851700000000000000e+04
6.912900000000000000e+04
6.982000000000000000e+04
7.038700000000000000e+04
7.082400000000000000e+04
7.112600000000000000e+04
7.152600000000000000e+04
7.194700000000000000e+04
7.245300000000000000e+04
7.304700000000000000e+04
7.365000000000000000e+04
7.415200000000000000e+04
7.452900000000000000e+04
7.513400000000000000e+04
7.573400000000000000e+04
7.657100000000000000e+04
7.732800000000000000e+04
7.833000000000000000e+04
7.924000000000000000e+04
7.998800000000000000e+04
8.069900000000000000e+04
8.167300000000000000e+04
8.280900000000000000e+04
8.439600000000000000e+04
8.598000000000000000e+04
8.733000000000000000e+04
8.863600000000000000e+04
8.996200000000000000e+04
9.151400000000000000e+04
9.348100000000000000e+04
9.577300000000000000e+04
9.814000000000000000e+04
1.000740000000000000e+05
1.020800000000000000e+05
1.043160000000000000e+05
1.073190000000000000e+05
1.115990000000000000e+05
1.163380000000000000e+05
1.216380000000000000e+05
1.258160000000000000e+05
1.302100000000000000e+05
1.352780000000000000e+05
1.418040000000000000e+05
1.499030000000000000e+05
1.576080000000000000e+05
1.672300000000000000e+05
1.757660000000000000e+05
1.832480000000000000e+05
1.925390000000000000e+05
2.025790000000000000e+05
2.146860000000000000e+05
2.283180000000000000e+05
2.419460000000000000e+05
2.536880000000000000e+05
2.639290000000000000e+05
2.802290000000000000e+05
2.990490000000000000e+05
3.192050000000000000e+05
3.408340000000000000e+05
3.627310000000000000e+05
3.799020000000000000e+05
3.954800000000000000e+05
4.148440000000000000e+05
4.395360000000000000e+05
4.666790000000000000e+05
4.937650000000000000e+05
5.216400000000000000e+05
5.464250000000000000e+05
5.681380000000000000e+05
5.935920000000000000e+05
6.188130000000000000e+05
6.414960000000000000e+05
6.655470000000000000e+05
6.911180000000000000e+05
7.129720000000000000e+05
7.337880000000000000e+05
7.529400000000000000e+05
7.728230000000000000e+05
7.967980000000000000e+05
8.192620000000000000e+05
8.434750000000000000e+05
8.613310000000000000e+05
8.763330000000000000e+05
9.090660000000000000e+05
9.244220000000000000e+05
9.411120000000000000e+05
9.584160000000000000e+05
9.735930000000000000e+05
9.850750000000000000e+05
9.908110000000000000e+05
9.999240000000000000e+05
1.013747000000000000e+06
1.028610000000000000e+06
1.041846000000000000e+06
1.054273000000000000e+06
1.063449000000000000e+06
1.067870000000000000e+06
1.076180000000000000e+06
1.088346000000000000e+06
1.102096000000000000e+06
1.115201000000000000e+06
1.126700000000000000e+06
1.135676000000000000e+06
1.140572000000000000e+06
1.147446000000000000e+06
1.159901000000000000e+06
1.171854000000000000e+06
1.182864000000000000e+06
1.194110000000000000e+06
1.202700000000000000e+06
1.207333000000000000e+06
1.214525000000000000e+06
1.226883000000000000e+06
1.239998000000000000e+06
1.249079000000000000e+06
1.253957000000000000e+06
1.257799000000000000e+06
1.261010000000000000e+06
1.268634000000000000e+06
1.281414000000000000e+06
1.294878000000000000e+06
1.305774000000000000e+06
1.312780000000000000e+06
1.318562000000000000e+06
1.322947000000000000e+06
1.330543000000000000e+06
1.344763000000000000e+06
1.356882000000000000e+06
1.365645000000000000e+06
1.376389000000000000e+06
1.385522000000000000e+06
1.390385000000000000e+06
1.395779000000000000e+06
1.404905000000000000e+06
1.414362000000000000e+06
1.422320000000000000e+06
1.429612000000000000e+06
1.435582000000000000e+06
1.438914000000000000e+06
1.443804000000000000e+06
1.450747000000000000e+06
1.457755000000000000e+06
1.464448000000000000e+06
1.470879000000000000e+06
1.475445000000000000e+06
1.478119000000000000e+06
1.482722000000000000e+06
1.489512000000000000e+06
1.496665000000000000e+06
1.502810000000000000e+06
1.508674000000000000e+06
1.513385000000000000e+06
1.515889000000000000e+06
1.520215000000000000e+06
1.527016000000000000e+06
1.533511000000000000e+06
1.539564000000000000e+06
1.545530000000000000e+06
1.550255000000000000e+06
1.552686000000000000e+06
1.556685000000000000e+06
1.563645000000000000e+06
1.570658000000000000e+06
1.577036000000000000e+06
1.583621000000000000e+06
1.588955000000000000e+06
1.591497000000000000e+06
1.596673000000000000e+06
1.605372000000000000e+06
1.614446000000000000e+06
1.623218000000000000e+06
1.631727000000000000e+06
1.638767000000000000e+06
1.642658000000000000e+06
1.648962000000000000e+06
1.661109000000000000e+06
1.673252000000000000e+06
1.684788000000000000e+06
1.696885000000000000e+06
1.706986000000000000e+06
1.711772000000000000e+06
1.719708000000000000e+06
1.735406000000000000e+06
1.750659000000000000e+06
1.766490000000000000e+06
1.781345000000000000e+06
1.794914000000000000e+06
1.801083000000000000e+06
1.811036000000000000e+06
1.828313000000000000e+06
1.849424000000000000e+06
1.868297000000000000e+06
1.889360000000000000e+06
1.906632000000000000e+06
1.917527000000000000e+06
1.931921000000000000e+06
1.956974000000000000e+06
1.984248000000000000e+06
2.010244000000000000e+06
2.036700000000000000e+06
2.058550000000000000e+06
2.073129000000000000e+06
2.089869000000000000e+06
2.120671000000000000e+06
2.154821000000000000e+06
2.189966000000000000e+06
2.221725000000000000e+06
2.250991000000000000e+06
2.267964000000000000e+06
2.288826000000000000e+06
2.321717000000000000e+06
2.356970000000000000e+06
2.387511000000000000e+06
2.415584000000000000e+06
2.438542000000000000e+06
2.448463000000000000e+06
2.456709000000000000e+06
2.471617000000000000e+06
2.499507000000000000e+06
2.528006000000000000e+06
2.552898000000000000e+06
2.574631000000000000e+06
2.586647000000000000e+06
2.599850000000000000e+06
2.621116000000000000e+06
2.642242000000000000e+06
2.660088000000000000e+06
2.675874000000000000e+06
2.688025000000000000e+06
2.695327000000000000e+06
2.704571000000000000e+06
2.718493000000000000e+06
2.731256000000000000e+06
2.742122000000000000e+06
2.751632000000000000e+06
2.758856000000000000e+06
2.762323000000000000e+06
2.768034000000000000e+06
2.776927000000000000e+06
2.785353000000000000e+06
2.792142000000000000e+06
2.798617000000000000e+06
2.803233000000000000e+06
2.805756000000000000e+06
2.808052000000000000e+06
2.811951000000000000e+06
2.818378000000000000e+06
2.824425000000000000e+06
2.829196000000000000e+06
2.833052000000000000e+06
2.835083000000000000e+06
2.838180000000000000e+06
2.842339000000000000e+06
2.845762000000000000e+06
2.849014000000000000e+06
2.851911000000000000e+06
2.854079000000000000e+06
2.855190000000000000e+06
2.856924000000000000e+06
2.859261000000000000e+06
2.861351000000000000e+06
2.863031000000000000e+06
2.864546000000000000e+06
2.865622000000000000e+06
2.866181000000000000e+06
2.867187000000000000e+06
2.868450000000000000e+06
2.869652000000000000e+06
2.870595000000000000e+06
2.871371000000000000e+06
2.871950000000000000e+06
2.872283000000000000e+06
2.872868000000000000e+06
2.873527000000000000e+06
2.874092000000000000e+06
2.874411000000000000e+06
2.874824000000000000e+06
2.875136000000000000e+06
2.875328000000000000e+06
2.875729000000000000e+06
2.876289000000000000e+06
2.876667000000000000e+06
2.877007000000000000e+06
2.877243000000000000e+06
2.877469000000000000e+06
2.877608000000000000e+06
2.877819000000000000e+06
2.878061000000000000e+06
2.878276000000000000e+06
2.878466000000000000e+06
2.878634000000000000e+06
2.878767000000000000e+06
2.878840000000000000e+06
2.879030000000000000e+06
2.879192000000000000e+06
2.879336000000000000e+06
2.879470000000000000e+06
2.879569000000000000e+06
2.879638000000000000e+06
2.879689000000000000e+06
2.879811000000000000e+06
2.879912000000000000e+06
2.880010000000000000e+06
2.880107000000000000e+06
2.880215000000000000e+06
2.880270000000000000e+06
2.880308000000000000e+06
2.880403000000000000e+06
2.880503000000000000e+06
2.880596000000000000e+06
2.880670000000000000e+06
2.880755000000000000e+06
2.880821000000000000e+06
2.880865000000000000e+06
2.880959000000000000e+06
2.881046000000000000e+06
2.881151000000000000e+06
2.881241000000000000e+06
2.881355000000000000e+06
2.881424000000000000e+06
2.881491000000000000e+06
2.881594000000000000e+06
2.881718000000000000e+06
2.881840000000000000e+06
2.881948000000000000e+06
2.882066000000000000e+06
2.882146000000000000e+06
2.882220000000000000e+06
2.882327000000000000e+06
2.882465000000000000e+06
2.882630000000000000e+06
2.882786000000000000e+06
2.882939000000000000e+06
2.883029000000000000e+06
