0.000000000000000000e+00
0.000000000000000000e+00
0.000000000000000000e+00
0.000000000000000000e+00
0.000000000000000000e+00
0.000000000000000000e+00
0.000000000000000000e+00
0.000000000000000000e+00
0.000000000000000000e+00
0.000000000000000000e+00
0.000000000000000000e+00
0.000000000000000000e+00
0.000000000000000000e+00
0.000000000000000000e+00
0.000000000000000000e+00
0.000000000000000000e+00
0.000000000000000000e+00
0.000000000000000000e+00
0.000000000000000000e+00
0.000000000000000000e+00
0.000000000000000000e+00
0.000000000000000000e+00
0.000000000000000000e+00
0.000000000000000000e+00
0.000000000000000000e+00
0.000000000000000000e+00
0.000000000000000000e+00
0.000000000000000000e+00
0.000000000000000000e+00
0.000000000000000000e+00
0.000000000000000000e+00
0.000000000000000000e+00
0.000000000000000000e+00
0.000000000000000000e+00
0.000000000000000000e+00
0.000000000000000000e+00
0.000000000000000000e+00
0.000000000000000000e+00
0.000000000000000000e+00
0.000000000000000000e+00
0.000000000000000000e+00
0.000000000000000000e+00
1.000000000000000000e+00
0.000000000000000000e+00
4.000000000000000000e+00
0.000000000000000000e+00
6.000000000000000000e+00
5.000000000000000000e+00
6.000000000000000000e+00
9.000000000000000000e+00
1.800000000000000000e+01
1.900000000000000000e+01
3.500000000000000000e+01
1.600000000000000000e+01
5.800000000000000000e+01
6.100000000000000000e+01
1.300000000000000000e+01
1.040000000000000000e+02
7.000000000000000000e+01
1.110000000000000000e+02
9.800000000000000000e+01
1.150000000000000000e+02
1.520000000000000000e+02
1.500000000000000000e+02
1.700000000000000000e+02
1.680000000000000000e+02
2.490000000000000000e+02
2.240000000000000000e+02
1.930000000000000000e+02
2.560000000000000000e+02
2.430000000000000000e+02
3.920000000000000000e+02
4.370000000000000000e+02
2.440000000000000000e+02
4.750000000000000000e+02
3.110000000000000000e+02
4.350000000000000000e+02
3.570000000000000000e+02
3.700000000000000000e+02
3.800000000000000000e+02
4.010000000000000000e+02
3.180000000000000000e+02
2.600000000000000000e+02
2.680000000000000000e+02
3.800000000000000000e+02
3.360000000000000000e+02
4.610000000000000000e+02
3.630000000000000000e+02
5.450000000000000000e+02
3.060000000000000000e+02
2.630000000000000000e+02
3.130000000000000000e+02
3.420000000000000000e+02
3.810000000000000000e+02
3.810000000000000000e+02
3.440000000000000000e+02
2.850000000000000000e+02
3.160000000000000000e+02
4.220000000000000000e+02
2.370000000000000000e+02
2.280000000000000000e+02
2.700000000000000000e+02
3.180000000000000000e+02
3.130000000000000000e+02
4.250000000000000000e+02
3.090000000000000000e+02
3.070000000000000000e+02
3.190000000000000000e+02
2.850000000000000000e+02
3.450000000000000000e+02
3.300000000000000000e+02
5.950000000000000000e+02
2.830000000000000000e+02
4.110000000000000000e+02
4.010000000000000000e+02
2.410000000000000000e+02
2.720000000000000000e+02
3.560000000000000000e+02
3.830000000000000000e+02
4.710000000000000000e+02
4.040000000000000000e+02
4.760000000000000000e+02
3.120000000000000000e+02
3.950000000000000000e+02
3.050000000000000000e+02
4.430000000000000000e+02
3.990000000000000000e+02
3.520000000000000000e+02
3.300000000000000000e+02
4.160000000000000000e+02
2.150000000000000000e+02
3.790000000000000000e+02
2.300000000000000000e+02
2.920000000000000000e+02
3.610000000000000000e+02
3.620000000000000000e+02
5.760000000000000000e+02
5.750000000000000000e+02
5.990000000000000000e+02
4.000000000000000000e+02
2.820000000000000000e+02
3.590000000000000000e+02
3.760000000000000000e+02
4.400000000000000000e+02
3.750000000000000000e+02
3.960000000000000000e+02
4.070000000000000000e+02
5.060000000000000000e+02
3.140000000000000000e+02
3.010000000000000000e+02
3.040000000000000000e+02
3.110000000000000000e+02
2.960000000000000000e+02
3.000000000000000000e+02
2.940000000000000000e+02
2.980000000000000000e+02
2.760000000000000000e+02
3.190000000000000000e+02
1.930000000000000000e+02
2.470000000000000000e+02
2.390000000000000000e+02
3.820000000000000000e+02
3.710000000000000000e+02
2.590000000000000000e+02
3.140000000000000000e+02
2.310000000000000000e+02
2.050000000000000000e+02
2.570000000000000000e+02
2.770000000000000000e+02
2.620000000000000000e+02
2.650000000000000000e+02
3.050000000000000000e+02
3.700000000000000000e+02
2.990000000000000000e+02
2.670000000000000000e+02
2.640000000000000000e+02
3.330000000000000000e+02
3.530000000000000000e+02
3.390000000000000000e+02
3.580000000000000000e+02
2.790000000000000000e+02
3.990000000000000000e+02
3.800000000000000000e+02
4.180000000000000000e+02
4.580000000000000000e+02
5.840000000000000000e+02
4.430000000000000000e+02
3.370000000000000000e+02
5.020000000000000000e+02
5.120000000000000000e+02
6.150000000000000000e+02
6.570000000000000000e+02
6.580000000000000000e+02
5.480000000000000000e+02
5.750000000000000000e+02
6.800000000000000000e+02
6.400000000000000000e+02
7.260000000000000000e+02
8.090000000000000000e+02
8.430000000000000000e+02
6.240000000000000000e+02
6.190000000000000000e+02
5.510000000000000000e+02
7.150000000000000000e+02
8.110000000000000000e+02
8.320000000000000000e+02
7.710000000000000000e+02
5.940000000000000000e+02
5.950000000000000000e+02
5.970000000000000000e+02
7.350000000000000000e+02
7.670000000000000000e+02
9.030000000000000000e+02
9.000000000000000000e+02
5.810000000000000000e+02
5.480000000000000000e+02
7.630000000000000000e+02
7.290000000000000000e+02
8.870000000000000000e+02
7.910000000000000000e+02
7.590000000000000000e+02
6.310000000000000000e+02
5.020000000000000000e+02
5.500000000000000000e+02
5.950000000000000000e+02
6.120000000000000000e+02
6.910000000000000000e+02
5.670000000000000000e+02
4.370000000000000000e+02
3.020000000000000000e+02
4.000000000000000000e+02
4.210000000000000000e+02
5.060000000000000000e+02
5.940000000000000000e+02
6.030000000000000000e+02
5.020000000000000000e+02
3.770000000000000000e+02
6.050000000000000000e+02
6.000000000000000000e+02
8.370000000000000000e+02
7.570000000000000000e+02
1.002000000000000000e+03
9.100000000000000000e+02
7.480000000000000000e+02
7.110000000000000000e+02
9.740000000000000000e+02
1.136000000000000000e+03
1.587000000000000000e+03
1.584000000000000000e+03
1.350000000000000000e+03
1.306000000000000000e+03
1.326000000000000000e+03
1.552000000000000000e+03
1.967000000000000000e+03
2.292000000000000000e+03
2.367000000000000000e+03
1.934000000000000000e+03
2.006000000000000000e+03
2.236000000000000000e+03
3.003000000000000000e+03
4.280000000000000000e+03
4.739000000000000000e+03
5.300000000000000000e+03
4.178000000000000000e+03
4.394000000000000000e+03
5.068000000000000000e+03
6.526000000000000000e+03
8.099000000000000000e+03
7.705000000000000000e+03
9.622000000000000000e+03
8.536000000000000000e+03
7.482000000000000000e+03
9.291000000000000000e+03
1.004000000000000000e+04
1.210700000000000000e+04
1.363200000000000000e+04
1.362800000000000000e+04
1.174200000000000000e+04
1.024100000000000000e+04
1.630000000000000000e+04
1.882000000000000000e+04
2.015600000000000000e+04
2.162900000000000000e+04
2.189700000000000000e+04
1.717100000000000000e+04
1.557800000000000000e+04
1.936400000000000000e+04
2.469200000000000000e+04
2.714300000000000000e+04
2.708600000000000000e+04
2.787500000000000000e+04
2.478500000000000000e+04
2.171300000000000000e+04
2.545400000000000000e+04
2.522100000000000000e+04
2.268300000000000000e+04
2.405100000000000000e+04
2.557100000000000000e+04
2.185400000000000000e+04
2.081600000000000000e+04
1.915200000000000000e+04
1.988300000000000000e+04
2.397500000000000000e+04
2.246400000000000000e+04
2.421300000000000000e+04
1.785600000000000000e+04
1.500200000000000000e+04
3.273300000000000000e+04
1.535600000000000000e+04
1.669000000000000000e+04
1.730400000000000000e+04
1.517700000000000000e+04
1.148200000000000000e+04
5.736000000000000000e+03
9.113000000000000000e+03
1.382300000000000000e+04
1.486300000000000000e+04
1.323600000000000000e+04
1.242700000000000000e+04
9.176000000000000000e+03
4.421000000000000000e+03
8.310000000000000000e+03
1.216600000000000000e+04
1.375000000000000000e+04
1.310500000000000000e+04
1.149900000000000000e+04
8.976000000000000000e+03
4.896000000000000000e+03
6.874000000000000000e+03
1.245500000000000000e+04
1.195300000000000000e+04
1.101000000000000000e+04
1.124600000000000000e+04
8.590000000000000000e+03
4.633000000000000000e+03
7.192000000000000000e+03
1.235800000000000000e+04
1.311500000000000000e+04
9.081000000000000000e+03
4.878000000000000000e+03
3.842000000000000000e+03
3.211000000000000000e+03
7.624000000000000000e+03
1.278000000000000000e+04
1.346400000000000000e+04
1.089600000000000000e+04
7.006000000000000000e+03
5.782000000000000000e+03
4.385000000000000000e+03
7.596000000000000000e+03
1.422000000000000000e+04
1.211900000000000000e+04
8.763000000000000000e+03
1.074400000000000000e+04
9.133000000000000000e+03
4.863000000000000000e+03
5.394000000000000000e+03
9.126000000000000000e+03
9.457000000000000000e+03
7.958000000000000000e+03
7.292000000000000000e+03
5.970000000000000000e+03
3.332000000000000000e+03
4.890000000000000000e+03
6.943000000000000000e+03
7.008000000000000000e+03
6.693000000000000000e+03
6.431000000000000000e+03
4.566000000000000000e+03
2.674000000000000000e+03
4.603000000000000000e+03
6.790000000000000000e+03
7.153000000000000000e+03
6.145000000000000000e+03
5.864000000000000000e+03
4.711000000000000000e+03
2.504000000000000000e+03
4.326000000000000000e+03
6.801000000000000000e+03
6.495000000000000000e+03
6.053000000000000000e+03
5.966000000000000000e+03
4.725000000000000000e+03
2.431000000000000000e+03
3.999000000000000000e+03
6.960000000000000000e+03
7.013000000000000000e+03
6.378000000000000000e+03
6.585000000000000000e+03
5.334000000000000000e+03
2.542000000000000000e+03
5.176000000000000000e+03
8.699000000000000000e+03
9.074000000000000000e+03
8.772000000000000000e+03
8.509000000000000000e+03
7.040000000000000000e+03
3.891000000000000000e+03
6.304000000000000000e+03
1.214700000000000000e+04
1.214300000000000000e+04
1.153600000000000000e+04
1.209700000000000000e+04
1.010100000000000000e+04
4.786000000000000000e+03
7.936000000000000000e+03
1.569800000000000000e+04
1.525300000000000000e+04
1.583100000000000000e+04
1.485500000000000000e+04
1.356900000000000000e+04
6.169000000000000000e+03
9.953000000000000000e+03
1.727700000000000000e+04
2.111100000000000000e+04
1.887300000000000000e+04
2.106300000000000000e+04
1.727200000000000000e+04
1.089500000000000000e+04
1.439400000000000000e+04
2.505300000000000000e+04
2.727400000000000000e+04
2.599600000000000000e+04
2.645600000000000000e+04
2.185000000000000000e+04
1.457900000000000000e+04
1.674000000000000000e+04
3.080200000000000000e+04
3.415000000000000000e+04
3.514500000000000000e+04
3.175900000000000000e+04
2.926600000000000000e+04
1.697300000000000000e+04
2.086200000000000000e+04
3.289100000000000000e+04
3.525300000000000000e+04
3.054100000000000000e+04
2.807300000000000000e+04
2.295800000000000000e+04
9.921000000000000000e+03
8.246000000000000000e+03
1.490800000000000000e+04
2.789000000000000000e+04
2.849900000000000000e+04
2.489200000000000000e+04
2.173300000000000000e+04
1.201600000000000000e+04
1.320300000000000000e+04
2.126600000000000000e+04
2.112600000000000000e+04
1.784600000000000000e+04
1.578600000000000000e+04
1.215100000000000000e+04
7.302000000000000000e+03
9.244000000000000000e+03
1.392200000000000000e+04
1.276300000000000000e+04
1.086600000000000000e+04
9.510000000000000000e+03
7.224000000000000000e+03
3.467000000000000000e+03
5.711000000000000000e+03
8.893000000000000000e+03
8.426000000000000000e+03
6.789000000000000000e+03
6.475000000000000000e+03
4.616000000000000000e+03
2.523000000000000000e+03
2.296000000000000000e+03
3.899000000000000000e+03
6.427000000000000000e+03
6.047000000000000000e+03
4.771000000000000000e+03
3.856000000000000000e+03
2.031000000000000000e+03
3.097000000000000000e+03
4.159000000000000000e+03
3.423000000000000000e+03
3.252000000000000000e+03
2.897000000000000000e+03
2.168000000000000000e+03
1.111000000000000000e+03
1.734000000000000000e+03
2.337000000000000000e+03
2.090000000000000000e+03
1.680000000000000000e+03
1.515000000000000000e+03
1.076000000000000000e+03
5.590000000000000000e+02
1.006000000000000000e+03
1.263000000000000000e+03
1.202000000000000000e+03
9.430000000000000000e+02
7.760000000000000000e+02
5.790000000000000000e+02
3.330000000000000000e+02
5.850000000000000000e+02
6.590000000000000000e+02
5.650000000000000000e+02
3.190000000000000000e+02
4.130000000000000000e+02
3.120000000000000000e+02
1.920000000000000000e+02
4.010000000000000000e+02
5.600000000000000000e+02
3.780000000000000000e+02
3.400000000000000000e+02
2.360000000000000000e+02
2.260000000000000000e+02
1.390000000000000000e+02
2.110000000000000000e+02
2.420000000000000000e+02
2.150000000000000000e+02
1.900000000000000000e+02
1.680000000000000000e+02
1.330000000000000000e+02
7.300000000000000000e+01
1.900000000000000000e+02
1.620000000000000000e+02
1.440000000000000000e+02
1.340000000000000000e+02
9.900000000000000000e+01
6.900000000000000000e+01
5.100000000000000000e+01
1.220000000000000000e+02
1.010000000000000000e+02
9.800000000000000000e+01
9.700000000000000000e+01
1.080000000000000000e+02
5.500000000000000000e+01
3.800000000000000000e+01
9.500000000000000000e+01
1.000000000000000000e+02
9.300000000000000000e+01
7.400000000000000000e+01
8.500000000000000000e+01
6.600000000000000000e+01
4.400000000000000000e+01
9.400000000000000000e+01
8.700000000000000000e+01
1.050000000000000000e+02
9.000000000000000000e+01
1.140000000000000000e+02
6.900000000000000000e+01
6.700000000000000000e+01
1.030000000000000000e+02
1.240000000000000000e+02
1.220000000000000000e+02
1.080000000000000000e+02
1.180000000000000000e+02
8.000000000000000000e+01
7.400000000000000000e+01
1.070000000000000000e+02
1.380000000000000000e+02
1.650000000000000000e+02
1.560000000000000000e+02
1.530000000000000000e+02
9.000000000000000000e+01
