0.000000000000000000e+00
0.000000000000000000e+00
0.000000000000000000e+00
0.000000000000000000e+00
0.000000000000000000e+00
0.000000000000000000e+00
0.000000000000000000e+00
0.000000000000000000e+00
0.000000000000000000e+00
0.000000000000000000e+00
0.000000000000000000e+00
0.000000000000000000e+00
0.000000000000000000e+00
0.000000000000000000e+00
0.000000000000000000e+00
0.000000000000000000e+00
0.000000000000000000e+00
0.000000000000000000e+00
0.000000000000000000e+00
0.000000000000000000e+00
0.000000000000000000e+00
0.000000000000000000e+00
0.000000000000000000e+00
0.000000000000000000e+00
0.000000000000000000e+00
0.000000000000000000e+00
0.000000000000000000e+00
0.000000000000000000e+00
0.000000000000000000e+00
0.000000000000000000e+00
0.000000000000000000e+00
0.000000000000000000e+00
0.000000000000000000e+00
0.000000000000000000e+00
0.000000000000000000e+00
0.000000000000000000e+00
0.000000000000000000e+00
0.000000000000000000e+00
0.000000000000000000e+00
0.000000000000000000e+00
0.000000000000000000e+00
0.000000000000000000e+00
0.000000000000000000e+00
0.000000000000000000e+00
0.000000000000000000e+00
0.000000000000000000e+00
0.000000000000000000e+00
0.000000000000000000e+00
0.000000000000000000e+00
0.000000000000000000e+00
0.000000000000000000e+00
0.000000000000000000e+00
0.000000000000000000e+00
0.000000000000000000e+00
1.000000000000000000e+00
1.000000000000000000e+00
1.000000000000000000e+00
1.000000000000000000e+00
1.000000000000000000e+00
1.000000000000000000e+00
1.000000000000000000e+00
1.000000000000000000e+00
1.000000000000000000e+00
1.000000000000000000e+00
2.000000000000000000e+00
3.000000000000000000e+00
3.000000000000000000e+00
3.000000000000000000e+00
3.000000000000000000e+00
5.000000000000000000e+00
5.000000000000000000e+00
5.000000000000000000e+00
7.000000000000000000e+00
7.000000000000000000e+00
7.000000000000000000e+00
7.000000000000000000e+00
8.000000000000000000e+00
1.200000000000000000e+01
1.200000000000000000e+01
2.100000000000000000e+01
2.100000000000000000e+01
2.500000000000000000e+01
6.000000000000000000e+01
6.000000000000000000e+01
8.000000000000000000e+01
8.000000000000000000e+01
1.160000000000000000e+02
1.350000000000000000e+02
1.640000000000000000e+02
2.370000000000000000e+02
2.860000000000000000e+02
2.860000000000000000e+02
3.280000000000000000e+02
3.280000000000000000e+02
3.900000000000000000e+02
4.360000000000000000e+02
4.800000000000000000e+02
5.280000000000000000e+02
5.820000000000000000e+02
6.010000000000000000e+02
6.010000000000000000e+02
6.710000000000000000e+02
7.220000000000000000e+02
7.560000000000000000e+02
8.350000000000000000e+02
8.730000000000000000e+02
9.280000000000000000e+02
9.280000000000000000e+02
9.970000000000000000e+02
1.054000000000000000e+03
1.089000000000000000e+03
1.170000000000000000e+03
1.219000000000000000e+03
1.284000000000000000e+03
1.284000000000000000e+03
1.357000000000000000e+03
1.421000000000000000e+03
1.455000000000000000e+03
1.502000000000000000e+03
1.573000000000000000e+03
1.594000000000000000e+03
1.594000000000000000e+03
1.594000000000000000e+03
1.594000000000000000e+03
1.689000000000000000e+03
1.711000000000000000e+03
1.731000000000000000e+03
1.828000000000000000e+03
1.828000000000000000e+03
1.916000000000000000e+03
1.976000000000000000e+03
2.023000000000000000e+03
2.089000000000000000e+03
2.146000000000000000e+03
2.204000000000000000e+03
2.204000000000000000e+03
2.289000000000000000e+03
2.334000000000000000e+03
2.368000000000000000e+03
2.416000000000000000e+03
2.452000000000000000e+03
2.513000000000000000e+03
2.513000000000000000e+03
2.579000000000000000e+03
2.618000000000000000e+03
2.642000000000000000e+03
2.658000000000000000e+03
2.696000000000000000e+03
2.719000000000000000e+03
2.719000000000000000e+03
2.755000000000000000e+03
2.779000000000000000e+03
2.812000000000000000e+03
2.812000000000000000e+03
2.835000000000000000e+03
2.878000000000000000e+03
2.878000000000000000e+03
2.878000000000000000e+03
2.894000000000000000e+03
2.904000000000000000e+03
2.924000000000000000e+03
2.924000000000000000e+03
2.944000000000000000e+03
2.944000000000000000e+03
2.961000000000000000e+03
2.997000000000000000e+03
3.006000000000000000e+03
3.015000000000000000e+03
3.028000000000000000e+03
3.038000000000000000e+03
3.038000000000000000e+03
3.051000000000000000e+03
3.059000000000000000e+03
3.072000000000000000e+03
3.076000000000000000e+03
3.083000000000000000e+03
3.106000000000000000e+03
3.106000000000000000e+03
3.111000000000000000e+03
3.119000000000000000e+03
3.130000000000000000e+03
3.135000000000000000e+03
3.161000000000000000e+03
3.171000000000000000e+03
3.171000000000000000e+03
3.178000000000000000e+03
3.178000000000000000e+03
3.196000000000000000e+03
3.212000000000000000e+03
3.212000000000000000e+03
3.212000000000000000e+03
3.212000000000000000e+03
3.212000000000000000e+03
3.220000000000000000e+03
3.220000000000000000e+03
3.220000000000000000e+03
3.227000000000000000e+03
3.227000000000000000e+03
3.227000000000000000e+03
3.227000000000000000e+03
3.227000000000000000e+03
3.227000000000000000e+03
3.227000000000000000e+03
3.227000000000000000e+03
3.227000000000000000e+03
3.250000000000000000e+03
3.250000000000000000e+03
3.256000000000000000e+03
3.257000000000000000e+03
3.257000000000000000e+03
3.265000000000000000e+03
3.265000000000000000e+03
3.265000000000000000e+03
3.269000000000000000e+03
3.269000000000000000e+03
3.269000000000000000e+03
3.275000000000000000e+03
3.275000000000000000e+03
3.275000000000000000e+03
3.275000000000000000e+03
3.310000000000000000e+03
3.310000000000000000e+03
3.310000000000000000e+03
3.310000000000000000e+03
3.310000000000000000e+03
3.310000000000000000e+03
3.332000000000000000e+03
3.332000000000000000e+03
3.362000000000000000e+03
3.362000000000000000e+03
3.371000000000000000e+03
3.371000000000000000e+03
3.371000000000000000e+03
3.376000000000000000e+03
3.376000000000000000e+03
3.389000000000000000e+03
3.389000000000000000e+03
3.390000000000000000e+03
3.390000000000000000e+03
3.390000000000000000e+03
3.390000000000000000e+03
3.401000000000000000e+03
3.442000000000000000e+03
3.465000000000000000e+03
3.465000000000000000e+03
3.465000000000000000e+03
3.465000000000000000e+03
3.465000000000000000e+03
3.588000000000000000e+03
3.588000000000000000e+03
3.588000000000000000e+03
3.588000000000000000e+03
3.588000000000000000e+03
3.593000000000000000e+03
3.593000000000000000e+03
3.593000000000000000e+03
3.745000000000000000e+03
3.745000000000000000e+03
3.745000000000000000e+03
3.745000000000000000e+03
3.745000000000000000e+03
3.745000000000000000e+03
3.847000000000000000e+03
3.864000000000000000e+03
3.864000000000000000e+03
3.864000000000000000e+03
3.864000000000000000e+03
3.864000000000000000e+03
3.864000000000000000e+03
3.864000000000000000e+03
3.864000000000000000e+03
3.890000000000000000e+03
3.890000000000000000e+03
3.890000000000000000e+03
3.897000000000000000e+03
3.897000000000000000e+03
3.897000000000000000e+03
3.941000000000000000e+03
3.941000000000000000e+03
3.941000000000000000e+03
3.941000000000000000e+03
3.941000000000000000e+03
3.941000000000000000e+03
3.941000000000000000e+03
3.941000000000000000e+03
3.941000000000000000e+03
4.229000000000000000e+03
4.229000000000000000e+03
4.229000000000000000e+03
4.229000000000000000e+03
4.229000000000000000e+03
4.229000000000000000e+03
4.301000000000000000e+03
4.301000000000000000e+03
4.301000000000000000e+03
4.301000000000000000e+03
4.301000000000000000e+03
4.301000000000000000e+03
4.301000000000000000e+03
4.301000000000000000e+03
4.382000000000000000e+03
4.382000000000000000e+03
4.382000000000000000e+03
4.382000000000000000e+03
4.382000000000000000e+03
4.445000000000000000e+03
4.445000000000000000e+03
4.445000000000000000e+03
4.445000000000000000e+03
4.451000000000000000e+03
4.451000000000000000e+03
4.451000000000000000e+03
4.451000000000000000e+03
4.451000000000000000e+03
4.451000000000000000e+03
4.525000000000000000e+03
4.525000000000000000e+03
4.525000000000000000e+03
4.525000000000000000e+03
4.525000000000000000e+03
4.579000000000000000e+03
4.579000000000000000e+03
4.579000000000000000e+03
4.579000000000000000e+03
4.579000000000000000e+03
4.579000000000000000e+03
4.579000000000000000e+03
4.579000000000000000e+03
4.579000000000000000e+03
4.579000000000000000e+03
4.662000000000000000e+03
4.662000000000000000e+03
4.662000000000000000e+03
4.662000000000000000e+03
4.662000000000000000e+03
4.690000000000000000e+03
4.690000000000000000e+03
4.690000000000000000e+03
4.690000000000000000e+03
4.690000000000000000e+03
4.690000000000000000e+03
4.690000000000000000e+03
4.690000000000000000e+03
4.714000000000000000e+03
4.714000000000000000e+03
4.714000000000000000e+03
4.714000000000000000e+03
4.714000000000000000e+03
4.714000000000000000e+03
4.714000000000000000e+03
4.726000000000000000e+03
4.726000000000000000e+03
4.726000000000000000e+03
4.726000000000000000e+03
4.726000000000000000e+03
4.726000000000000000e+03
4.726000000000000000e+03
4.726000000000000000e+03
4.744000000000000000e+03
4.744000000000000000e+03
4.744000000000000000e+03
4.744000000000000000e+03
4.744000000000000000e+03
4.744000000000000000e+03
4.744000000000000000e+03
4.744000000000000000e+03
4.744000000000000000e+03
4.754000000000000000e+03
4.754000000000000000e+03
4.754000000000000000e+03
4.754000000000000000e+03
4.754000000000000000e+03
4.784000000000000000e+03
4.784000000000000000e+03
4.784000000000000000e+03
4.784000000000000000e+03
4.784000000000000000e+03
4.784000000000000000e+03
4.814000000000000000e+03
4.814000000000000000e+03
4.814000000000000000e+03
4.854000000000000000e+03
4.862000000000000000e+03
4.862000000000000000e+03
4.862000000000000000e+03
4.935000000000000000e+03
5.013000000000000000e+03
5.075000000000000000e+03
5.092000000000000000e+03
5.183000000000000000e+03
5.273000000000000000e+03
5.373000000000000000e+03
5.500000000000000000e+03
5.632000000000000000e+03
5.632000000000000000e+03
5.889000000000000000e+03
6.017000000000000000e+03
6.246000000000000000e+03
6.246000000000000000e+03
6.549000000000000000e+03
6.687000000000000000e+03
6.687000000000000000e+03
6.991000000000000000e+03
7.257000000000000000e+03
7.392000000000000000e+03
7.518000000000000000e+03
7.727000000000000000e+03
7.850000000000000000e+03
7.850000000000000000e+03
8.041000000000000000e+03
8.321000000000000000e+03
8.438000000000000000e+03
8.577000000000000000e+03
8.713000000000000000e+03
8.820000000000000000e+03
8.820000000000000000e+03
8.946000000000000000e+03
9.190000000000000000e+03
9.328000000000000000e+03
9.437000000000000000e+03
9.600000000000000000e+03
9.600000000000000000e+03
9.925000000000000000e+03
9.968000000000000000e+03
1.008500000000000000e+04
1.021400000000000000e+04
1.036900000000000000e+04
1.036900000000000000e+04
1.066400000000000000e+04
1.066400000000000000e+04
1.083800000000000000e+04
1.097700000000000000e+04
1.116400000000000000e+04
1.129200000000000000e+04
1.139800000000000000e+04
1.149900000000000000e+04
1.149900000000000000e+04
1.150400000000000000e+04
1.178300000000000000e+04
1.190800000000000000e+04
1.197800000000000000e+04
1.197800000000000000e+04
1.227100000000000000e+04
1.227100000000000000e+04
1.227100000000000000e+04
1.240600000000000000e+04
1.256600000000000000e+04
1.256600000000000000e+04
1.283700000000000000e+04
1.283700000000000000e+04
1.283700000000000000e+04
1.283700000000000000e+04
1.307900000000000000e+04
1.332400000000000000e+04
1.332400000000000000e+04
1.345900000000000000e+04
1.345900000000000000e+04
1.345900000000000000e+04
1.345900000000000000e+04
1.367000000000000000e+04
1.381200000000000000e+04
1.391500000000000000e+04
1.391500000000000000e+04
1.391500000000000000e+04
1.391500000000000000e+04
1.391500000000000000e+04
1.391500000000000000e+04
1.391500000000000000e+04
1.412100000000000000e+04
1.412100000000000000e+04
1.436800000000000000e+04
1.436800000000000000e+04
1.441500000000000000e+04
1.441500000000000000e+04
1.441500000000000000e+04
1.448600000000000000e+04
1.448600000000000000e+04
1.448600000000000000e+04
1.448600000000000000e+04
1.448600000000000000e+04
1.448600000000000000e+04
1.448600000000000000e+04
1.457500000000000000e+04
1.457500000000000000e+04
1.459400000000000000e+04
1.459400000000000000e+04
1.462300000000000000e+04
1.463200000000000000e+04
1.463200000000000000e+04
1.463200000000000000e+04
1.463200000000000000e+04
1.464700000000000000e+04
1.464700000000000000e+04
1.465300000000000000e+04
1.466000000000000000e+04
1.466200000000000000e+04
1.466700000000000000e+04
1.469100000000000000e+04
1.469900000000000000e+04
1.469900000000000000e+04
1.472900000000000000e+04
1.474800000000000000e+04
1.476800000000000000e+04
1.477600000000000000e+04
1.477900000000000000e+04
1.477900000000000000e+04
1.477900000000000000e+04
1.477900000000000000e+04
1.481700000000000000e+04
1.481700000000000000e+04
1.482300000000000000e+04
1.482700000000000000e+04
1.484100000000000000e+04
1.484100000000000000e+04
1.485200000000000000e+04
1.485200000000000000e+04
1.486700000000000000e+04
1.486800000000000000e+04
1.486800000000000000e+04
1.487500000000000000e+04
1.487500000000000000e+04
1.489200000000000000e+04
1.489200000000000000e+04
1.493300000000000000e+04
1.493300000000000000e+04
1.494600000000000000e+04
1.494600000000000000e+04
1.494600000000000000e+04
1.494600000000000000e+04
1.497700000000000000e+04
1.497700000000000000e+04
1.499500000000000000e+04
1.499500000000000000e+04
1.499500000000000000e+04
1.499500000000000000e+04
1.499500000000000000e+04
1.503600000000000000e+04
1.506000000000000000e+04
1.506800000000000000e+04
1.507600000000000000e+04
1.508100000000000000e+04
1.508100000000000000e+04
1.508500000000000000e+04
1.512300000000000000e+04
1.512300000000000000e+04
1.516200000000000000e+04
1.516200000000000000e+04
1.516200000000000000e+04
1.518000000000000000e+04
1.520300000000000000e+04
1.523000000000000000e+04
1.525100000000000000e+04
1.529400000000000000e+04
1.532300000000000000e+04
1.535800000000000000e+04
1.535800000000000000e+04
1.540300000000000000e+04
1.545600000000000000e+04
