0.000000000000000000e+00
0.000000000000000000e+00
0.000000000000000000e+00
0.000000000000000000e+00
0.000000000000000000e+00
1.000000000000000000e+00
4.000000000000000000e+00
4.000000000000000000e+00
4.000000000000000000e+00
5.000000000000000000e+00
8.000000000000000000e+00
1.000000000000000000e+01
1.200000000000000000e+01
1.200000000000000000e+01
1.200000000000000000e+01
1.200000000000000000e+01
1.300000000000000000e+01
1.300000000000000000e+01
1.400000000000000000e+01
1.400000000000000000e+01
1.600000000000000000e+01
1.600000000000000000e+01
1.600000000000000000e+01
1.600000000000000000e+01
1.600000000000000000e+01
1.600000000000000000e+01
1.600000000000000000e+01
1.600000000000000000e+01
1.600000000000000000e+01
1.600000000000000000e+01
1.600000000000000000e+01
1.600000000000000000e+01
1.600000000000000000e+01
1.600000000000000000e+01
1.700000000000000000e+01
2.700000000000000000e+01
4.600000000000000000e+01
4.800000000000000000e+01
7.900000000000000000e+01
1.300000000000000000e+02
1.590000000000000000e+02
1.960000000000000000e+02
2.620000000000000000e+02
4.820000000000000000e+02
6.700000000000000000e+02
7.990000000000000000e+02
1.040000000000000000e+03
1.176000000000000000e+03
1.457000000000000000e+03
1.908000000000000000e+03
2.078000000000000000e+03
3.675000000000000000e+03
4.585000000000000000e+03
5.795000000000000000e+03
7.272000000000000000e+03
9.257000000000000000e+03
1.232700000000000000e+04
1.532000000000000000e+04
1.984800000000000000e+04
2.221300000000000000e+04
2.487300000000000000e+04
2.905600000000000000e+04
3.298600000000000000e+04
3.732300000000000000e+04
4.393800000000000000e+04
5.087100000000000000e+04
5.769500000000000000e+04
6.209500000000000000e+04
6.688500000000000000e+04
7.180800000000000000e+04
7.787200000000000000e+04
8.479400000000000000e+04
9.115900000000000000e+04
9.609200000000000000e+04
1.001230000000000000e+05
1.033740000000000000e+05
1.076630000000000000e+05
1.132960000000000000e+05
1.181810000000000000e+05
1.221710000000000000e+05
1.249080000000000000e+05
1.278540000000000000e+05
1.300720000000000000e+05
1.313590000000000000e+05
1.347530000000000000e+05
1.376980000000000000e+05
1.413970000000000000e+05
1.433420000000000000e+05
1.451840000000000000e+05
1.470650000000000000e+05
1.482910000000000000e+05
1.506480000000000000e+05
1.531290000000000000e+05
1.549990000000000000e+05
1.565130000000000000e+05
1.577700000000000000e+05
1.587580000000000000e+05
1.599120000000000000e+05
1.615390000000000000e+05
1.630090000000000000e+05
1.640770000000000000e+05
1.649670000000000000e+05
1.656640000000000000e+05
1.661520000000000000e+05
1.670070000000000000e+05
1.681620000000000000e+05
1.694300000000000000e+05
1.705880000000000000e+05
1.713240000000000000e+05
1.718790000000000000e+05
1.725760000000000000e+05
1.731710000000000000e+05
1.740980000000000000e+05
1.744780000000000000e+05
1.752330000000000000e+05
1.757520000000000000e+05
1.763690000000000000e+05
1.765510000000000000e+05
1.777780000000000000e+05
1.784730000000000000e+05
1.790210000000000000e+05
1.797100000000000000e+05
1.799860000000000000e+05
1.803280000000000000e+05
1.806000000000000000e+05
1.812000000000000000e+05
1.815240000000000000e+05
1.821960000000000000e+05
1.829220000000000000e+05
1.831890000000000000e+05
1.834100000000000000e+05
1.835940000000000000e+05
1.838790000000000000e+05
1.841210000000000000e+05
1.844720000000000000e+05
1.849240000000000000e+05
1.854500000000000000e+05
1.857500000000000000e+05
1.861090000000000000e+05
1.865060000000000000e+05
1.865220000000000000e+05
1.866910000000000000e+05
1.872260000000000000e+05
1.872670000000000000e+05
1.875180000000000000e+05
1.876820000000000000e+05
1.882520000000000000e+05
1.886040000000000000e+05
1.898170000000000000e+05
1.902990000000000000e+05
1.906700000000000000e+05
1.912720000000000000e+05
1.917680000000000000e+05
1.924800000000000000e+05
1.928710000000000000e+05
1.933710000000000000e+05
1.940360000000000000e+05
1.944580000000000000e+05
1.946930000000000000e+05
1.950420000000000000e+05
1.954180000000000000e+05
1.958930000000000000e+05
1.963700000000000000e+05
1.967800000000000000e+05
1.971980000000000000e+05
1.975230000000000000e+05
1.980640000000000000e+05
1.983430000000000000e+05
1.986990000000000000e+05
1.990010000000000000e+05
1.993320000000000000e+05
1.997090000000000000e+05
1.999190000000000000e+05
2.001800000000000000e+05
2.004560000000000000e+05
2.008900000000000000e+05
2.014500000000000000e+05
2.020450000000000000e+05
2.024260000000000000e+05
2.027350000000000000e+05
2.033250000000000000e+05
2.037170000000000000e+05
2.042760000000000000e+05
2.048810000000000000e+05
2.056230000000000000e+05
2.062780000000000000e+05
2.066670000000000000e+05
2.071120000000000000e+05
2.077070000000000000e+05
2.085460000000000000e+05
2.095350000000000000e+05
2.103990000000000000e+05
2.110050000000000000e+05
2.112200000000000000e+05
2.121110000000000000e+05
2.128280000000000000e+05
2.141130000000000000e+05
2.150390000000000000e+05
2.161960000000000000e+05
2.169030000000000000e+05
2.172880000000000000e+05
2.185080000000000000e+05
2.195400000000000000e+05
2.208590000000000000e+05
2.222810000000000000e+05
2.237910000000000000e+05
2.244880000000000000e+05
2.250070000000000000e+05
2.267000000000000000e+05
2.281200000000000000e+05
2.297060000000000000e+05
2.312920000000000000e+05
2.330290000000000000e+05
2.338610000000000000e+05
2.344940000000000000e+05
2.361220000000000000e+05
2.375830000000000000e+05
2.390100000000000000e+05
2.405710000000000000e+05
2.421260000000000000e+05
2.428350000000000000e+05
2.433050000000000000e+05
2.448020000000000000e+05
2.460150000000000000e+05
2.474110000000000000e+05
2.488400000000000000e+05
2.502830000000000000e+05
2.510580000000000000e+05
2.517280000000000000e+05
2.536260000000000000e+05
2.549570000000000000e+05
2.564330000000000000e+05
2.581490000000000000e+05
2.597350000000000000e+05
2.608170000000000000e+05
2.617370000000000000e+05
2.632220000000000000e+05
2.650140000000000000e+05
2.668690000000000000e+05
2.690480000000000000e+05
2.712470000000000000e+05
2.729320000000000000e+05
2.739650000000000000e+05
2.755600000000000000e+05
2.774120000000000000e+05
2.790250000000000000e+05
2.813460000000000000e+05
2.837120000000000000e+05
2.850260000000000000e+05
2.863390000000000000e+05
2.886310000000000000e+05
2.904710000000000000e+05
2.929130000000000000e+05
2.955390000000000000e+05
2.983740000000000000e+05
3.000270000000000000e+05
3.015730000000000000e+05
3.046730000000000000e+05
3.071270000000000000e+05
3.111370000000000000e+05
3.159410000000000000e+05
3.204950000000000000e+05
3.234630000000000000e+05
3.263090000000000000e+05
3.328500000000000000e+05
3.373140000000000000e+05
3.444870000000000000e+05
3.521070000000000000e+05
3.598020000000000000e+05
3.646640000000000000e+05
3.686710000000000000e+05
3.770680000000000000e+05
3.855910000000000000e+05
3.979220000000000000e+05
4.038740000000000000e+05
4.173500000000000000e+05
4.278080000000000000e+05
4.376980000000000000e+05
4.502580000000000000e+05
4.634190000000000000e+05
4.796210000000000000e+05
4.983540000000000000e+05
5.177360000000000000e+05
5.317900000000000000e+05
5.443460000000000000e+05
5.695980000000000000e+05
5.771310000000000000e+05
6.086110000000000000e+05
6.311720000000000000e+05
6.539920000000000000e+05
6.681140000000000000e+05
6.826240000000000000e+05
6.891460000000000000e+05
7.156930000000000000e+05
7.380940000000000000e+05
7.628320000000000000e+05
7.850930000000000000e+05
7.997330000000000000e+05
8.029460000000000000e+05
8.175260000000000000e+05
8.437570000000000000e+05
8.674840000000000000e+05
8.915250000000000000e+05
9.141180000000000000e+05
9.279900000000000000e+05
9.323670000000000000e+05
9.468220000000000000e+05
9.631920000000000000e+05
9.958790000000000000e+05
1.017830000000000000e+06
1.038649000000000000e+06
1.052494000000000000e+06
1.055691000000000000e+06
1.069912000000000000e+06
1.094678000000000000e+06
1.117953000000000000e+06
1.141544000000000000e+06
1.157514000000000000e+06
1.183640000000000000e+06
1.194550000000000000e+06
1.200006000000000000e+06
1.229269000000000000e+06
1.254358000000000000e+06
1.287092000000000000e+06
1.314309000000000000e+06
1.336101000000000000e+06
1.350810000000000000e+06
1.357261000000000000e+06
1.391086000000000000e+06
1.423830000000000000e+06
1.454009000000000000e+06
1.486839000000000000e+06
1.508518000000000000e+06
1.514962000000000000e+06
1.534218000000000000e+06
1.570371000000000000e+06
1.604129000000000000e+06
1.630596000000000000e+06
1.632736000000000000e+06
1.646240000000000000e+06
1.658639000000000000e+06
1.672643000000000000e+06
1.692109000000000000e+06
1.741153000000000000e+06
1.760520000000000000e+06
1.762637000000000000e+06
1.773540000000000000e+06
1.783896000000000000e+06
1.796216000000000000e+06
1.814565000000000000e+06
1.841228000000000000e+06
1.886561000000000000e+06
1.905638000000000000e+06
1.928462000000000000e+06
1.929410000000000000e+06
1.941116000000000000e+06
1.968326000000000000e+06
1.993892000000000000e+06
2.015235000000000000e+06
2.023828000000000000e+06
2.038645000000000000e+06
2.050129000000000000e+06
2.059382000000000000e+06
2.071615000000000000e+06
2.100618000000000000e+06
2.108895000000000000e+06
2.125261000000000000e+06
2.137691000000000000e+06
2.147769000000000000e+06
2.154656000000000000e+06
2.164043000000000000e+06
2.179679000000000000e+06
2.194562000000000000e+06
2.207393000000000000e+06
2.224911000000000000e+06
2.225659000000000000e+06
2.232327000000000000e+06
2.240017000000000000e+06
2.252504000000000000e+06
2.265536000000000000e+06
2.276371000000000000e+06
2.285003000000000000e+06
2.291673000000000000e+06
2.296323000000000000e+06
2.302051000000000000e+06
2.311297000000000000e+06
2.321225000000000000e+06
2.330422000000000000e+06
2.336906000000000000e+06
2.341744000000000000e+06
2.346876000000000000e+06
2.352766000000000000e+06
2.362364000000000000e+06
2.372209000000000000e+06
2.381259000000000000e+06
2.388421000000000000e+06
2.394515000000000000e+06
2.399499000000000000e+06
2.405263000000000000e+06
2.416037000000000000e+06
2.427069000000000000e+06
2.436506000000000000e+06
2.444177000000000000e+06
2.450295000000000000e+06
2.455569000000000000e+06
2.462061000000000000e+06
2.472913000000000000e+06
2.484306000000000000e+06
2.493887000000000000e+06
2.502151000000000000e+06
2.508655000000000000e+06
2.513784000000000000e+06
2.520618000000000000e+06
2.541781000000000000e+06
2.546526000000000000e+06
2.559296000000000000e+06
2.569864000000000000e+06
2.578842000000000000e+06
2.585385000000000000e+06
2.603064000000000000e+06
2.610769000000000000e+06
2.639258000000000000e+06
2.654734000000000000e+06
2.669233000000000000e+06
2.670001000000000000e+06
2.678262000000000000e+06
2.699231000000000000e+06
2.722988000000000000e+06
2.744608000000000000e+06
2.765297000000000000e+06
2.782925000000000000e+06
2.784652000000000000e+06
2.794949000000000000e+06
2.818630000000000000e+06
2.843644000000000000e+06
2.866323000000000000e+06
2.882356000000000000e+06
2.886029000000000000e+06
2.896329000000000000e+06
2.902309000000000000e+06
2.909902000000000000e+06
2.940279000000000000e+06
2.966789000000000000e+06
2.990724000000000000e+06
3.009452000000000000e+06
3.012158000000000000e+06
3.024604000000000000e+06
3.054025000000000000e+06
3.085142000000000000e+06
3.110252000000000000e+06
3.134108000000000000e+06
3.154305000000000000e+06
3.155522000000000000e+06
3.167137000000000000e+06
3.198534000000000000e+06
3.222888000000000000e+06
3.254609000000000000e+06
3.276871000000000000e+06
3.291293000000000000e+06
3.306692000000000000e+06
3.312653000000000000e+06
3.338564000000000000e+06
3.366827000000000000e+06
3.391039000000000000e+06
3.405365000000000000e+06
3.423900000000000000e+06
3.432676000000000000e+06
3.438186000000000000e+06
3.462297000000000000e+06
3.484755000000000000e+06
3.502672000000000000e+06
3.517762000000000000e+06
3.530887000000000000e+06
3.530887000000000000e+06
3.538208000000000000e+06
3.557904000000000000e+06
3.564494000000000000e+06
3.578125000000000000e+06
3.588502000000000000e+06
3.595872000000000000e+06
3.602939000000000000e+06
3.608320000000000000e+06
3.615896000000000000e+06
3.627777000000000000e+06
3.638504000000000000e+06
3.646600000000000000e+06
3.653019000000000000e+06
3.657662000000000000e+06
3.659990000000000000e+06
3.662568000000000000e+06
3.667041000000000000e+06
3.673990000000000000e+06
3.680159000000000000e+06
3.684672000000000000e+06
3.687715000000000000e+06
3.689921000000000000e+06
3.692908000000000000e+06
3.698004000000000000e+06
3.701692000000000000e+06
3.704685000000000000e+06
3.706934000000000000e+06
3.708898000000000000e+06
3.710342000000000000e+06
3.712595000000000000e+06
3.715870000000000000e+06
3.718617000000000000e+06
3.720811000000000000e+06
3.722295000000000000e+06
3.723295000000000000e+06
3.724168000000000000e+06
3.725328000000000000e+06
3.726767000000000000e+06
3.727668000000000000e+06
3.728601000000000000e+06
3.729597000000000000e+06
3.730126000000000000e+06
3.730619000000000000e+06
3.731304000000000000e+06
3.732439000000000000e+06
3.732914000000000000e+06
3.733665000000000000e+06
3.734153000000000000e+06
3.734489000000000000e+06
3.734830000000000000e+06
3.735399000000000000e+06
3.736205000000000000e+06
3.736959000000000000e+06
3.737630000000000000e+06
3.738059000000000000e+06
3.738470000000000000e+06
3.738862000000000000e+06
3.739575000000000000e+06
3.740567000000000000e+06
3.741470000000000000e+06
3.742355000000000000e+06
3.743164000000000000e+06
3.743732000000000000e+06
3.744285000000000000e+06
3.745312000000000000e+06
3.746935000000000000e+06
3.748379000000000000e+06
3.749944000000000000e+06
3.751253000000000000e+06
3.752236000000000000e+06
3.753220000000000000e+06
3.754846000000000000e+06
3.756497000000000000e+06
3.758425000000000000e+06
3.760291000000000000e+06
3.761869000000000000e+06
3.763018000000000000e+06
3.764441000000000000e+06
3.766501000000000000e+06
3.777236000000000000e+06
3.772326000000000000e+06
3.774918000000000000e+06
3.776724000000000000e+06
3.778277000000000000e+06
