0.000000000000000000e+00
0.000000000000000000e+00
0.000000000000000000e+00
0.000000000000000000e+00
0.000000000000000000e+00
0.000000000000000000e+00
0.000000000000000000e+00
0.000000000000000000e+00
0.000000000000000000e+00
0.000000000000000000e+00
0.000000000000000000e+00
0.000000000000000000e+00
0.000000000000000000e+00
0.000000000000000000e+00
0.000000000000000000e+00
0.000000000000000000e+00
0.000000000000000000e+00
0.000000000000000000e+00
0.000000000000000000e+00
0.000000000000000000e+00
0.000000000000000000e+00
0.000000000000000000e+00
0.000000000000000000e+00
0.000000000000000000e+00
0.000000000000000000e+00
0.000000000000000000e+00
0.000000000000000000e+00
0.000000000000000000e+00
0.000000000000000000e+00
0.000000000000000000e+00
0.000000000000000000e+00
0.000000000000000000e+00
0.000000000000000000e+00
0.000000000000000000e+00
0.000000000000000000e+00
0.000000000000000000e+00
0.000000000000000000e+00
0.000000000000000000e+00
1.000000000000000000e+00
1.000000000000000000e+00
1.000000000000000000e+00
1.000000000000000000e+00
1.000000000000000000e+00
1.000000000000000000e+00
1.000000000000000000e+00
1.000000000000000000e+00
1.000000000000000000e+00
1.000000000000000000e+00
1.000000000000000000e+00
3.000000000000000000e+00
3.000000000000000000e+00
4.000000000000000000e+00
6.000000000000000000e+00
9.000000000000000000e+00
1.200000000000000000e+01
1.900000000000000000e+01
2.700000000000000000e+01
3.600000000000000000e+01
4.700000000000000000e+01
6.900000000000000000e+01
1.110000000000000000e+02
1.280000000000000000e+02
1.660000000000000000e+02
2.080000000000000000e+02
2.630000000000000000e+02
2.920000000000000000e+02
3.390000000000000000e+02
3.780000000000000000e+02
4.240000000000000000e+02
4.680000000000000000e+02
5.120000000000000000e+02
5.790000000000000000e+02
6.310000000000000000e+02
6.830000000000000000e+02
7.160000000000000000e+02
7.500000000000000000e+02
7.830000000000000000e+02
8.210000000000000000e+02
8.580000000000000000e+02
8.960000000000000000e+02
9.260000000000000000e+02
9.520000000000000000e+02
9.700000000000000000e+02
9.770000000000000000e+02
9.950000000000000000e+02
1.022000000000000000e+03
1.050000000000000000e+03
1.091000000000000000e+03
1.153000000000000000e+03
1.173000000000000000e+03
1.226000000000000000e+03
1.250000000000000000e+03
1.272000000000000000e+03
1.291000000000000000e+03
1.301000000000000000e+03
1.316000000000000000e+03
1.328000000000000000e+03
1.337000000000000000e+03
1.364000000000000000e+03
1.375000000000000000e+03
1.389000000000000000e+03
1.394000000000000000e+03
1.399000000000000000e+03
1.407000000000000000e+03
1.410000000000000000e+03
1.416000000000000000e+03
1.421000000000000000e+03
1.430000000000000000e+03
1.459000000000000000e+03
1.471000000000000000e+03
1.479000000000000000e+03
1.488000000000000000e+03
1.502000000000000000e+03
1.511000000000000000e+03
1.521000000000000000e+03
1.536000000000000000e+03
1.545000000000000000e+03
1.551000000000000000e+03
1.559000000000000000e+03
1.580000000000000000e+03
1.592000000000000000e+03
1.598000000000000000e+03
1.612000000000000000e+03
1.618000000000000000e+03
1.628000000000000000e+03
1.632000000000000000e+03
1.640000000000000000e+03
1.649000000000000000e+03
1.654000000000000000e+03
1.662000000000000000e+03
1.667000000000000000e+03
1.671000000000000000e+03
1.676000000000000000e+03
1.679000000000000000e+03
1.684000000000000000e+03
1.689000000000000000e+03
1.700000000000000000e+03
1.709000000000000000e+03
1.716000000000000000e+03
1.722000000000000000e+03
1.728000000000000000e+03
1.747000000000000000e+03
1.751000000000000000e+03
1.758000000000000000e+03
1.763000000000000000e+03
1.768000000000000000e+03
1.771000000000000000e+03
1.773000000000000000e+03
1.779000000000000000e+03
1.787000000000000000e+03
1.790000000000000000e+03
1.793000000000000000e+03
1.796000000000000000e+03
1.798000000000000000e+03
1.799000000000000000e+03
1.801000000000000000e+03
1.803000000000000000e+03
1.808000000000000000e+03
1.810000000000000000e+03
1.811000000000000000e+03
1.812000000000000000e+03
1.813000000000000000e+03
1.820000000000000000e+03
1.823000000000000000e+03
1.826000000000000000e+03
1.831000000000000000e+03
1.836000000000000000e+03
1.839000000000000000e+03
1.849000000000000000e+03
1.852000000000000000e+03
1.856000000000000000e+03
1.860000000000000000e+03
1.864000000000000000e+03
1.869000000000000000e+03
1.870000000000000000e+03
1.891000000000000000e+03
1.897000000000000000e+03
1.903000000000000000e+03
1.910000000000000000e+03
1.928000000000000000e+03
1.942000000000000000e+03
1.944000000000000000e+03
1.946000000000000000e+03
1.956000000000000000e+03
1.982000000000000000e+03
1.996000000000000000e+03
2.003000000000000000e+03
2.014000000000000000e+03
2.022000000000000000e+03
2.037000000000000000e+03
2.056000000000000000e+03
2.069000000000000000e+03
2.087000000000000000e+03
2.104000000000000000e+03
2.114000000000000000e+03
2.131000000000000000e+03
2.141000000000000000e+03
2.165000000000000000e+03
2.189000000000000000e+03
2.225000000000000000e+03
2.247000000000000000e+03
2.259000000000000000e+03
2.277000000000000000e+03
2.303000000000000000e+03
2.324000000000000000e+03
2.346000000000000000e+03
2.379000000000000000e+03
2.409000000000000000e+03
2.430000000000000000e+03
2.467000000000000000e+03
2.489000000000000000e+03
2.521000000000000000e+03
2.558000000000000000e+03
2.588000000000000000e+03
2.629000000000000000e+03
2.667000000000000000e+03
2.688000000000000000e+03
2.720000000000000000e+03
2.756000000000000000e+03
2.804000000000000000e+03
2.833000000000000000e+03
2.868000000000000000e+03
2.900000000000000000e+03
2.923000000000000000e+03
2.952000000000000000e+03
2.972000000000000000e+03
2.998000000000000000e+03
3.034000000000000000e+03
3.077000000000000000e+03
3.094000000000000000e+03
3.126000000000000000e+03
3.158000000000000000e+03
3.194000000000000000e+03
3.238000000000000000e+03
3.291000000000000000e+03
3.330000000000000000e+03
3.381000000000000000e+03
3.392000000000000000e+03
3.437000000000000000e+03
3.499000000000000000e+03
3.560000000000000000e+03
3.659000000000000000e+03
3.739000000000000000e+03
3.809000000000000000e+03
3.854000000000000000e+03
3.927000000000000000e+03
4.065000000000000000e+03
4.179000000000000000e+03
4.290000000000000000e+03
4.381000000000000000e+03
4.485000000000000000e+03
4.573000000000000000e+03
4.688000000000000000e+03
4.779000000000000000e+03
4.950000000000000000e+03
5.075000000000000000e+03
5.180000000000000000e+03
5.279000000000000000e+03
5.359000000000000000e+03
5.474000000000000000e+03
5.616000000000000000e+03
5.749000000000000000e+03
5.953000000000000000e+03
6.113000000000000000e+03
6.239000000000000000e+03
6.357000000000000000e+03
6.494000000000000000e+03
6.749000000000000000e+03
7.030000000000000000e+03
7.258000000000000000e+03
7.511000000000000000e+03
7.718000000000000000e+03
7.921000000000000000e+03
8.234000000000000000e+03
8.661000000000000000e+03
9.106000000000000000e+03
9.586000000000000000e+03
1.018300000000000000e+04
1.094800000000000000e+04
1.137100000000000000e+04
1.214200000000000000e+04
1.309000000000000000e+04
1.381500000000000000e+04
1.481500000000000000e+04
1.569800000000000000e+04
1.653200000000000000e+04
1.742500000000000000e+04
1.807800000000000000e+04
1.907000000000000000e+04
2.072000000000000000e+04
2.266000000000000000e+04
2.463600000000000000e+04
2.567400000000000000e+04
2.678200000000000000e+04
2.821500000000000000e+04
2.976900000000000000e+04
3.182600000000000000e+04
3.335100000000000000e+04
3.472800000000000000e+04
3.587600000000000000e+04
3.684200000000000000e+04
3.878300000000000000e+04
4.045200000000000000e+04
4.272100000000000000e+04
4.469900000000000000e+04
4.700800000000000000e+04
4.819700000000000000e+04
4.936800000000000000e+04
5.165600000000000000e+04
5.375500000000000000e+04
5.608500000000000000e+04
5.821100000000000000e+04
6.017600000000000000e+04
6.131100000000000000e+04
6.251100000000000000e+04
6.462100000000000000e+04
6.708100000000000000e+04
6.960000000000000000e+04
7.246300000000000000e+04
7.468000000000000000e+04
7.607100000000000000e+04
7.747600000000000000e+04
8.061500000000000000e+04
8.395900000000000000e+04
8.706600000000000000e+04
9.041200000000000000e+04
9.325500000000000000e+04
9.517800000000000000e+04
9.669400000000000000e+04
1.001730000000000000e+05
1.033980000000000000e+05
1.066450000000000000e+05
1.099890000000000000e+05
1.129120000000000000e+05
1.150470000000000000e+05
1.170860000000000000e+05
1.208900000000000000e+05
1.248560000000000000e+05
1.275470000000000000e+05
1.299140000000000000e+05
1.316010000000000000e+05
1.333950000000000000e+05
1.355030000000000000e+05
1.394870000000000000e+05
1.419550000000000000e+05
1.454300000000000000e+05
1.469370000000000000e+05
1.482020000000000000e+05
1.495790000000000000e+05
1.512200000000000000e+05
1.540070000000000000e+05
1.564160000000000000e+05
1.584740000000000000e+05
1.602380000000000000e+05
1.617410000000000000e+05
1.625150000000000000e+05
1.635270000000000000e+05
1.652910000000000000e+05
1.667360000000000000e+05
1.679600000000000000e+05
1.691940000000000000e+05
1.700360000000000000e+05
1.705130000000000000e+05
1.713800000000000000e+05
1.726120000000000000e+05
1.738890000000000000e+05
1.749220000000000000e+05
1.759290000000000000e+05
1.767020000000000000e+05
1.772430000000000000e+05
1.779340000000000000e+05
1.792170000000000000e+05
1.801600000000000000e+05
1.810190000000000000e+05
1.817400000000000000e+05
1.825430000000000000e+05
1.828980000000000000e+05
1.834440000000000000e+05
1.842080000000000000e+05
1.849480000000000000e+05
1.856010000000000000e+05
1.862780000000000000e+05
1.867700000000000000e+05
1.870390000000000000e+05
1.874210000000000000e+05
1.879910000000000000e+05
1.890580000000000000e+05
1.896650000000000000e+05
1.902410000000000000e+05
1.907240000000000000e+05
1.909370000000000000e+05
1.912640000000000000e+05
1.918210000000000000e+05
1.921930000000000000e+05
1.929860000000000000e+05
1.935620000000000000e+05
1.940510000000000000e+05
1.943330000000000000e+05
1.948330000000000000e+05
1.954810000000000000e+05
1.960490000000000000e+05
1.966900000000000000e+05
1.973430000000000000e+05
1.991450000000000000e+05
1.993980000000000000e+05
1.998250000000000000e+05
2.003510000000000000e+05
2.008980000000000000e+05
2.013350000000000000e+05
2.017990000000000000e+05
2.022140000000000000e+05
2.024300000000000000e+05
2.029000000000000000e+05
2.033860000000000000e+05
2.039920000000000000e+05
2.043560000000000000e+05
2.049540000000000000e+05
2.053850000000000000e+05
2.056440000000000000e+05
2.062900000000000000e+05
2.068890000000000000e+05
2.074690000000000000e+05
2.080480000000000000e+05
2.086500000000000000e+05
2.090110000000000000e+05
2.093400000000000000e+05
2.102020000000000000e+05
2.110110000000000000e+05
2.118040000000000000e+05
2.126760000000000000e+05
2.134470000000000000e+05
2.139410000000000000e+05
2.143650000000000000e+05
2.152160000000000000e+05
2.161190000000000000e+05
2.170050000000000000e+05
2.178650000000000000e+05
2.188780000000000000e+05
2.196070000000000000e+05
2.202120000000000000e+05
2.209000000000000000e+05
2.220200000000000000e+05
2.231270000000000000e+05
2.243090000000000000e+05
2.253080000000000000e+05
2.261730000000000000e+05
2.267830000000000000e+05
2.278890000000000000e+05
2.292600000000000000e+05
2.304620000000000000e+05
2.316010000000000000e+05
2.328290000000000000e+05
2.336310000000000000e+05
2.342320000000000000e+05
2.353830000000000000e+05
2.365330000000000000e+05
2.379500000000000000e+05
2.392630000000000000e+05
2.405220000000000000e+05
2.412970000000000000e+05
2.418720000000000000e+05
2.429260000000000000e+05
2.445550000000000000e+05
2.458960000000000000e+05
2.472690000000000000e+05
2.486550000000000000e+05
2.496800000000000000e+05
2.503370000000000000e+05
2.514500000000000000e+05
2.526990000000000000e+05
2.540910000000000000e+05
2.553840000000000000e+05
2.569060000000000000e+05
2.578270000000000000e+05
2.586230000000000000e+05
2.598620000000000000e+05
2.611280000000000000e+05
2.623350000000000000e+05
2.634750000000000000e+05
2.647240000000000000e+05
2.655360000000000000e+05
2.660630000000000000e+05
2.667950000000000000e+05
2.677690000000000000e+05
2.686840000000000000e+05
2.693630000000000000e+05
2.703760000000000000e+05
2.708490000000000000e+05
2.711300000000000000e+05
2.716820000000000000e+05
2.722310000000000000e+05
2.728260000000000000e+05
2.733460000000000000e+05
2.738660000000000000e+05
2.741990000000000000e+05
2.743830000000000000e+05
2.747760000000000000e+05
2.751980000000000000e+05
2.755450000000000000e+05
2.759150000000000000e+05
2.762560000000000000e+05
2.764530000000000000e+05
2.765430000000000000e+05
2.767590000000000000e+05
2.770020000000000000e+05
2.772220000000000000e+05
2.773790000000000000e+05
2.776230000000000000e+05
2.777460000000000000e+05
2.778120000000000000e+05
2.779420000000000000e+05
2.780720000000000000e+05
2.781770000000000000e+05
2.782540000000000000e+05
2.783280000000000000e+05
2.783790000000000000e+05
2.784070000000000000e+05
2.784660000000000000e+05
2.785260000000000000e+05
2.785900000000000000e+05
2.786080000000000000e+05
2.786550000000000000e+05
2.786740000000000000e+05
2.786890000000000000e+05
2.787260000000000000e+05
2.787690000000000000e+05
2.788090000000000000e+05
2.788260000000000000e+05
2.788630000000000000e+05
2.788880000000000000e+05
2.789060000000000000e+05
2.789500000000000000e+05
2.789840000000000000e+05
2.790240000000000000e+05
2.790940000000000000e+05
2.791670000000000000e+05
2.791920000000000000e+05
2.792170000000000000e+05
2.793020000000000000e+05
2.793810000000000000e+05
2.794880000000000000e+05
2.795720000000000000e+05
2.796620000000000000e+05
2.797450000000000000e+05
2.798130000000000000e+05
2.799140000000000000e+05
2.800930000000000000e+05
2.802960000000000000e+05
2.805410000000000000e+05
2.807740000000000000e+05
2.809660000000000000e+05
2.810630000000000000e+05
2.812840000000000000e+05
2.816290000000000000e+05
2.820390000000000000e+05
2.824160000000000000e+05
2.828180000000000000e+05
2.830160000000000000e+05
