0.000000000000000000e+00
0.000000000000000000e+00
0.000000000000000000e+00
0.000000000000000000e+00
0.000000000000000000e+00
0.000000000000000000e+00
0.000000000000000000e+00
0.000000000000000000e+00
0.000000000000000000e+00
0.000000000000000000e+00
0.000000000000000000e+00
0.000000000000000000e+00
0.000000000000000000e+00
0.000000000000000000e+00
0.000000000000000000e+00
0.000000000000000000e+00
0.000000000000000000e+00
0.000000000000000000e+00
0.000000000000000000e+00
0.000000000000000000e+00
0.000000000000000000e+00
0.000000000000000000e+00
0.000000000000000000e+00
0.000000000000000000e+00
0.000000000000000000e+00
0.000000000000000000e+00
0.000000000000000000e+00
0.000000000000000000e+00
0.000000000000000000e+00
0.000000000000000000e+00
0.000000000000000000e+00
0.000000000000000000e+00
0.000000000000000000e+00
0.000000000000000000e+00
0.000000000000000000e+00
0.000000000000000000e+00
0.000000000000000000e+00
0.000000000000000000e+00
1.000000000000000000e+00
0.000000000000000000e+00
0.000000000000000000e+00
0.000000000000000000e+00
0.000000000000000000e+00
0.000000000000000000e+00
0.000000000000000000e+00
0.000000000000000000e+00
0.000000000000000000e+00
0.000000000000000000e+00
0.000000000000000000e+00
2.000000000000000000e+00
0.000000000000000000e+00
1.000000000000000000e+00
2.000000000000000000e+00
3.000000000000000000e+00
3.000000000000000000e+00
7.000000000000000000e+00
8.000000000000000000e+00
9.000000000000000000e+00
1.100000000000000000e+01
2.200000000000000000e+01
4.200000000000000000e+01
1.700000000000000000e+01
3.800000000000000000e+01
4.200000000000000000e+01
5.500000000000000000e+01
2.900000000000000000e+01
4.700000000000000000e+01
3.900000000000000000e+01
4.600000000000000000e+01
4.400000000000000000e+01
4.400000000000000000e+01
6.700000000000000000e+01
5.200000000000000000e+01
5.200000000000000000e+01
3.300000000000000000e+01
3.400000000000000000e+01
3.300000000000000000e+01
3.800000000000000000e+01
3.700000000000000000e+01
3.800000000000000000e+01
3.000000000000000000e+01
2.600000000000000000e+01
1.800000000000000000e+01
7.000000000000000000e+00
1.800000000000000000e+01
2.700000000000000000e+01
2.800000000000000000e+01
4.100000000000000000e+01
6.200000000000000000e+01
2.000000000000000000e+01
5.300000000000000000e+01
2.400000000000000000e+01
2.200000000000000000e+01
1.900000000000000000e+01
1.000000000000000000e+01
1.500000000000000000e+01
1.200000000000000000e+01
9.000000000000000000e+00
2.700000000000000000e+01
1.100000000000000000e+01
1.400000000000000000e+01
5.000000000000000000e+00
5.000000000000000000e+00
8.000000000000000000e+00
3.000000000000000000e+00
6.000000000000000000e+00
5.000000000000000000e+00
9.000000000000000000e+00
2.900000000000000000e+01
1.200000000000000000e+01
8.000000000000000000e+00
9.000000000000000000e+00
1.400000000000000000e+01
9.000000000000000000e+00
1.000000000000000000e+01
1.500000000000000000e+01
9.000000000000000000e+00
6.000000000000000000e+00
8.000000000000000000e+00
2.100000000000000000e+01
1.200000000000000000e+01
6.000000000000000000e+00
1.400000000000000000e+01
6.000000000000000000e+00
1.000000000000000000e+01
4.000000000000000000e+00
8.000000000000000000e+00
9.000000000000000000e+00
5.000000000000000000e+00
8.000000000000000000e+00
5.000000000000000000e+00
4.000000000000000000e+00
5.000000000000000000e+00
3.000000000000000000e+00
5.000000000000000000e+00
5.000000000000000000e+00
1.100000000000000000e+01
9.000000000000000000e+00
7.000000000000000000e+00
6.000000000000000000e+00
6.000000000000000000e+00
1.900000000000000000e+01
4.000000000000000000e+00
7.000000000000000000e+00
5.000000000000000000e+00
5.000000000000000000e+00
3.000000000000000000e+00
2.000000000000000000e+00
6.000000000000000000e+00
8.000000000000000000e+00
3.000000000000000000e+00
3.000000000000000000e+00
3.000000000000000000e+00
2.000000000000000000e+00
1.000000000000000000e+00
2.000000000000000000e+00
2.000000000000000000e+00
5.000000000000000000e+00
2.000000000000000000e+00
1.000000000000000000e+00
1.000000000000000000e+00
1.000000000000000000e+00
7.000000000000000000e+00
3.000000000000000000e+00
3.000000000000000000e+00
5.000000000000000000e+00
5.000000000000000000e+00
3.000000000000000000e+00
1.000000000000000000e+01
3.000000000000000000e+00
4.000000000000000000e+00
4.000000000000000000e+00
4.000000000000000000e+00
5.000000000000000000e+00
1.000000000000000000e+00
2.100000000000000000e+01
6.000000000000000000e+00
6.000000000000000000e+00
7.000000000000000000e+00
1.800000000000000000e+01
1.400000000000000000e+01
2.000000000000000000e+00
2.000000000000000000e+00
1.000000000000000000e+01
2.600000000000000000e+01
1.400000000000000000e+01
7.000000000000000000e+00
1.100000000000000000e+01
8.000000000000000000e+00
1.500000000000000000e+01
1.900000000000000000e+01
1.300000000000000000e+01
1.800000000000000000e+01
1.700000000000000000e+01
1.000000000000000000e+01
1.700000000000000000e+01
1.000000000000000000e+01
2.400000000000000000e+01
2.400000000000000000e+01
3.600000000000000000e+01
2.200000000000000000e+01
1.200000000000000000e+01
1.800000000000000000e+01
2.600000000000000000e+01
2.100000000000000000e+01
2.200000000000000000e+01
3.300000000000000000e+01
3.000000000000000000e+01
2.100000000000000000e+01
3.700000000000000000e+01
2.200000000000000000e+01
3.200000000000000000e+01
3.700000000000000000e+01
3.000000000000000000e+01
4.100000000000000000e+01
3.800000000000000000e+01
2.100000000000000000e+01
3.200000000000000000e+01
3.600000000000000000e+01
4.800000000000000000e+01
2.900000000000000000e+01
3.500000000000000000e+01
3.200000000000000000e+01
2.300000000000000000e+01
2.900000000000000000e+01
2.000000000000000000e+01
2.600000000000000000e+01
3.600000000000000000e+01
4.300000000000000000e+01
1.700000000000000000e+01
3.200000000000000000e+01
3.200000000000000000e+01
3.600000000000000000e+01
4.400000000000000000e+01
5.300000000000000000e+01
3.900000000000000000e+01
5.100000000000000000e+01
1.100000000000000000e+01
4.500000000000000000e+01
6.200000000000000000e+01
6.100000000000000000e+01
9.900000000000000000e+01
8.000000000000000000e+01
7.000000000000000000e+01
4.500000000000000000e+01
7.300000000000000000e+01
1.380000000000000000e+02
1.140000000000000000e+02
1.110000000000000000e+02
9.100000000000000000e+01
1.040000000000000000e+02
8.800000000000000000e+01
1.150000000000000000e+02
9.100000000000000000e+01
1.710000000000000000e+02
1.250000000000000000e+02
1.050000000000000000e+02
9.900000000000000000e+01
8.000000000000000000e+01
1.150000000000000000e+02
1.420000000000000000e+02
1.330000000000000000e+02
2.040000000000000000e+02
1.600000000000000000e+02
1.260000000000000000e+02
1.180000000000000000e+02
1.370000000000000000e+02
2.550000000000000000e+02
2.810000000000000000e+02
2.280000000000000000e+02
2.530000000000000000e+02
2.070000000000000000e+02
2.030000000000000000e+02
3.130000000000000000e+02
4.270000000000000000e+02
4.450000000000000000e+02
4.800000000000000000e+02
5.970000000000000000e+02
7.650000000000000000e+02
4.230000000000000000e+02
7.710000000000000000e+02
9.480000000000000000e+02
7.250000000000000000e+02
1.000000000000000000e+03
8.830000000000000000e+02
8.340000000000000000e+02
8.930000000000000000e+02
6.530000000000000000e+02
9.920000000000000000e+02
1.650000000000000000e+03
1.940000000000000000e+03
1.976000000000000000e+03
1.038000000000000000e+03
1.108000000000000000e+03
1.433000000000000000e+03
1.554000000000000000e+03
2.057000000000000000e+03
1.525000000000000000e+03
1.377000000000000000e+03
1.148000000000000000e+03
9.660000000000000000e+02
1.941000000000000000e+03
1.669000000000000000e+03
2.269000000000000000e+03
1.978000000000000000e+03
2.309000000000000000e+03
1.189000000000000000e+03
1.171000000000000000e+03
2.288000000000000000e+03
2.099000000000000000e+03
2.330000000000000000e+03
2.126000000000000000e+03
1.965000000000000000e+03
1.135000000000000000e+03
1.200000000000000000e+03
2.110000000000000000e+03
2.460000000000000000e+03
2.519000000000000000e+03
2.863000000000000000e+03
2.217000000000000000e+03
1.391000000000000000e+03
1.405000000000000000e+03
3.139000000000000000e+03
3.344000000000000000e+03
3.107000000000000000e+03
3.346000000000000000e+03
2.843000000000000000e+03
1.923000000000000000e+03
1.516000000000000000e+03
3.479000000000000000e+03
3.225000000000000000e+03
3.247000000000000000e+03
3.344000000000000000e+03
2.923000000000000000e+03
2.135000000000000000e+03
2.039000000000000000e+03
3.804000000000000000e+03
3.966000000000000000e+03
2.691000000000000000e+03
2.367000000000000000e+03
1.687000000000000000e+03
1.794000000000000000e+03
2.108000000000000000e+03
3.984000000000000000e+03
2.468000000000000000e+03
3.475000000000000000e+03
1.507000000000000000e+03
1.265000000000000000e+03
1.377000000000000000e+03
1.641000000000000000e+03
2.787000000000000000e+03
2.409000000000000000e+03
2.058000000000000000e+03
1.764000000000000000e+03
1.503000000000000000e+03
7.740000000000000000e+02
1.012000000000000000e+03
1.764000000000000000e+03
1.445000000000000000e+03
1.224000000000000000e+03
1.234000000000000000e+03
8.420000000000000000e+02
4.770000000000000000e+02
8.670000000000000000e+02
1.232000000000000000e+03
1.277000000000000000e+03
1.033000000000000000e+03
1.007000000000000000e+03
7.730000000000000000e+02
5.410000000000000000e+02
6.910000000000000000e+02
1.283000000000000000e+03
9.430000000000000000e+02
8.590000000000000000e+02
7.210000000000000000e+02
8.030000000000000000e+02
3.550000000000000000e+02
5.460000000000000000e+02
7.640000000000000000e+02
7.400000000000000000e+02
6.530000000000000000e+02
6.770000000000000000e+02
4.920000000000000000e+02
2.690000000000000000e+02
3.820000000000000000e+02
5.700000000000000000e+02
1.067000000000000000e+03
6.070000000000000000e+02
5.760000000000000000e+02
4.830000000000000000e+02
2.130000000000000000e+02
3.270000000000000000e+02
5.570000000000000000e+02
3.720000000000000000e+02
7.930000000000000000e+02
5.760000000000000000e+02
4.890000000000000000e+02
2.820000000000000000e+02
5.000000000000000000e+02
6.480000000000000000e+02
5.680000000000000000e+02
6.410000000000000000e+02
6.530000000000000000e+02
1.802000000000000000e+03
2.530000000000000000e+02
4.270000000000000000e+02
5.260000000000000000e+02
5.470000000000000000e+02
4.370000000000000000e+02
4.640000000000000000e+02
4.150000000000000000e+02
2.160000000000000000e+02
4.700000000000000000e+02
4.860000000000000000e+02
6.060000000000000000e+02
3.640000000000000000e+02
5.980000000000000000e+02
4.310000000000000000e+02
2.590000000000000000e+02
6.460000000000000000e+02
5.990000000000000000e+02
5.800000000000000000e+02
5.790000000000000000e+02
6.020000000000000000e+02
3.610000000000000000e+02
3.290000000000000000e+02
8.620000000000000000e+02
8.090000000000000000e+02
7.930000000000000000e+02
8.720000000000000000e+02
7.710000000000000000e+02
4.940000000000000000e+02
4.240000000000000000e+02
8.510000000000000000e+02
9.030000000000000000e+02
8.860000000000000000e+02
8.600000000000000000e+02
1.013000000000000000e+03
7.290000000000000000e+02
6.050000000000000000e+02
6.880000000000000000e+02
1.120000000000000000e+03
1.107000000000000000e+03
1.182000000000000000e+03
9.990000000000000000e+02
8.650000000000000000e+02
6.100000000000000000e+02
1.106000000000000000e+03
1.371000000000000000e+03
1.202000000000000000e+03
1.139000000000000000e+03
1.228000000000000000e+03
8.020000000000000000e+02
6.010000000000000000e+02
1.151000000000000000e+03
1.150000000000000000e+03
1.417000000000000000e+03
1.313000000000000000e+03
1.259000000000000000e+03
7.750000000000000000e+02
5.750000000000000000e+02
1.054000000000000000e+03
1.629000000000000000e+03
1.341000000000000000e+03
1.373000000000000000e+03
1.386000000000000000e+03
1.025000000000000000e+03
6.570000000000000000e+02
1.113000000000000000e+03
1.249000000000000000e+03
1.392000000000000000e+03
1.293000000000000000e+03
1.522000000000000000e+03
9.210000000000000000e+02
7.960000000000000000e+02
1.239000000000000000e+03
1.266000000000000000e+03
1.207000000000000000e+03
1.140000000000000000e+03
1.249000000000000000e+03
8.120000000000000000e+02
5.270000000000000000e+02
7.320000000000000000e+02
9.740000000000000000e+02
9.150000000000000000e+02
6.790000000000000000e+02
1.013000000000000000e+03
4.730000000000000000e+02
2.810000000000000000e+02
5.520000000000000000e+02
5.490000000000000000e+02
5.950000000000000000e+02
5.200000000000000000e+02
5.200000000000000000e+02
3.330000000000000000e+02
1.840000000000000000e+02
3.930000000000000000e+02
4.220000000000000000e+02
3.470000000000000000e+02
3.700000000000000000e+02
3.410000000000000000e+02
1.970000000000000000e+02
9.000000000000000000e+01
2.160000000000000000e+02
2.430000000000000000e+02
2.200000000000000000e+02
1.570000000000000000e+02
2.440000000000000000e+02
1.230000000000000000e+02
6.600000000000000000e+01
1.300000000000000000e+02
1.300000000000000000e+02
1.050000000000000000e+02
7.700000000000000000e+01
7.400000000000000000e+01
5.100000000000000000e+01
2.800000000000000000e+01
5.900000000000000000e+01
6.000000000000000000e+01
6.400000000000000000e+01
1.800000000000000000e+01
4.700000000000000000e+01
1.900000000000000000e+01
1.500000000000000000e+01
3.700000000000000000e+01
4.300000000000000000e+01
4.000000000000000000e+01
1.700000000000000000e+01
3.700000000000000000e+01
2.500000000000000000e+01
1.800000000000000000e+01
4.400000000000000000e+01
3.400000000000000000e+01
4.000000000000000000e+01
7.000000000000000000e+01
7.300000000000000000e+01
2.500000000000000000e+01
2.500000000000000000e+01
8.500000000000000000e+01
7.900000000000000000e+01
1.070000000000000000e+02
8.400000000000000000e+01
9.000000000000000000e+01
8.300000000000000000e+01
6.800000000000000000e+01
1.010000000000000000e+02
1.790000000000000000e+02
2.030000000000000000e+02
2.450000000000000000e+02
2.330000000000000000e+02
1.920000000000000000e+02
9.700000000000000000e+01
2.210000000000000000e+02
3.450000000000000000e+02
4.100000000000000000e+02
3.770000000000000000e+02
4.020000000000000000e+02
1.980000000000000000e+02
