0.000000000000000000e+00
0.000000000000000000e+00
0.000000000000000000e+00
0.000000000000000000e+00
0.000000000000000000e+00
0.000000000000000000e+00
0.000000000000000000e+00
0.000000000000000000e+00
0.000000000000000000e+00
0.000000000000000000e+00
0.000000000000000000e+00
0.000000000000000000e+00
0.000000000000000000e+00
0.000000000000000000e+00
0.000000000000000000e+00
0.000000000000000000e+00
0.000000000000000000e+00
0.000000000000000000e+00
0.000000000000000000e+00
0.000000000000000000e+00
0.000000000000000000e+00
0.000000000000000000e+00
0.000000000000000000e+00
0.000000000000000000e+00
0.000000000000000000e+00
0.000000000000000000e+00
0.000000000000000000e+00
0.000000000000000000e+00
0.000000000000000000e+00
0.000000000000000000e+00
0.000000000000000000e+00
0.000000000000000000e+00
0.000000000000000000e+00
0.000000000000000000e+00
0.000000000000000000e+00
0.000000000000000000e+00
0.000000000000000000e+00
0.000000000000000000e+00
0.000000000000000000e+00
0.000000000000000000e+00
0.000000000000000000e+00
0.000000000000000000e+00
0.000000000000000000e+00
0.000000000000000000e+00
0.000000000000000000e+00
0.000000000000000000e+00
0.000000000000000000e+00
0.000000000000000000e+00
0.000000000000000000e+00
0.000000000000000000e+00
0.000000000000000000e+00
0.000000000000000000e+00
0.000000000000000000e+00
1.000000000000000000e+00
1.000000000000000000e+00
1.000000000000000000e+00
4.000000000000000000e+00
6.000000000000000000e+00
6.000000000000000000e+00
6.000000000000000000e+00
6.000000000000000000e+00
9.000000000000000000e+00
9.000000000000000000e+00
9.000000000000000000e+00
1.200000000000000000e+01
1.200000000000000000e+01
1.200000000000000000e+01
1.200000000000000000e+01
1.200000000000000000e+01
1.200000000000000000e+01
1.500000000000000000e+01
1.500000000000000000e+01
1.600000000000000000e+01
1.600000000000000000e+01
1.600000000000000000e+01
1.600000000000000000e+01
1.600000000000000000e+01
1.800000000000000000e+01
1.800000000000000000e+01
1.800000000000000000e+01
1.800000000000000000e+01
2.100000000000000000e+01
2.100000000000000000e+01
4.100000000000000000e+01
5.100000000000000000e+01
5.100000000000000000e+01
7.900000000000000000e+01
7.900000000000000000e+01
7.900000000000000000e+01
7.900000000000000000e+01
8.300000000000000000e+01
8.400000000000000000e+01
8.400000000000000000e+01
2.140000000000000000e+02
2.580000000000000000e+02
2.580000000000000000e+02
2.580000000000000000e+02
3.150000000000000000e+02
3.150000000000000000e+02
3.150000000000000000e+02
3.150000000000000000e+02
3.150000000000000000e+02
3.150000000000000000e+02
3.150000000000000000e+02
3.150000000000000000e+02
4.390000000000000000e+02
4.390000000000000000e+02
4.390000000000000000e+02
4.390000000000000000e+02
4.390000000000000000e+02
4.390000000000000000e+02
4.390000000000000000e+02
5.220000000000000000e+02
5.830000000000000000e+02
5.940000000000000000e+02
5.940000000000000000e+02
5.940000000000000000e+02
7.190000000000000000e+02
8.250000000000000000e+02
8.900000000000000000e+02
9.030000000000000000e+02
9.600000000000000000e+02
9.600000000000000000e+02
9.600000000000000000e+02
1.043000000000000000e+03
1.043000000000000000e+03
1.043000000000000000e+03
1.043000000000000000e+03
1.306000000000000000e+03
1.306000000000000000e+03
1.306000000000000000e+03
1.306000000000000000e+03
1.306000000000000000e+03
1.306000000000000000e+03
1.306000000000000000e+03
1.306000000000000000e+03
1.306000000000000000e+03
1.306000000000000000e+03
1.306000000000000000e+03
1.306000000000000000e+03
1.306000000000000000e+03
1.306000000000000000e+03
1.306000000000000000e+03
1.306000000000000000e+03
1.306000000000000000e+03
1.306000000000000000e+03
1.664000000000000000e+03
1.664000000000000000e+03
1.664000000000000000e+03
1.664000000000000000e+03
1.664000000000000000e+03
1.664000000000000000e+03
1.664000000000000000e+03
1.664000000000000000e+03
1.664000000000000000e+03
2.001000000000000000e+03
2.001000000000000000e+03
2.001000000000000000e+03
2.001000000000000000e+03
2.001000000000000000e+03
2.001000000000000000e+03
2.001000000000000000e+03
3.071000000000000000e+03
3.071000000000000000e+03
3.071000000000000000e+03
3.071000000000000000e+03
3.071000000000000000e+03
3.071000000000000000e+03
3.071000000000000000e+03
3.071000000000000000e+03
3.071000000000000000e+03
3.071000000000000000e+03
3.071000000000000000e+03
3.071000000000000000e+03
3.071000000000000000e+03
3.071000000000000000e+03
3.071000000000000000e+03
3.071000000000000000e+03
3.071000000000000000e+03
3.071000000000000000e+03
3.071000000000000000e+03
3.071000000000000000e+03
3.071000000000000000e+03
3.071000000000000000e+03
3.071000000000000000e+03
3.071000000000000000e+03
3.071000000000000000e+03
3.071000000000000000e+03
3.071000000000000000e+03
3.071000000000000000e+03
3.071000000000000000e+03
4.821000000000000000e+03
4.821000000000000000e+03
4.821000000000000000e+03
4.821000000000000000e+03
4.821000000000000000e+03
4.821000000000000000e+03
4.821000000000000000e+03
4.821000000000000000e+03
4.821000000000000000e+03
4.821000000000000000e+03
4.821000000000000000e+03
4.821000000000000000e+03
4.821000000000000000e+03
4.821000000000000000e+03
4.821000000000000000e+03
4.821000000000000000e+03
4.821000000000000000e+03
4.821000000000000000e+03
4.821000000000000000e+03
4.892000000000000000e+03
4.892000000000000000e+03
4.926000000000000000e+03
4.926000000000000000e+03
4.926000000000000000e+03
4.926000000000000000e+03
4.926000000000000000e+03
4.928000000000000000e+03
4.928000000000000000e+03
4.941000000000000000e+03
4.941000000000000000e+03
4.941000000000000000e+03
4.941000000000000000e+03
4.965000000000000000e+03
4.965000000000000000e+03
4.965000000000000000e+03
4.972000000000000000e+03
4.972000000000000000e+03
4.972000000000000000e+03
4.985000000000000000e+03
4.985000000000000000e+03
4.990000000000000000e+03
4.990000000000000000e+03
4.996000000000000000e+03
4.996000000000000000e+03
4.996000000000000000e+03
5.000000000000000000e+03
5.000000000000000000e+03
5.000000000000000000e+03
5.002000000000000000e+03
5.002000000000000000e+03
5.002000000000000000e+03
5.002000000000000000e+03
5.002000000000000000e+03
5.018000000000000000e+03
5.018000000000000000e+03
5.018000000000000000e+03
5.018000000000000000e+03
5.028000000000000000e+03
5.028000000000000000e+03
5.028000000000000000e+03
5.030000000000000000e+03
5.030000000000000000e+03
5.045000000000000000e+03
5.045000000000000000e+03
5.045000000000000000e+03
5.045000000000000000e+03
5.045000000000000000e+03
5.052000000000000000e+03
5.052000000000000000e+03
5.062000000000000000e+03
5.063000000000000000e+03
5.063000000000000000e+03
5.063000000000000000e+03
5.066000000000000000e+03
5.066000000000000000e+03
5.068000000000000000e+03
5.068000000000000000e+03
5.068000000000000000e+03
5.070000000000000000e+03
5.070000000000000000e+03
5.070000000000000000e+03
5.074000000000000000e+03
5.074000000000000000e+03
5.074000000000000000e+03
5.074000000000000000e+03
5.079000000000000000e+03
5.079000000000000000e+03
5.079000000000000000e+03
5.083000000000000000e+03
5.083000000000000000e+03
5.083000000000000000e+03
5.083000000000000000e+03
5.088000000000000000e+03
5.088000000000000000e+03
5.089000000000000000e+03
5.089000000000000000e+03
5.089000000000000000e+03
5.092000000000000000e+03
5.092000000000000000e+03
5.092000000000000000e+03
5.092000000000000000e+03
5.092000000000000000e+03
5.102000000000000000e+03
5.102000000000000000e+03
5.104000000000000000e+03
5.104000000000000000e+03
5.104000000000000000e+03
5.104000000000000000e+03
5.104000000000000000e+03
5.121000000000000000e+03
5.121000000000000000e+03
5.121000000000000000e+03
5.121000000000000000e+03
5.130000000000000000e+03
5.130000000000000000e+03
5.137000000000000000e+03
5.137000000000000000e+03
5.137000000000000000e+03
5.146000000000000000e+03
5.146000000000000000e+03
5.153000000000000000e+03
5.153000000000000000e+03
5.153000000000000000e+03
5.156000000000000000e+03
5.156000000000000000e+03
5.159000000000000000e+03
5.159000000000000000e+03
5.159000000000000000e+03
5.159000000000000000e+03
5.166000000000000000e+03
5.166000000000000000e+03
5.183000000000000000e+03
5.183000000000000000e+03
5.183000000000000000e+03
5.185000000000000000e+03
5.185000000000000000e+03
5.185000000000000000e+03
5.195000000000000000e+03
5.195000000000000000e+03
5.214000000000000000e+03
5.214000000000000000e+03
5.214000000000000000e+03
5.214000000000000000e+03
5.231000000000000000e+03
5.231000000000000000e+03
5.236000000000000000e+03
5.236000000000000000e+03
5.236000000000000000e+03
5.236000000000000000e+03
5.248000000000000000e+03
5.248000000000000000e+03
5.248000000000000000e+03
5.264000000000000000e+03
5.277000000000000000e+03
5.277000000000000000e+03
5.277000000000000000e+03
5.277000000000000000e+03
5.279000000000000000e+03
5.279000000000000000e+03
5.286000000000000000e+03
5.286000000000000000e+03
5.289000000000000000e+03
5.289000000000000000e+03
5.289000000000000000e+03
5.296000000000000000e+03
5.296000000000000000e+03
5.316000000000000000e+03
5.316000000000000000e+03
5.316000000000000000e+03
5.356000000000000000e+03
5.356000000000000000e+03
5.365000000000000000e+03
5.365000000000000000e+03
5.365000000000000000e+03
5.365000000000000000e+03
5.401000000000000000e+03
5.401000000000000000e+03
5.401000000000000000e+03
5.454000000000000000e+03
5.454000000000000000e+03
5.492000000000000000e+03
5.492000000000000000e+03
5.516000000000000000e+03
5.516000000000000000e+03
5.516000000000000000e+03
5.534000000000000000e+03
5.534000000000000000e+03
5.534000000000000000e+03
5.534000000000000000e+03
5.578000000000000000e+03
5.578000000000000000e+03
5.578000000000000000e+03
5.614000000000000000e+03
5.614000000000000000e+03
5.658000000000000000e+03
5.663000000000000000e+03
5.663000000000000000e+03
5.694000000000000000e+03
5.694000000000000000e+03
5.694000000000000000e+03
5.694000000000000000e+03
5.694000000000000000e+03
5.747000000000000000e+03
5.747000000000000000e+03
5.798000000000000000e+03
5.798000000000000000e+03
5.798000000000000000e+03
5.852000000000000000e+03
5.852000000000000000e+03
5.852000000000000000e+03
5.957000000000000000e+03
6.005000000000000000e+03
6.005000000000000000e+03
6.095000000000000000e+03
6.095000000000000000e+03
6.210000000000000000e+03
6.210000000000000000e+03
6.210000000000000000e+03
6.329000000000000000e+03
6.329000000000000000e+03
6.371000000000000000e+03
6.371000000000000000e+03
6.371000000000000000e+03
6.456000000000000000e+03
6.456000000000000000e+03
6.562000000000000000e+03
6.562000000000000000e+03
6.562000000000000000e+03
6.603000000000000000e+03
6.603000000000000000e+03
6.666000000000000000e+03
6.666000000000000000e+03
6.736000000000000000e+03
6.736000000000000000e+03
6.780000000000000000e+03
6.780000000000000000e+03
6.851000000000000000e+03
6.851000000000000000e+03
6.851000000000000000e+03
6.902000000000000000e+03
6.902000000000000000e+03
6.914000000000000000e+03
6.914000000000000000e+03
6.914000000000000000e+03
7.008000000000000000e+03
7.008000000000000000e+03
7.008000000000000000e+03
7.008000000000000000e+03
7.059000000000000000e+03
7.059000000000000000e+03
7.059000000000000000e+03
7.059000000000000000e+03
7.059000000000000000e+03
7.219000000000000000e+03
7.219000000000000000e+03
7.219000000000000000e+03
7.219000000000000000e+03
7.259000000000000000e+03
7.259000000000000000e+03
7.259000000000000000e+03
7.259000000000000000e+03
7.259000000000000000e+03
7.259000000000000000e+03
7.505000000000000000e+03
7.505000000000000000e+03
7.505000000000000000e+03
7.559000000000000000e+03
7.559000000000000000e+03
7.559000000000000000e+03
7.559000000000000000e+03
7.559000000000000000e+03
7.559000000000000000e+03
7.694000000000000000e+03
7.694000000000000000e+03
7.694000000000000000e+03
7.694000000000000000e+03
7.694000000000000000e+03
7.694000000000000000e+03
7.694000000000000000e+03
7.694000000000000000e+03
7.694000000000000000e+03
7.694000000000000000e+03
7.694000000000000000e+03
7.694000000000000000e+03
7.694000000000000000e+03
7.694000000000000000e+03
7.694000000000000000e+03
7.694000000000000000e+03
7.694000000000000000e+03
7.694000000000000000e+03
7.694000000000000000e+03
7.694000000000000000e+03
7.694000000000000000e+03
8.436000000000000000e+03
8.436000000000000000e+03
8.436000000000000000e+03
8.436000000000000000e+03
8.476000000000000000e+03
8.476000000000000000e+03
8.476000000000000000e+03
8.476000000000000000e+03
8.476000000000000000e+03
8.529000000000000000e+03
8.529000000000000000e+03
8.529000000000000000e+03
8.572000000000000000e+03
8.572000000000000000e+03
8.572000000000000000e+03
8.572000000000000000e+03
8.626000000000000000e+03
8.626000000000000000e+03
8.626000000000000000e+03
8.640000000000000000e+03
8.640000000000000000e+03
8.640000000000000000e+03
8.640000000000000000e+03
8.650000000000000000e+03
8.650000000000000000e+03
8.662000000000000000e+03
8.662000000000000000e+03
8.662000000000000000e+03
8.680000000000000000e+03
8.698000000000000000e+03
8.698000000000000000e+03
8.698000000000000000e+03
8.708000000000000000e+03
8.708000000000000000e+03
8.708000000000000000e+03
8.712000000000000000e+03
8.712000000000000000e+03
8.723000000000000000e+03
8.723000000000000000e+03
8.723000000000000000e+03
8.734000000000000000e+03
8.734000000000000000e+03
8.742000000000000000e+03
8.742000000000000000e+03
8.759000000000000000e+03
8.759000000000000000e+03
8.759000000000000000e+03
8.775000000000000000e+03
8.775000000000000000e+03
8.790000000000000000e+03
8.790000000000000000e+03
8.790000000000000000e+03
8.790000000000000000e+03
8.815000000000000000e+03
8.815000000000000000e+03
8.828000000000000000e+03
8.828000000000000000e+03
8.828000000000000000e+03
8.828000000000000000e+03
8.828000000000000000e+03
8.828000000000000000e+03
8.848000000000000000e+03
8.848000000000000000e+03
8.848000000000000000e+03
8.863000000000000000e+03
8.863000000000000000e+03
8.863000000000000000e+03
8.863000000000000000e+03
8.880000000000000000e+03
8.880000000000000000e+03
8.880000000000000000e+03
8.880000000000000000e+03
8.880000000000000000e+03
8.880000000000000000e+03
