0.000000000000000000e+00
0.000000000000000000e+00
0.000000000000000000e+00
0.000000000000000000e+00
0.000000000000000000e+00
0.000000000000000000e+00
0.000000000000000000e+00
0.000000000000000000e+00
0.000000000000000000e+00
0.000000000000000000e+00
0.000000000000000000e+00
0.000000000000000000e+00
0.000000000000000000e+00
0.000000000000000000e+00
0.000000000000000000e+00
0.000000000000000000e+00
0.000000000000000000e+00
0.000000000000000000e+00
0.000000000000000000e+00
0.000000000000000000e+00
0.000000000000000000e+00
0.000000000000000000e+00
0.000000000000000000e+00
0.000000000000000000e+00
0.000000000000000000e+00
0.000000000000000000e+00
0.000000000000000000e+00
0.000000000000000000e+00
0.000000000000000000e+00
0.000000000000000000e+00
0.000000000000000000e+00
0.000000000000000000e+00
0.000000000000000000e+00
0.000000000000000000e+00
0.000000000000000000e+00
0.000000000000000000e+00
0.000000000000000000e+00
0.000000000000000000e+00
0.000000000000000000e+00
0.000000000000000000e+00
0.000000000000000000e+00
0.000000000000000000e+00
0.000000000000000000e+00
0.000000000000000000e+00
0.000000000000000000e+00
0.000000000000000000e+00
0.000000000000000000e+00
0.000000000000000000e+00
0.000000000000000000e+00
0.000000000000000000e+00
0.000000000000000000e+00
0.000000000000000000e+00
0.000000000000000000e+00
0.000000000000000000e+00
0.000000000000000000e+00
0.000000000000000000e+00
0.000000000000000000e+00
0.000000000000000000e+00
3.000000000000000000e+00
3.000000000000000000e+00
3.000000000000000000e+00
1.200000000000000000e+01
1.700000000000000000e+01
1.900000000000000000e+01
2.300000000000000000e+01
2.600000000000000000e+01
2.600000000000000000e+01
3.900000000000000000e+01
4.300000000000000000e+01
5.700000000000000000e+01
5.700000000000000000e+01
5.900000000000000000e+01
7.000000000000000000e+01
7.000000000000000000e+01
7.200000000000000000e+01
8.200000000000000000e+01
8.800000000000000000e+01
9.300000000000000000e+01
9.300000000000000000e+01
9.300000000000000000e+01
1.020000000000000000e+02
1.060000000000000000e+02
1.060000000000000000e+02
1.080000000000000000e+02
1.100000000000000000e+02
1.110000000000000000e+02
1.170000000000000000e+02
1.200000000000000000e+02
1.210000000000000000e+02
1.210000000000000000e+02
1.210000000000000000e+02
1.210000000000000000e+02
1.210000000000000000e+02
1.220000000000000000e+02
1.230000000000000000e+02
1.240000000000000000e+02
1.280000000000000000e+02
1.280000000000000000e+02
1.280000000000000000e+02
1.280000000000000000e+02
1.320000000000000000e+02
1.350000000000000000e+02
1.490000000000000000e+02
1.490000000000000000e+02
1.510000000000000000e+02
1.580000000000000000e+02
1.930000000000000000e+02
1.930000000000000000e+02
1.930000000000000000e+02
1.930000000000000000e+02
1.860000000000000000e+02
1.860000000000000000e+02
2.120000000000000000e+02
2.300000000000000000e+02
2.380000000000000000e+02
2.830000000000000000e+02
3.040000000000000000e+02
3.220000000000000000e+02
3.260000000000000000e+02
3.710000000000000000e+02
4.050000000000000000e+02
4.480000000000000000e+02
4.880000000000000000e+02
5.270000000000000000e+02
5.420000000000000000e+02
5.860000000000000000e+02
6.120000000000000000e+02
6.560000000000000000e+02
6.980000000000000000e+02
7.580000000000000000e+02
7.710000000000000000e+02
8.260000000000000000e+02
8.450000000000000000e+02
9.080000000000000000e+02
9.570000000000000000e+02
9.750000000000000000e+02
1.026000000000000000e+03
1.052000000000000000e+03
1.094000000000000000e+03
1.138000000000000000e+03
1.162000000000000000e+03
1.203000000000000000e+03
1.240000000000000000e+03
1.252000000000000000e+03
1.272000000000000000e+03
1.290000000000000000e+03
1.317000000000000000e+03
1.378000000000000000e+03
1.403000000000000000e+03
1.443000000000000000e+03
1.503000000000000000e+03
1.596000000000000000e+03
1.640000000000000000e+03
1.724000000000000000e+03
1.787000000000000000e+03
1.829000000000000000e+03
1.922000000000000000e+03
2.005000000000000000e+03
2.078000000000000000e+03
2.138000000000000000e+03
2.214000000000000000e+03
2.303000000000000000e+03
2.403000000000000000e+03
2.512000000000000000e+03
2.728000000000000000e+03
2.941000000000000000e+03
3.250000000000000000e+03
3.472000000000000000e+03
3.573000000000000000e+03
3.782000000000000000e+03
4.143000000000000000e+03
4.578000000000000000e+03
4.867000000000000000e+03
5.080000000000000000e+03
5.343000000000000000e+03
5.605000000000000000e+03
6.089000000000000000e+03
6.467000000000000000e+03
6.849000000000000000e+03
7.049000000000000000e+03
7.153000000000000000e+03
7.548000000000000000e+03
8.162000000000000000e+03
8.381000000000000000e+03
8.741000000000000000e+03
8.866000000000000000e+03
9.295000000000000000e+03
9.690000000000000000e+03
1.010400000000000000e+04
1.031700000000000000e+04
1.074800000000000000e+04
1.086800000000000000e+04
1.127300000000000000e+04
1.152800000000000000e+04
1.166000000000000000e+04
1.189500000000000000e+04
1.222200000000000000e+04
1.252600000000000000e+04
1.270800000000000000e+04
1.292200000000000000e+04
1.308600000000000000e+04
1.320200000000000000e+04
1.331700000000000000e+04
1.339700000000000000e+04
1.352200000000000000e+04
1.364300000000000000e+04
1.372400000000000000e+04
1.382700000000000000e+04
1.388600000000000000e+04
1.400900000000000000e+04
1.407400000000000000e+04
1.415400000000000000e+04
1.421800000000000000e+04
1.427700000000000000e+04
1.432700000000000000e+04
1.440200000000000000e+04
1.447500000000000000e+04
1.455400000000000000e+04
1.459200000000000000e+04
1.469600000000000000e+04
1.479100000000000000e+04
1.484300000000000000e+04
1.486300000000000000e+04
1.495700000000000000e+04
1.502300000000000000e+04
1.510600000000000000e+04
1.518700000000000000e+04
1.526900000000000000e+04
1.531900000000000000e+04
1.535200000000000000e+04
1.543500000000000000e+04
1.552000000000000000e+04
1.562400000000000000e+04
1.566900000000000000e+04
1.573700000000000000e+04
1.575700000000000000e+04
1.576900000000000000e+04
1.580300000000000000e+04
1.587100000000000000e+04
1.592500000000000000e+04
1.597100000000000000e+04
1.602000000000000000e+04
1.605300000000000000e+04
1.607300000000000000e+04
1.613600000000000000e+04
1.616700000000000000e+04
1.619100000000000000e+04
1.622100000000000000e+04
1.625700000000000000e+04
1.628500000000000000e+04
1.634800000000000000e+04
1.637700000000000000e+04
1.640800000000000000e+04
1.645400000000000000e+04
1.649300000000000000e+04
1.652900000000000000e+04
1.655800000000000000e+04
1.657000000000000000e+04
1.660000000000000000e+04
1.663300000000000000e+04
1.665400000000000000e+04
1.667600000000000000e+04
1.670200000000000000e+04
1.671800000000000000e+04
1.672600000000000000e+04
1.675400000000000000e+04
1.675400000000000000e+04
1.675400000000000000e+04
1.675400000000000000e+04
1.681000000000000000e+04
1.681000000000000000e+04
1.681000000000000000e+04
1.681000000000000000e+04
1.681000000000000000e+04
1.681000000000000000e+04
1.681000000000000000e+04
1.696800000000000000e+04
1.696800000000000000e+04
1.696800000000000000e+04
1.696800000000000000e+04
1.696800000000000000e+04
1.696800000000000000e+04
1.696800000000000000e+04
1.711100000000000000e+04
1.711100000000000000e+04
1.711100000000000000e+04
1.711100000000000000e+04
1.711100000000000000e+04
1.711100000000000000e+04
1.711100000000000000e+04
1.711100000000000000e+04
1.722300000000000000e+04
1.722300000000000000e+04
1.722300000000000000e+04
1.722300000000000000e+04
1.722300000000000000e+04
1.722300000000000000e+04
1.722300000000000000e+04
1.731000000000000000e+04
1.731000000000000000e+04
1.731000000000000000e+04
1.731000000000000000e+04
1.731000000000000000e+04
1.731000000000000000e+04
1.731000000000000000e+04
1.734100000000000000e+04
1.734100000000000000e+04
1.734100000000000000e+04
1.734100000000000000e+04
1.734100000000000000e+04
1.734100000000000000e+04
1.734100000000000000e+04
1.734100000000000000e+04
1.734100000000000000e+04
1.734100000000000000e+04
1.734100000000000000e+04
1.734100000000000000e+04
1.734100000000000000e+04
1.747300000000000000e+04
1.747300000000000000e+04
1.747300000000000000e+04
1.747300000000000000e+04
1.747300000000000000e+04
1.747300000000000000e+04
1.747300000000000000e+04
1.758700000000000000e+04
1.758700000000000000e+04
1.758700000000000000e+04
1.758700000000000000e+04
1.758700000000000000e+04
1.758700000000000000e+04
1.758700000000000000e+04
1.758700000000000000e+04
1.763300000000000000e+04
1.763300000000000000e+04
1.763300000000000000e+04
1.763300000000000000e+04
1.763300000000000000e+04
1.763300000000000000e+04
1.763300000000000000e+04
1.771400000000000000e+04
1.771400000000000000e+04
1.771400000000000000e+04
1.771400000000000000e+04
1.771400000000000000e+04
1.771400000000000000e+04
1.776700000000000000e+04
1.776700000000000000e+04
1.776700000000000000e+04
1.776700000000000000e+04
1.776700000000000000e+04
1.776700000000000000e+04
1.776700000000000000e+04
1.776700000000000000e+04
1.800100000000000000e+04
1.800100000000000000e+04
1.800100000000000000e+04
1.800100000000000000e+04
1.800100000000000000e+04
1.800100000000000000e+04
1.800100000000000000e+04
1.830100000000000000e+04
1.830100000000000000e+04
1.830100000000000000e+04
1.830100000000000000e+04
1.830100000000000000e+04
1.830100000000000000e+04
1.830100000000000000e+04
1.874300000000000000e+04
1.874300000000000000e+04
1.874300000000000000e+04
1.874300000000000000e+04
1.874300000000000000e+04
1.874300000000000000e+04
1.874300000000000000e+04
1.906500000000000000e+04
1.906500000000000000e+04
1.906500000000000000e+04
1.906500000000000000e+04
1.906500000000000000e+04
1.906500000000000000e+04
1.906500000000000000e+04
1.936000000000000000e+04
1.936000000000000000e+04
1.936000000000000000e+04
1.936000000000000000e+04
1.936000000000000000e+04
1.936000000000000000e+04
1.936000000000000000e+04
1.959800000000000000e+04
1.959800000000000000e+04
1.959800000000000000e+04
1.959800000000000000e+04
1.959800000000000000e+04
1.959800000000000000e+04
1.959800000000000000e+04
1.983100000000000000e+04
1.983100000000000000e+04
1.983100000000000000e+04
1.983100000000000000e+04
1.983100000000000000e+04
1.983100000000000000e+04
1.983100000000000000e+04
1.983100000000000000e+04
1.983100000000000000e+04
1.983100000000000000e+04
1.983100000000000000e+04
1.983100000000000000e+04
1.983100000000000000e+04
2.015500000000000000e+04
2.015500000000000000e+04
2.015500000000000000e+04
2.015500000000000000e+04
2.015500000000000000e+04
2.015500000000000000e+04
2.015500000000000000e+04
2.135600000000000000e+04
2.135600000000000000e+04
2.158700000000000000e+04
2.168800000000000000e+04
2.182600000000000000e+04
2.199900000000000000e+04
2.211300000000000000e+04
2.227500000000000000e+04
2.248400000000000000e+04
2.261600000000000000e+04
2.268200000000000000e+04
2.284400000000000000e+04
2.304000000000000000e+04
2.323000000000000000e+04
2.342400000000000000e+04
2.358500000000000000e+04
2.396900000000000000e+04
2.426400000000000000e+04
2.442600000000000000e+04
2.469600000000000000e+04
2.496800000000000000e+04
2.526200000000000000e+04
2.557200000000000000e+04
2.570900000000000000e+04
2.587400000000000000e+04
2.612700000000000000e+04
2.647500000000000000e+04
2.703400000000000000e+04
2.754800000000000000e+04
2.806300000000000000e+04
2.854100000000000000e+04
2.876500000000000000e+04
2.934800000000000000e+04
3.020700000000000000e+04
3.103900000000000000e+04
3.161700000000000000e+04
3.220500000000000000e+04
3.279800000000000000e+04
3.320200000000000000e+04
3.359200000000000000e+04
3.406900000000000000e+04
3.477500000000000000e+04
3.526200000000000000e+04
3.574600000000000000e+04
3.604500000000000000e+04
3.619000000000000000e+04
3.651000000000000000e+04
3.669600000000000000e+04
3.701400000000000000e+04
3.729600000000000000e+04
3.763000000000000000e+04
3.775100000000000000e+04
3.798900000000000000e+04
3.811600000000000000e+04
3.833700000000000000e+04
3.864100000000000000e+04
3.887400000000000000e+04
3.901200000000000000e+04
3.916200000000000000e+04
3.935100000000000000e+04
3.951000000000000000e+04
3.975900000000000000e+04
3.988800000000000000e+04
4.000500000000000000e+04
4.014100000000000000e+04
4.020400000000000000e+04
4.032600000000000000e+04
4.038500000000000000e+04
4.051900000000000000e+04
4.069200000000000000e+04
4.078000000000000000e+04
4.087600000000000000e+04
4.095400000000000000e+04
4.099900000000000000e+04
4.106100000000000000e+04
4.110200000000000000e+04
4.118400000000000000e+04
4.123400000000000000e+04
4.126600000000000000e+04
4.134200000000000000e+04
4.136600000000000000e+04
4.141900000000000000e+04
4.148800000000000000e+04
4.154000000000000000e+04
4.163100000000000000e+04
4.169000000000000000e+04
4.174200000000000000e+04
4.175800000000000000e+04
4.178600000000000000e+04
4.184000000000000000e+04
4.186900000000000000e+04
4.189400000000000000e+04
4.193300000000000000e+04
4.194800000000000000e+04
4.196600000000000000e+04
4.199800000000000000e+04
4.203400000000000000e+04
4.207600000000000000e+04
4.208700000000000000e+04
4.212300000000000000e+04
4.213700000000000000e+04
4.213700000000000000e+04
4.216100000000000000e+04
4.216600000000000000e+04
4.219400000000000000e+04
4.219400000000000000e+04
4.219400000000000000e+04
4.219400000000000000e+04
4.220700000000000000e+04
4.221600000000000000e+04
4.224700000000000000e+04
4.226400000000000000e+04
4.228800000000000000e+04
4.231100000000000000e+04
4.232900000000000000e+04
4.233700000000000000e+04
4.235800000000000000e+04
4.237600000000000000e+04
4.239200000000000000e+04
4.239200000000000000e+04
4.239200000000000000e+04
4.239200000000000000e+04
4.246200000000000000e+04
4.246200000000000000e+04
4.247900000000000000e+04
4.249500000000000000e+04
4.252000000000000000e+04
4.253600000000000000e+04
4.253800000000000000e+04
4.255100000000000000e+04
4.255800000000000000e+04
4.256100000000000000e+04
4.258100000000000000e+04
4.259000000000000000e+04
4.259900000000000000e+04
4.259900000000000000e+04
4.260700000000000000e+04
4.261500000000000000e+04
4.264500000000000000e+04
4.265200000000000000e+04
4.266300000000000000e+04
4.266500000000000000e+04
