0.000000000000000000e+00
0.000000000000000000e+00
0.000000000000000000e+00
0.000000000000000000e+00
0.000000000000000000e+00
0.000000000000000000e+00
0.000000000000000000e+00
0.000000000000000000e+00
0.000000000000000000e+00
0.000000000000000000e+00
0.000000000000000000e+00
0.000000000000000000e+00
0.000000000000000000e+00
0.000000000000000000e+00
0.000000000000000000e+00
0.000000000000000000e+00
0.000000000000000000e+00
0.000000000000000000e+00
0.000000000000000000e+00
0.000000000000000000e+00
0.000000000000000000e+00
0.000000000000000000e+00
0.000000000000000000e+00
0.000000000000000000e+00
0.000000000000000000e+00
0.000000000000000000e+00
0.000000000000000000e+00
0.000000000000000000e+00
0.000000000000000000e+00
0.000000000000000000e+00
0.000000000000000000e+00
0.000000000000000000e+00
0.000000000000000000e+00
0.000000000000000000e+00
0.000000000000000000e+00
0.000000000000000000e+00
0.000000000000000000e+00
0.000000000000000000e+00
0.000000000000000000e+00
0.000000000000000000e+00
1.000000000000000000e+00
1.000000000000000000e+00
1.000000000000000000e+00
5.000000000000000000e+00
5.000000000000000000e+00
5.000000000000000000e+00
1.100000000000000000e+01
1.500000000000000000e+01
2.000000000000000000e+01
2.100000000000000000e+01
4.500000000000000000e+01
8.600000000000000000e+01
1.030000000000000000e+02
1.030000000000000000e+02
1.180000000000000000e+02
1.710000000000000000e+02
1.710000000000000000e+02
2.740000000000000000e+02
3.440000000000000000e+02
3.920000000000000000e+02
5.110000000000000000e+02
5.620000000000000000e+02
7.670000000000000000e+02
9.000000000000000000e+02
1.012000000000000000e+03
1.104000000000000000e+03
1.203000000000000000e+03
1.299000000000000000e+03
1.453000000000000000e+03
1.563000000000000000e+03
1.720000000000000000e+03
1.885000000000000000e+03
2.039000000000000000e+03
2.179000000000000000e+03
2.402000000000000000e+03
2.605000000000000000e+03
2.795000000000000000e+03
2.932000000000000000e+03
3.287000000000000000e+03
3.651000000000000000e+03
4.033000000000000000e+03
4.462000000000000000e+03
4.934000000000000000e+03
5.369000000000000000e+03
5.862000000000000000e+03
6.380000000000000000e+03
7.142000000000000000e+03
8.274000000000000000e+03
9.362000000000000000e+03
1.048400000000000000e+04
1.163100000000000000e+04
1.277200000000000000e+04
1.393000000000000000e+04
1.510200000000000000e+04
1.629900000000000000e+04
1.752200000000000000e+04
1.881100000000000000e+04
2.007700000000000000e+04
2.140200000000000000e+04
2.275300000000000000e+04
2.409700000000000000e+04
2.545900000000000000e+04
2.701100000000000000e+04
2.865600000000000000e+04
3.025100000000000000e+04
3.193800000000000000e+04
3.373100000000000000e+04
3.543200000000000000e+04
3.713600000000000000e+04
3.904800000000000000e+04
4.101400000000000000e+04
4.292500000000000000e+04
4.483000000000000000e+04
4.686900000000000000e+04
4.917600000000000000e+04
5.201600000000000000e+04
5.475200000000000000e+04
5.734500000000000000e+04
5.985400000000000000e+04
6.254500000000000000e+04
6.507700000000000000e+04
6.771900000000000000e+04
7.016100000000000000e+04
7.256000000000000000e+04
7.479500000000000000e+04
7.672600000000000000e+04
7.854100000000000000e+04
8.018500000000000000e+04
8.176600000000000000e+04
8.338400000000000000e+04
8.526100000000000000e+04
8.714200000000000000e+04
8.901100000000000000e+04
9.118200000000000000e+04
9.315700000000000000e+04
9.574800000000000000e+04
9.886900000000000000e+04
1.019140000000000000e+05
1.052830000000000000e+05
1.085710000000000000e+05
1.122880000000000000e+05
1.160210000000000000e+05
1.199420000000000000e+05
1.233080000000000000e+05
1.275410000000000000e+05
1.320480000000000000e+05
1.363150000000000000e+05
1.412340000000000000e+05
1.459910000000000000e+05
1.502920000000000000e+05
1.542330000000000000e+05
1.576120000000000000e+05
1.610050000000000000e+05
1.641440000000000000e+05
1.672670000000000000e+05
1.706390000000000000e+05
1.745770000000000000e+05
1.785040000000000000e+05
1.824930000000000000e+05
1.864360000000000000e+05
1.908230000000000000e+05
1.942250000000000000e+05
1.976080000000000000e+05
2.018010000000000000e+05
2.059290000000000000e+05
2.095090000000000000e+05
2.137160000000000000e+05
2.171080000000000000e+05
2.201440000000000000e+05
2.233270000000000000e+05
2.264860000000000000e+05
2.294800000000000000e+05
2.322590000000000000e+05
2.351110000000000000e+05
2.378030000000000000e+05
2.404740000000000000e+05
2.432380000000000000e+05
2.458510000000000000e+05
2.484160000000000000e+05
2.509200000000000000e+05
2.533490000000000000e+05
2.558250000000000000e+05
2.581560000000000000e+05
2.603940000000000000e+05
2.627720000000000000e+05
2.649730000000000000e+05
2.669410000000000000e+05
2.689340000000000000e+05
2.708310000000000000e+05
2.725900000000000000e+05
2.742190000000000000e+05
2.759050000000000000e+05
2.774780000000000000e+05
2.788350000000000000e+05
2.800930000000000000e+05
2.814560000000000000e+05
2.828240000000000000e+05
2.842260000000000000e+05
2.857930000000000000e+05
2.872620000000000000e+05
2.886900000000000000e+05
2.899470000000000000e+05
2.914680000000000000e+05
2.930370000000000000e+05
2.945190000000000000e+05
2.959020000000000000e+05
2.973150000000000000e+05
2.985420000000000000e+05
2.999140000000000000e+05
3.013230000000000000e+05
3.026860000000000000e+05
3.039730000000000000e+05
3.051860000000000000e+05
3.063700000000000000e+05
3.074790000000000000e+05
3.086540000000000000e+05
3.097680000000000000e+05
3.108360000000000000e+05
3.118550000000000000e+05
3.129240000000000000e+05
3.139110000000000000e+05
3.148210000000000000e+05
3.157720000000000000e+05
3.166700000000000000e+05
3.174860000000000000e+05
3.183190000000000000e+05
3.191410000000000000e+05
3.199320000000000000e+05
3.206880000000000000e+05
3.214560000000000000e+05
3.222370000000000000e+05
3.230120000000000000e+05
3.237200000000000000e+05
3.244070000000000000e+05
3.250500000000000000e+05
3.256510000000000000e+05
3.262580000000000000e+05
3.269300000000000000e+05
3.275510000000000000e+05
3.281440000000000000e+05
3.287200000000000000e+05
3.292710000000000000e+05
3.297540000000000000e+05
3.302460000000000000e+05
3.307980000000000000e+05
3.313590000000000000e+05
3.318570000000000000e+05
3.323290000000000000e+05
3.327900000000000000e+05
3.331930000000000000e+05
3.336480000000000000e+05
3.341870000000000000e+05
3.346050000000000000e+05
3.350970000000000000e+05
3.355780000000000000e+05
3.359970000000000000e+05
3.363870000000000000e+05
3.367660000000000000e+05
3.372430000000000000e+05
3.377110000000000000e+05
3.381320000000000000e+05
3.385390000000000000e+05
3.389440000000000000e+05
3.392670000000000000e+05
3.396150000000000000e+05
3.400890000000000000e+05
3.405900000000000000e+05
3.410620000000000000e+05
3.414950000000000000e+05
3.418540000000000000e+05
3.422020000000000000e+05
3.425830000000000000e+05
3.429680000000000000e+05
3.433730000000000000e+05
3.437740000000000000e+05
3.441570000000000000e+05
3.445520000000000000e+05
3.448750000000000000e+05
3.452320000000000000e+05
3.456310000000000000e+05
3.460470000000000000e+05
3.464820000000000000e+05
3.468800000000000000e+05
3.472820000000000000e+05
3.476560000000000000e+05
3.480370000000000000e+05
3.485100000000000000e+05
3.489360000000000000e+05
3.493860000000000000e+05
3.498220000000000000e+05
3.502290000000000000e+05
3.505920000000000000e+05
3.509840000000000000e+05
3.514550000000000000e+05
3.518490000000000000e+05
3.521600000000000000e+05
3.526010000000000000e+05
3.529500000000000000e+05
3.532550000000000000e+05
3.535560000000000000e+05
3.539180000000000000e+05
3.542080000000000000e+05
3.545270000000000000e+05
3.548130000000000000e+05
3.550340000000000000e+05
3.552580000000000000e+05
3.554890000000000000e+05
3.557410000000000000e+05
3.560670000000000000e+05
3.563890000000000000e+05
3.566910000000000000e+05
3.569110000000000000e+05
3.571280000000000000e+05
3.573600000000000000e+05
3.576230000000000000e+05
3.578720000000000000e+05
3.581020000000000000e+05
3.583360000000000000e+05
3.585260000000000000e+05
3.587130000000000000e+05
3.589220000000000000e+05
3.591150000000000000e+05
3.592740000000000000e+05
3.594150000000000000e+05
3.595830000000000000e+05
3.597490000000000000e+05
3.598880000000000000e+05
3.600130000000000000e+05
3.601550000000000000e+05
3.603350000000000000e+05
3.605160000000000000e+05
3.606900000000000000e+05
3.608480000000000000e+05
3.610100000000000000e+05
3.611780000000000000e+05
3.613590000000000000e+05
3.615360000000000000e+05
3.617250000000000000e+05
3.619030000000000000e+05
3.620660000000000000e+05
3.622200000000000000e+05
3.623390000000000000e+05
3.624880000000000000e+05
3.626010000000000000e+05
3.627410000000000000e+05
3.628780000000000000e+05
3.629790000000000000e+05
3.630610000000000000e+05
3.631550000000000000e+05
3.632590000000000000e+05
3.633770000000000000e+05
3.634850000000000000e+05
3.635820000000000000e+05
3.636920000000000000e+05
3.638090000000000000e+05
3.639490000000000000e+05
3.640960000000000000e+05
3.642710000000000000e+05
3.644400000000000000e+05
3.646130000000000000e+05
3.647530000000000000e+05
3.649290000000000000e+05
3.650990000000000000e+05
3.653250000000000000e+05
3.655630000000000000e+05
3.657750000000000000e+05
3.659880000000000000e+05
3.661850000000000000e+05
3.663710000000000000e+05
3.665840000000000000e+05
3.668070000000000000e+05
3.670230000000000000e+05
3.672760000000000000e+05
3.675430000000000000e+05
3.678130000000000000e+05
3.680740000000000000e+05
3.683290000000000000e+05
3.686390000000000000e+05
3.689450000000000000e+05
3.692480000000000000e+05
3.695750000000000000e+05
3.699610000000000000e+05
3.702780000000000000e+05
3.706340000000000000e+05
3.709870000000000000e+05
3.713560000000000000e+05
3.717200000000000000e+05
3.720730000000000000e+05
3.724100000000000000e+05
3.727320000000000000e+05
3.730460000000000000e+05
3.733680000000000000e+05
3.737020000000000000e+05
3.740290000000000000e+05
3.743660000000000000e+05
3.746910000000000000e+05
3.750060000000000000e+05
3.753330000000000000e+05
3.756680000000000000e+05
3.760210000000000000e+05
3.763770000000000000e+05
3.767230000000000000e+05
3.770610000000000000e+05
3.773830000000000000e+05
3.777000000000000000e+05
3.780020000000000000e+05
3.783330000000000000e+05
3.787080000000000000e+05
3.790920000000000000e+05
3.794740000000000000e+05
3.798310000000000000e+05
3.801820000000000000e+05
3.805720000000000000e+05
3.809580000000000000e+05
3.813480000000000000e+05
3.817080000000000000e+05
3.820590000000000000e+05
3.824070000000000000e+05
3.827520000000000000e+05
3.831060000000000000e+05
3.834990000000000000e+05
3.838800000000000000e+05
3.842710000000000000e+05
3.846530000000000000e+05
3.850200000000000000e+05
3.854240000000000000e+05
3.858340000000000000e+05
3.863000000000000000e+05
3.867820000000000000e+05
3.872920000000000000e+05
3.877940000000000000e+05
3.883250000000000000e+05
3.888660000000000000e+05
3.894220000000000000e+05
3.900070000000000000e+05
3.905970000000000000e+05
3.913250000000000000e+05
3.920090000000000000e+05
3.926820000000000000e+05
3.933770000000000000e+05
3.941690000000000000e+05
3.949520000000000000e+05
3.958540000000000000e+05
3.967580000000000000e+05
3.976360000000000000e+05
3.984350000000000000e+05
3.992770000000000000e+05
4.002280000000000000e+05
4.011570000000000000e+05
4.021420000000000000e+05
4.031060000000000000e+05
4.040540000000000000e+05
4.049700000000000000e+05
4.059400000000000000e+05
4.070100000000000000e+05
4.080380000000000000e+05
4.090930000000000000e+05
4.101910000000000000e+05
4.112630000000000000e+05
4.122160000000000000e+05
4.131740000000000000e+05
4.142190000000000000e+05
4.152810000000000000e+05
4.163070000000000000e+05
4.173630000000000000e+05
4.184110000000000000e+05
4.193480000000000000e+05
4.203010000000000000e+05
4.213000000000000000e+05
4.223160000000000000e+05
4.234060000000000000e+05
4.244450000000000000e+05
4.254420000000000000e+05
4.263840000000000000e+05
4.273700000000000000e+05
4.283690000000000000e+05
4.293890000000000000e+05
4.305050000000000000e+05
4.314320000000000000e+05
4.322690000000000000e+05
4.330940000000000000e+05
4.339800000000000000e+05
4.350270000000000000e+05
4.362390000000000000e+05
4.375690000000000000e+05
4.387050000000000000e+05
4.398470000000000000e+05
4.409140000000000000e+05
4.420710000000000000e+05
4.434600000000000000e+05
4.447800000000000000e+05
4.459630000000000000e+05
4.471780000000000000e+05
4.482840000000000000e+05
4.491910000000000000e+05
4.504360000000000000e+05
4.516870000000000000e+05
4.529560000000000000e+05
4.542170000000000000e+05
4.554180000000000000e+05
4.565620000000000000e+05
4.575460000000000000e+05
4.587070000000000000e+05
4.599680000000000000e+05
4.612420000000000000e+05
4.612420000000000000e+05
4.637030000000000000e+05
4.647800000000000000e+05
4.657970000000000000e+05
4.669060000000000000e+05
4.681750000000000000e+05
4.694140000000000000e+05
4.707230000000000000e+05
4.719590000000000000e+05
4.731120000000000000e+05
4.741910000000000000e+05
4.754030000000000000e+05
4.768820000000000000e+05
4.781350000000000000e+05
4.793900000000000000e+05
4.807020000000000000e+05
4.820030000000000000e+05
4.832210000000000000e+05
4.845390000000000000e+05
4.861060000000000000e+05
4.875920000000000000e+05
4.891260000000000000e+05
4.904640000000000000e+05
4.916120000000000000e+05
4.927850000000000000e+05
4.940320000000000000e+05
4.953090000000000000e+05
4.965160000000000000e+05
4.977730000000000000e+05
4.989060000000000000e+05
5.000830000000000000e+05
5.011950000000000000e+05
5.024390000000000000e+05
5.037340000000000000e+05
5.049600000000000000e+05
5.061250000000000000e+05
5.074230000000000000e+05
5.085210000000000000e+05
5.095760000000000000e+05
5.108690000000000000e+05
5.121420000000000000e+05
5.132840000000000000e+05
5.144460000000000000e+05
5.156930000000000000e+05
5.169490000000000000e+05
5.181430000000000000e+05
5.193950000000000000e+05
5.207740000000000000e+05
5.221080000000000000e+05
5.221080000000000000e+05
5.221080000000000000e+05
5.257300000000000000e+05
5.268140000000000000e+05
