0.000000000000000000e+00
0.000000000000000000e+00
0.000000000000000000e+00
0.000000000000000000e+00
0.000000000000000000e+00
0.000000000000000000e+00
0.000000000000000000e+00
0.000000000000000000e+00
0.000000000000000000e+00
0.000000000000000000e+00
0.000000000000000000e+00
0.000000000000000000e+00
0.000000000000000000e+00
0.000000000000000000e+00
0.000000000000000000e+00
0.000000000000000000e+00
0.000000000000000000e+00
0.000000000000000000e+00
0.000000000000000000e+00
0.000000000000000000e+00
0.000000000000000000e+00
0.000000000000000000e+00
0.000000000000000000e+00
0.000000000000000000e+00
0.000000000000000000e+00
0.000000000000000000e+00
0.000000000000000000e+00
0.000000000000000000e+00
0.000000000000000000e+00
0.000000000000000000e+00
0.000000000000000000e+00
0.000000000000000000e+00
0.000000000000000000e+00
0.000000000000000000e+00
0.000000000000000000e+00
0.000000000000000000e+00
0.000000000000000000e+00
0.000000000000000000e+00
0.000000000000000000e+00
0.000000000000000000e+00
1.000000000000000000e+00
0.000000000000000000e+00
0.000000000000000000e+00
4.000000000000000000e+00
0.000000000000000000e+00
0.000000000000000000e+00
6.000000000000000000e+00
4.000000000000000000e+00
5.000000000000000000e+00
1.000000000000000000e+00
2.400000000000000000e+01
4.100000000000000000e+01
1.700000000000000000e+01
0.000000000000000000e+00
1.500000000000000000e+01
5.300000000000000000e+01
0.000000000000000000e+00
1.030000000000000000e+02
7.000000000000000000e+01
4.800000000000000000e+01
1.190000000000000000e+02
5.100000000000000000e+01
2.050000000000000000e+02
1.330000000000000000e+02
1.120000000000000000e+02
9.200000000000000000e+01
9.900000000000000000e+01
9.600000000000000000e+01
1.540000000000000000e+02
1.100000000000000000e+02
1.570000000000000000e+02
1.650000000000000000e+02
1.540000000000000000e+02
1.400000000000000000e+02
2.230000000000000000e+02
2.030000000000000000e+02
1.900000000000000000e+02
1.370000000000000000e+02
3.550000000000000000e+02
3.640000000000000000e+02
3.820000000000000000e+02
4.290000000000000000e+02
4.720000000000000000e+02
4.350000000000000000e+02
4.930000000000000000e+02
5.180000000000000000e+02
7.620000000000000000e+02
1.132000000000000000e+03
1.088000000000000000e+03
1.122000000000000000e+03
1.147000000000000000e+03
1.141000000000000000e+03
1.158000000000000000e+03
1.172000000000000000e+03
1.197000000000000000e+03
1.223000000000000000e+03
1.289000000000000000e+03
1.266000000000000000e+03
1.325000000000000000e+03
1.351000000000000000e+03
1.344000000000000000e+03
1.362000000000000000e+03
1.552000000000000000e+03
1.645000000000000000e+03
1.595000000000000000e+03
1.687000000000000000e+03
1.793000000000000000e+03
1.701000000000000000e+03
1.704000000000000000e+03
1.912000000000000000e+03
1.966000000000000000e+03
1.911000000000000000e+03
1.905000000000000000e+03
2.039000000000000000e+03
2.307000000000000000e+03
2.840000000000000000e+03
2.736000000000000000e+03
2.593000000000000000e+03
2.509000000000000000e+03
2.691000000000000000e+03
2.532000000000000000e+03
2.642000000000000000e+03
2.442000000000000000e+03
2.399000000000000000e+03
2.235000000000000000e+03
1.931000000000000000e+03
1.815000000000000000e+03
1.644000000000000000e+03
1.581000000000000000e+03
1.618000000000000000e+03
1.877000000000000000e+03
1.881000000000000000e+03
1.869000000000000000e+03
2.171000000000000000e+03
1.975000000000000000e+03
2.591000000000000000e+03
3.121000000000000000e+03
3.045000000000000000e+03
3.369000000000000000e+03
3.288000000000000000e+03
3.717000000000000000e+03
3.733000000000000000e+03
3.921000000000000000e+03
3.366000000000000000e+03
4.233000000000000000e+03
4.507000000000000000e+03
4.267000000000000000e+03
4.919000000000000000e+03
4.757000000000000000e+03
4.301000000000000000e+03
3.941000000000000000e+03
3.379000000000000000e+03
3.393000000000000000e+03
3.139000000000000000e+03
3.123000000000000000e+03
3.372000000000000000e+03
3.938000000000000000e+03
3.927000000000000000e+03
3.989000000000000000e+03
3.943000000000000000e+03
4.387000000000000000e+03
3.402000000000000000e+03
3.383000000000000000e+03
4.193000000000000000e+03
4.128000000000000000e+03
3.580000000000000000e+03
4.207000000000000000e+03
3.392000000000000000e+03
3.036000000000000000e+03
3.183000000000000000e+03
3.159000000000000000e+03
2.994000000000000000e+03
2.779000000000000000e+03
2.852000000000000000e+03
2.692000000000000000e+03
2.671000000000000000e+03
2.764000000000000000e+03
2.613000000000000000e+03
2.565000000000000000e+03
2.504000000000000000e+03
2.429000000000000000e+03
2.476000000000000000e+03
2.331000000000000000e+03
2.238000000000000000e+03
2.378000000000000000e+03
2.201000000000000000e+03
1.968000000000000000e+03
1.993000000000000000e+03
1.897000000000000000e+03
1.759000000000000000e+03
1.629000000000000000e+03
1.686000000000000000e+03
1.573000000000000000e+03
1.357000000000000000e+03
1.258000000000000000e+03
1.363000000000000000e+03
1.368000000000000000e+03
1.402000000000000000e+03
1.567000000000000000e+03
1.469000000000000000e+03
1.428000000000000000e+03
1.257000000000000000e+03
1.521000000000000000e+03
1.569000000000000000e+03
1.482000000000000000e+03
1.383000000000000000e+03
1.413000000000000000e+03
1.227000000000000000e+03
1.372000000000000000e+03
1.409000000000000000e+03
1.363000000000000000e+03
1.287000000000000000e+03
1.213000000000000000e+03
1.184000000000000000e+03
1.109000000000000000e+03
1.175000000000000000e+03
1.114000000000000000e+03
1.068000000000000000e+03
1.019000000000000000e+03
1.069000000000000000e+03
9.870000000000000000e+02
9.100000000000000000e+02
9.510000000000000000e+02
8.980000000000000000e+02
8.160000000000000000e+02
8.330000000000000000e+02
8.220000000000000000e+02
7.910000000000000000e+02
7.560000000000000000e+02
7.680000000000000000e+02
7.810000000000000000e+02
7.750000000000000000e+02
7.080000000000000000e+02
6.870000000000000000e+02
6.430000000000000000e+02
6.010000000000000000e+02
6.070000000000000000e+02
6.720000000000000000e+02
6.210000000000000000e+02
5.930000000000000000e+02
5.760000000000000000e+02
5.510000000000000000e+02
4.830000000000000000e+02
4.920000000000000000e+02
5.520000000000000000e+02
5.610000000000000000e+02
4.980000000000000000e+02
4.720000000000000000e+02
4.610000000000000000e+02
4.030000000000000000e+02
4.550000000000000000e+02
5.390000000000000000e+02
4.180000000000000000e+02
4.920000000000000000e+02
4.810000000000000000e+02
4.190000000000000000e+02
3.900000000000000000e+02
3.790000000000000000e+02
4.770000000000000000e+02
4.680000000000000000e+02
4.210000000000000000e+02
4.070000000000000000e+02
4.050000000000000000e+02
3.230000000000000000e+02
3.480000000000000000e+02
4.740000000000000000e+02
5.010000000000000000e+02
4.720000000000000000e+02
4.330000000000000000e+02
3.590000000000000000e+02
3.480000000000000000e+02
3.810000000000000000e+02
3.850000000000000000e+02
4.050000000000000000e+02
4.010000000000000000e+02
3.830000000000000000e+02
3.950000000000000000e+02
3.230000000000000000e+02
3.570000000000000000e+02
3.990000000000000000e+02
4.160000000000000000e+02
4.350000000000000000e+02
3.980000000000000000e+02
4.020000000000000000e+02
3.740000000000000000e+02
3.810000000000000000e+02
4.730000000000000000e+02
4.260000000000000000e+02
4.500000000000000000e+02
4.360000000000000000e+02
4.070000000000000000e+02
3.630000000000000000e+02
3.920000000000000000e+02
4.710000000000000000e+02
3.940000000000000000e+02
3.110000000000000000e+02
4.410000000000000000e+02
3.490000000000000000e+02
3.050000000000000000e+02
3.010000000000000000e+02
3.620000000000000000e+02
2.900000000000000000e+02
3.190000000000000000e+02
2.860000000000000000e+02
2.210000000000000000e+02
2.240000000000000000e+02
2.310000000000000000e+02
2.520000000000000000e+02
3.260000000000000000e+02
3.220000000000000000e+02
3.020000000000000000e+02
2.200000000000000000e+02
2.170000000000000000e+02
2.320000000000000000e+02
2.630000000000000000e+02
2.490000000000000000e+02
2.300000000000000000e+02
2.340000000000000000e+02
1.900000000000000000e+02
1.870000000000000000e+02
2.090000000000000000e+02
1.930000000000000000e+02
1.590000000000000000e+02
1.410000000000000000e+02
1.680000000000000000e+02
1.660000000000000000e+02
1.390000000000000000e+02
1.250000000000000000e+02
1.420000000000000000e+02
1.800000000000000000e+02
1.810000000000000000e+02
1.740000000000000000e+02
1.580000000000000000e+02
1.620000000000000000e+02
1.680000000000000000e+02
1.810000000000000000e+02
1.770000000000000000e+02
1.890000000000000000e+02
1.780000000000000000e+02
1.630000000000000000e+02
1.540000000000000000e+02
1.190000000000000000e+02
1.490000000000000000e+02
1.130000000000000000e+02
1.400000000000000000e+02
1.370000000000000000e+02
1.010000000000000000e+02
8.200000000000000000e+01
9.400000000000000000e+01
1.040000000000000000e+02
1.180000000000000000e+02
1.080000000000000000e+02
9.700000000000000000e+01
1.100000000000000000e+02
1.170000000000000000e+02
1.400000000000000000e+02
1.470000000000000000e+02
1.750000000000000000e+02
1.690000000000000000e+02
1.730000000000000000e+02
1.400000000000000000e+02
1.760000000000000000e+02
1.700000000000000000e+02
2.260000000000000000e+02
2.380000000000000000e+02
2.120000000000000000e+02
2.130000000000000000e+02
1.970000000000000000e+02
1.860000000000000000e+02
2.130000000000000000e+02
2.230000000000000000e+02
2.160000000000000000e+02
2.530000000000000000e+02
2.670000000000000000e+02
2.700000000000000000e+02
2.610000000000000000e+02
2.550000000000000000e+02
3.100000000000000000e+02
3.060000000000000000e+02
3.030000000000000000e+02
3.270000000000000000e+02
3.860000000000000000e+02
3.170000000000000000e+02
3.560000000000000000e+02
3.530000000000000000e+02
3.690000000000000000e+02
3.640000000000000000e+02
3.530000000000000000e+02
3.370000000000000000e+02
3.220000000000000000e+02
3.140000000000000000e+02
3.220000000000000000e+02
3.340000000000000000e+02
3.270000000000000000e+02
3.370000000000000000e+02
3.250000000000000000e+02
3.150000000000000000e+02
3.270000000000000000e+02
3.350000000000000000e+02
3.530000000000000000e+02
3.560000000000000000e+02
3.460000000000000000e+02
3.380000000000000000e+02
3.220000000000000000e+02
3.170000000000000000e+02
3.020000000000000000e+02
3.310000000000000000e+02
3.750000000000000000e+02
3.840000000000000000e+02
3.820000000000000000e+02
3.570000000000000000e+02
3.510000000000000000e+02
3.900000000000000000e+02
3.860000000000000000e+02
3.900000000000000000e+02
3.600000000000000000e+02
3.510000000000000000e+02
3.480000000000000000e+02
3.450000000000000000e+02
3.540000000000000000e+02
3.930000000000000000e+02
3.810000000000000000e+02
3.910000000000000000e+02
3.820000000000000000e+02
3.670000000000000000e+02
4.040000000000000000e+02
4.100000000000000000e+02
4.660000000000000000e+02
4.820000000000000000e+02
5.100000000000000000e+02
5.020000000000000000e+02
5.310000000000000000e+02
5.410000000000000000e+02
5.560000000000000000e+02
5.850000000000000000e+02
5.900000000000000000e+02
7.280000000000000000e+02
6.840000000000000000e+02
6.730000000000000000e+02
6.950000000000000000e+02
7.920000000000000000e+02
7.830000000000000000e+02
9.020000000000000000e+02
9.040000000000000000e+02
8.780000000000000000e+02
7.990000000000000000e+02
8.420000000000000000e+02
9.510000000000000000e+02
9.290000000000000000e+02
9.850000000000000000e+02
9.640000000000000000e+02
9.480000000000000000e+02
9.160000000000000000e+02
9.700000000000000000e+02
1.070000000000000000e+03
1.028000000000000000e+03
1.055000000000000000e+03
1.098000000000000000e+03
1.072000000000000000e+03
9.530000000000000000e+02
9.580000000000000000e+02
1.045000000000000000e+03
1.062000000000000000e+03
1.026000000000000000e+03
1.056000000000000000e+03
1.048000000000000000e+03
9.370000000000000000e+02
9.530000000000000000e+02
9.990000000000000000e+02
1.016000000000000000e+03
1.090000000000000000e+03
1.039000000000000000e+03
9.970000000000000000e+02
9.420000000000000000e+02
9.860000000000000000e+02
9.990000000000000000e+02
1.020000000000000000e+03
1.116000000000000000e+03
9.270000000000000000e+02
8.370000000000000000e+02
8.250000000000000000e+02
8.860000000000000000e+02
1.047000000000000000e+03
1.212000000000000000e+03
1.330000000000000000e+03
1.136000000000000000e+03
1.142000000000000000e+03
1.067000000000000000e+03
1.157000000000000000e+03
1.389000000000000000e+03
1.320000000000000000e+03
1.183000000000000000e+03
1.215000000000000000e+03
1.106000000000000000e+03
9.070000000000000000e+02
1.245000000000000000e+03
1.251000000000000000e+03
1.269000000000000000e+03
1.261000000000000000e+03
1.201000000000000000e+03
1.144000000000000000e+03
9.840000000000000000e+02
1.161000000000000000e+03
1.261000000000000000e+03
1.274000000000000000e+03
0.000000000000000000e+00
2.461000000000000000e+03
1.077000000000000000e+03
1.017000000000000000e+03
1.109000000000000000e+03
1.269000000000000000e+03
1.239000000000000000e+03
1.309000000000000000e+03
1.236000000000000000e+03
1.153000000000000000e+03
1.079000000000000000e+03
1.212000000000000000e+03
1.479000000000000000e+03
1.253000000000000000e+03
1.255000000000000000e+03
1.312000000000000000e+03
1.301000000000000000e+03
1.218000000000000000e+03
1.318000000000000000e+03
1.567000000000000000e+03
1.486000000000000000e+03
1.534000000000000000e+03
1.338000000000000000e+03
1.148000000000000000e+03
1.173000000000000000e+03
1.247000000000000000e+03
1.277000000000000000e+03
1.207000000000000000e+03
1.257000000000000000e+03
1.133000000000000000e+03
1.177000000000000000e+03
1.112000000000000000e+03
1.244000000000000000e+03
1.295000000000000000e+03
1.226000000000000000e+03
1.165000000000000000e+03
1.298000000000000000e+03
1.098000000000000000e+03
1.055000000000000000e+03
1.293000000000000000e+03
1.273000000000000000e+03
1.142000000000000000e+03
1.162000000000000000e+03
1.247000000000000000e+03
1.256000000000000000e+03
1.194000000000000000e+03
1.252000000000000000e+03
1.379000000000000000e+03
1.334000000000000000e+03
0.000000000000000000e+00
0.000000000000000000e+00
3.622000000000000000e+03
1.084000000000000000e+03
