0.000000000000000000e+00
0.000000000000000000e+00
0.000000000000000000e+00
0.000000000000000000e+00
0.000000000000000000e+00
0.000000000000000000e+00
0.000000000000000000e+00
0.000000000000000000e+00
0.000000000000000000e+00
0.000000000000000000e+00
0.000000000000000000e+00
0.000000000000000000e+00
0.000000000000000000e+00
0.000000000000000000e+00
0.000000000000000000e+00
0.000000000000000000e+00
0.000000000000000000e+00
0.000000000000000000e+00
0.000000000000000000e+00
0.000000000000000000e+00
0.000000000000000000e+00
0.000000000000000000e+00
0.000000000000000000e+00
0.000000000000000000e+00
0.000000000000000000e+00
0.000000000000000000e+00
0.000000000000000000e+00
0.000000000000000000e+00
0.000000000000000000e+00
0.000000000000000000e+00
0.000000000000000000e+00
0.000000000000000000e+00
0.000000000000000000e+00
0.000000000000000000e+00
0.000000000000000000e+00
0.000000000000000000e+00
0.000000000000000000e+00
0.000000000000000000e+00
0.000000000000000000e+00
0.000000000000000000e+00
0.000000000000000000e+00
0.000000000000000000e+00
0.000000000000000000e+00
0.000000000000000000e+00
0.000000000000000000e+00
0.000000000000000000e+00
0.000000000000000000e+00
0.000000000000000000e+00
0.000000000000000000e+00
0.000000000000000000e+00
0.000000000000000000e+00
0.000000000000000000e+00
0.000000000000000000e+00
1.000000000000000000e+00
1.000000000000000000e+00
1.000000000000000000e+00
1.000000000000000000e+00
3.000000000000000000e+00
3.000000000000000000e+00
3.000000000000000000e+00
3.000000000000000000e+00
4.000000000000000000e+00
4.000000000000000000e+00
4.000000000000000000e+00
4.000000000000000000e+00
4.000000000000000000e+00
4.000000000000000000e+00
1.900000000000000000e+01
1.900000000000000000e+01
1.900000000000000000e+01
1.900000000000000000e+01
2.200000000000000000e+01
2.200000000000000000e+01
2.200000000000000000e+01
4.500000000000000000e+01
4.500000000000000000e+01
4.500000000000000000e+01
4.500000000000000000e+01
6.000000000000000000e+01
6.000000000000000000e+01
6.000000000000000000e+01
6.000000000000000000e+01
6.000000000000000000e+01
6.000000000000000000e+01
1.170000000000000000e+02
1.170000000000000000e+02
1.430000000000000000e+02
1.430000000000000000e+02
1.430000000000000000e+02
1.600000000000000000e+02
1.650000000000000000e+02
1.860000000000000000e+02
1.860000000000000000e+02
2.000000000000000000e+02
2.000000000000000000e+02
2.000000000000000000e+02
2.000000000000000000e+02
2.070000000000000000e+02
2.070000000000000000e+02
2.200000000000000000e+02
2.290000000000000000e+02
2.290000000000000000e+02
2.290000000000000000e+02
2.360000000000000000e+02
2.360000000000000000e+02
2.640000000000000000e+02
2.640000000000000000e+02
2.740000000000000000e+02
2.740000000000000000e+02
2.740000000000000000e+02
3.330000000000000000e+02
3.330000000000000000e+02
3.330000000000000000e+02
3.910000000000000000e+02
3.910000000000000000e+02
3.910000000000000000e+02
3.910000000000000000e+02
4.120000000000000000e+02
4.200000000000000000e+02
4.200000000000000000e+02
4.690000000000000000e+02
4.690000000000000000e+02
4.870000000000000000e+02
4.870000000000000000e+02
4.870000000000000000e+02
4.870000000000000000e+02
5.710000000000000000e+02
5.710000000000000000e+02
5.710000000000000000e+02
5.710000000000000000e+02
6.110000000000000000e+02
6.110000000000000000e+02
6.110000000000000000e+02
6.110000000000000000e+02
6.110000000000000000e+02
6.350000000000000000e+02
6.830000000000000000e+02
6.830000000000000000e+02
6.830000000000000000e+02
7.280000000000000000e+02
7.280000000000000000e+02
7.280000000000000000e+02
7.280000000000000000e+02
7.280000000000000000e+02
7.280000000000000000e+02
8.830000000000000000e+02
8.830000000000000000e+02
8.830000000000000000e+02
8.830000000000000000e+02
8.830000000000000000e+02
8.830000000000000000e+02
8.830000000000000000e+02
1.087000000000000000e+03
1.087000000000000000e+03
1.087000000000000000e+03
1.087000000000000000e+03
1.087000000000000000e+03
1.087000000000000000e+03
1.087000000000000000e+03
1.087000000000000000e+03
1.087000000000000000e+03
1.382000000000000000e+03
1.382000000000000000e+03
1.557000000000000000e+03
1.557000000000000000e+03
1.557000000000000000e+03
1.557000000000000000e+03
1.557000000000000000e+03
1.821000000000000000e+03
1.821000000000000000e+03
2.028000000000000000e+03
2.028000000000000000e+03
2.028000000000000000e+03
2.028000000000000000e+03
2.028000000000000000e+03
2.222000000000000000e+03
2.358000000000000000e+03
2.633000000000000000e+03
2.633000000000000000e+03
2.633000000000000000e+03
2.851000000000000000e+03
2.851000000000000000e+03
2.851000000000000000e+03
2.851000000000000000e+03
3.038000000000000000e+03
3.038000000000000000e+03
3.038000000000000000e+03
3.200000000000000000e+03
3.200000000000000000e+03
3.200000000000000000e+03
3.200000000000000000e+03
3.200000000000000000e+03
3.200000000000000000e+03
3.200000000000000000e+03
3.546000000000000000e+03
3.546000000000000000e+03
3.546000000000000000e+03
3.546000000000000000e+03
3.637000000000000000e+03
3.664000000000000000e+03
3.664000000000000000e+03
3.664000000000000000e+03
3.745000000000000000e+03
3.745000000000000000e+03
3.745000000000000000e+03
3.745000000000000000e+03
3.745000000000000000e+03
3.831000000000000000e+03
3.831000000000000000e+03
3.831000000000000000e+03
3.850000000000000000e+03
3.850000000000000000e+03
3.850000000000000000e+03
3.850000000000000000e+03
3.850000000000000000e+03
3.979000000000000000e+03
3.979000000000000000e+03
3.979000000000000000e+03
3.979000000000000000e+03
3.979000000000000000e+03
3.979000000000000000e+03
3.979000000000000000e+03
3.979000000000000000e+03
3.979000000000000000e+03
4.628000000000000000e+03
4.628000000000000000e+03
4.628000000000000000e+03
4.628000000000000000e+03
4.628000000000000000e+03
4.891000000000000000e+03
4.891000000000000000e+03
4.891000000000000000e+03
4.891000000000000000e+03
4.928000000000000000e+03
4.928000000000000000e+03
4.928000000000000000e+03
4.934000000000000000e+03
4.934000000000000000e+03
4.934000000000000000e+03
4.934000000000000000e+03
4.980000000000000000e+03
4.986000000000000000e+03
4.986000000000000000e+03
5.002000000000000000e+03
5.002000000000000000e+03
5.005000000000000000e+03
5.005000000000000000e+03
5.005000000000000000e+03
5.005000000000000000e+03
5.008000000000000000e+03
5.008000000000000000e+03
5.008000000000000000e+03
5.089000000000000000e+03
5.089000000000000000e+03
5.089000000000000000e+03
5.089000000000000000e+03
5.089000000000000000e+03
5.089000000000000000e+03
5.089000000000000000e+03
5.089000000000000000e+03
5.089000000000000000e+03
5.118000000000000000e+03
5.118000000000000000e+03
5.118000000000000000e+03
5.118000000000000000e+03
5.118000000000000000e+03
5.156000000000000000e+03
5.156000000000000000e+03
5.156000000000000000e+03
5.156000000000000000e+03
5.156000000000000000e+03
5.156000000000000000e+03
5.156000000000000000e+03
5.156000000000000000e+03
5.156000000000000000e+03
5.156000000000000000e+03
5.253000000000000000e+03
5.253000000000000000e+03
5.253000000000000000e+03
5.253000000000000000e+03
5.253000000000000000e+03
5.290000000000000000e+03
5.290000000000000000e+03
5.290000000000000000e+03
5.290000000000000000e+03
5.290000000000000000e+03
5.348000000000000000e+03
5.348000000000000000e+03
5.348000000000000000e+03
5.379000000000000000e+03
5.379000000000000000e+03
5.379000000000000000e+03
5.379000000000000000e+03
5.379000000000000000e+03
5.379000000000000000e+03
5.379000000000000000e+03
5.515000000000000000e+03
5.515000000000000000e+03
5.515000000000000000e+03
5.515000000000000000e+03
5.515000000000000000e+03
5.515000000000000000e+03
5.632000000000000000e+03
5.632000000000000000e+03
5.632000000000000000e+03
5.632000000000000000e+03
5.632000000000000000e+03
5.632000000000000000e+03
5.632000000000000000e+03
5.632000000000000000e+03
5.774000000000000000e+03
5.774000000000000000e+03
5.774000000000000000e+03
5.774000000000000000e+03
5.774000000000000000e+03
5.774000000000000000e+03
5.774000000000000000e+03
5.774000000000000000e+03
5.774000000000000000e+03
5.774000000000000000e+03
5.774000000000000000e+03
5.774000000000000000e+03
6.049000000000000000e+03
6.049000000000000000e+03
6.049000000000000000e+03
6.049000000000000000e+03
6.049000000000000000e+03
6.200000000000000000e+03
6.200000000000000000e+03
6.200000000000000000e+03
6.200000000000000000e+03
6.200000000000000000e+03
6.200000000000000000e+03
6.200000000000000000e+03
6.200000000000000000e+03
6.571000000000000000e+03
6.571000000000000000e+03
6.571000000000000000e+03
6.571000000000000000e+03
6.908000000000000000e+03
6.908000000000000000e+03
6.908000000000000000e+03
6.908000000000000000e+03
6.908000000000000000e+03
7.107000000000000000e+03
7.107000000000000000e+03
7.107000000000000000e+03
7.107000000000000000e+03
7.107000000000000000e+03
7.107000000000000000e+03
7.127000000000000000e+03
7.127000000000000000e+03
7.127000000000000000e+03
7.127000000000000000e+03
7.127000000000000000e+03
7.127000000000000000e+03
7.160000000000000000e+03
7.160000000000000000e+03
7.160000000000000000e+03
7.709000000000000000e+03
7.709000000000000000e+03
7.709000000000000000e+03
7.709000000000000000e+03
7.709000000000000000e+03
7.709000000000000000e+03
7.794000000000000000e+03
7.794000000000000000e+03
7.794000000000000000e+03
7.794000000000000000e+03
7.887000000000000000e+03
7.887000000000000000e+03
7.887000000000000000e+03
7.887000000000000000e+03
7.887000000000000000e+03
7.887000000000000000e+03
7.887000000000000000e+03
7.887000000000000000e+03
7.887000000000000000e+03
7.887000000000000000e+03
8.060000000000000000e+03
8.060000000000000000e+03
8.060000000000000000e+03
8.060000000000000000e+03
8.060000000000000000e+03
8.060000000000000000e+03
8.354000000000000000e+03
8.354000000000000000e+03
8.419000000000000000e+03
8.419000000000000000e+03
8.419000000000000000e+03
8.419000000000000000e+03
8.419000000000000000e+03
8.419000000000000000e+03
8.419000000000000000e+03
8.419000000000000000e+03
8.419000000000000000e+03
8.625000000000000000e+03
8.625000000000000000e+03
8.625000000000000000e+03
8.820000000000000000e+03
8.820000000000000000e+03
8.820000000000000000e+03
8.820000000000000000e+03
8.820000000000000000e+03
8.820000000000000000e+03
8.820000000000000000e+03
8.820000000000000000e+03
9.179000000000000000e+03
9.179000000000000000e+03
9.179000000000000000e+03
9.179000000000000000e+03
9.179000000000000000e+03
9.179000000000000000e+03
9.329000000000000000e+03
9.329000000000000000e+03
9.329000000000000000e+03
9.329000000000000000e+03
9.329000000000000000e+03
9.329000000000000000e+03
9.329000000000000000e+03
9.329000000000000000e+03
9.564000000000000000e+03
9.564000000000000000e+03
9.564000000000000000e+03
9.564000000000000000e+03
9.564000000000000000e+03
9.564000000000000000e+03
9.681000000000000000e+03
9.681000000000000000e+03
9.681000000000000000e+03
9.681000000000000000e+03
9.681000000000000000e+03
9.681000000000000000e+03
9.681000000000000000e+03
9.681000000000000000e+03
9.681000000000000000e+03
9.681000000000000000e+03
9.681000000000000000e+03
9.681000000000000000e+03
9.681000000000000000e+03
1.008400000000000000e+04
1.008400000000000000e+04
1.008400000000000000e+04
1.008400000000000000e+04
1.008400000000000000e+04
1.008400000000000000e+04
1.008400000000000000e+04
1.008400000000000000e+04
1.008400000000000000e+04
1.008400000000000000e+04
1.008400000000000000e+04
1.008400000000000000e+04
1.008400000000000000e+04
1.008400000000000000e+04
1.008400000000000000e+04
1.008400000000000000e+04
1.008400000000000000e+04
1.008400000000000000e+04
1.008400000000000000e+04
1.067800000000000000e+04
1.067800000000000000e+04
1.067800000000000000e+04
1.067800000000000000e+04
1.067800000000000000e+04
1.067800000000000000e+04
1.067800000000000000e+04
1.067800000000000000e+04
1.101600000000000000e+04
1.101600000000000000e+04
1.101600000000000000e+04
1.101600000000000000e+04
1.114700000000000000e+04
1.114700000000000000e+04
1.114700000000000000e+04
1.134300000000000000e+04
1.134300000000000000e+04
1.134300000000000000e+04
1.134300000000000000e+04
1.134300000000000000e+04
1.134300000000000000e+04
1.134300000000000000e+04
1.134300000000000000e+04
1.134300000000000000e+04
1.147600000000000000e+04
1.147600000000000000e+04
1.147600000000000000e+04
1.147600000000000000e+04
1.147600000000000000e+04
1.147600000000000000e+04
1.165800000000000000e+04
1.165800000000000000e+04
1.165800000000000000e+04
1.165800000000000000e+04
1.165800000000000000e+04
1.165800000000000000e+04
1.165800000000000000e+04
1.165800000000000000e+04
1.184500000000000000e+04
1.184500000000000000e+04
1.192000000000000000e+04
1.192000000000000000e+04
1.192000000000000000e+04
1.202600000000000000e+04
1.202600000000000000e+04
1.202600000000000000e+04
1.202600000000000000e+04
1.202600000000000000e+04
1.212100000000000000e+04
1.212100000000000000e+04
1.212100000000000000e+04
1.212100000000000000e+04
1.212100000000000000e+04
1.229800000000000000e+04
1.229800000000000000e+04
1.229800000000000000e+04
1.229800000000000000e+04
1.229800000000000000e+04
1.240400000000000000e+04
1.240400000000000000e+04
1.240400000000000000e+04
1.248500000000000000e+04
1.248500000000000000e+04
1.248500000000000000e+04
1.248500000000000000e+04
1.259600000000000000e+04
1.259600000000000000e+04
1.269500000000000000e+04
1.269500000000000000e+04
1.269500000000000000e+04
1.269500000000000000e+04
1.279000000000000000e+04
1.279000000000000000e+04
1.279000000000000000e+04
1.279000000000000000e+04
1.279000000000000000e+04
1.279000000000000000e+04
1.279000000000000000e+04
1.279000000000000000e+04
1.279000000000000000e+04
1.279000000000000000e+04
1.293300000000000000e+04
1.293300000000000000e+04
1.293300000000000000e+04
1.293300000000000000e+04
1.299800000000000000e+04
1.305000000000000000e+04
1.305000000000000000e+04
1.305000000000000000e+04
1.311700000000000000e+04
1.311700000000000000e+04
1.311700000000000000e+04
1.315600000000000000e+04
1.315600000000000000e+04
1.315600000000000000e+04
1.315600000000000000e+04
1.318600000000000000e+04
1.318600000000000000e+04
1.318600000000000000e+04
