0.000000000000000000e+00
0.000000000000000000e+00
0.000000000000000000e+00
0.000000000000000000e+00
0.000000000000000000e+00
0.000000000000000000e+00
0.000000000000000000e+00
0.000000000000000000e+00
0.000000000000000000e+00
0.000000000000000000e+00
0.000000000000000000e+00
0.000000000000000000e+00
0.000000000000000000e+00
0.000000000000000000e+00
0.000000000000000000e+00
0.000000000000000000e+00
0.000000000000000000e+00
0.000000000000000000e+00
0.000000000000000000e+00
0.000000000000000000e+00
0.000000000000000000e+00
0.000000000000000000e+00
0.000000000000000000e+00
0.000000000000000000e+00
0.000000000000000000e+00
0.000000000000000000e+00
0.000000000000000000e+00
0.000000000000000000e+00
0.000000000000000000e+00
0.000000000000000000e+00
0.000000000000000000e+00
0.000000000000000000e+00
0.000000000000000000e+00
0.000000000000000000e+00
0.000000000000000000e+00
0.000000000000000000e+00
0.000000000000000000e+00
0.000000000000000000e+00
0.000000000000000000e+00
0.000000000000000000e+00
0.000000000000000000e+00
0.000000000000000000e+00
0.000000000000000000e+00
0.000000000000000000e+00
0.000000000000000000e+00
0.000000000000000000e+00
0.000000000000000000e+00
0.000000000000000000e+00
0.000000000000000000e+00
0.000000000000000000e+00
0.000000000000000000e+00
0.000000000000000000e+00
0.000000000000000000e+00
0.000000000000000000e+00
0.000000000000000000e+00
0.000000000000000000e+00
0.000000000000000000e+00
0.000000000000000000e+00
0.000000000000000000e+00
0.000000000000000000e+00
0.000000000000000000e+00
0.000000000000000000e+00
0.000000000000000000e+00
0.000000000000000000e+00
0.000000000000000000e+00
0.000000000000000000e+00
0.000000000000000000e+00
0.000000000000000000e+00
0.000000000000000000e+00
0.000000000000000000e+00
0.000000000000000000e+00
0.000000000000000000e+00
0.000000000000000000e+00
0.000000000000000000e+00
1.000000000000000000e+00
1.000000000000000000e+00
2.000000000000000000e+00
2.000000000000000000e+00
3.000000000000000000e+00
4.000000000000000000e+00
4.000000000000000000e+00
4.000000000000000000e+00
4.000000000000000000e+00
4.000000000000000000e+00
4.000000000000000000e+00
4.000000000000000000e+00
4.000000000000000000e+00
4.000000000000000000e+00
4.000000000000000000e+00
4.000000000000000000e+00
4.000000000000000000e+00
4.000000000000000000e+00
5.000000000000000000e+00
5.000000000000000000e+00
5.000000000000000000e+00
6.000000000000000000e+00
6.000000000000000000e+00
3.400000000000000000e+01
3.400000000000000000e+01
3.500000000000000000e+01
4.500000000000000000e+01
4.500000000000000000e+01
4.600000000000000000e+01
4.600000000000000000e+01
5.200000000000000000e+01
5.800000000000000000e+01
7.400000000000000000e+01
1.200000000000000000e+02
1.200000000000000000e+02
1.200000000000000000e+02
1.560000000000000000e+02
1.940000000000000000e+02
2.030000000000000000e+02
2.030000000000000000e+02
2.360000000000000000e+02
2.360000000000000000e+02
2.900000000000000000e+02
2.900000000000000000e+02
2.900000000000000000e+02
2.900000000000000000e+02
4.810000000000000000e+02
5.630000000000000000e+02
6.550000000000000000e+02
6.550000000000000000e+02
8.060000000000000000e+02
8.060000000000000000e+02
9.940000000000000000e+02
9.940000000000000000e+02
9.940000000000000000e+02
9.940000000000000000e+02
9.940000000000000000e+02
9.940000000000000000e+02
9.940000000000000000e+02
9.940000000000000000e+02
9.940000000000000000e+02
9.940000000000000000e+02
9.940000000000000000e+02
1.317000000000000000e+03
1.604000000000000000e+03
1.604000000000000000e+03
1.604000000000000000e+03
1.670000000000000000e+03
1.670000000000000000e+03
1.693000000000000000e+03
1.693000000000000000e+03
1.693000000000000000e+03
1.776000000000000000e+03
1.813000000000000000e+03
1.830000000000000000e+03
1.864000000000000000e+03
1.882000000000000000e+03
1.892000000000000000e+03
1.916000000000000000e+03
1.930000000000000000e+03
1.942000000000000000e+03
1.942000000000000000e+03
1.942000000000000000e+03
1.942000000000000000e+03
1.989000000000000000e+03
1.989000000000000000e+03
2.007000000000000000e+03
2.021000000000000000e+03
2.021000000000000000e+03
2.021000000000000000e+03
2.021000000000000000e+03
2.021000000000000000e+03
2.021000000000000000e+03
2.021000000000000000e+03
2.021000000000000000e+03
2.021000000000000000e+03
2.021000000000000000e+03
2.021000000000000000e+03
2.021000000000000000e+03
2.148000000000000000e+03
2.148000000000000000e+03
2.153000000000000000e+03
2.171000000000000000e+03
2.191000000000000000e+03
2.191000000000000000e+03
2.200000000000000000e+03
2.211000000000000000e+03
2.211000000000000000e+03
2.211000000000000000e+03
2.239000000000000000e+03
2.258000000000000000e+03
2.258000000000000000e+03
2.262000000000000000e+03
2.305000000000000000e+03
2.305000000000000000e+03
2.322000000000000000e+03
2.322000000000000000e+03
2.322000000000000000e+03
2.352000000000000000e+03
2.429000000000000000e+03
2.429000000000000000e+03
2.437000000000000000e+03
2.437000000000000000e+03
2.450000000000000000e+03
2.450000000000000000e+03
2.463000000000000000e+03
2.470000000000000000e+03
2.470000000000000000e+03
2.472000000000000000e+03
2.477000000000000000e+03
2.478000000000000000e+03
2.482000000000000000e+03
2.488000000000000000e+03
2.489000000000000000e+03
2.490000000000000000e+03
2.490000000000000000e+03
2.494000000000000000e+03
2.494000000000000000e+03
2.497000000000000000e+03
2.497000000000000000e+03
2.499000000000000000e+03
2.504000000000000000e+03
2.507000000000000000e+03
2.510000000000000000e+03
2.514000000000000000e+03
2.518000000000000000e+03
2.519000000000000000e+03
2.519000000000000000e+03
2.527000000000000000e+03
2.527000000000000000e+03
2.532000000000000000e+03
2.533000000000000000e+03
2.536000000000000000e+03
2.544000000000000000e+03
2.544000000000000000e+03
2.545000000000000000e+03
2.552000000000000000e+03
2.555000000000000000e+03
2.555000000000000000e+03
2.568000000000000000e+03
2.578000000000000000e+03
2.578000000000000000e+03
2.587000000000000000e+03
2.592000000000000000e+03
2.594000000000000000e+03
2.599000000000000000e+03
2.609000000000000000e+03
2.642000000000000000e+03
2.642000000000000000e+03
2.649000000000000000e+03
2.660000000000000000e+03
2.664000000000000000e+03
2.669000000000000000e+03
2.676000000000000000e+03
2.676000000000000000e+03
2.686000000000000000e+03
2.692000000000000000e+03
2.700000000000000000e+03
2.704000000000000000e+03
2.704000000000000000e+03
2.715000000000000000e+03
2.715000000000000000e+03
2.726000000000000000e+03
2.726000000000000000e+03
2.734000000000000000e+03
2.748000000000000000e+03
2.749000000000000000e+03
2.761000000000000000e+03
2.761000000000000000e+03
2.777000000000000000e+03
2.787000000000000000e+03
2.798000000000000000e+03
2.798000000000000000e+03
2.807000000000000000e+03
2.817000000000000000e+03
2.817000000000000000e+03
2.842000000000000000e+03
2.847000000000000000e+03
2.847000000000000000e+03
2.870000000000000000e+03
2.872000000000000000e+03
2.876000000000000000e+03
2.878000000000000000e+03
2.883000000000000000e+03
2.883000000000000000e+03
2.890000000000000000e+03
2.890000000000000000e+03
2.903000000000000000e+03
2.903000000000000000e+03
2.905000000000000000e+03
2.926000000000000000e+03
2.926000000000000000e+03
2.940000000000000000e+03
2.943000000000000000e+03
2.943000000000000000e+03
2.943000000000000000e+03
2.943000000000000000e+03
2.943000000000000000e+03
2.960000000000000000e+03
2.960000000000000000e+03
2.960000000000000000e+03
2.960000000000000000e+03
2.980000000000000000e+03
3.003000000000000000e+03
3.003000000000000000e+03
3.012000000000000000e+03
3.016000000000000000e+03
3.016000000000000000e+03
3.016000000000000000e+03
3.016000000000000000e+03
3.047000000000000000e+03
3.047000000000000000e+03
3.047000000000000000e+03
3.047000000000000000e+03
3.073000000000000000e+03
3.092000000000000000e+03
3.104000000000000000e+03
3.104000000000000000e+03
3.109000000000000000e+03
3.109000000000000000e+03
3.111000000000000000e+03
3.118000000000000000e+03
3.154000000000000000e+03
3.154000000000000000e+03
3.166000000000000000e+03
3.181000000000000000e+03
3.181000000000000000e+03
3.181000000000000000e+03
3.181000000000000000e+03
3.181000000000000000e+03
3.181000000000000000e+03
3.206000000000000000e+03
3.206000000000000000e+03
3.206000000000000000e+03
3.222000000000000000e+03
3.222000000000000000e+03
3.222000000000000000e+03
3.228000000000000000e+03
3.228000000000000000e+03
3.228000000000000000e+03
3.234000000000000000e+03
3.234000000000000000e+03
3.455000000000000000e+03
3.455000000000000000e+03
3.455000000000000000e+03
3.455000000000000000e+03
3.490000000000000000e+03
3.491000000000000000e+03
3.511000000000000000e+03
3.540000000000000000e+03
3.558000000000000000e+03
3.558000000000000000e+03
3.558000000000000000e+03
3.558000000000000000e+03
3.589000000000000000e+03
3.589000000000000000e+03
3.589000000000000000e+03
3.589000000000000000e+03
3.589000000000000000e+03
3.589000000000000000e+03
3.649000000000000000e+03
3.662000000000000000e+03
3.670000000000000000e+03
3.670000000000000000e+03
3.670000000000000000e+03
3.670000000000000000e+03
3.670000000000000000e+03
3.693000000000000000e+03
3.703000000000000000e+03
3.762000000000000000e+03
3.773000000000000000e+03
3.788000000000000000e+03
3.788000000000000000e+03
3.788000000000000000e+03
3.788000000000000000e+03
3.788000000000000000e+03
3.788000000000000000e+03
3.788000000000000000e+03
3.929000000000000000e+03
3.929000000000000000e+03
3.929000000000000000e+03
3.929000000000000000e+03
3.929000000000000000e+03
3.929000000000000000e+03
3.929000000000000000e+03
4.267000000000000000e+03
4.355000000000000000e+03
4.355000000000000000e+03
4.355000000000000000e+03
4.609000000000000000e+03
4.804000000000000000e+03
4.960000000000000000e+03
4.960000000000000000e+03
5.134000000000000000e+03
5.310000000000000000e+03
5.413000000000000000e+03
5.562000000000000000e+03
5.710000000000000000e+03
5.922000000000000000e+03
6.084000000000000000e+03
6.277000000000000000e+03
6.417000000000000000e+03
6.583000000000000000e+03
6.931000000000000000e+03
7.098000000000000000e+03
7.224000000000000000e+03
7.349000000000000000e+03
7.597000000000000000e+03
7.771000000000000000e+03
7.926000000000000000e+03
8.010000000000000000e+03
8.144000000000000000e+03
8.305000000000000000e+03
8.414000000000000000e+03
8.527000000000000000e+03
8.677000000000000000e+03
8.766000000000000000e+03
8.870000000000000000e+03
8.870000000000000000e+03
8.870000000000000000e+03
9.205000000000000000e+03
9.334000000000000000e+03
9.429000000000000000e+03
9.490000000000000000e+03
9.554000000000000000e+03
9.613000000000000000e+03
9.694000000000000000e+03
9.768000000000000000e+03
9.809000000000000000e+03
9.849000000000000000e+03
9.879000000000000000e+03
9.890000000000000000e+03
9.919000000000000000e+03
9.969000000000000000e+03
1.004800000000000000e+04
1.004800000000000000e+04
1.007900000000000000e+04
1.009800000000000000e+04
1.011900000000000000e+04
1.011900000000000000e+04
1.016500000000000000e+04
1.019700000000000000e+04
1.021900000000000000e+04
1.025500000000000000e+04
1.026700000000000000e+04
1.028100000000000000e+04
1.028600000000000000e+04
1.029700000000000000e+04
1.032400000000000000e+04
1.034000000000000000e+04
1.035900000000000000e+04
1.037200000000000000e+04
1.038100000000000000e+04
1.038700000000000000e+04
1.040300000000000000e+04
1.041600000000000000e+04
1.043200000000000000e+04
1.043200000000000000e+04
1.047300000000000000e+04
1.047300000000000000e+04
1.047800000000000000e+04
1.048600000000000000e+04
1.050400000000000000e+04
1.051500000000000000e+04
1.051500000000000000e+04
1.053200000000000000e+04
1.053800000000000000e+04
1.055300000000000000e+04
1.055300000000000000e+04
1.056700000000000000e+04
1.058300000000000000e+04
1.058300000000000000e+04
1.058300000000000000e+04
1.060200000000000000e+04
1.061300000000000000e+04
1.061300000000000000e+04
1.062000000000000000e+04
1.063700000000000000e+04
1.063700000000000000e+04
1.063700000000000000e+04
1.064100000000000000e+04
1.064100000000000000e+04
1.064100000000000000e+04
1.064100000000000000e+04
1.065100000000000000e+04
1.065200000000000000e+04
1.065200000000000000e+04
1.065200000000000000e+04
1.065200000000000000e+04
1.065200000000000000e+04
1.065200000000000000e+04
1.065200000000000000e+04
1.065200000000000000e+04
1.065200000000000000e+04
1.065200000000000000e+04
1.067700000000000000e+04
1.067700000000000000e+04
1.068800000000000000e+04
1.068800000000000000e+04
1.068800000000000000e+04
1.068800000000000000e+04
1.068800000000000000e+04
1.068800000000000000e+04
1.068800000000000000e+04
1.068800000000000000e+04
1.068800000000000000e+04
1.068800000000000000e+04
1.068800000000000000e+04
1.068800000000000000e+04
1.068800000000000000e+04
1.068800000000000000e+04
1.068800000000000000e+04
1.068800000000000000e+04
1.068800000000000000e+04
1.068800000000000000e+04
1.068800000000000000e+04
1.068800000000000000e+04
1.075900000000000000e+04
1.076400000000000000e+04
1.077000000000000000e+04
1.077000000000000000e+04
1.077000000000000000e+04
1.078600000000000000e+04
1.078600000000000000e+04
1.078600000000000000e+04
1.081200000000000000e+04
1.081200000000000000e+04
1.081200000000000000e+04
1.081200000000000000e+04
1.082400000000000000e+04
1.083400000000000000e+04
1.083400000000000000e+04
1.084600000000000000e+04
1.086600000000000000e+04
1.086600000000000000e+04
1.086600000000000000e+04
1.087900000000000000e+04
1.087900000000000000e+04
1.088600000000000000e+04
1.089100000000000000e+04
1.089100000000000000e+04
1.089100000000000000e+04
1.089100000000000000e+04
1.089100000000000000e+04
1.091100000000000000e+04
1.091700000000000000e+04
1.091700000000000000e+04
1.091700000000000000e+04
1.091700000000000000e+04
1.091700000000000000e+04
1.091700000000000000e+04
1.091700000000000000e+04
1.091700000000000000e+04
1.091700000000000000e+04
1.091700000000000000e+04
1.091700000000000000e+04
1.091700000000000000e+04
1.101400000000000000e+04
1.101400000000000000e+04
1.101400000000000000e+04
1.101400000000000000e+04
1.104900000000000000e+04
1.104900000000000000e+04
1.104900000000000000e+04
