0.000000000000000000e+00
0.000000000000000000e+00
0.000000000000000000e+00
0.000000000000000000e+00
0.000000000000000000e+00
0.000000000000000000e+00
0.000000000000000000e+00
0.000000000000000000e+00
0.000000000000000000e+00
0.000000000000000000e+00
0.000000000000000000e+00
0.000000000000000000e+00
0.000000000000000000e+00
0.000000000000000000e+00
0.000000000000000000e+00
0.000000000000000000e+00
0.000000000000000000e+00
0.000000000000000000e+00
0.000000000000000000e+00
0.000000000000000000e+00
0.000000000000000000e+00
0.000000000000000000e+00
0.000000000000000000e+00
0.000000000000000000e+00
0.000000000000000000e+00
0.000000000000000000e+00
0.000000000000000000e+00
0.000000000000000000e+00
0.000000000000000000e+00
0.000000000000000000e+00
0.000000000000000000e+00
0.000000000000000000e+00
0.000000000000000000e+00
0.000000000000000000e+00
0.000000000000000000e+00
0.000000000000000000e+00
0.000000000000000000e+00
0.000000000000000000e+00
0.000000000000000000e+00
0.000000000000000000e+00
0.000000000000000000e+00
0.000000000000000000e+00
0.000000000000000000e+00
0.000000000000000000e+00
0.000000000000000000e+00
0.000000000000000000e+00
0.000000000000000000e+00
0.000000000000000000e+00
0.000000000000000000e+00
1.000000000000000000e+00
1.000000000000000000e+00
2.000000000000000000e+00
2.000000000000000000e+00
2.000000000000000000e+00
2.000000000000000000e+00
3.000000000000000000e+00
4.000000000000000000e+00
1.400000000000000000e+01
1.800000000000000000e+01
2.300000000000000000e+01
3.000000000000000000e+01
3.600000000000000000e+01
4.500000000000000000e+01
4.800000000000000000e+01
5.100000000000000000e+01
5.100000000000000000e+01
6.500000000000000000e+01
6.500000000000000000e+01
8.100000000000000000e+01
9.800000000000000000e+01
1.090000000000000000e+02
1.340000000000000000e+02
1.340000000000000000e+02
1.540000000000000000e+02
1.540000000000000000e+02
1.610000000000000000e+02
1.800000000000000000e+02
1.800000000000000000e+02
1.800000000000000000e+02
2.150000000000000000e+02
2.230000000000000000e+02
2.340000000000000000e+02
2.350000000000000000e+02
2.410000000000000000e+02
2.540000000000000000e+02
2.670000000000000000e+02
2.870000000000000000e+02
3.070000000000000000e+02
3.270000000000000000e+02
3.320000000000000000e+02
3.500000000000000000e+02
3.590000000000000000e+02
3.770000000000000000e+02
3.940000000000000000e+02
4.160000000000000000e+02
4.420000000000000000e+02
4.590000000000000000e+02
4.710000000000000000e+02
4.910000000000000000e+02
5.720000000000000000e+02
6.040000000000000000e+02
6.740000000000000000e+02
6.740000000000000000e+02
6.820000000000000000e+02
7.050000000000000000e+02
7.970000000000000000e+02
8.630000000000000000e+02
9.370000000000000000e+02
9.370000000000000000e+02
9.910000000000000000e+02
1.024000000000000000e+03
1.102000000000000000e+03
1.169000000000000000e+03
1.242000000000000000e+03
1.298000000000000000e+03
1.455000000000000000e+03
1.455000000000000000e+03
1.538000000000000000e+03
1.629000000000000000e+03
1.731000000000000000e+03
1.835000000000000000e+03
1.945000000000000000e+03
2.025000000000000000e+03
2.141000000000000000e+03
2.297000000000000000e+03
2.403000000000000000e+03
2.546000000000000000e+03
2.660000000000000000e+03
2.833000000000000000e+03
2.966000000000000000e+03
3.070000000000000000e+03
3.195000000000000000e+03
3.326000000000000000e+03
3.495000000000000000e+03
3.644000000000000000e+03
3.764000000000000000e+03
3.878000000000000000e+03
4.016000000000000000e+03
4.106000000000000000e+03
4.259000000000000000e+03
4.390000000000000000e+03
4.515000000000000000e+03
4.637000000000000000e+03
4.724000000000000000e+03
4.778000000000000000e+03
4.837000000000000000e+03
4.974000000000000000e+03
5.100000000000000000e+03
5.283000000000000000e+03
5.477000000000000000e+03
5.672000000000000000e+03
5.826000000000000000e+03
5.924000000000000000e+03
6.027000000000000000e+03
6.213000000000000000e+03
6.411000000000000000e+03
6.552000000000000000e+03
6.690000000000000000e+03
6.827000000000000000e+03
6.939000000000000000e+03
7.039000000000000000e+03
7.122000000000000000e+03
7.189000000000000000e+03
7.311000000000000000e+03
7.379000000000000000e+03
7.411000000000000000e+03
7.432000000000000000e+03
7.432000000000000000e+03
7.432000000000000000e+03
7.846000000000000000e+03
7.905000000000000000e+03
7.971000000000000000e+03
8.033000000000000000e+03
8.075000000000000000e+03
8.135000000000000000e+03
8.163000000000000000e+03
8.199000000000000000e+03
8.249000000000000000e+03
8.324000000000000000e+03
8.403000000000000000e+03
8.443000000000000000e+03
8.534000000000000000e+03
8.626000000000000000e+03
8.720000000000000000e+03
8.767000000000000000e+03
8.801000000000000000e+03
8.831000000000000000e+03
8.844000000000000000e+03
8.873000000000000000e+03
8.931000000000000000e+03
9.010000000000000000e+03
9.070000000000000000e+03
9.084000000000000000e+03
9.115000000000000000e+03
9.133000000000000000e+03
9.178000000000000000e+03
9.253000000000000000e+03
9.309000000000000000e+03
9.355000000000000000e+03
9.436000000000000000e+03
9.454000000000000000e+03
9.489000000000000000e+03
9.499000000000000000e+03
9.538000000000000000e+03
9.589000000000000000e+03
9.605000000000000000e+03
9.638000000000000000e+03
9.676000000000000000e+03
9.706000000000000000e+03
9.721000000000000000e+03
9.741000000000000000e+03
9.757000000000000000e+03
9.802000000000000000e+03
9.811000000000000000e+03
9.830000000000000000e+03
9.842000000000000000e+03
9.891000000000000000e+03
9.912000000000000000e+03
9.915000000000000000e+03
9.994000000000000000e+03
1.000700000000000000e+04
1.004500000000000000e+04
1.009700000000000000e+04
1.010400000000000000e+04
1.011400000000000000e+04
1.012500000000000000e+04
1.014900000000000000e+04
1.017800000000000000e+04
1.021000000000000000e+04
1.023300000000000000e+04
1.029200000000000000e+04
1.032400000000000000e+04
1.034300000000000000e+04
1.036100000000000000e+04
1.038500000000000000e+04
1.039000000000000000e+04
1.039000000000000000e+04
1.040100000000000000e+04
1.041400000000000000e+04
1.044200000000000000e+04
1.045600000000000000e+04
1.048800000000000000e+04
1.051500000000000000e+04
1.051900000000000000e+04
1.052300000000000000e+04
1.053700000000000000e+04
1.055500000000000000e+04
1.057800000000000000e+04
1.059300000000000000e+04
1.061200000000000000e+04
1.062400000000000000e+04
1.063100000000000000e+04
1.065900000000000000e+04
1.068500000000000000e+04
1.072900000000000000e+04
1.075200000000000000e+04
1.076000000000000000e+04
1.077800000000000000e+04
1.078900000000000000e+04
1.080400000000000000e+04
1.082200000000000000e+04
1.083500000000000000e+04
1.084100000000000000e+04
1.085100000000000000e+04
1.086800000000000000e+04
1.087200000000000000e+04
1.093500000000000000e+04
1.093500000000000000e+04
1.099900000000000000e+04
1.100000000000000000e+04
1.100600000000000000e+04
1.105200000000000000e+04
1.106600000000000000e+04
1.106600000000000000e+04
1.109700000000000000e+04
1.112200000000000000e+04
1.114300000000000000e+04
1.114300000000000000e+04
1.117400000000000000e+04
1.119100000000000000e+04
1.121100000000000000e+04
1.121100000000000000e+04
1.130600000000000000e+04
1.130600000000000000e+04
1.137300000000000000e+04
1.139500000000000000e+04
1.142700000000000000e+04
1.145000000000000000e+04
1.145000000000000000e+04
1.151700000000000000e+04
1.155000000000000000e+04
1.159100000000000000e+04
1.160800000000000000e+04
1.164200000000000000e+04
1.165600000000000000e+04
1.169200000000000000e+04
1.169200000000000000e+04
1.176000000000000000e+04
1.176000000000000000e+04
1.183900000000000000e+04
1.186600000000000000e+04
1.191800000000000000e+04
1.200800000000000000e+04
1.212900000000000000e+04
1.218000000000000000e+04
1.218000000000000000e+04
1.227800000000000000e+04
1.231000000000000000e+04
1.236500000000000000e+04
1.247000000000000000e+04
1.247000000000000000e+04
1.260800000000000000e+04
1.270200000000000000e+04
1.277200000000000000e+04
1.285900000000000000e+04
1.298700000000000000e+04
1.313200000000000000e+04
1.328100000000000000e+04
1.341300000000000000e+04
1.352700000000000000e+04
1.359500000000000000e+04
1.375000000000000000e+04
1.384300000000000000e+04
1.399700000000000000e+04
1.416900000000000000e+04
1.434200000000000000e+04
1.446100000000000000e+04
1.451300000000000000e+04
1.459700000000000000e+04
1.493000000000000000e+04
1.508900000000000000e+04
1.508900000000000000e+04
1.539700000000000000e+04
1.549500000000000000e+04
1.566900000000000000e+04
1.581000000000000000e+04
1.603900000000000000e+04
1.628200000000000000e+04
1.647200000000000000e+04
1.676300000000000000e+04
1.683900000000000000e+04
1.691700000000000000e+04
1.718200000000000000e+04
1.737600000000000000e+04
1.765800000000000000e+04
1.784900000000000000e+04
1.799800000000000000e+04
1.810200000000000000e+04
1.815300000000000000e+04
1.824800000000000000e+04
1.848700000000000000e+04
1.873800000000000000e+04
1.896900000000000000e+04
1.915900000000000000e+04
1.943600000000000000e+04
1.949600000000000000e+04
1.970700000000000000e+04
2.000300000000000000e+04
2.047900000000000000e+04
2.055600000000000000e+04
2.069300000000000000e+04
2.090800000000000000e+04
2.106000000000000000e+04
2.114000000000000000e+04
2.130200000000000000e+04
2.139800000000000000e+04
2.159700000000000000e+04
2.171300000000000000e+04
2.186900000000000000e+04
2.195400000000000000e+04
2.204800000000000000e+04
2.217800000000000000e+04
2.232200000000000000e+04
2.245500000000000000e+04
2.260400000000000000e+04
2.277100000000000000e+04
2.284200000000000000e+04
2.304300000000000000e+04
2.318200000000000000e+04
2.322200000000000000e+04
2.337100000000000000e+04
2.348500000000000000e+04
2.359900000000000000e+04
2.367100000000000000e+04
2.377100000000000000e+04
2.389000000000000000e+04
2.402600000000000000e+04
2.415200000000000000e+04
2.424000000000000000e+04
2.429500000000000000e+04
2.438600000000000000e+04
2.442300000000000000e+04
2.460200000000000000e+04
2.479400000000000000e+04
2.496400000000000000e+04
2.508000000000000000e+04
2.508000000000000000e+04
2.514400000000000000e+04
2.514400000000000000e+04
2.514400000000000000e+04
2.514400000000000000e+04
2.569100000000000000e+04
2.579200000000000000e+04
2.591300000000000000e+04
2.596200000000000000e+04
2.605000000000000000e+04
2.624700000000000000e+04
2.634000000000000000e+04
2.634000000000000000e+04
2.646900000000000000e+04
2.654100000000000000e+04
2.662700000000000000e+04
2.668400000000000000e+04
2.673800000000000000e+04
2.675900000000000000e+04
2.684600000000000000e+04
2.693800000000000000e+04
2.701400000000000000e+04
2.707700000000000000e+04
2.710000000000000000e+04
2.725200000000000000e+04
2.729000000000000000e+04
2.735600000000000000e+04
2.746800000000000000e+04
2.755300000000000000e+04
2.757200000000000000e+04
2.758000000000000000e+04
2.766000000000000000e+04
2.772900000000000000e+04
2.779400000000000000e+04
2.788700000000000000e+04
2.793000000000000000e+04
2.801200000000000000e+04
2.807600000000000000e+04
2.814200000000000000e+04
2.819900000000000000e+04
2.821700000000000000e+04
2.829200000000000000e+04
2.832500000000000000e+04
2.835400000000000000e+04
2.837700000000000000e+04
2.841000000000000000e+04
2.847400000000000000e+04
2.851100000000000000e+04
2.854200000000000000e+04
2.854200000000000000e+04
2.854200000000000000e+04
2.866500000000000000e+04
2.871400000000000000e+04
2.876900000000000000e+04
2.885900000000000000e+04
2.889400000000000000e+04
2.895600000000000000e+04
2.895600000000000000e+04
2.908400000000000000e+04
2.923300000000000000e+04
2.935000000000000000e+04
2.940500000000000000e+04
2.949800000000000000e+04
2.957600000000000000e+04
2.961100000000000000e+04
2.970100000000000000e+04
2.976800000000000000e+04
2.981200000000000000e+04
2.985300000000000000e+04
2.990400000000000000e+04
2.996500000000000000e+04
3.000400000000000000e+04
3.007100000000000000e+04
3.013000000000000000e+04
3.020100000000000000e+04
3.024000000000000000e+04
3.028500000000000000e+04
3.032300000000000000e+04
3.035000000000000000e+04
3.039200000000000000e+04
3.042900000000000000e+04
3.047800000000000000e+04
3.051100000000000000e+04
3.054600000000000000e+04
3.056200000000000000e+04
3.060900000000000000e+04
3.062000000000000000e+04
3.070800000000000000e+04
3.075700000000000000e+04
3.082500000000000000e+04
3.086300000000000000e+04
3.086300000000000000e+04
3.086300000000000000e+04
3.117200000000000000e+04
3.124800000000000000e+04
3.127900000000000000e+04
3.138600000000000000e+04
3.141600000000000000e+04
3.155700000000000000e+04
3.165100000000000000e+04
3.165100000000000000e+04
3.193400000000000000e+04
3.217700000000000000e+04
3.254500000000000000e+04
3.279600000000000000e+04
3.320200000000000000e+04
3.333800000000000000e+04
3.357700000000000000e+04
3.395600000000000000e+04
3.426600000000000000e+04
3.469500000000000000e+04
3.494900000000000000e+04
3.522800000000000000e+04
3.566800000000000000e+04
3.591800000000000000e+04
3.622200000000000000e+04
3.657800000000000000e+04
3.695700000000000000e+04
3.751900000000000000e+04
3.780900000000000000e+04
3.792600000000000000e+04
3.833000000000000000e+04
3.855300000000000000e+04
3.893600000000000000e+04
3.939500000000000000e+04
3.975800000000000000e+04
4.025400000000000000e+04
4.043900000000000000e+04
4.083600000000000000e+04
4.083600000000000000e+04
4.135300000000000000e+04
4.177100000000000000e+04
4.195900000000000000e+04
4.218100000000000000e+04
4.261700000000000000e+04
4.288000000000000000e+04
4.301900000000000000e+04
4.333300000000000000e+04
4.369400000000000000e+04
4.397000000000000000e+04
4.413900000000000000e+04
4.433200000000000000e+04
4.451200000000000000e+04
4.490900000000000000e+04
4.521100000000000000e+04
4.542600000000000000e+04
4.542600000000000000e+04
4.600900000000000000e+04
4.635600000000000000e+04
4.672500000000000000e+04
4.686600000000000000e+04
4.717400000000000000e+04
4.740400000000000000e+04
4.778600000000000000e+04
4.812800000000000000e+04
4.850300000000000000e+04
4.876800000000000000e+04
4.897000000000000000e+04
4.925100000000000000e+04
4.956200000000000000e+04
4.991700000000000000e+04
4.991700000000000000e+04
