0.000000000000000000e+00
0.000000000000000000e+00
0.000000000000000000e+00
0.000000000000000000e+00
0.000000000000000000e+00
0.000000000000000000e+00
0.000000000000000000e+00
0.000000000000000000e+00
0.000000000000000000e+00
0.000000000000000000e+00
0.000000000000000000e+00
0.000000000000000000e+00
0.000000000000000000e+00
0.000000000000000000e+00
0.000000000000000000e+00
0.000000000000000000e+00
0.000000000000000000e+00
0.000000000000000000e+00
0.000000000000000000e+00
0.000000000000000000e+00
0.000000000000000000e+00
0.000000000000000000e+00
0.000000000000000000e+00
0.000000000000000000e+00
0.000000000000000000e+00
0.000000000000000000e+00
0.000000000000000000e+00
0.000000000000000000e+00
0.000000000000000000e+00
0.000000000000000000e+00
0.000000000000000000e+00
0.000000000000000000e+00
0.000000000000000000e+00
0.000000000000000000e+00
1.000000000000000000e+00
1.000000000000000000e+00
8.000000000000000000e+00
8.000000000000000000e+00
1.800000000000000000e+01
2.700000000000000000e+01
4.200000000000000000e+01
5.600000000000000000e+01
9.000000000000000000e+01
1.140000000000000000e+02
2.140000000000000000e+02
2.680000000000000000e+02
3.370000000000000000e+02
3.740000000000000000e+02
4.910000000000000000e+02
6.520000000000000000e+02
6.520000000000000000e+02
1.139000000000000000e+03
1.359000000000000000e+03
2.200000000000000000e+03
2.200000000000000000e+03
2.700000000000000000e+03
3.028000000000000000e+03
4.075000000000000000e+03
5.294000000000000000e+03
6.575000000000000000e+03
7.474000000000000000e+03
8.795000000000000000e+03
9.877000000000000000e+03
1.089700000000000000e+04
1.181100000000000000e+04
1.292800000000000000e+04
1.407600000000000000e+04
1.482900000000000000e+04
1.592200000000000000e+04
1.660500000000000000e+04
1.776800000000000000e+04
1.882700000000000000e+04
1.960600000000000000e+04
2.050500000000000000e+04
2.110000000000000000e+04
2.165700000000000000e+04
2.225300000000000000e+04
2.328000000000000000e+04
2.405100000000000000e+04
2.455100000000000000e+04
2.510700000000000000e+04
2.541500000000000000e+04
2.568800000000000000e+04
2.593600000000000000e+04
2.633600000000000000e+04
2.673200000000000000e+04
2.707800000000000000e+04
2.740400000000000000e+04
2.774000000000000000e+04
2.794400000000000000e+04
2.806300000000000000e+04
2.826800000000000000e+04
2.849600000000000000e+04
2.867700000000000000e+04
2.889400000000000000e+04
2.906100000000000000e+04
2.916400000000000000e+04
2.926400000000000000e+04
2.940700000000000000e+04
2.958600000000000000e+04
2.970500000000000000e+04
2.981700000000000000e+04
2.990500000000000000e+04
2.998100000000000000e+04
3.000900000000000000e+04
3.006000000000000000e+04
3.012600000000000000e+04
3.020700000000000000e+04
3.025100000000000000e+04
3.030500000000000000e+04
3.034400000000000000e+04
3.038000000000000000e+04
3.041300000000000000e+04
3.046300000000000000e+04
3.051400000000000000e+04
3.057200000000000000e+04
3.058700000000000000e+04
3.059700000000000000e+04
3.061800000000000000e+04
3.065800000000000000e+04
3.069400000000000000e+04
3.070700000000000000e+04
3.072500000000000000e+04
3.073600000000000000e+04
3.074600000000000000e+04
3.076100000000000000e+04
3.077600000000000000e+04
3.079600000000000000e+04
3.082800000000000000e+04
3.084500000000000000e+04
3.086200000000000000e+04
3.087100000000000000e+04
3.087400000000000000e+04
3.089300000000000000e+04
3.091300000000000000e+04
3.093600000000000000e+04
3.095600000000000000e+04
3.096500000000000000e+04
3.097200000000000000e+04
3.098800000000000000e+04
3.101100000000000000e+04
3.104400000000000000e+04
3.106300000000000000e+04
3.109400000000000000e+04
3.111700000000000000e+04
3.113100000000000000e+04
3.115400000000000000e+04
3.118700000000000000e+04
3.120000000000000000e+04
3.123500000000000000e+04
3.124300000000000000e+04
3.129200000000000000e+04
3.131000000000000000e+04
3.133200000000000000e+04
3.137600000000000000e+04
3.142800000000000000e+04
3.148600000000000000e+04
3.155500000000000000e+04
3.161700000000000000e+04
3.165200000000000000e+04
3.171400000000000000e+04
3.185100000000000000e+04
3.196700000000000000e+04
3.210100000000000000e+04
3.219800000000000000e+04
3.226800000000000000e+04
3.231500000000000000e+04
3.236900000000000000e+04
3.249800000000000000e+04
3.258600000000000000e+04
3.269000000000000000e+04
3.281700000000000000e+04
3.288300000000000000e+04
3.294600000000000000e+04
3.301600000000000000e+04
3.314800000000000000e+04
3.329000000000000000e+04
3.338200000000000000e+04
3.349200000000000000e+04
3.359100000000000000e+04
3.363400000000000000e+04
3.374200000000000000e+04
3.388300000000000000e+04
3.400000000000000000e+04
3.415400000000000000e+04
3.430200000000000000e+04
3.441200000000000000e+04
3.447700000000000000e+04
3.460900000000000000e+04
3.480200000000000000e+04
3.502200000000000000e+04
3.523200000000000000e+04
3.541200000000000000e+04
3.555000000000000000e+04
3.561600000000000000e+04
3.574600000000000000e+04
3.592700000000000000e+04
3.610800000000000000e+04
3.626900000000000000e+04
3.645100000000000000e+04
3.660300000000000000e+04
3.670800000000000000e+04
3.689500000000000000e+04
3.716900000000000000e+04
3.740300000000000000e+04
3.767100000000000000e+04
3.792400000000000000e+04
3.812400000000000000e+04
3.825200000000000000e+04
3.844900000000000000e+04
3.876000000000000000e+04
3.902600000000000000e+04
3.933200000000000000e+04
3.962700000000000000e+04
3.990300000000000000e+04
4.006000000000000000e+04
4.026200000000000000e+04
4.064500000000000000e+04
4.100600000000000000e+04
4.134600000000000000e+04
4.172200000000000000e+04
4.201400000000000000e+04
4.217700000000000000e+04
4.239300000000000000e+04
4.276300000000000000e+04
4.312700000000000000e+04
4.353200000000000000e+04
4.395700000000000000e+04
4.440100000000000000e+04
4.459200000000000000e+04
4.483700000000000000e+04
4.530600000000000000e+04
4.571100000000000000e+04
4.623900000000000000e+04
4.670400000000000000e+04
4.717900000000000000e+04
4.743600000000000000e+04
4.775100000000000000e+04
4.826500000000000000e+04
4.879500000000000000e+04
4.928300000000000000e+04
4.928300000000000000e+04
4.928300000000000000e+04
5.037800000000000000e+04
5.066400000000000000e+04
5.110100000000000000e+04
5.149200000000000000e+04
5.186400000000000000e+04
5.186400000000000000e+04
5.186400000000000000e+04
5.264600000000000000e+04
5.287100000000000000e+04
5.328200000000000000e+04
5.383200000000000000e+04
5.438400000000000000e+04
5.438400000000000000e+04
5.438400000000000000e+04
5.593200000000000000e+04
5.663200000000000000e+04
5.770900000000000000e+04
5.888100000000000000e+04
6.036800000000000000e+04
6.036800000000000000e+04
6.036800000000000000e+04
6.443600000000000000e+04
6.588100000000000000e+04
6.870400000000000000e+04
7.131700000000000000e+04
7.442200000000000000e+04
7.442200000000000000e+04
7.442200000000000000e+04
8.315900000000000000e+04
8.616700000000000000e+04
9.176300000000000000e+04
9.701900000000000000e+04
1.036530000000000000e+05
1.036530000000000000e+05
1.036530000000000000e+05
1.210930000000000000e+05
1.270420000000000000e+05
1.356580000000000000e+05
1.450440000000000000e+05
1.542510000000000000e+05
1.542510000000000000e+05
1.542510000000000000e+05
1.761770000000000000e+05
1.823030000000000000e+05
1.923760000000000000e+05
2.025040000000000000e+05
2.119130000000000000e+05
2.119130000000000000e+05
2.119130000000000000e+05
2.292220000000000000e+05
2.352020000000000000e+05
2.434720000000000000e+05
2.503960000000000000e+05
2.571350000000000000e+05
2.571350000000000000e+05
2.571350000000000000e+05
2.699740000000000000e+05
2.745340000000000000e+05
2.806480000000000000e+05
2.856550000000000000e+05
2.906010000000000000e+05
2.906010000000000000e+05
2.906010000000000000e+05
3.003520000000000000e+05
3.045930000000000000e+05
3.094690000000000000e+05
3.139780000000000000e+05
3.182900000000000000e+05
3.182900000000000000e+05
3.182900000000000000e+05
3.270720000000000000e+05
3.308740000000000000e+05
3.356600000000000000e+05
3.401150000000000000e+05
3.444970000000000000e+05
3.444970000000000000e+05
3.444970000000000000e+05
3.543060000000000000e+05
3.585680000000000000e+05
3.636540000000000000e+05
3.686950000000000000e+05
3.738310000000000000e+05
3.738310000000000000e+05
3.738310000000000000e+05
3.845570000000000000e+05
3.888280000000000000e+05
3.944530000000000000e+05
3.995110000000000000e+05
4.039890000000000000e+05
4.039890000000000000e+05
4.039890000000000000e+05
4.139910000000000000e+05
4.182660000000000000e+05
4.232990000000000000e+05
4.281970000000000000e+05
4.281970000000000000e+05
4.281970000000000000e+05
4.281970000000000000e+05
4.382840000000000000e+05
4.424810000000000000e+05
4.479050000000000000e+05
4.522960000000000000e+05
4.522960000000000000e+05
4.522960000000000000e+05
4.522960000000000000e+05
4.619610000000000000e+05
4.659810000000000000e+05
4.707890000000000000e+05
4.747640000000000000e+05
4.779830000000000000e+05
4.779830000000000000e+05
4.779830000000000000e+05
4.845060000000000000e+05
4.873570000000000000e+05
4.903580000000000000e+05
4.928320000000000000e+05
4.952280000000000000e+05
4.952280000000000000e+05
4.952280000000000000e+05
4.999310000000000000e+05
5.021910000000000000e+05
5.049180000000000000e+05
5.071230000000000000e+05
5.092790000000000000e+05
5.092790000000000000e+05
5.092790000000000000e+05
5.135990000000000000e+05
5.154830000000000000e+05
5.177050000000000000e+05
5.194040000000000000e+05
5.213200000000000000e+05
5.213200000000000000e+05
5.213200000000000000e+05
5.250950000000000000e+05
5.267280000000000000e+05
5.285240000000000000e+05
5.302890000000000000e+05
5.318730000000000000e+05
5.318730000000000000e+05
5.318730000000000000e+05
5.351530000000000000e+05
5.365160000000000000e+05
5.381180000000000000e+05
5.394740000000000000e+05
5.407270000000000000e+05
5.407270000000000000e+05
5.407270000000000000e+05
5.432070000000000000e+05
5.442820000000000000e+05
5.455350000000000000e+05
5.467540000000000000e+05
5.477750000000000000e+05
5.477750000000000000e+05
5.477750000000000000e+05
5.502240000000000000e+05
5.513550000000000000e+05
5.526980000000000000e+05
5.538670000000000000e+05
5.549320000000000000e+05
5.549320000000000000e+05
5.549320000000000000e+05
5.574920000000000000e+05
5.586220000000000000e+05
5.598450000000000000e+05
5.610680000000000000e+05
5.622900000000000000e+05
5.622900000000000000e+05
5.622900000000000000e+05
5.650340000000000000e+05
5.664120000000000000e+05
5.679030000000000000e+05
5.693120000000000000e+05
5.706450000000000000e+05
5.706450000000000000e+05
5.706450000000000000e+05
5.738150000000000000e+05
5.752530000000000000e+05
5.771110000000000000e+05
5.788610000000000000e+05
5.806090000000000000e+05
5.806090000000000000e+05
5.806090000000000000e+05
5.842520000000000000e+05
5.860960000000000000e+05
5.881180000000000000e+05
5.901640000000000000e+05
5.922170000000000000e+05
5.922170000000000000e+05
5.922170000000000000e+05
5.967900000000000000e+05
5.987130000000000000e+05
6.011240000000000000e+05
6.030920000000000000e+05
6.053420000000000000e+05
6.053420000000000000e+05
6.053420000000000000e+05
6.053420000000000000e+05
6.102740000000000000e+05
6.125750000000000000e+05
6.150240000000000000e+05
6.175430000000000000e+05
6.175430000000000000e+05
6.175430000000000000e+05
6.231260000000000000e+05
6.253670000000000000e+05
6.279680000000000000e+05
6.301940000000000000e+05
6.323990000000000000e+05
6.323990000000000000e+05
6.323990000000000000e+05
6.373040000000000000e+05
6.394450000000000000e+05
6.421310000000000000e+05
6.443960000000000000e+05
6.465090000000000000e+05
6.465090000000000000e+05
6.465090000000000000e+05
6.518220000000000000e+05
6.539570000000000000e+05
6.560770000000000000e+05
6.581430000000000000e+05
6.599740000000000000e+05
6.599740000000000000e+05
6.599740000000000000e+05
6.639520000000000000e+05
6.655850000000000000e+05
6.673800000000000000e+05
6.690670000000000000e+05
6.706130000000000000e+05
6.706130000000000000e+05
6.706130000000000000e+05
6.742960000000000000e+05
6.756710000000000000e+05
6.772100000000000000e+05
6.772100000000000000e+05
6.795100000000000000e+05
6.795100000000000000e+05
6.795100000000000000e+05
6.821600000000000000e+05
6.834000000000000000e+05
6.849540000000000000e+05
6.861520000000000000e+05
6.861520000000000000e+05
6.873530000000000000e+05
6.873530000000000000e+05
6.873530000000000000e+05
6.901230000000000000e+05
6.911190000000000000e+05
6.921110000000000000e+05
6.930230000000000000e+05
6.930230000000000000e+05
6.930230000000000000e+05
6.947400000000000000e+05
6.954960000000000000e+05
6.962130000000000000e+05
6.968010000000000000e+05
6.972920000000000000e+05
6.972920000000000000e+05
6.972920000000000000e+05
6.983690000000000000e+05
6.987980000000000000e+05
6.987980000000000000e+05
6.996970000000000000e+05
7.000510000000000000e+05
7.000510000000000000e+05
7.000510000000000000e+05
7.007350000000000000e+05
7.009780000000000000e+05
7.012600000000000000e+05
7.014540000000000000e+05
7.016270000000000000e+05
7.016270000000000000e+05
7.016270000000000000e+05
7.019940000000000000e+05
7.021240000000000000e+05
7.022780000000000000e+05
7.023980000000000000e+05
7.025070000000000000e+05
7.025070000000000000e+05
7.025070000000000000e+05
7.027460000000000000e+05
7.028750000000000000e+05
7.030040000000000000e+05
7.031760000000000000e+05
7.033340000000000000e+05
7.033340000000000000e+05
7.033340000000000000e+05
7.037830000000000000e+05
7.040570000000000000e+05
7.043520000000000000e+05
7.046200000000000000e+05
7.049430000000000000e+05
7.049430000000000000e+05
7.049430000000000000e+05
7.057650000000000000e+05
7.062480000000000000e+05
7.067750000000000000e+05
7.073570000000000000e+05
7.073570000000000000e+05
7.079760000000000000e+05
7.079760000000000000e+05
7.095360000000000000e+05
7.102430000000000000e+05
7.110160000000000000e+05
7.118770000000000000e+05
7.126680000000000000e+05
7.126680000000000000e+05
7.126680000000000000e+05
7.144140000000000000e+05
7.152670000000000000e+05
7.160380000000000000e+05
7.168650000000000000e+05
7.176650000000000000e+05
7.176650000000000000e+05
7.176650000000000000e+05
