0.000000000000000000e+00
0.000000000000000000e+00
0.000000000000000000e+00
0.000000000000000000e+00
0.000000000000000000e+00
0.000000000000000000e+00
0.000000000000000000e+00
0.000000000000000000e+00
0.000000000000000000e+00
0.000000000000000000e+00
0.000000000000000000e+00
0.000000000000000000e+00
0.000000000000000000e+00
0.000000000000000000e+00
0.000000000000000000e+00
0.000000000000000000e+00
0.000000000000000000e+00
0.000000000000000000e+00
0.000000000000000000e+00
0.000000000000000000e+00
0.000000000000000000e+00
0.000000000000000000e+00
0.000000000000000000e+00
0.000000000000000000e+00
0.000000000000000000e+00
0.000000000000000000e+00
0.000000000000000000e+00
0.000000000000000000e+00
0.000000000000000000e+00
0.000000000000000000e+00
0.000000000000000000e+00
0.000000000000000000e+00
0.000000000000000000e+00
0.000000000000000000e+00
1.000000000000000000e+00
0.000000000000000000e+00
7.000000000000000000e+00
0.000000000000000000e+00
1.000000000000000000e+01
9.000000000000000000e+00
1.500000000000000000e+01
1.400000000000000000e+01
3.400000000000000000e+01
2.400000000000000000e+01
1.000000000000000000e+02
5.400000000000000000e+01
6.900000000000000000e+01
3.700000000000000000e+01
1.170000000000000000e+02
1.610000000000000000e+02
0.000000000000000000e+00
4.870000000000000000e+02
2.200000000000000000e+02
8.410000000000000000e+02
0.000000000000000000e+00
5.000000000000000000e+02
3.280000000000000000e+02
1.047000000000000000e+03
1.219000000000000000e+03
1.281000000000000000e+03
8.990000000000000000e+02
1.321000000000000000e+03
1.082000000000000000e+03
1.020000000000000000e+03
9.140000000000000000e+02
1.117000000000000000e+03
1.148000000000000000e+03
7.530000000000000000e+02
1.093000000000000000e+03
6.830000000000000000e+02
1.163000000000000000e+03
1.059000000000000000e+03
7.790000000000000000e+02
8.990000000000000000e+02
5.950000000000000000e+02
5.570000000000000000e+02
5.960000000000000000e+02
1.027000000000000000e+03
7.710000000000000000e+02
5.000000000000000000e+02
5.560000000000000000e+02
3.080000000000000000e+02
2.730000000000000000e+02
2.480000000000000000e+02
4.000000000000000000e+02
3.960000000000000000e+02
3.460000000000000000e+02
3.260000000000000000e+02
3.360000000000000000e+02
2.040000000000000000e+02
1.190000000000000000e+02
2.050000000000000000e+02
2.280000000000000000e+02
1.810000000000000000e+02
2.170000000000000000e+02
1.670000000000000000e+02
1.030000000000000000e+02
1.000000000000000000e+02
1.430000000000000000e+02
1.790000000000000000e+02
1.190000000000000000e+02
1.120000000000000000e+02
8.800000000000000000e+01
7.600000000000000000e+01
2.800000000000000000e+01
5.100000000000000000e+01
6.600000000000000000e+01
8.100000000000000000e+01
4.400000000000000000e+01
5.400000000000000000e+01
3.900000000000000000e+01
3.600000000000000000e+01
3.300000000000000000e+01
5.000000000000000000e+01
5.100000000000000000e+01
5.800000000000000000e+01
1.500000000000000000e+01
1.000000000000000000e+01
2.100000000000000000e+01
4.000000000000000000e+01
3.600000000000000000e+01
1.300000000000000000e+01
1.800000000000000000e+01
1.100000000000000000e+01
1.000000000000000000e+01
1.500000000000000000e+01
1.500000000000000000e+01
2.000000000000000000e+01
3.200000000000000000e+01
1.700000000000000000e+01
1.700000000000000000e+01
9.000000000000000000e+00
3.000000000000000000e+00
1.900000000000000000e+01
2.000000000000000000e+01
2.300000000000000000e+01
2.000000000000000000e+01
9.000000000000000000e+00
7.000000000000000000e+00
1.600000000000000000e+01
2.300000000000000000e+01
3.300000000000000000e+01
1.900000000000000000e+01
3.100000000000000000e+01
2.300000000000000000e+01
1.400000000000000000e+01
2.300000000000000000e+01
3.300000000000000000e+01
1.300000000000000000e+01
3.500000000000000000e+01
8.000000000000000000e+00
4.900000000000000000e+01
1.800000000000000000e+01
2.200000000000000000e+01
4.400000000000000000e+01
5.200000000000000000e+01
5.800000000000000000e+01
6.900000000000000000e+01
6.200000000000000000e+01
3.500000000000000000e+01
6.200000000000000000e+01
1.370000000000000000e+02
1.160000000000000000e+02
1.340000000000000000e+02
9.700000000000000000e+01
7.000000000000000000e+01
4.700000000000000000e+01
5.400000000000000000e+01
1.290000000000000000e+02
8.800000000000000000e+01
1.040000000000000000e+02
1.270000000000000000e+02
6.600000000000000000e+01
6.300000000000000000e+01
7.000000000000000000e+01
1.320000000000000000e+02
1.420000000000000000e+02
9.200000000000000000e+01
1.100000000000000000e+02
9.900000000000000000e+01
4.300000000000000000e+01
1.080000000000000000e+02
1.410000000000000000e+02
1.170000000000000000e+02
1.540000000000000000e+02
1.480000000000000000e+02
1.100000000000000000e+02
6.500000000000000000e+01
1.320000000000000000e+02
1.930000000000000000e+02
2.200000000000000000e+02
2.100000000000000000e+02
1.800000000000000000e+02
1.380000000000000000e+02
6.600000000000000000e+01
1.300000000000000000e+02
1.810000000000000000e+02
1.810000000000000000e+02
1.610000000000000000e+02
1.820000000000000000e+02
1.520000000000000000e+02
1.050000000000000000e+02
1.870000000000000000e+02
2.740000000000000000e+02
2.340000000000000000e+02
2.680000000000000000e+02
2.530000000000000000e+02
2.000000000000000000e+02
1.280000000000000000e+02
1.970000000000000000e+02
3.110000000000000000e+02
2.660000000000000000e+02
3.060000000000000000e+02
2.950000000000000000e+02
2.760000000000000000e+02
1.570000000000000000e+02
2.020000000000000000e+02
3.830000000000000000e+02
3.610000000000000000e+02
3.400000000000000000e+02
3.760000000000000000e+02
2.920000000000000000e+02
1.630000000000000000e+02
2.160000000000000000e+02
3.700000000000000000e+02
3.640000000000000000e+02
4.050000000000000000e+02
4.250000000000000000e+02
4.440000000000000000e+02
1.910000000000000000e+02
2.450000000000000000e+02
4.690000000000000000e+02
4.050000000000000000e+02
5.280000000000000000e+02
4.650000000000000000e+02
4.750000000000000000e+02
2.570000000000000000e+02
3.150000000000000000e+02
5.140000000000000000e+02
5.300000000000000000e+02
4.880000000000000000e+02
0.000000000000000000e+00
0.000000000000000000e+00
1.095000000000000000e+03
2.860000000000000000e+02
4.370000000000000000e+02
3.910000000000000000e+02
3.720000000000000000e+02
0.000000000000000000e+00
0.000000000000000000e+00
7.820000000000000000e+02
2.250000000000000000e+02
4.110000000000000000e+02
5.500000000000000000e+02
5.520000000000000000e+02
0.000000000000000000e+00
0.000000000000000000e+00
1.548000000000000000e+03
7.000000000000000000e+02
1.077000000000000000e+03
1.172000000000000000e+03
1.487000000000000000e+03
0.000000000000000000e+00
0.000000000000000000e+00
4.068000000000000000e+03
1.445000000000000000e+03
2.823000000000000000e+03
2.613000000000000000e+03
3.105000000000000000e+03
0.000000000000000000e+00
0.000000000000000000e+00
8.737000000000000000e+03
3.008000000000000000e+03
5.596000000000000000e+03
5.256000000000000000e+03
6.634000000000000000e+03
0.000000000000000000e+00
0.000000000000000000e+00
1.744000000000000000e+04
5.949000000000000000e+03
8.616000000000000000e+03
9.386000000000000000e+03
9.207000000000000000e+03
0.000000000000000000e+00
0.000000000000000000e+00
2.192600000000000000e+04
6.126000000000000000e+03
1.007300000000000000e+04
1.012800000000000000e+04
9.409000000000000000e+03
0.000000000000000000e+00
0.000000000000000000e+00
1.730900000000000000e+04
5.980000000000000000e+03
8.270000000000000000e+03
6.924000000000000000e+03
6.739000000000000000e+03
0.000000000000000000e+00
0.000000000000000000e+00
1.283900000000000000e+04
4.560000000000000000e+03
6.114000000000000000e+03
5.007000000000000000e+03
4.946000000000000000e+03
0.000000000000000000e+00
0.000000000000000000e+00
9.751000000000000000e+03
4.241000000000000000e+03
4.876000000000000000e+03
4.509000000000000000e+03
4.312000000000000000e+03
0.000000000000000000e+00
0.000000000000000000e+00
8.782000000000000000e+03
3.802000000000000000e+03
4.786000000000000000e+03
4.455000000000000000e+03
4.382000000000000000e+03
0.000000000000000000e+00
0.000000000000000000e+00
9.809000000000000000e+03
4.262000000000000000e+03
5.086000000000000000e+03
5.041000000000000000e+03
5.136000000000000000e+03
0.000000000000000000e+00
0.000000000000000000e+00
1.072600000000000000e+04
4.271000000000000000e+03
5.625000000000000000e+03
5.058000000000000000e+03
4.478000000000000000e+03
0.000000000000000000e+00
0.000000000000000000e+00
1.000200000000000000e+04
4.275000000000000000e+03
5.033000000000000000e+03
4.898000000000000000e+03
0.000000000000000000e+00
0.000000000000000000e+00
0.000000000000000000e+00
1.008700000000000000e+04
4.197000000000000000e+03
5.424000000000000000e+03
4.391000000000000000e+03
0.000000000000000000e+00
0.000000000000000000e+00
0.000000000000000000e+00
9.665000000000000000e+03
4.020000000000000000e+03
4.808000000000000000e+03
3.975000000000000000e+03
3.219000000000000000e+03
0.000000000000000000e+00
0.000000000000000000e+00
6.523000000000000000e+03
2.851000000000000000e+03
3.001000000000000000e+03
2.474000000000000000e+03
2.396000000000000000e+03
0.000000000000000000e+00
0.000000000000000000e+00
4.703000000000000000e+03
2.260000000000000000e+03
2.727000000000000000e+03
2.205000000000000000e+03
2.156000000000000000e+03
0.000000000000000000e+00
0.000000000000000000e+00
4.320000000000000000e+03
1.884000000000000000e+03
2.222000000000000000e+03
1.699000000000000000e+03
1.916000000000000000e+03
0.000000000000000000e+00
0.000000000000000000e+00
3.775000000000000000e+03
1.633000000000000000e+03
1.796000000000000000e+03
1.765000000000000000e+03
1.584000000000000000e+03
0.000000000000000000e+00
0.000000000000000000e+00
3.280000000000000000e+03
1.363000000000000000e+03
1.602000000000000000e+03
1.356000000000000000e+03
1.253000000000000000e+03
0.000000000000000000e+00
0.000000000000000000e+00
2.480000000000000000e+03
1.075000000000000000e+03
1.253000000000000000e+03
1.219000000000000000e+03
1.021000000000000000e+03
0.000000000000000000e+00
0.000000000000000000e+00
2.449000000000000000e+03
1.131000000000000000e+03
1.343000000000000000e+03
1.169000000000000000e+03
1.065000000000000000e+03
0.000000000000000000e+00
0.000000000000000000e+00
2.560000000000000000e+03
1.130000000000000000e+03
1.223000000000000000e+03
1.223000000000000000e+03
1.222000000000000000e+03
0.000000000000000000e+00
0.000000000000000000e+00
2.744000000000000000e+03
1.378000000000000000e+03
1.491000000000000000e+03
1.409000000000000000e+03
1.333000000000000000e+03
0.000000000000000000e+00
0.000000000000000000e+00
3.170000000000000000e+03
1.438000000000000000e+03
1.858000000000000000e+03
1.750000000000000000e+03
1.748000000000000000e+03
0.000000000000000000e+00
0.000000000000000000e+00
3.643000000000000000e+03
1.844000000000000000e+03
2.022000000000000000e+03
2.046000000000000000e+03
2.053000000000000000e+03
0.000000000000000000e+00
0.000000000000000000e+00
4.573000000000000000e+03
1.923000000000000000e+03
2.411000000000000000e+03
1.968000000000000000e+03
2.250000000000000000e+03
0.000000000000000000e+00
0.000000000000000000e+00
0.000000000000000000e+00
4.932000000000000000e+03
2.301000000000000000e+03
2.449000000000000000e+03
2.519000000000000000e+03
0.000000000000000000e+00
0.000000000000000000e+00
5.583000000000000000e+03
2.241000000000000000e+03
2.601000000000000000e+03
2.226000000000000000e+03
2.205000000000000000e+03
0.000000000000000000e+00
0.000000000000000000e+00
4.905000000000000000e+03
2.141000000000000000e+03
2.686000000000000000e+03
2.265000000000000000e+03
2.113000000000000000e+03
0.000000000000000000e+00
0.000000000000000000e+00
5.313000000000000000e+03
2.135000000000000000e+03
2.120000000000000000e+03
2.066000000000000000e+03
1.831000000000000000e+03
0.000000000000000000e+00
0.000000000000000000e+00
3.978000000000000000e+03
1.633000000000000000e+03
1.795000000000000000e+03
1.687000000000000000e+03
1.546000000000000000e+03
0.000000000000000000e+00
0.000000000000000000e+00
3.683000000000000000e+03
1.375000000000000000e+03
1.539000000000000000e+03
0.000000000000000000e+00
2.300000000000000000e+03
0.000000000000000000e+00
0.000000000000000000e+00
2.650000000000000000e+03
1.240000000000000000e+03
1.554000000000000000e+03
1.198000000000000000e+03
0.000000000000000000e+00
1.201000000000000000e+03
0.000000000000000000e+00
0.000000000000000000e+00
2.770000000000000000e+03
9.960000000000000000e+02
9.920000000000000000e+02
9.120000000000000000e+02
0.000000000000000000e+00
0.000000000000000000e+00
1.717000000000000000e+03
7.560000000000000000e+02
7.170000000000000000e+02
5.880000000000000000e+02
4.910000000000000000e+02
0.000000000000000000e+00
0.000000000000000000e+00
1.077000000000000000e+03
4.290000000000000000e+02
0.000000000000000000e+00
8.990000000000000000e+02
3.540000000000000000e+02
0.000000000000000000e+00
0.000000000000000000e+00
6.840000000000000000e+02
2.430000000000000000e+02
2.820000000000000000e+02
1.940000000000000000e+02
1.730000000000000000e+02
0.000000000000000000e+00
0.000000000000000000e+00
3.670000000000000000e+02
1.300000000000000000e+02
1.540000000000000000e+02
1.200000000000000000e+02
1.090000000000000000e+02
0.000000000000000000e+00
0.000000000000000000e+00
2.390000000000000000e+02
1.290000000000000000e+02
1.290000000000000000e+02
1.720000000000000000e+02
1.580000000000000000e+02
0.000000000000000000e+00
0.000000000000000000e+00
4.490000000000000000e+02
2.740000000000000000e+02
2.950000000000000000e+02
2.680000000000000000e+02
3.230000000000000000e+02
0.000000000000000000e+00
0.000000000000000000e+00
8.220000000000000000e+02
4.830000000000000000e+02
5.270000000000000000e+02
5.820000000000000000e+02
0.000000000000000000e+00
6.190000000000000000e+02
0.000000000000000000e+00
1.560000000000000000e+03
7.070000000000000000e+02
7.730000000000000000e+02
8.610000000000000000e+02
7.910000000000000000e+02
0.000000000000000000e+00
0.000000000000000000e+00
1.746000000000000000e+03
8.530000000000000000e+02
7.710000000000000000e+02
8.270000000000000000e+02
8.000000000000000000e+02
0.000000000000000000e+00
0.000000000000000000e+00
