0.000000000000000000e+00
0.000000000000000000e+00
0.000000000000000000e+00
0.000000000000000000e+00
0.000000000000000000e+00
0.000000000000000000e+00
0.000000000000000000e+00
0.000000000000000000e+00
0.000000000000000000e+00
0.000000000000000000e+00
0.000000000000000000e+00
0.000000000000000000e+00
0.000000000000000000e+00
0.000000000000000000e+00
0.000000000000000000e+00
0.000000000000000000e+00
0.000000000000000000e+00
0.000000000000000000e+00
0.000000000000000000e+00
0.000000000000000000e+00
0.000000000000000000e+00
0.000000000000000000e+00
0.000000000000000000e+00
0.000000000000000000e+00
0.000000000000000000e+00
0.000000000000000000e+00
0.000000000000000000e+00
0.000000000000000000e+00
0.000000000000000000e+00
0.000000000000000000e+00
0.000000000000000000e+00
0.000000000000000000e+00
0.000000000000000000e+00
0.000000000000000000e+00
0.000000000000000000e+00
0.000000000000000000e+00
0.000000000000000000e+00
0.000000000000000000e+00
0.000000000000000000e+00
0.000000000000000000e+00
0.000000000000000000e+00
0.000000000000000000e+00
0.000000000000000000e+00
1.000000000000000000e+00
1.000000000000000000e+00
1.000000000000000000e+00
3.000000000000000000e+00
3.000000000000000000e+00
7.000000000000000000e+00
1.300000000000000000e+01
1.700000000000000000e+01
2.400000000000000000e+01
3.800000000000000000e+01
5.100000000000000000e+01
6.200000000000000000e+01
6.200000000000000000e+01
1.160000000000000000e+02
1.500000000000000000e+02
2.020000000000000000e+02
2.400000000000000000e+02
2.740000000000000000e+02
4.020000000000000000e+02
5.540000000000000000e+02
7.090000000000000000e+02
9.270000000000000000e+02
1.170000000000000000e+03
1.187000000000000000e+03
1.280000000000000000e+03
1.326000000000000000e+03
1.353000000000000000e+03
1.380000000000000000e+03
1.462000000000000000e+03
1.505000000000000000e+03
1.585000000000000000e+03
1.655000000000000000e+03
1.686000000000000000e+03
1.749000000000000000e+03
1.845000000000000000e+03
1.934000000000000000e+03
2.003000000000000000e+03
2.028000000000000000e+03
2.173000000000000000e+03
2.272000000000000000e+03
2.415000000000000000e+03
2.506000000000000000e+03
2.605000000000000000e+03
2.783000000000000000e+03
3.034000000000000000e+03
3.158000000000000000e+03
3.300000000000000000e+03
3.465000000000000000e+03
3.635000000000000000e+03
3.953000000000000000e+03
4.220000000000000000e+03
4.361000000000000000e+03
4.546000000000000000e+03
4.793000000000000000e+03
4.996000000000000000e+03
5.350000000000000000e+03
5.647000000000000000e+03
5.951000000000000000e+03
6.336000000000000000e+03
6.783000000000000000e+03
7.220000000000000000e+03
7.572000000000000000e+03
7.808000000000000000e+03
8.232000000000000000e+03
8.895000000000000000e+03
9.420000000000000000e+03
1.001500000000000000e+04
1.065200000000000000e+04
1.135000000000000000e+04
1.207400000000000000e+04
1.273900000000000000e+04
1.352400000000000000e+04
1.435500000000000000e+04
1.551500000000000000e+04
1.643300000000000000e+04
1.720000000000000000e+04
1.800300000000000000e+04
1.913700000000000000e+04
2.012500000000000000e+04
2.134300000000000000e+04
2.258300000000000000e+04
2.361500000000000000e+04
2.426400000000000000e+04
2.593700000000000000e+04
2.740300000000000000e+04
2.924000000000000000e+04
3.096700000000000000e+04
3.268300000000000000e+04
3.435700000000000000e+04
3.581200000000000000e+04
3.752500000000000000e+04
4.079200000000000000e+04
4.343400000000000000e+04
4.597300000000000000e+04
4.828500000000000000e+04
5.087900000000000000e+04
5.299100000000000000e+04
5.542100000000000000e+04
5.856800000000000000e+04
6.192700000000000000e+04
6.573600000000000000e+04
7.003800000000000000e+04
7.353300000000000000e+04
7.633400000000000000e+04
8.041200000000000000e+04
8.389000000000000000e+04
8.771500000000000000e+04
9.268100000000000000e+04
9.730200000000000000e+04
1.015900000000000000e+05
1.061080000000000000e+05
1.117960000000000000e+05
1.183750000000000000e+05
1.245900000000000000e+05
1.318000000000000000e+05
1.381340000000000000e+05
1.442640000000000000e+05
1.512090000000000000e+05
1.593330000000000000e+05
1.680610000000000000e+05
1.771240000000000000e+05
1.879770000000000000e+05
1.967500000000000000e+05
2.057210000000000000e+05
2.158550000000000000e+05
2.246650000000000000e+05
2.383390000000000000e+05
2.506870000000000000e+05
2.641840000000000000e+05
2.762420000000000000e+05
2.877960000000000000e+05
2.982920000000000000e+05
3.110490000000000000e+05
3.242210000000000000e+05
3.375940000000000000e+05
3.508790000000000000e+05
3.643280000000000000e+05
3.736280000000000000e+05
3.817980000000000000e+05
3.949480000000000000e+05
4.080520000000000000e+05
4.219960000000000000e+05
4.342000000000000000e+05
4.454330000000000000e+05
4.525290000000000000e+05
4.597610000000000000e+05
4.711230000000000000e+05
4.821690000000000000e+05
4.931830000000000000e+05
5.032900000000000000e+05
5.114850000000000000e+05
5.168620000000000000e+05
5.213180000000000000e+05
5.298770000000000000e+05
5.381840000000000000e+05
5.454760000000000000e+05
5.531880000000000000e+05
5.598590000000000000e+05
5.635980000000000000e+05
5.661090000000000000e+05
5.689190000000000000e+05
5.728650000000000000e+05
5.791400000000000000e+05
5.836530000000000000e+05
5.873450000000000000e+05
5.898860000000000000e+05
5.921440000000000000e+05
5.960600000000000000e+05
5.999400000000000000e+05
6.033380000000000000e+05
6.070450000000000000e+05
6.097730000000000000e+05
6.114500000000000000e+05
6.130170000000000000e+05
6.157010000000000000e+05
6.182860000000000000e+05
6.201320000000000000e+05
6.225510000000000000e+05
6.250560000000000000e+05
6.270410000000000000e+05
6.282590000000000000e+05
6.305950000000000000e+05
6.330150000000000000e+05
6.350780000000000000e+05
6.368840000000000000e+05
6.385170000000000000e+05
6.393620000000000000e+05
6.404410000000000000e+05
6.424310000000000000e+05
6.444380000000000000e+05
6.463980000000000000e+05
6.482140000000000000e+05
6.497930000000000000e+05
6.507490000000000000e+05
6.515210000000000000e+05
6.534440000000000000e+05
6.555720000000000000e+05
6.576270000000000000e+05
6.596560000000000000e+05
6.612110000000000000e+05
6.619360000000000000e+05
6.632820000000000000e+05
6.651880000000000000e+05
6.670490000000000000e+05
6.685290000000000000e+05
6.694980000000000000e+05
6.707660000000000000e+05
6.716690000000000000e+05
6.725720000000000000e+05
6.743390000000000000e+05
6.760840000000000000e+05
6.778330000000000000e+05
6.797160000000000000e+05
6.812890000000000000e+05
6.822150000000000000e+05
6.832420000000000000e+05
6.851550000000000000e+05
6.868910000000000000e+05
6.883520000000000000e+05
6.908960000000000000e+05
6.924710000000000000e+05
6.933590000000000000e+05
6.945370000000000000e+05
6.964140000000000000e+05
6.981840000000000000e+05
7.002030000000000000e+05
7.021310000000000000e+05
7.037930000000000000e+05
7.052540000000000000e+05
7.063040000000000000e+05
7.083590000000000000e+05
7.105150000000000000e+05
7.124120000000000000e+05
7.142460000000000000e+05
7.158680000000000000e+05
7.167590000000000000e+05
7.178510000000000000e+05
7.197140000000000000e+05
7.217700000000000000e+05
7.236820000000000000e+05
7.254520000000000000e+05
7.268230000000000000e+05
7.275950000000000000e+05
7.288360000000000000e+05
7.305480000000000000e+05
7.324140000000000000e+05
7.341750000000000000e+05
7.359060000000000000e+05
7.372780000000000000e+05
7.385250000000000000e+05
7.402540000000000000e+05
7.423940000000000000e+05
7.447320000000000000e+05
7.469450000000000000e+05
7.491820000000000000e+05
7.510240000000000000e+05
7.522690000000000000e+05
7.542560000000000000e+05
7.571440000000000000e+05
7.596580000000000000e+05
7.627630000000000000e+05
7.654090000000000000e+05
7.676790000000000000e+05
7.697590000000000000e+05
7.722520000000000000e+05
7.755020000000000000e+05
7.785710000000000000e+05
7.819410000000000000e+05
7.851390000000000000e+05
7.877020000000000000e+05
7.900040000000000000e+05
7.922990000000000000e+05
7.964720000000000000e+05
8.008720000000000000e+05
8.058040000000000000e+05
8.104490000000000000e+05
8.145650000000000000e+05
8.178780000000000000e+05
8.218890000000000000e+05
8.285980000000000000e+05
8.367640000000000000e+05
8.450830000000000000e+05
8.529650000000000000e+05
8.609640000000000000e+05
8.661270000000000000e+05
8.736790000000000000e+05
8.836870000000000000e+05
8.928130000000000000e+05
9.015380000000000000e+05
9.124770000000000000e+05
9.219220000000000000e+05
9.307110000000000000e+05
9.402120000000000000e+05
9.542580000000000000e+05
9.685630000000000000e+05
9.833590000000000000e+05
9.949110000000000000e+05
1.004413000000000000e+06
1.011871000000000000e+06
1.021451000000000000e+06
1.039161000000000000e+06
1.057161000000000000e+06
1.073887000000000000e+06
1.088889000000000000e+06
1.100748000000000000e+06
1.113349000000000000e+06
1.127759000000000000e+06
1.149591000000000000e+06
1.170590000000000000e+06
1.192570000000000000e+06
1.214176000000000000e+06
1.231597000000000000e+06
1.246643000000000000e+06
1.259748000000000000e+06
1.278303000000000000e+06
1.296806000000000000e+06
1.311686000000000000e+06
1.325659000000000000e+06
1.337926000000000000e+06
1.346936000000000000e+06
1.356716000000000000e+06
1.369426000000000000e+06
1.380807000000000000e+06
1.392568000000000000e+06
1.404839000000000000e+06
1.412986000000000000e+06
1.417537000000000000e+06
1.423578000000000000e+06
1.430648000000000000e+06
1.437798000000000000e+06
1.443939000000000000e+06
1.449236000000000000e+06
1.453761000000000000e+06
1.456309000000000000e+06
1.458958000000000000e+06
1.463016000000000000e+06
1.466767000000000000e+06
1.470516000000000000e+06
1.473700000000000000e+06
1.476135000000000000e+06
1.477511000000000000e+06
1.479253000000000000e+06
1.482412000000000000e+06
1.484900000000000000e+06
1.487681000000000000e+06
1.490063000000000000e+06
1.491807000000000000e+06
1.492909000000000000e+06
1.494119000000000000e+06
1.496439000000000000e+06
1.498766000000000000e+06
1.500677000000000000e+06
1.502367000000000000e+06
1.503796000000000000e+06
1.504588000000000000e+06
1.505586000000000000e+06
1.507448000000000000e+06
1.509124000000000000e+06
1.510778000000000000e+06
1.512225000000000000e+06
1.513393000000000000e+06
1.513959000000000000e+06
1.514815000000000000e+06
1.516262000000000000e+06
1.517666000000000000e+06
1.518979000000000000e+06
1.520206000000000000e+06
1.521068000000000000e+06
1.521706000000000000e+06
1.522697000000000000e+06
1.524174000000000000e+06
1.525648000000000000e+06
1.526873000000000000e+06
1.528414000000000000e+06
1.529420000000000000e+06
1.530033000000000000e+06
1.530966000000000000e+06
1.532497000000000000e+06
1.533961000000000000e+06
1.535423000000000000e+06
1.536801000000000000e+06
1.537852000000000000e+06
1.538451000000000000e+06
1.538961000000000000e+06
1.540009000000000000e+06
1.541563000000000000e+06
1.543079000000000000e+06
1.544466000000000000e+06
1.545431000000000000e+06
1.545979000000000000e+06
1.546735000000000000e+06
1.548157000000000000e+06
1.549451000000000000e+06
1.550724000000000000e+06
1.551501000000000000e+06
1.551964000000000000e+06
1.552416000000000000e+06
1.552853000000000000e+06
1.553609000000000000e+06
1.554975000000000000e+06
1.556242000000000000e+06
1.557527000000000000e+06
1.558458000000000000e+06
1.559113000000000000e+06
1.559960000000000000e+06
1.561559000000000000e+06
1.562931000000000000e+06
1.564355000000000000e+06
1.565680000000000000e+06
1.566769000000000000e+06
1.567513000000000000e+06
1.568366000000000000e+06
1.569935000000000000e+06
1.571348000000000000e+06
1.572985000000000000e+06
1.574370000000000000e+06
1.575471000000000000e+06
1.576320000000000000e+06
1.577200000000000000e+06
1.578450000000000000e+06
1.579536000000000000e+06
1.581210000000000000e+06
1.582842000000000000e+06
1.584064000000000000e+06
1.584961000000000000e+06
1.586148000000000000e+06
1.588221000000000000e+06
1.590370000000000000e+06
1.592626000000000000e+06
1.592626000000000000e+06
1.596595000000000000e+06
1.597724000000000000e+06
1.599272000000000000e+06
1.602031000000000000e+06
1.605252000000000000e+06
1.608393000000000000e+06
1.611143000000000000e+06
1.613728000000000000e+06
1.615485000000000000e+06
1.617840000000000000e+06
1.621362000000000000e+06
1.625003000000000000e+06
1.628335000000000000e+06
1.632571000000000000e+06
1.635465000000000000e+06
1.637848000000000000e+06
1.637848000000000000e+06
1.645555000000000000e+06
1.649977000000000000e+06
1.654551000000000000e+06
1.659070000000000000e+06
1.659070000000000000e+06
1.665617000000000000e+06
1.669231000000000000e+06
1.675013000000000000e+06
1.680373000000000000e+06
1.686041000000000000e+06
1.691491000000000000e+06
1.696564000000000000e+06
1.699849000000000000e+06
1.704058000000000000e+06
1.712939000000000000e+06
1.722086000000000000e+06
1.730106000000000000e+06
1.739425000000000000e+06
1.747082000000000000e+06
1.752630000000000000e+06
1.761066000000000000e+06
1.774312000000000000e+06
1.786079000000000000e+06
1.796589000000000000e+06
1.810164000000000000e+06
1.823319000000000000e+06
1.832479000000000000e+06
1.843572000000000000e+06
1.861065000000000000e+06
1.877143000000000000e+06
1.895905000000000000e+06
1.913861000000000000e+06
1.928897000000000000e+06
1.941119000000000000e+06
1.954466000000000000e+06
1.973972000000000000e+06
1.995556000000000000e+06
2.019826000000000000e+06
2.046311000000000000e+06
2.062896000000000000e+06
2.075409000000000000e+06
2.090909000000000000e+06
2.112336000000000000e+06
2.135246000000000000e+06
2.157687000000000000e+06
2.179297000000000000e+06
2.195599000000000000e+06
2.206781000000000000e+06
2.219316000000000000e+06
2.236805000000000000e+06
2.253240000000000000e+06
2.269179000000000000e+06
2.283880000000000000e+06
2.295095000000000000e+06
2.302304000000000000e+06
2.311232000000000000e+06
2.327472000000000000e+06
2.342330000000000000e+06
2.356049000000000000e+06
2.368105000000000000e+06
2.377823000000000000e+06
2.383490000000000000e+06
2.391223000000000000e+06
2.391223000000000000e+06
2.422151000000000000e+06
2.435036000000000000e+06
2.447454000000000000e+06
2.456184000000000000e+06
