0.000000000000000000e+00
0.000000000000000000e+00
0.000000000000000000e+00
0.000000000000000000e+00
0.000000000000000000e+00
0.000000000000000000e+00
0.000000000000000000e+00
0.000000000000000000e+00
0.000000000000000000e+00
0.000000000000000000e+00
0.000000000000000000e+00
0.000000000000000000e+00
0.000000000000000000e+00
0.000000000000000000e+00
0.000000000000000000e+00
0.000000000000000000e+00
0.000000000000000000e+00
0.000000000000000000e+00
0.000000000000000000e+00
0.000000000000000000e+00
0.000000000000000000e+00
0.000000000000000000e+00
0.000000000000000000e+00
0.000000000000000000e+00
0.000000000000000000e+00
0.000000000000000000e+00
0.000000000000000000e+00
0.000000000000000000e+00
0.000000000000000000e+00
0.000000000000000000e+00
0.000000000000000000e+00
0.000000000000000000e+00
0.000000000000000000e+00
0.000000000000000000e+00
0.000000000000000000e+00
0.000000000000000000e+00
0.000000000000000000e+00
0.000000000000000000e+00
0.000000000000000000e+00
0.000000000000000000e+00
0.000000000000000000e+00
0.000000000000000000e+00
0.000000000000000000e+00
1.000000000000000000e+00
0.000000000000000000e+00
0.000000000000000000e+00
2.000000000000000000e+00
0.000000000000000000e+00
4.000000000000000000e+00
6.000000000000000000e+00
4.000000000000000000e+00
7.000000000000000000e+00
1.400000000000000000e+01
1.300000000000000000e+01
1.100000000000000000e+01
0.000000000000000000e+00
5.400000000000000000e+01
3.400000000000000000e+01
5.200000000000000000e+01
3.800000000000000000e+01
3.400000000000000000e+01
1.280000000000000000e+02
1.520000000000000000e+02
1.550000000000000000e+02
2.180000000000000000e+02
2.430000000000000000e+02
1.700000000000000000e+01
9.300000000000000000e+01
4.600000000000000000e+01
2.700000000000000000e+01
2.700000000000000000e+01
8.200000000000000000e+01
4.300000000000000000e+01
8.000000000000000000e+01
7.000000000000000000e+01
3.100000000000000000e+01
6.300000000000000000e+01
9.600000000000000000e+01
8.900000000000000000e+01
6.900000000000000000e+01
2.500000000000000000e+01
1.450000000000000000e+02
9.900000000000000000e+01
1.430000000000000000e+02
9.100000000000000000e+01
9.900000000000000000e+01
1.780000000000000000e+02
2.510000000000000000e+02
1.240000000000000000e+02
1.420000000000000000e+02
1.650000000000000000e+02
1.700000000000000000e+02
3.180000000000000000e+02
2.670000000000000000e+02
1.410000000000000000e+02
1.850000000000000000e+02
2.470000000000000000e+02
2.030000000000000000e+02
3.540000000000000000e+02
2.970000000000000000e+02
3.040000000000000000e+02
3.850000000000000000e+02
4.470000000000000000e+02
4.370000000000000000e+02
3.520000000000000000e+02
2.360000000000000000e+02
4.240000000000000000e+02
6.630000000000000000e+02
5.250000000000000000e+02
5.950000000000000000e+02
6.370000000000000000e+02
6.980000000000000000e+02
7.240000000000000000e+02
6.650000000000000000e+02
7.850000000000000000e+02
8.310000000000000000e+02
1.160000000000000000e+03
9.180000000000000000e+02
7.670000000000000000e+02
8.030000000000000000e+02
1.134000000000000000e+03
9.880000000000000000e+02
1.218000000000000000e+03
1.240000000000000000e+03
1.032000000000000000e+03
6.490000000000000000e+02
1.673000000000000000e+03
1.466000000000000000e+03
1.837000000000000000e+03
1.727000000000000000e+03
1.716000000000000000e+03
1.674000000000000000e+03
1.455000000000000000e+03
1.713000000000000000e+03
3.267000000000000000e+03
2.642000000000000000e+03
2.539000000000000000e+03
2.312000000000000000e+03
2.594000000000000000e+03
2.112000000000000000e+03
2.430000000000000000e+03
3.147000000000000000e+03
3.359000000000000000e+03
3.809000000000000000e+03
4.302000000000000000e+03
3.495000000000000000e+03
2.801000000000000000e+03
4.078000000000000000e+03
3.478000000000000000e+03
3.825000000000000000e+03
4.966000000000000000e+03
4.621000000000000000e+03
4.288000000000000000e+03
4.518000000000000000e+03
5.688000000000000000e+03
6.579000000000000000e+03
6.215000000000000000e+03
7.210000000000000000e+03
6.334000000000000000e+03
6.130000000000000000e+03
6.945000000000000000e+03
8.124000000000000000e+03
8.728000000000000000e+03
9.063000000000000000e+03
1.085300000000000000e+04
8.773000000000000000e+03
8.971000000000000000e+03
1.013400000000000000e+04
8.810000000000000000e+03
1.367400000000000000e+04
1.234800000000000000e+04
1.349700000000000000e+04
1.205800000000000000e+04
1.155400000000000000e+04
1.049600000000000000e+04
1.275700000000000000e+04
1.317200000000000000e+04
1.337300000000000000e+04
1.328500000000000000e+04
1.344900000000000000e+04
9.300000000000000000e+03
8.170000000000000000e+03
1.315000000000000000e+04
1.310400000000000000e+04
1.394400000000000000e+04
1.220400000000000000e+04
1.123300000000000000e+04
7.096000000000000000e+03
7.232000000000000000e+03
1.136200000000000000e+04
1.104600000000000000e+04
1.101400000000000000e+04
1.010700000000000000e+04
8.195000000000000000e+03
5.377000000000000000e+03
4.456000000000000000e+03
8.559000000000000000e+03
8.307000000000000000e+03
7.292000000000000000e+03
7.712000000000000000e+03
6.671000000000000000e+03
3.739000000000000000e+03
2.511000000000000000e+03
2.810000000000000000e+03
3.946000000000000000e+03
6.275000000000000000e+03
4.513000000000000000e+03
3.692000000000000000e+03
2.541000000000000000e+03
2.258000000000000000e+03
3.916000000000000000e+03
3.880000000000000000e+03
3.398000000000000000e+03
3.707000000000000000e+03
2.728000000000000000e+03
1.677000000000000000e+03
1.567000000000000000e+03
2.684000000000000000e+03
2.585000000000000000e+03
1.846000000000000000e+03
2.419000000000000000e+03
2.505000000000000000e+03
1.985000000000000000e+03
1.218000000000000000e+03
2.336000000000000000e+03
2.420000000000000000e+03
2.063000000000000000e+03
1.806000000000000000e+03
1.633000000000000000e+03
8.450000000000000000e+02
1.079000000000000000e+03
1.990000000000000000e+03
2.007000000000000000e+03
1.960000000000000000e+03
1.816000000000000000e+03
1.579000000000000000e+03
9.560000000000000000e+02
7.720000000000000000e+02
1.923000000000000000e+03
2.128000000000000000e+03
2.055000000000000000e+03
2.029000000000000000e+03
1.555000000000000000e+03
7.250000000000000000e+02
1.346000000000000000e+03
1.906000000000000000e+03
1.861000000000000000e+03
1.480000000000000000e+03
9.690000000000000000e+02
1.268000000000000000e+03
9.030000000000000000e+02
9.030000000000000000e+02
1.767000000000000000e+03
1.745000000000000000e+03
1.749000000000000000e+03
1.883000000000000000e+03
1.573000000000000000e+03
9.260000000000000000e+02
1.027000000000000000e+03
1.913000000000000000e+03
1.736000000000000000e+03
1.461000000000000000e+03
2.544000000000000000e+03
1.575000000000000000e+03
8.880000000000000000e+02
1.178000000000000000e+03
1.877000000000000000e+03
1.770000000000000000e+03
2.019000000000000000e+03
1.928000000000000000e+03
1.662000000000000000e+03
1.461000000000000000e+03
1.050000000000000000e+03
2.055000000000000000e+03
2.156000000000000000e+03
1.897000000000000000e+03
1.834000000000000000e+03
1.622000000000000000e+03
8.910000000000000000e+02
1.092000000000000000e+03
1.863000000000000000e+03
2.056000000000000000e+03
1.912000000000000000e+03
1.770000000000000000e+03
1.371000000000000000e+03
7.720000000000000000e+02
1.241000000000000000e+03
1.712000000000000000e+03
1.866000000000000000e+03
1.761000000000000000e+03
1.731000000000000000e+03
1.372000000000000000e+03
1.247000000000000000e+03
1.729000000000000000e+03
2.140000000000000000e+03
2.338000000000000000e+03
2.213000000000000000e+03
2.237000000000000000e+03
1.842000000000000000e+03
1.245000000000000000e+03
1.987000000000000000e+03
2.888000000000000000e+03
2.514000000000000000e+03
3.105000000000000000e+03
2.646000000000000000e+03
2.270000000000000000e+03
2.080000000000000000e+03
2.493000000000000000e+03
3.250000000000000000e+03
3.069000000000000000e+03
3.370000000000000000e+03
3.198000000000000000e+03
2.563000000000000000e+03
2.302000000000000000e+03
2.295000000000000000e+03
4.173000000000000000e+03
4.400000000000000000e+03
4.932000000000000000e+03
4.645000000000000000e+03
4.116000000000000000e+03
3.313000000000000000e+03
4.011000000000000000e+03
6.709000000000000000e+03
8.166000000000000000e+03
8.319000000000000000e+03
7.882000000000000000e+03
7.999000000000000000e+03
5.163000000000000000e+03
7.552000000000000000e+03
1.000800000000000000e+04
9.126000000000000000e+03
8.725000000000000000e+03
1.093900000000000000e+04
9.445000000000000000e+03
8.789000000000000000e+03
9.501000000000000000e+03
1.404600000000000000e+04
1.430500000000000000e+04
1.479600000000000000e+04
1.155200000000000000e+04
9.502000000000000000e+03
7.458000000000000000e+03
9.580000000000000000e+03
1.771000000000000000e+04
1.800000000000000000e+04
1.672600000000000000e+04
1.500200000000000000e+04
1.185900000000000000e+04
1.260100000000000000e+04
1.441000000000000000e+04
2.183200000000000000e+04
2.099900000000000000e+04
2.198000000000000000e+04
2.160600000000000000e+04
1.742100000000000000e+04
1.504600000000000000e+04
1.310500000000000000e+04
1.855500000000000000e+04
1.850300000000000000e+04
1.488000000000000000e+04
1.397300000000000000e+04
1.226700000000000000e+04
9.010000000000000000e+03
9.780000000000000000e+03
1.271000000000000000e+04
1.138100000000000000e+04
1.176100000000000000e+04
1.227100000000000000e+04
8.147000000000000000e+03
4.551000000000000000e+03
6.041000000000000000e+03
7.070000000000000000e+03
7.150000000000000000e+03
6.141000000000000000e+03
5.297000000000000000e+03
4.525000000000000000e+03
2.548000000000000000e+03
2.649000000000000000e+03
4.058000000000000000e+03
3.751000000000000000e+03
3.749000000000000000e+03
3.184000000000000000e+03
2.435000000000000000e+03
1.376000000000000000e+03
1.742000000000000000e+03
3.159000000000000000e+03
2.488000000000000000e+03
2.781000000000000000e+03
2.382000000000000000e+03
1.744000000000000000e+03
1.102000000000000000e+03
1.210000000000000000e+03
2.320000000000000000e+03
2.327000000000000000e+03
1.911000000000000000e+03
1.690000000000000000e+03
1.429000000000000000e+03
7.920000000000000000e+02
9.980000000000000000e+02
1.862000000000000000e+03
1.676000000000000000e+03
1.654000000000000000e+03
1.447000000000000000e+03
1.168000000000000000e+03
5.660000000000000000e+02
8.560000000000000000e+02
1.447000000000000000e+03
1.404000000000000000e+03
1.313000000000000000e+03
1.227000000000000000e+03
8.620000000000000000e+02
6.380000000000000000e+02
9.910000000000000000e+02
1.477000000000000000e+03
1.474000000000000000e+03
1.225000000000000000e+03
1.541000000000000000e+03
1.006000000000000000e+03
6.130000000000000000e+02
9.330000000000000000e+02
1.531000000000000000e+03
1.464000000000000000e+03
1.462000000000000000e+03
1.378000000000000000e+03
1.051000000000000000e+03
5.990000000000000000e+02
5.100000000000000000e+02
1.048000000000000000e+03
1.554000000000000000e+03
1.516000000000000000e+03
1.387000000000000000e+03
9.650000000000000000e+02
5.480000000000000000e+02
7.560000000000000000e+02
1.422000000000000000e+03
1.294000000000000000e+03
1.273000000000000000e+03
7.770000000000000000e+02
4.630000000000000000e+02
4.520000000000000000e+02
4.370000000000000000e+02
7.560000000000000000e+02
1.366000000000000000e+03
1.267000000000000000e+03
1.285000000000000000e+03
9.310000000000000000e+02
6.550000000000000000e+02
8.470000000000000000e+02
1.599000000000000000e+03
1.372000000000000000e+03
1.424000000000000000e+03
1.325000000000000000e+03
1.089000000000000000e+03
7.440000000000000000e+02
8.530000000000000000e+02
1.569000000000000000e+03
1.413000000000000000e+03
1.637000000000000000e+03
1.385000000000000000e+03
1.101000000000000000e+03
8.490000000000000000e+02
8.800000000000000000e+02
1.250000000000000000e+03
1.086000000000000000e+03
1.674000000000000000e+03
1.632000000000000000e+03
1.222000000000000000e+03
8.970000000000000000e+02
1.187000000000000000e+03
2.073000000000000000e+03
2.149000000000000000e+03
2.256000000000000000e+03
0.000000000000000000e+00
3.969000000000000000e+03
1.129000000000000000e+03
1.548000000000000000e+03
2.759000000000000000e+03
3.221000000000000000e+03
3.141000000000000000e+03
2.750000000000000000e+03
2.585000000000000000e+03
1.757000000000000000e+03
2.355000000000000000e+03
3.522000000000000000e+03
3.641000000000000000e+03
3.332000000000000000e+03
4.236000000000000000e+03
2.894000000000000000e+03
2.383000000000000000e+03
0.000000000000000000e+00
7.707000000000000000e+03
4.422000000000000000e+03
4.574000000000000000e+03
4.519000000000000000e+03
0.000000000000000000e+00
6.547000000000000000e+03
3.614000000000000000e+03
5.782000000000000000e+03
5.360000000000000000e+03
5.668000000000000000e+03
5.450000000000000000e+03
5.073000000000000000e+03
3.285000000000000000e+03
4.209000000000000000e+03
8.881000000000000000e+03
9.147000000000000000e+03
8.020000000000000000e+03
9.319000000000000000e+03
7.657000000000000000e+03
5.548000000000000000e+03
8.436000000000000000e+03
1.324600000000000000e+04
1.176700000000000000e+04
1.051000000000000000e+04
1.357500000000000000e+04
1.315500000000000000e+04
9.160000000000000000e+03
1.109300000000000000e+04
1.749300000000000000e+04
1.607800000000000000e+04
1.876200000000000000e+04
1.795600000000000000e+04
1.503600000000000000e+04
1.222200000000000000e+04
1.334700000000000000e+04
1.950600000000000000e+04
2.158400000000000000e+04
2.427000000000000000e+04
2.648500000000000000e+04
1.658500000000000000e+04
1.251300000000000000e+04
1.550000000000000000e+04
2.142700000000000000e+04
2.291000000000000000e+04
2.244100000000000000e+04
2.161000000000000000e+04
1.630200000000000000e+04
1.118200000000000000e+04
1.253500000000000000e+04
1.748900000000000000e+04
1.643500000000000000e+04
1.593900000000000000e+04
1.470100000000000000e+04
1.121500000000000000e+04
7.209000000000000000e+03
8.928000000000000000e+03
1.624000000000000000e+04
1.485800000000000000e+04
1.371900000000000000e+04
1.205600000000000000e+04
9.718000000000000000e+03
5.667000000000000000e+03
7.733000000000000000e+03
0.000000000000000000e+00
3.092800000000000000e+04
1.288500000000000000e+04
1.241800000000000000e+04
8.730000000000000000e+03
