4.000000000000000000e+00
4.000000000000000000e+00
5.000000000000000000e+00
6.000000000000000000e+00
8.000000000000000000e+00
8.000000000000000000e+00
1.400000000000000000e+01
1.400000000000000000e+01
1.400000000000000000e+01
1.900000000000000000e+01
1.900000000000000000e+01
1.900000000000000000e+01
1.900000000000000000e+01
2.500000000000000000e+01
2.500000000000000000e+01
2.500000000000000000e+01
2.500000000000000000e+01
3.200000000000000000e+01
3.200000000000000000e+01
3.200000000000000000e+01
3.300000000000000000e+01
3.300000000000000000e+01
3.300000000000000000e+01
3.300000000000000000e+01
3.400000000000000000e+01
3.400000000000000000e+01
3.500000000000000000e+01
3.500000000000000000e+01
3.500000000000000000e+01
3.500000000000000000e+01
3.500000000000000000e+01
3.500000000000000000e+01
3.500000000000000000e+01
3.500000000000000000e+01
3.700000000000000000e+01
4.000000000000000000e+01
4.000000000000000000e+01
4.100000000000000000e+01
4.200000000000000000e+01
4.200000000000000000e+01
4.300000000000000000e+01
4.300000000000000000e+01
4.300000000000000000e+01
4.700000000000000000e+01
4.800000000000000000e+01
5.000000000000000000e+01
5.000000000000000000e+01
5.000000000000000000e+01
5.300000000000000000e+01
5.900000000000000000e+01
7.000000000000000000e+01
7.500000000000000000e+01
8.200000000000000000e+01
1.140000000000000000e+02
1.470000000000000000e+02
1.770000000000000000e+02
2.120000000000000000e+02
2.720000000000000000e+02
3.220000000000000000e+02
4.110000000000000000e+02
5.990000000000000000e+02
7.210000000000000000e+02
8.270000000000000000e+02
9.340000000000000000e+02
1.045000000000000000e+03
1.136000000000000000e+03
1.245000000000000000e+03
1.388000000000000000e+03
1.524000000000000000e+03
1.651000000000000000e+03
1.771000000000000000e+03
1.875000000000000000e+03
1.978000000000000000e+03
2.067000000000000000e+03
2.169000000000000000e+03
2.220000000000000000e+03
2.258000000000000000e+03
2.369000000000000000e+03
2.423000000000000000e+03
2.473000000000000000e+03
2.518000000000000000e+03
2.551000000000000000e+03
2.579000000000000000e+03
2.613000000000000000e+03
2.643000000000000000e+03
2.672000000000000000e+03
2.700000000000000000e+03
2.733000000000000000e+03
2.765000000000000000e+03
2.792000000000000000e+03
2.811000000000000000e+03
2.826000000000000000e+03
2.839000000000000000e+03
2.854000000000000000e+03
2.907000000000000000e+03
2.922000000000000000e+03
2.931000000000000000e+03
2.938000000000000000e+03
2.947000000000000000e+03
2.954000000000000000e+03
2.960000000000000000e+03
2.966000000000000000e+03
2.969000000000000000e+03
2.987000000000000000e+03
2.988000000000000000e+03
2.989000000000000000e+03
2.992000000000000000e+03
3.000000000000000000e+03
3.004000000000000000e+03
3.009000000000000000e+03
3.015000000000000000e+03
3.017000000000000000e+03
3.017000000000000000e+03
3.018000000000000000e+03
3.025000000000000000e+03
3.025000000000000000e+03
3.028000000000000000e+03
3.031000000000000000e+03
3.033000000000000000e+03
3.034000000000000000e+03
3.037000000000000000e+03
3.037000000000000000e+03
3.040000000000000000e+03
3.040000000000000000e+03
3.042000000000000000e+03
3.045000000000000000e+03
3.054000000000000000e+03
3.065000000000000000e+03
3.076000000000000000e+03
3.077000000000000000e+03
3.081000000000000000e+03
3.082000000000000000e+03
3.083000000000000000e+03
3.084000000000000000e+03
3.101000000000000000e+03
3.102000000000000000e+03
3.104000000000000000e+03
3.112000000000000000e+03
3.119000000000000000e+03
3.121000000000000000e+03
3.125000000000000000e+03
3.125000000000000000e+03
3.129000000000000000e+03
3.134000000000000000e+03
3.135000000000000000e+03
3.135000000000000000e+03
3.135000000000000000e+03
3.135000000000000000e+03
3.141000000000000000e+03
3.146000000000000000e+03
3.147000000000000000e+03
3.148000000000000000e+03
3.151000000000000000e+03
3.156000000000000000e+03
3.157000000000000000e+03
3.158000000000000000e+03
3.162000000000000000e+03
3.162000000000000000e+03
3.162000000000000000e+03
3.169000000000000000e+03
3.171000000000000000e+03
3.173000000000000000e+03
3.179000000000000000e+03
3.180000000000000000e+03
3.185000000000000000e+03
3.190000000000000000e+03
3.195000000000000000e+03
3.195000000000000000e+03
3.197000000000000000e+03
3.202000000000000000e+03
3.202000000000000000e+03
3.216000000000000000e+03
3.217000000000000000e+03
3.220000000000000000e+03
3.227000000000000000e+03
3.232000000000000000e+03
3.236000000000000000e+03
3.239000000000000000e+03
3.246000000000000000e+03
3.249000000000000000e+03
3.250000000000000000e+03
3.255000000000000000e+03
3.253000000000000000e+03
3.269000000000000000e+03
3.279000000000000000e+03
3.282000000000000000e+03
3.291000000000000000e+03
3.295000000000000000e+03
3.297000000000000000e+03
3.298000000000000000e+03
3.304000000000000000e+03
3.310000000000000000e+03
3.312000000000000000e+03
3.317000000000000000e+03
3.320000000000000000e+03
3.321000000000000000e+03
3.328000000000000000e+03
3.330000000000000000e+03
3.345000000000000000e+03
3.348000000000000000e+03
3.351000000000000000e+03
3.351000000000000000e+03
3.351000000000000000e+03
3.356000000000000000e+03
3.359000000000000000e+03
3.376000000000000000e+03
3.376000000000000000e+03
3.377000000000000000e+03
3.378000000000000000e+03
3.381000000000000000e+03
3.382000000000000000e+03
3.389000000000000000e+03
3.390000000000000000e+03
3.390000000000000000e+03
3.395000000000000000e+03
3.397000000000000000e+03
3.402000000000000000e+03
3.403000000000000000e+03
3.404000000000000000e+03
3.410000000000000000e+03
3.411000000000000000e+03
3.411000000000000000e+03
3.412000000000000000e+03
3.417000000000000000e+03
3.425000000000000000e+03
3.427000000000000000e+03
3.431000000000000000e+03
3.438000000000000000e+03
3.444000000000000000e+03
3.445000000000000000e+03
3.446000000000000000e+03
3.447000000000000000e+03
3.454000000000000000e+03
3.461000000000000000e+03
3.466000000000000000e+03
3.473000000000000000e+03
3.475000000000000000e+03
3.480000000000000000e+03
3.490000000000000000e+03
3.490000000000000000e+03
3.497000000000000000e+03
3.500000000000000000e+03
3.506000000000000000e+03
3.511000000000000000e+03
3.514000000000000000e+03
3.516000000000000000e+03
3.519000000000000000e+03
3.522000000000000000e+03
3.523000000000000000e+03
3.545000000000000000e+03
3.559000000000000000e+03
3.564000000000000000e+03
3.569000000000000000e+03
3.575000000000000000e+03
3.583000000000000000e+03
3.585000000000000000e+03
3.590000000000000000e+03
3.600000000000000000e+03
3.615000000000000000e+03
3.622000000000000000e+03
3.628000000000000000e+03
3.634000000000000000e+03
3.636000000000000000e+03
3.641000000000000000e+03
3.643000000000000000e+03
3.652000000000000000e+03
3.665000000000000000e+03
3.675000000000000000e+03
3.686000000000000000e+03
3.679000000000000000e+03
3.691000000000000000e+03
3.700000000000000000e+03
3.709000000000000000e+03
3.719000000000000000e+03
3.727000000000000000e+03
3.731000000000000000e+03
3.736000000000000000e+03
3.743000000000000000e+03
3.746000000000000000e+03
3.759000000000000000e+03
3.763000000000000000e+03
3.775000000000000000e+03
3.780000000000000000e+03
3.784000000000000000e+03
3.787000000000000000e+03
3.797000000000000000e+03
3.804000000000000000e+03
3.810000000000000000e+03
3.818000000000000000e+03
3.830000000000000000e+03
3.837000000000000000e+03
3.840000000000000000e+03
3.844000000000000000e+03
3.847000000000000000e+03
3.852000000000000000e+03
3.861000000000000000e+03
3.866000000000000000e+03
3.874000000000000000e+03
3.875000000000000000e+03
3.878000000000000000e+03
3.880000000000000000e+03
3.888000000000000000e+03
3.892000000000000000e+03
3.899000000000000000e+03
3.922000000000000000e+03
3.920000000000000000e+03
3.910000000000000000e+03
3.926000000000000000e+03
3.942000000000000000e+03
3.961000000000000000e+03
3.966000000000000000e+03
3.977000000000000000e+03
3.998000000000000000e+03
4.008000000000000000e+03
4.026000000000000000e+03
4.039000000000000000e+03
4.053000000000000000e+03
4.072000000000000000e+03
4.086000000000000000e+03
4.107000000000000000e+03
4.126000000000000000e+03
4.151000000000000000e+03
4.169000000000000000e+03
4.180000000000000000e+03
4.192000000000000000e+03
4.209000000000000000e+03
4.237000000000000000e+03
4.246000000000000000e+03
4.261000000000000000e+03
4.281000000000000000e+03
4.297000000000000000e+03
4.331000000000000000e+03
4.907000000000000000e+03
5.289000000000000000e+03
5.716000000000000000e+03
5.762000000000000000e+03
5.829000000000000000e+03
5.910000000000000000e+03
6.020000000000000000e+03
6.141000000000000000e+03
6.285000000000000000e+03
6.440000000000000000e+03
6.690000000000000000e+03
6.884000000000000000e+03
7.163000000000000000e+03
7.379000000000000000e+03
7.694000000000000000e+03
8.439000000000000000e+03
8.966000000000000000e+03
9.331000000000000000e+03
9.636000000000000000e+03
9.841000000000000000e+03
1.005300000000000000e+04
1.029800000000000000e+04
1.054700000000000000e+04
1.083400000000000000e+04
1.099100000000000000e+04
1.099100000000000000e+04
1.145000000000000000e+04
1.168000000000000000e+04
1.205400000000000000e+04
1.242300000000000000e+04
1.259400000000000000e+04
1.265300000000000000e+04
1.279500000000000000e+04
1.279500000000000000e+04
1.310400000000000000e+04
1.330200000000000000e+04
1.350000000000000000e+04
1.464600000000000000e+04
1.464600000000000000e+04
1.546500000000000000e+04
1.622100000000000000e+04
1.795300000000000000e+04
1.878200000000000000e+04
1.961800000000000000e+04
2.045400000000000000e+04
2.124900000000000000e+04
2.124900000000000000e+04
2.205800000000000000e+04
2.313400000000000000e+04
2.337100000000000000e+04
2.355700000000000000e+04
2.355700000000000000e+04
2.374600000000000000e+04
2.410400000000000000e+04
2.427900000000000000e+04
2.427900000000000000e+04
2.440500000000000000e+04
2.457100000000000000e+04
2.471400000000000000e+04
2.478600000000000000e+04
2.496100000000000000e+04
2.511100000000000000e+04
2.524100000000000000e+04
2.532300000000000000e+04
2.550400000000000000e+04
2.550400000000000000e+04
2.569200000000000000e+04
2.569200000000000000e+04
2.576400000000000000e+04
2.580900000000000000e+04
2.595100000000000000e+04
2.603100000000000000e+04
2.603100000000000000e+04
2.607300000000000000e+04
2.610800000000000000e+04
2.616200000000000000e+04
2.624100000000000000e+04
2.630500000000000000e+04
2.644100000000000000e+04
2.644100000000000000e+04
2.650100000000000000e+04
2.654000000000000000e+04
2.659800000000000000e+04
2.667900000000000000e+04
2.675700000000000000e+04
2.692700000000000000e+04
2.700500000000000000e+04
2.715400000000000000e+04
2.740200000000000000e+04
2.749400000000000000e+04
2.759400000000000000e+04
2.771300000000000000e+04
2.780300000000000000e+04
2.787600000000000000e+04
2.834600000000000000e+04
2.844300000000000000e+04
2.844300000000000000e+04
2.857700000000000000e+04
2.865700000000000000e+04
2.873400000000000000e+04
2.877300000000000000e+04
2.882100000000000000e+04
2.886300000000000000e+04
2.888900000000000000e+04
2.894700000000000000e+04
2.903100000000000000e+04
2.912700000000000000e+04
2.932100000000000000e+04
2.957100000000000000e+04
2.990500000000000000e+04
3.031000000000000000e+04
3.086900000000000000e+04
3.165800000000000000e+04
3.262500000000000000e+04
3.361000000000000000e+04
3.457500000000000000e+04
3.591000000000000000e+04
3.745300000000000000e+04
3.903800000000000000e+04
4.058500000000000000e+04
4.235200000000000000e+04
4.374200000000000000e+04
4.518500000000000000e+04
4.664300000000000000e+04
4.811300000000000000e+04
5.018300000000000000e+04
5.302200000000000000e+04
5.546000000000000000e+04
5.750800000000000000e+04
5.968800000000000000e+04
6.169900000000000000e+04
6.357000000000000000e+04
6.515300000000000000e+04
6.704400000000000000e+04
6.898400000000000000e+04
7.102500000000000000e+04
7.278800000000000000e+04
7.490000000000000000e+04
7.681100000000000000e+04
7.885500000000000000e+04
8.127400000000000000e+04
8.337500000000000000e+04
8.500500000000000000e+04
8.692400000000000000e+04
8.890700000000000000e+04
9.379400000000000000e+04
9.605000000000000000e+04
9.914500000000000000e+04
1.014470000000000000e+05
1.110820000000000000e+05
1.135550000000000000e+05
1.169490000000000000e+05
1.195850000000000000e+05
1.230660000000000000e+05
1.261180000000000000e+05
1.295000000000000000e+05
1.322130000000000000e+05
1.354390000000000000e+05
1.378940000000000000e+05
1.432800000000000000e+05
1.470390000000000000e+05
1.518420000000000000e+05
1.563700000000000000e+05
1.597920000000000000e+05
1.620220000000000000e+05
1.654620000000000000e+05
1.693480000000000000e+05
1.719780000000000000e+05
1.747960000000000000e+05
1.774670000000000000e+05
1.798860000000000000e+05
1.825480000000000000e+05
1.852280000000000000e+05
1.875380000000000000e+05
1.898280000000000000e+05
1.931050000000000000e+05
1.959090000000000000e+05
1.992640000000000000e+05
2.022640000000000000e+05
2.045950000000000000e+05
2.077240000000000000e+05
2.107820000000000000e+05
2.144490000000000000e+05
2.181310000000000000e+05
2.213060000000000000e+05
2.253650000000000000e+05
2.285390000000000000e+05
2.326470000000000000e+05
2.362910000000000000e+05
2.404520000000000000e+05
2.444470000000000000e+05
2.498530000000000000e+05
2.545150000000000000e+05
2.593010000000000000e+05
2.648340000000000000e+05
2.709210000000000000e+05
2.771510000000000000e+05
2.830670000000000000e+05
2.892330000000000000e+05
2.946530000000000000e+05
3.011720000000000000e+05
3.082300000000000000e+05
3.175060000000000000e+05
3.268320000000000000e+05
3.363710000000000000e+05
3.450270000000000000e+05
3.537120000000000000e+05
3.630290000000000000e+05
3.722150000000000000e+05
3.819070000000000000e+05
3.919890000000000000e+05
4.033860000000000000e+05
4.151700000000000000e+05
4.264750000000000000e+05
4.394770000000000000e+05
4.531320000000000000e+05
4.677070000000000000e+05
4.819670000000000000e+05
4.973020000000000000e+05
5.126780000000000000e+05
5.268280000000000000e+05
5.433610000000000000e+05
5.610300000000000000e+05
5.783750000000000000e+05
5.972870000000000000e+05
6.153140000000000000e+05
