4.000000000000000000e+00
0.000000000000000000e+00
1.000000000000000000e+00
1.000000000000000000e+00
2.000000000000000000e+00
0.000000000000000000e+00
6.000000000000000000e+00
0.000000000000000000e+00
0.000000000000000000e+00
5.000000000000000000e+00
0.000000000000000000e+00
0.000000000000000000e+00
0.000000000000000000e+00
6.000000000000000000e+00
0.000000000000000000e+00
0.000000000000000000e+00
0.000000000000000000e+00
7.000000000000000000e+00
0.000000000000000000e+00
0.000000000000000000e+00
1.000000000000000000e+00
0.000000000000000000e+00
0.000000000000000000e+00
0.000000000000000000e+00
1.000000000000000000e+00
0.000000000000000000e+00
1.000000000000000000e+00
0.000000000000000000e+00
0.000000000000000000e+00
0.000000000000000000e+00
0.000000000000000000e+00
0.000000000000000000e+00
0.000000000000000000e+00
0.000000000000000000e+00
2.000000000000000000e+00
3.000000000000000000e+00
0.000000000000000000e+00
1.000000000000000000e+00
1.000000000000000000e+00
0.000000000000000000e+00
1.000000000000000000e+00
0.000000000000000000e+00
0.000000000000000000e+00
4.000000000000000000e+00
1.000000000000000000e+00
2.000000000000000000e+00
0.000000000000000000e+00
0.000000000000000000e+00
3.000000000000000000e+00
6.000000000000000000e+00
1.100000000000000000e+01
5.000000000000000000e+00
7.000000000000000000e+00
3.200000000000000000e+01
3.300000000000000000e+01
3.000000000000000000e+01
3.500000000000000000e+01
6.000000000000000000e+01
5.000000000000000000e+01
8.900000000000000000e+01
1.880000000000000000e+02
1.220000000000000000e+02
1.060000000000000000e+02
1.070000000000000000e+02
1.110000000000000000e+02
9.100000000000000000e+01
1.090000000000000000e+02
1.430000000000000000e+02
1.360000000000000000e+02
1.270000000000000000e+02
1.200000000000000000e+02
1.040000000000000000e+02
1.030000000000000000e+02
8.900000000000000000e+01
1.020000000000000000e+02
5.100000000000000000e+01
3.800000000000000000e+01
1.110000000000000000e+02
5.400000000000000000e+01
5.000000000000000000e+01
4.500000000000000000e+01
3.300000000000000000e+01
2.800000000000000000e+01
3.400000000000000000e+01
3.000000000000000000e+01
2.900000000000000000e+01
2.800000000000000000e+01
3.300000000000000000e+01
3.200000000000000000e+01
2.700000000000000000e+01
1.900000000000000000e+01
1.500000000000000000e+01
1.300000000000000000e+01
1.500000000000000000e+01
5.300000000000000000e+01
1.500000000000000000e+01
9.000000000000000000e+00
7.000000000000000000e+00
9.000000000000000000e+00
7.000000000000000000e+00
6.000000000000000000e+00
6.000000000000000000e+00
3.000000000000000000e+00
1.800000000000000000e+01
1.000000000000000000e+00
1.000000000000000000e+00
3.000000000000000000e+00
8.000000000000000000e+00
4.000000000000000000e+00
5.000000000000000000e+00
6.000000000000000000e+00
2.000000000000000000e+00
0.000000000000000000e+00
1.000000000000000000e+00
7.000000000000000000e+00
0.000000000000000000e+00
3.000000000000000000e+00
3.000000000000000000e+00
2.000000000000000000e+00
1.000000000000000000e+00
3.000000000000000000e+00
0.000000000000000000e+00
3.000000000000000000e+00
0.000000000000000000e+00
2.000000000000000000e+00
3.000000000000000000e+00
9.000000000000000000e+00
1.100000000000000000e+01
1.100000000000000000e+01
1.000000000000000000e+00
4.000000000000000000e+00
1.000000000000000000e+00
1.000000000000000000e+00
1.000000000000000000e+00
1.700000000000000000e+01
1.000000000000000000e+00
2.000000000000000000e+00
8.000000000000000000e+00
7.000000000000000000e+00
2.000000000000000000e+00
4.000000000000000000e+00
0.000000000000000000e+00
4.000000000000000000e+00
5.000000000000000000e+00
1.000000000000000000e+00
0.000000000000000000e+00
0.000000000000000000e+00
0.000000000000000000e+00
6.000000000000000000e+00
5.000000000000000000e+00
1.000000000000000000e+00
1.000000000000000000e+00
3.000000000000000000e+00
5.000000000000000000e+00
1.000000000000000000e+00
1.000000000000000000e+00
4.000000000000000000e+00
0.000000000000000000e+00
0.000000000000000000e+00
7.000000000000000000e+00
2.000000000000000000e+00
2.000000000000000000e+00
6.000000000000000000e+00
1.000000000000000000e+00
5.000000000000000000e+00
5.000000000000000000e+00
5.000000000000000000e+00
0.000000000000000000e+00
2.000000000000000000e+00
5.000000000000000000e+00
0.000000000000000000e+00
1.400000000000000000e+01
1.000000000000000000e+00
3.000000000000000000e+00
7.000000000000000000e+00
5.000000000000000000e+00
4.000000000000000000e+00
3.000000000000000000e+00
7.000000000000000000e+00
3.000000000000000000e+00
1.000000000000000000e+00
5.000000000000000000e+00
-2.000000000000000000e+00
1.600000000000000000e+01
1.000000000000000000e+01
3.000000000000000000e+00
9.000000000000000000e+00
4.000000000000000000e+00
2.000000000000000000e+00
1.000000000000000000e+00
6.000000000000000000e+00
6.000000000000000000e+00
2.000000000000000000e+00
5.000000000000000000e+00
3.000000000000000000e+00
1.000000000000000000e+00
7.000000000000000000e+00
2.000000000000000000e+00
1.500000000000000000e+01
3.000000000000000000e+00
3.000000000000000000e+00
0.000000000000000000e+00
0.000000000000000000e+00
5.000000000000000000e+00
3.000000000000000000e+00
1.700000000000000000e+01
0.000000000000000000e+00
1.000000000000000000e+00
1.000000000000000000e+00
3.000000000000000000e+00
1.000000000000000000e+00
7.000000000000000000e+00
1.000000000000000000e+00
0.000000000000000000e+00
5.000000000000000000e+00
2.000000000000000000e+00
5.000000000000000000e+00
1.000000000000000000e+00
1.000000000000000000e+00
6.000000000000000000e+00
1.000000000000000000e+00
0.000000000000000000e+00
1.000000000000000000e+00
5.000000000000000000e+00
8.000000000000000000e+00
2.000000000000000000e+00
4.000000000000000000e+00
7.000000000000000000e+00
6.000000000000000000e+00
1.000000000000000000e+00
1.000000000000000000e+00
1.000000000000000000e+00
7.000000000000000000e+00
7.000000000000000000e+00
5.000000000000000000e+00
7.000000000000000000e+00
2.000000000000000000e+00
5.000000000000000000e+00
1.000000000000000000e+01
0.000000000000000000e+00
7.000000000000000000e+00
3.000000000000000000e+00
6.000000000000000000e+00
5.000000000000000000e+00
3.000000000000000000e+00
2.000000000000000000e+00
3.000000000000000000e+00
3.000000000000000000e+00
1.000000000000000000e+00
2.200000000000000000e+01
1.400000000000000000e+01
5.000000000000000000e+00
5.000000000000000000e+00
6.000000000000000000e+00
8.000000000000000000e+00
2.000000000000000000e+00
5.000000000000000000e+00
1.000000000000000000e+01
1.500000000000000000e+01
7.000000000000000000e+00
6.000000000000000000e+00
6.000000000000000000e+00
2.000000000000000000e+00
5.000000000000000000e+00
2.000000000000000000e+00
9.000000000000000000e+00
1.300000000000000000e+01
1.000000000000000000e+01
1.100000000000000000e+01
-7.000000000000000000e+00
1.200000000000000000e+01
9.000000000000000000e+00
9.000000000000000000e+00
1.000000000000000000e+01
8.000000000000000000e+00
4.000000000000000000e+00
5.000000000000000000e+00
7.000000000000000000e+00
3.000000000000000000e+00
1.300000000000000000e+01
4.000000000000000000e+00
1.200000000000000000e+01
5.000000000000000000e+00
4.000000000000000000e+00
3.000000000000000000e+00
1.000000000000000000e+01
7.000000000000000000e+00
6.000000000000000000e+00
8.000000000000000000e+00
1.200000000000000000e+01
7.000000000000000000e+00
3.000000000000000000e+00
4.000000000000000000e+00
3.000000000000000000e+00
5.000000000000000000e+00
9.000000000000000000e+00
5.000000000000000000e+00
8.000000000000000000e+00
1.000000000000000000e+00
3.000000000000000000e+00
2.000000000000000000e+00
8.000000000000000000e+00
4.000000000000000000e+00
7.000000000000000000e+00
2.300000000000000000e+01
-2.000000000000000000e+00
-1.000000000000000000e+01
1.600000000000000000e+01
1.600000000000000000e+01
1.900000000000000000e+01
5.000000000000000000e+00
1.100000000000000000e+01
2.100000000000000000e+01
1.000000000000000000e+01
1.800000000000000000e+01
1.300000000000000000e+01
1.400000000000000000e+01
1.900000000000000000e+01
1.400000000000000000e+01
2.100000000000000000e+01
1.900000000000000000e+01
2.500000000000000000e+01
1.800000000000000000e+01
1.100000000000000000e+01
1.200000000000000000e+01
1.700000000000000000e+01
2.800000000000000000e+01
9.000000000000000000e+00
1.500000000000000000e+01
2.000000000000000000e+01
1.600000000000000000e+01
3.400000000000000000e+01
5.760000000000000000e+02
3.820000000000000000e+02
4.270000000000000000e+02
4.600000000000000000e+01
6.700000000000000000e+01
8.100000000000000000e+01
1.100000000000000000e+02
1.210000000000000000e+02
1.440000000000000000e+02
1.550000000000000000e+02
2.500000000000000000e+02
1.940000000000000000e+02
2.790000000000000000e+02
2.160000000000000000e+02
3.150000000000000000e+02
7.450000000000000000e+02
5.270000000000000000e+02
3.650000000000000000e+02
3.050000000000000000e+02
2.050000000000000000e+02
2.120000000000000000e+02
2.450000000000000000e+02
2.490000000000000000e+02
2.870000000000000000e+02
1.570000000000000000e+02
0.000000000000000000e+00
4.590000000000000000e+02
2.300000000000000000e+02
3.740000000000000000e+02
3.690000000000000000e+02
1.710000000000000000e+02
5.900000000000000000e+01
1.420000000000000000e+02
0.000000000000000000e+00
3.090000000000000000e+02
1.980000000000000000e+02
1.980000000000000000e+02
1.146000000000000000e+03
0.000000000000000000e+00
8.190000000000000000e+02
7.560000000000000000e+02
1.732000000000000000e+03
8.290000000000000000e+02
8.360000000000000000e+02
8.360000000000000000e+02
7.950000000000000000e+02
0.000000000000000000e+00
8.090000000000000000e+02
1.076000000000000000e+03
2.370000000000000000e+02
1.860000000000000000e+02
0.000000000000000000e+00
1.890000000000000000e+02
3.580000000000000000e+02
1.750000000000000000e+02
0.000000000000000000e+00
1.260000000000000000e+02
1.660000000000000000e+02
1.430000000000000000e+02
7.200000000000000000e+01
1.750000000000000000e+02
1.500000000000000000e+02
1.300000000000000000e+02
8.200000000000000000e+01
1.810000000000000000e+02
0.000000000000000000e+00
1.880000000000000000e+02
0.000000000000000000e+00
7.200000000000000000e+01
4.500000000000000000e+01
1.420000000000000000e+02
8.000000000000000000e+01
0.000000000000000000e+00
4.200000000000000000e+01
3.500000000000000000e+01
5.400000000000000000e+01
7.900000000000000000e+01
6.400000000000000000e+01
1.360000000000000000e+02
0.000000000000000000e+00
6.000000000000000000e+01
3.900000000000000000e+01
5.800000000000000000e+01
8.100000000000000000e+01
7.800000000000000000e+01
1.700000000000000000e+02
7.800000000000000000e+01
1.490000000000000000e+02
2.480000000000000000e+02
9.200000000000000000e+01
1.000000000000000000e+02
1.190000000000000000e+02
9.000000000000000000e+01
7.300000000000000000e+01
4.700000000000000000e+02
9.700000000000000000e+01
0.000000000000000000e+00
1.340000000000000000e+02
8.000000000000000000e+01
7.700000000000000000e+01
3.900000000000000000e+01
4.800000000000000000e+01
4.200000000000000000e+01
2.600000000000000000e+01
5.800000000000000000e+01
8.400000000000000000e+01
9.600000000000000000e+01
1.940000000000000000e+02
2.500000000000000000e+02
3.340000000000000000e+02
4.050000000000000000e+02
5.590000000000000000e+02
7.890000000000000000e+02
9.670000000000000000e+02
9.850000000000000000e+02
9.650000000000000000e+02
1.335000000000000000e+03
1.543000000000000000e+03
1.585000000000000000e+03
1.547000000000000000e+03
1.767000000000000000e+03
1.390000000000000000e+03
1.443000000000000000e+03
1.458000000000000000e+03
1.470000000000000000e+03
2.070000000000000000e+03
2.839000000000000000e+03
2.438000000000000000e+03
2.048000000000000000e+03
2.180000000000000000e+03
2.011000000000000000e+03
1.871000000000000000e+03
1.583000000000000000e+03
1.891000000000000000e+03
1.940000000000000000e+03
2.041000000000000000e+03
1.763000000000000000e+03
2.112000000000000000e+03
1.911000000000000000e+03
2.044000000000000000e+03
2.419000000000000000e+03
2.101000000000000000e+03
1.630000000000000000e+03
1.919000000000000000e+03
1.983000000000000000e+03
4.887000000000000000e+03
2.256000000000000000e+03
3.095000000000000000e+03
2.302000000000000000e+03
9.635000000000000000e+03
2.473000000000000000e+03
3.394000000000000000e+03
2.636000000000000000e+03
3.481000000000000000e+03
3.052000000000000000e+03
3.382000000000000000e+03
2.713000000000000000e+03
3.226000000000000000e+03
2.455000000000000000e+03
5.386000000000000000e+03
3.759000000000000000e+03
4.803000000000000000e+03
4.528000000000000000e+03
3.422000000000000000e+03
2.230000000000000000e+03
3.440000000000000000e+03
3.886000000000000000e+03
2.630000000000000000e+03
2.818000000000000000e+03
2.671000000000000000e+03
2.419000000000000000e+03
2.662000000000000000e+03
2.680000000000000000e+03
2.310000000000000000e+03
2.290000000000000000e+03
3.277000000000000000e+03
2.804000000000000000e+03
3.355000000000000000e+03
3.000000000000000000e+03
2.331000000000000000e+03
3.129000000000000000e+03
3.058000000000000000e+03
3.667000000000000000e+03
3.682000000000000000e+03
3.175000000000000000e+03
4.059000000000000000e+03
3.174000000000000000e+03
4.108000000000000000e+03
3.644000000000000000e+03
4.161000000000000000e+03
3.995000000000000000e+03
5.406000000000000000e+03
4.662000000000000000e+03
4.786000000000000000e+03
5.533000000000000000e+03
6.087000000000000000e+03
6.230000000000000000e+03
5.916000000000000000e+03
6.166000000000000000e+03
5.420000000000000000e+03
6.519000000000000000e+03
7.058000000000000000e+03
9.276000000000000000e+03
9.326000000000000000e+03
9.539000000000000000e+03
8.656000000000000000e+03
8.685000000000000000e+03
9.317000000000000000e+03
9.186000000000000000e+03
9.692000000000000000e+03
1.008200000000000000e+04
1.139700000000000000e+04
1.178400000000000000e+04
1.130500000000000000e+04
1.300200000000000000e+04
1.365500000000000000e+04
1.457500000000000000e+04
1.426000000000000000e+04
1.533500000000000000e+04
1.537600000000000000e+04
1.415000000000000000e+04
1.653300000000000000e+04
1.766900000000000000e+04
1.734500000000000000e+04
1.891200000000000000e+04
1.802700000000000000e+04
