0.000000000000000000e+00
0.000000000000000000e+00
0.000000000000000000e+00
0.000000000000000000e+00
0.000000000000000000e+00
0.000000000000000000e+00
0.000000000000000000e+00
0.000000000000000000e+00
0.000000000000000000e+00
0.000000000000000000e+00
0.000000000000000000e+00
0.000000000000000000e+00
0.000000000000000000e+00
0.000000000000000000e+00
0.000000000000000000e+00
0.000000000000000000e+00
0.000000000000000000e+00
0.000000000000000000e+00
0.000000000000000000e+00
0.000000000000000000e+00
0.000000000000000000e+00
0.000000000000000000e+00
0.000000000000000000e+00
0.000000000000000000e+00
0.000000000000000000e+00
0.000000000000000000e+00
0.000000000000000000e+00
0.000000000000000000e+00
0.000000000000000000e+00
0.000000000000000000e+00
0.000000000000000000e+00
0.000000000000000000e+00
0.000000000000000000e+00
0.000000000000000000e+00
0.000000000000000000e+00
0.000000000000000000e+00
0.000000000000000000e+00
0.000000000000000000e+00
0.000000000000000000e+00
0.000000000000000000e+00
0.000000000000000000e+00
0.000000000000000000e+00
0.000000000000000000e+00
0.000000000000000000e+00
1.000000000000000000e+00
1.000000000000000000e+00
1.000000000000000000e+00
1.000000000000000000e+00
5.000000000000000000e+00
1.200000000000000000e+01
1.900000000000000000e+01
3.500000000000000000e+01
4.600000000000000000e+01
4.800000000000000000e+01
5.500000000000000000e+01
6.500000000000000000e+01
8.300000000000000000e+01
1.030000000000000000e+02
1.350000000000000000e+02
1.710000000000000000e+02
2.220000000000000000e+02
2.490000000000000000e+02
3.030000000000000000e+02
3.840000000000000000e+02
3.840000000000000000e+02
4.570000000000000000e+02
6.590000000000000000e+02
7.410000000000000000e+02
7.850000000000000000e+02
9.000000000000000000e+02
1.060000000000000000e+03
1.171000000000000000e+03
1.476000000000000000e+03
1.624000000000000000e+03
1.908000000000000000e+03
2.200000000000000000e+03
2.447000000000000000e+03
2.666000000000000000e+03
2.867000000000000000e+03
3.105000000000000000e+03
3.380000000000000000e+03
3.630000000000000000e+03
4.054000000000000000e+03
4.465000000000000000e+03
4.873000000000000000e+03
5.318000000000000000e+03
5.690000000000000000e+03
5.994000000000000000e+03
6.318000000000000000e+03
6.630000000000000000e+03
6.890000000000000000e+03
7.144000000000000000e+03
7.276000000000000000e+03
7.483000000000000000e+03
7.779000000000000000e+03
8.042000000000000000e+03
8.275000000000000000e+03
8.497000000000000000e+03
8.724000000000000000e+03
9.009000000000000000e+03
9.009000000000000000e+03
9.362000000000000000e+03
9.464000000000000000e+03
9.557000000000000000e+03
9.677000000000000000e+03
9.791000000000000000e+03
9.848000000000000000e+03
9.943000000000000000e+03
1.003200000000000000e+04
1.003200000000000000e+04
1.017600000000000000e+04
1.024300000000000000e+04
1.029500000000000000e+04
1.037400000000000000e+04
1.043800000000000000e+04
1.049600000000000000e+04
1.061000000000000000e+04
1.069900000000000000e+04
1.073300000000000000e+04
1.083300000000000000e+04
1.091900000000000000e+04
1.102400000000000000e+04
1.109200000000000000e+04
1.115900000000000000e+04
1.119300000000000000e+04
1.122700000000000000e+04
1.127500000000000000e+04
1.130000000000000000e+04
1.135400000000000000e+04
1.138100000000000000e+04
1.141200000000000000e+04
1.143000000000000000e+04
1.145400000000000000e+04
1.152300000000000000e+04
1.157100000000000000e+04
1.166700000000000000e+04
1.174100000000000000e+04
1.182300000000000000e+04
1.189600000000000000e+04
1.196500000000000000e+04
1.203100000000000000e+04
1.210200000000000000e+04
1.217500000000000000e+04
1.225100000000000000e+04
1.231000000000000000e+04
1.236700000000000000e+04
1.242600000000000000e+04
1.252200000000000000e+04
1.261600000000000000e+04
1.270900000000000000e+04
1.280300000000000000e+04
1.289400000000000000e+04
1.299000000000000000e+04
1.309200000000000000e+04
1.323500000000000000e+04
1.337200000000000000e+04
1.356500000000000000e+04
1.379200000000000000e+04
1.404600000000000000e+04
1.428800000000000000e+04
1.456400000000000000e+04
1.483600000000000000e+04
1.519500000000000000e+04
1.550400000000000000e+04
1.582900000000000000e+04
1.613100000000000000e+04
1.642000000000000000e+04
1.671900000000000000e+04
1.707600000000000000e+04
1.734200000000000000e+04
1.772800000000000000e+04
1.807300000000000000e+04
1.836000000000000000e+04
1.863900000000000000e+04
1.898300000000000000e+04
1.933400000000000000e+04
1.971700000000000000e+04
2.010900000000000000e+04
2.049800000000000000e+04
2.089400000000000000e+04
2.125300000000000000e+04
2.160500000000000000e+04
2.203100000000000000e+04
2.244300000000000000e+04
2.285200000000000000e+04
2.285200000000000000e+04
2.373000000000000000e+04
2.414100000000000000e+04
2.452000000000000000e+04
2.489200000000000000e+04
2.521300000000000000e+04
2.555200000000000000e+04
2.588200000000000000e+04
2.619300000000000000e+04
2.645100000000000000e+04
2.673800000000000000e+04
2.703300000000000000e+04
2.733200000000000000e+04
2.760800000000000000e+04
2.786300000000000000e+04
2.809900000000000000e+04
2.826200000000000000e+04
2.849700000000000000e+04
2.875100000000000000e+04
2.899800000000000000e+04
2.923300000000000000e+04
2.947100000000000000e+04
2.968200000000000000e+04
2.978200000000000000e+04
2.989000000000000000e+04
3.004800000000000000e+04
3.020900000000000000e+04
3.037800000000000000e+04
3.054800000000000000e+04
3.065700000000000000e+04
3.071400000000000000e+04
3.082000000000000000e+04
3.097400000000000000e+04
3.109900000000000000e+04
3.120700000000000000e+04
3.128200000000000000e+04
3.136500000000000000e+04
3.140600000000000000e+04
3.148200000000000000e+04
3.158100000000000000e+04
3.167600000000000000e+04
3.177200000000000000e+04
3.184900000000000000e+04
3.190500000000000000e+04
3.194100000000000000e+04
3.199400000000000000e+04
3.207800000000000000e+04
3.213600000000000000e+04
3.222800000000000000e+04
3.230000000000000000e+04
3.240800000000000000e+04
3.243700000000000000e+04
3.251100000000000000e+04
3.261300000000000000e+04
3.269500000000000000e+04
3.275700000000000000e+04
3.284000000000000000e+04
3.290800000000000000e+04
3.293800000000000000e+04
3.299900000000000000e+04
3.308000000000000000e+04
3.316300000000000000e+04
3.323800000000000000e+04
3.331200000000000000e+04
3.338400000000000000e+04
3.341400000000000000e+04
3.347900000000000000e+04
3.355100000000000000e+04
3.366200000000000000e+04
3.373500000000000000e+04
3.384200000000000000e+04
3.390100000000000000e+04
3.395200000000000000e+04
3.407200000000000000e+04
3.419300000000000000e+04
3.434400000000000000e+04
3.451700000000000000e+04
3.468500000000000000e+04
3.478700000000000000e+04
3.485400000000000000e+04
3.500600000000000000e+04
3.525100000000000000e+04
3.545400000000000000e+04
3.571900000000000000e+04
3.594600000000000000e+04
3.616000000000000000e+04
3.628200000000000000e+04
3.660800000000000000e+04
3.712000000000000000e+04
3.753600000000000000e+04
3.811500000000000000e+04
3.887200000000000000e+04
3.948600000000000000e+04
3.982700000000000000e+04
4.088000000000000000e+04
4.220800000000000000e+04
4.359200000000000000e+04
4.513700000000000000e+04
4.695400000000000000e+04
4.840300000000000000e+04
4.920500000000000000e+04
5.108300000000000000e+04
5.349500000000000000e+04
5.567600000000000000e+04
5.795800000000000000e+04
6.063500000000000000e+04
6.274700000000000000e+04
6.406500000000000000e+04
6.688800000000000000e+04
7.042400000000000000e+04
7.376500000000000000e+04
7.726400000000000000e+04
8.108600000000000000e+04
8.456800000000000000e+04
8.738100000000000000e+04
9.237500000000000000e+04
9.798800000000000000e+04
1.040970000000000000e+05
1.103510000000000000e+05
1.161250000000000000e+05
1.211200000000000000e+05
1.261870000000000000e+05
1.330290000000000000e+05
1.406080000000000000e+05
1.482140000000000000e+05
1.559940000000000000e+05
1.630350000000000000e+05
1.692140000000000000e+05
1.754380000000000000e+05
1.834370000000000000e+05
1.913560000000000000e+05
1.991580000000000000e+05
2.069400000000000000e+05
2.138430000000000000e+05
2.196520000000000000e+05
2.262090000000000000e+05
2.340270000000000000e+05
2.418310000000000000e+05
2.492240000000000000e+05
2.557580000000000000e+05
2.614370000000000000e+05
2.664320000000000000e+05
2.713640000000000000e+05
2.772480000000000000e+05
2.826010000000000000e+05
2.877300000000000000e+05
2.926400000000000000e+05
2.965280000000000000e+05
3.000620000000000000e+05
3.037470000000000000e+05
3.078270000000000000e+05
3.122530000000000000e+05
3.163440000000000000e+05
3.201670000000000000e+05
3.233670000000000000e+05
3.260600000000000000e+05
3.286190000000000000e+05
3.317550000000000000e+05
3.349910000000000000e+05
3.379230000000000000e+05
3.399970000000000000e+05
3.419040000000000000e+05
3.438700000000000000e+05
3.465850000000000000e+05
3.492380000000000000e+05
3.521200000000000000e+05
3.539070000000000000e+05
3.561250000000000000e+05
3.561250000000000000e+05
3.596890000000000000e+05
3.617820000000000000e+05
3.639240000000000000e+05
3.661910000000000000e+05
3.680720000000000000e+05
3.698230000000000000e+05
3.712160000000000000e+05
3.725330000000000000e+05
3.741110000000000000e+05
3.757990000000000000e+05
3.774450000000000000e+05
3.790930000000000000e+05
3.808020000000000000e+05
3.822850000000000000e+05
3.836030000000000000e+05
3.851260000000000000e+05
3.872060000000000000e+05
3.890450000000000000e+05
3.906370000000000000e+05
3.923540000000000000e+05
3.938970000000000000e+05
3.952630000000000000e+05
3.970020000000000000e+05
3.989050000000000000e+05
4.008370000000000000e+05
4.027000000000000000e+05
4.046680000000000000e+05
4.063520000000000000e+05
4.078810000000000000e+05
4.098410000000000000e+05
4.118550000000000000e+05
4.139430000000000000e+05
4.159430000000000000e+05
4.178710000000000000e+05
4.194930000000000000e+05
4.208790000000000000e+05
4.222100000000000000e+05
4.240200000000000000e+05
4.264870000000000000e+05
4.290480000000000000e+05
4.316800000000000000e+05
4.341220000000000000e+05
4.366400000000000000e+05
4.395960000000000000e+05
4.428530000000000000e+05
4.463130000000000000e+05
4.499010000000000000e+05
4.532400000000000000e+05
4.564500000000000000e+05
4.592590000000000000e+05
4.627280000000000000e+05
4.668850000000000000e+05
4.709410000000000000e+05
4.748070000000000000e+05
4.788780000000000000e+05
4.823970000000000000e+05
4.854390000000000000e+05
4.895300000000000000e+05
4.941060000000000000e+05
4.986960000000000000e+05
5.032910000000000000e+05
5.079590000000000000e+05
5.120510000000000000e+05
5.162770000000000000e+05
5.209110000000000000e+05
5.261120000000000000e+05
5.315580000000000000e+05
5.369040000000000000e+05
5.422090000000000000e+05
5.468960000000000000e+05
5.511280000000000000e+05
5.558970000000000000e+05
5.613720000000000000e+05
5.666690000000000000e+05
5.718950000000000000e+05
5.718950000000000000e+05
5.816170000000000000e+05
5.855060000000000000e+05
5.855060000000000000e+05
5.954890000000000000e+05
6.005960000000000000e+05
6.054060000000000000e+05
6.102320000000000000e+05
6.143650000000000000e+05
6.176690000000000000e+05
6.213750000000000000e+05
6.257730000000000000e+05
6.293880000000000000e+05
6.330130000000000000e+05
6.364180000000000000e+05
6.394760000000000000e+05
6.422080000000000000e+05
6.451730000000000000e+05
6.487450000000000000e+05
6.518990000000000000e+05
6.548700000000000000e+05
6.577160000000000000e+05
6.602990000000000000e+05
6.623680000000000000e+05
6.649720000000000000e+05
6.679370000000000000e+05
6.708010000000000000e+05
6.735200000000000000e+05
6.759040000000000000e+05
6.779720000000000000e+05
6.796670000000000000e+05
6.816540000000000000e+05
6.837990000000000000e+05
6.859370000000000000e+05
6.879440000000000000e+05
6.895570000000000000e+05
6.909310000000000000e+05
6.919200000000000000e+05
6.931690000000000000e+05
6.944730000000000000e+05
6.958750000000000000e+05
6.972410000000000000e+05
6.985180000000000000e+05
6.985180000000000000e+05
7.004080000000000000e+05
7.013260000000000000e+05
7.024510000000000000e+05
7.034970000000000000e+05
7.034970000000000000e+05
7.051850000000000000e+05
7.058900000000000000e+05
7.064580000000000000e+05
7.070330000000000000e+05
7.077190000000000000e+05
7.083280000000000000e+05
7.088780000000000000e+05
7.092690000000000000e+05
7.096730000000000000e+05
7.099390000000000000e+05
7.103150000000000000e+05
7.107290000000000000e+05
7.111160000000000000e+05
7.114420000000000000e+05
7.117720000000000000e+05
7.120460000000000000e+05
7.122240000000000000e+05
7.124720000000000000e+05
7.127020000000000000e+05
7.129890000000000000e+05
7.132070000000000000e+05
7.134170000000000000e+05
7.135620000000000000e+05
7.136780000000000000e+05
7.138400000000000000e+05
7.140540000000000000e+05
7.142520000000000000e+05
7.144620000000000000e+05
7.146340000000000000e+05
7.147530000000000000e+05
7.148910000000000000e+05
7.150150000000000000e+05
7.151470000000000000e+05
7.153070000000000000e+05
7.154420000000000000e+05
7.156040000000000000e+05
7.156930000000000000e+05
7.157530000000000000e+05
7.158410000000000000e+05
7.159130000000000000e+05
7.160160000000000000e+05
7.160960000000000000e+05
7.161720000000000000e+05
7.162380000000000000e+05
7.163010000000000000e+05
7.163850000000000000e+05
7.164580000000000000e+05
7.165620000000000000e+05
7.166430000000000000e+05
7.167170000000000000e+05
7.167960000000000000e+05
7.168730000000000000e+05
7.169830000000000000e+05
7.170930000000000000e+05
7.171960000000000000e+05
7.172930000000000000e+05
7.174030000000000000e+05
7.174800000000000000e+05
7.175490000000000000e+05
7.176670000000000000e+05
7.178120000000000000e+05
7.179370000000000000e+05
7.180930000000000000e+05
7.182990000000000000e+05
7.184650000000000000e+05
7.185900000000000000e+05
7.188170000000000000e+05
7.190060000000000000e+05
7.192340000000000000e+05
7.194620000000000000e+05
7.196640000000000000e+05
7.199130000000000000e+05
7.201120000000000000e+05
7.203530000000000000e+05
7.206430000000000000e+05
7.209750000000000000e+05
7.212670000000000000e+05
7.216200000000000000e+05
7.219180000000000000e+05
7.222210000000000000e+05
