0.000000000000000000e+00
0.000000000000000000e+00
0.000000000000000000e+00
0.000000000000000000e+00
0.000000000000000000e+00
0.000000000000000000e+00
0.000000000000000000e+00
0.000000000000000000e+00
0.000000000000000000e+00
0.000000000000000000e+00
0.000000000000000000e+00
0.000000000000000000e+00
0.000000000000000000e+00
0.000000000000000000e+00
0.000000000000000000e+00
0.000000000000000000e+00
0.000000000000000000e+00
0.000000000000000000e+00
0.000000000000000000e+00
0.000000000000000000e+00
0.000000000000000000e+00
0.000000000000000000e+00
0.000000000000000000e+00
0.000000000000000000e+00
0.000000000000000000e+00
0.000000000000000000e+00
0.000000000000000000e+00
0.000000000000000000e+00
0.000000000000000000e+00
0.000000000000000000e+00
0.000000000000000000e+00
0.000000000000000000e+00
0.000000000000000000e+00
0.000000000000000000e+00
0.000000000000000000e+00
0.000000000000000000e+00
0.000000000000000000e+00
0.000000000000000000e+00
0.000000000000000000e+00
0.000000000000000000e+00
0.000000000000000000e+00
0.000000000000000000e+00
0.000000000000000000e+00
0.000000000000000000e+00
1.000000000000000000e+00
0.000000000000000000e+00
0.000000000000000000e+00
0.000000000000000000e+00
4.000000000000000000e+00
7.000000000000000000e+00
7.000000000000000000e+00
1.600000000000000000e+01
1.100000000000000000e+01
2.000000000000000000e+00
7.000000000000000000e+00
1.000000000000000000e+01
1.800000000000000000e+01
2.000000000000000000e+01
3.200000000000000000e+01
3.600000000000000000e+01
5.100000000000000000e+01
2.700000000000000000e+01
5.400000000000000000e+01
8.100000000000000000e+01
0.000000000000000000e+00
7.300000000000000000e+01
2.020000000000000000e+02
8.200000000000000000e+01
4.400000000000000000e+01
1.150000000000000000e+02
1.600000000000000000e+02
1.110000000000000000e+02
3.050000000000000000e+02
1.480000000000000000e+02
2.840000000000000000e+02
2.920000000000000000e+02
2.470000000000000000e+02
2.190000000000000000e+02
2.010000000000000000e+02
2.380000000000000000e+02
2.750000000000000000e+02
2.500000000000000000e+02
4.240000000000000000e+02
4.110000000000000000e+02
4.080000000000000000e+02
4.450000000000000000e+02
3.720000000000000000e+02
3.040000000000000000e+02
3.240000000000000000e+02
3.120000000000000000e+02
2.600000000000000000e+02
2.540000000000000000e+02
1.320000000000000000e+02
2.070000000000000000e+02
2.960000000000000000e+02
2.630000000000000000e+02
2.330000000000000000e+02
2.220000000000000000e+02
2.270000000000000000e+02
2.850000000000000000e+02
0.000000000000000000e+00
3.530000000000000000e+02
1.020000000000000000e+02
9.300000000000000000e+01
1.200000000000000000e+02
1.140000000000000000e+02
5.700000000000000000e+01
9.500000000000000000e+01
8.900000000000000000e+01
0.000000000000000000e+00
1.440000000000000000e+02
6.700000000000000000e+01
5.200000000000000000e+01
7.900000000000000000e+01
6.400000000000000000e+01
5.800000000000000000e+01
1.140000000000000000e+02
8.900000000000000000e+01
3.400000000000000000e+01
1.000000000000000000e+02
8.600000000000000000e+01
1.050000000000000000e+02
6.800000000000000000e+01
6.700000000000000000e+01
3.400000000000000000e+01
3.400000000000000000e+01
4.800000000000000000e+01
2.500000000000000000e+01
5.400000000000000000e+01
2.700000000000000000e+01
3.100000000000000000e+01
1.800000000000000000e+01
2.400000000000000000e+01
6.900000000000000000e+01
4.800000000000000000e+01
9.600000000000000000e+01
7.400000000000000000e+01
8.200000000000000000e+01
7.300000000000000000e+01
6.900000000000000000e+01
6.600000000000000000e+01
7.100000000000000000e+01
7.300000000000000000e+01
7.600000000000000000e+01
5.900000000000000000e+01
5.700000000000000000e+01
5.900000000000000000e+01
9.600000000000000000e+01
9.400000000000000000e+01
9.300000000000000000e+01
9.400000000000000000e+01
9.100000000000000000e+01
9.600000000000000000e+01
1.020000000000000000e+02
1.430000000000000000e+02
1.370000000000000000e+02
1.930000000000000000e+02
2.270000000000000000e+02
2.540000000000000000e+02
2.420000000000000000e+02
2.760000000000000000e+02
2.720000000000000000e+02
3.590000000000000000e+02
3.090000000000000000e+02
3.250000000000000000e+02
3.020000000000000000e+02
2.890000000000000000e+02
2.990000000000000000e+02
3.570000000000000000e+02
2.660000000000000000e+02
3.860000000000000000e+02
3.450000000000000000e+02
2.870000000000000000e+02
2.790000000000000000e+02
3.440000000000000000e+02
3.510000000000000000e+02
3.830000000000000000e+02
3.920000000000000000e+02
3.890000000000000000e+02
3.960000000000000000e+02
3.590000000000000000e+02
3.520000000000000000e+02
4.260000000000000000e+02
4.120000000000000000e+02
4.090000000000000000e+02
0.000000000000000000e+00
8.780000000000000000e+02
4.110000000000000000e+02
3.790000000000000000e+02
3.720000000000000000e+02
3.210000000000000000e+02
3.390000000000000000e+02
3.300000000000000000e+02
3.110000000000000000e+02
2.580000000000000000e+02
2.870000000000000000e+02
2.950000000000000000e+02
2.990000000000000000e+02
2.760000000000000000e+02
2.550000000000000000e+02
2.360000000000000000e+02
1.630000000000000000e+02
2.350000000000000000e+02
2.540000000000000000e+02
2.470000000000000000e+02
2.350000000000000000e+02
2.380000000000000000e+02
2.110000000000000000e+02
1.000000000000000000e+02
1.080000000000000000e+02
1.580000000000000000e+02
1.610000000000000000e+02
1.690000000000000000e+02
1.700000000000000000e+02
1.090000000000000000e+02
5.700000000000000000e+01
1.060000000000000000e+02
1.540000000000000000e+02
1.250000000000000000e+02
1.080000000000000000e+02
7.500000000000000000e+01
8.300000000000000000e+01
4.100000000000000000e+01
7.600000000000000000e+01
9.900000000000000000e+01
9.500000000000000000e+01
9.600000000000000000e+01
7.700000000000000000e+01
5.600000000000000000e+01
3.600000000000000000e+01
5.300000000000000000e+01
8.400000000000000000e+01
5.800000000000000000e+01
9.200000000000000000e+01
7.200000000000000000e+01
1.080000000000000000e+02
2.900000000000000000e+01
7.400000000000000000e+01
1.020000000000000000e+02
8.200000000000000000e+01
6.200000000000000000e+01
8.300000000000000000e+01
6.800000000000000000e+01
3.000000000000000000e+01
6.100000000000000000e+01
8.100000000000000000e+01
8.300000000000000000e+01
7.500000000000000000e+01
7.400000000000000000e+01
7.200000000000000000e+01
3.000000000000000000e+01
6.500000000000000000e+01
7.200000000000000000e+01
1.110000000000000000e+02
7.300000000000000000e+01
1.070000000000000000e+02
5.900000000000000000e+01
5.100000000000000000e+01
1.200000000000000000e+02
1.210000000000000000e+02
1.510000000000000000e+02
1.730000000000000000e+02
1.680000000000000000e+02
1.020000000000000000e+02
6.700000000000000000e+01
1.520000000000000000e+02
2.450000000000000000e+02
2.030000000000000000e+02
2.650000000000000000e+02
2.270000000000000000e+02
2.140000000000000000e+02
1.220000000000000000e+02
3.260000000000000000e+02
5.120000000000000000e+02
4.160000000000000000e+02
5.790000000000000000e+02
7.570000000000000000e+02
6.140000000000000000e+02
3.410000000000000000e+02
1.053000000000000000e+03
1.328000000000000000e+03
1.384000000000000000e+03
1.545000000000000000e+03
1.817000000000000000e+03
1.449000000000000000e+03
8.020000000000000000e+02
1.878000000000000000e+03
2.412000000000000000e+03
2.181000000000000000e+03
2.282000000000000000e+03
2.677000000000000000e+03
2.112000000000000000e+03
1.318000000000000000e+03
2.823000000000000000e+03
3.536000000000000000e+03
3.341000000000000000e+03
3.499000000000000000e+03
3.822000000000000000e+03
3.482000000000000000e+03
2.813000000000000000e+03
4.994000000000000000e+03
5.613000000000000000e+03
6.109000000000000000e+03
6.254000000000000000e+03
5.774000000000000000e+03
4.995000000000000000e+03
5.067000000000000000e+03
6.842000000000000000e+03
7.579000000000000000e+03
7.606000000000000000e+03
7.780000000000000000e+03
7.041000000000000000e+03
6.179000000000000000e+03
6.224000000000000000e+03
7.999000000000000000e+03
7.919000000000000000e+03
7.802000000000000000e+03
7.782000000000000000e+03
6.903000000000000000e+03
5.809000000000000000e+03
6.557000000000000000e+03
7.818000000000000000e+03
7.804000000000000000e+03
7.393000000000000000e+03
6.534000000000000000e+03
5.679000000000000000e+03
4.995000000000000000e+03
4.932000000000000000e+03
5.884000000000000000e+03
5.353000000000000000e+03
5.129000000000000000e+03
4.910000000000000000e+03
3.888000000000000000e+03
3.534000000000000000e+03
3.685000000000000000e+03
4.080000000000000000e+03
4.426000000000000000e+03
4.091000000000000000e+03
3.823000000000000000e+03
3.200000000000000000e+03
2.693000000000000000e+03
2.559000000000000000e+03
3.136000000000000000e+03
3.236000000000000000e+03
2.932000000000000000e+03
2.074000000000000000e+03
1.907000000000000000e+03
1.966000000000000000e+03
2.715000000000000000e+03
2.653000000000000000e+03
2.882000000000000000e+03
1.787000000000000000e+03
2.218000000000000000e+03
0.000000000000000000e+00
3.564000000000000000e+03
2.093000000000000000e+03
2.142000000000000000e+03
2.267000000000000000e+03
1.881000000000000000e+03
1.751000000000000000e+03
1.393000000000000000e+03
1.317000000000000000e+03
1.578000000000000000e+03
1.688000000000000000e+03
1.646000000000000000e+03
1.648000000000000000e+03
1.709000000000000000e+03
1.483000000000000000e+03
1.318000000000000000e+03
1.523000000000000000e+03
2.080000000000000000e+03
1.839000000000000000e+03
1.592000000000000000e+03
1.717000000000000000e+03
1.543000000000000000e+03
1.366000000000000000e+03
1.739000000000000000e+03
1.903000000000000000e+03
1.932000000000000000e+03
1.863000000000000000e+03
1.968000000000000000e+03
1.684000000000000000e+03
1.529000000000000000e+03
1.960000000000000000e+03
2.014000000000000000e+03
2.088000000000000000e+03
2.000000000000000000e+03
1.928000000000000000e+03
1.622000000000000000e+03
1.386000000000000000e+03
1.331000000000000000e+03
1.810000000000000000e+03
2.467000000000000000e+03
2.561000000000000000e+03
2.632000000000000000e+03
2.442000000000000000e+03
2.518000000000000000e+03
2.956000000000000000e+03
3.257000000000000000e+03
3.460000000000000000e+03
3.588000000000000000e+03
3.339000000000000000e+03
3.210000000000000000e+03
2.809000000000000000e+03
3.469000000000000000e+03
4.157000000000000000e+03
4.056000000000000000e+03
3.866000000000000000e+03
4.071000000000000000e+03
3.519000000000000000e+03
3.042000000000000000e+03
4.091000000000000000e+03
4.576000000000000000e+03
4.590000000000000000e+03
4.595000000000000000e+03
4.668000000000000000e+03
4.092000000000000000e+03
4.226000000000000000e+03
4.634000000000000000e+03
5.201000000000000000e+03
5.446000000000000000e+03
5.346000000000000000e+03
5.305000000000000000e+03
4.687000000000000000e+03
4.232000000000000000e+03
4.769000000000000000e+03
5.475000000000000000e+03
5.297000000000000000e+03
5.226000000000000000e+03
0.000000000000000000e+00
9.722000000000000000e+03
3.889000000000000000e+03
0.000000000000000000e+00
9.983000000000000000e+03
5.107000000000000000e+03
4.810000000000000000e+03
4.826000000000000000e+03
4.133000000000000000e+03
3.304000000000000000e+03
3.706000000000000000e+03
4.398000000000000000e+03
3.615000000000000000e+03
3.625000000000000000e+03
3.405000000000000000e+03
3.058000000000000000e+03
2.732000000000000000e+03
2.965000000000000000e+03
3.572000000000000000e+03
3.154000000000000000e+03
2.971000000000000000e+03
2.846000000000000000e+03
2.583000000000000000e+03
2.069000000000000000e+03
2.604000000000000000e+03
2.965000000000000000e+03
2.864000000000000000e+03
2.719000000000000000e+03
2.384000000000000000e+03
2.068000000000000000e+03
1.695000000000000000e+03
1.987000000000000000e+03
2.145000000000000000e+03
2.138000000000000000e+03
2.007000000000000000e+03
1.613000000000000000e+03
1.374000000000000000e+03
9.890000000000000000e+02
1.249000000000000000e+03
1.304000000000000000e+03
1.402000000000000000e+03
1.366000000000000000e+03
1.277000000000000000e+03
0.000000000000000000e+00
1.890000000000000000e+03
9.180000000000000000e+02
1.125000000000000000e+03
1.046000000000000000e+03
0.000000000000000000e+00
1.688000000000000000e+03
7.050000000000000000e+02
5.680000000000000000e+02
5.750000000000000000e+02
6.860000000000000000e+02
6.090000000000000000e+02
5.500000000000000000e+02
3.910000000000000000e+02
4.040000000000000000e+02
2.660000000000000000e+02
3.760000000000000000e+02
4.140000000000000000e+02
3.870000000000000000e+02
3.260000000000000000e+02
3.300000000000000000e+02
2.740000000000000000e+02
1.780000000000000000e+02
2.480000000000000000e+02
2.300000000000000000e+02
2.870000000000000000e+02
2.180000000000000000e+02
2.100000000000000000e+02
1.450000000000000000e+02
1.160000000000000000e+02
1.620000000000000000e+02
2.140000000000000000e+02
1.980000000000000000e+02
2.100000000000000000e+02
1.720000000000000000e+02
1.190000000000000000e+02
1.380000000000000000e+02
1.240000000000000000e+02
1.320000000000000000e+02
1.600000000000000000e+02
1.350000000000000000e+02
1.620000000000000000e+02
8.900000000000000000e+01
6.000000000000000000e+01
8.800000000000000000e+01
7.200000000000000000e+01
1.030000000000000000e+02
8.000000000000000000e+01
7.600000000000000000e+01
6.600000000000000000e+01
6.300000000000000000e+01
8.400000000000000000e+01
7.300000000000000000e+01
1.040000000000000000e+02
8.100000000000000000e+01
7.400000000000000000e+01
7.900000000000000000e+01
7.700000000000000000e+01
1.100000000000000000e+02
1.100000000000000000e+02
1.030000000000000000e+02
9.700000000000000000e+01
1.100000000000000000e+02
7.700000000000000000e+01
6.900000000000000000e+01
1.180000000000000000e+02
1.450000000000000000e+02
1.250000000000000000e+02
1.560000000000000000e+02
2.060000000000000000e+02
1.660000000000000000e+02
1.250000000000000000e+02
2.270000000000000000e+02
1.890000000000000000e+02
2.280000000000000000e+02
2.280000000000000000e+02
2.020000000000000000e+02
2.490000000000000000e+02
1.990000000000000000e+02
2.410000000000000000e+02
2.900000000000000000e+02
3.320000000000000000e+02
2.920000000000000000e+02
3.530000000000000000e+02
2.980000000000000000e+02
3.030000000000000000e+02
