0.000000000000000000e+00
0.000000000000000000e+00
0.000000000000000000e+00
0.000000000000000000e+00
0.000000000000000000e+00
0.000000000000000000e+00
0.000000000000000000e+00
0.000000000000000000e+00
0.000000000000000000e+00
0.000000000000000000e+00
0.000000000000000000e+00
0.000000000000000000e+00
0.000000000000000000e+00
0.000000000000000000e+00
0.000000000000000000e+00
0.000000000000000000e+00
0.000000000000000000e+00
0.000000000000000000e+00
0.000000000000000000e+00
0.000000000000000000e+00
0.000000000000000000e+00
0.000000000000000000e+00
0.000000000000000000e+00
0.000000000000000000e+00
0.000000000000000000e+00
0.000000000000000000e+00
0.000000000000000000e+00
0.000000000000000000e+00
0.000000000000000000e+00
0.000000000000000000e+00
0.000000000000000000e+00
0.000000000000000000e+00
0.000000000000000000e+00
0.000000000000000000e+00
2.000000000000000000e+00
2.000000000000000000e+00
2.000000000000000000e+00
4.000000000000000000e+00
4.000000000000000000e+00
4.000000000000000000e+00
5.000000000000000000e+00
5.000000000000000000e+00
5.000000000000000000e+00
6.000000000000000000e+00
6.000000000000000000e+00
6.000000000000000000e+00
6.000000000000000000e+00
1.600000000000000000e+01
1.900000000000000000e+01
2.000000000000000000e+01
2.800000000000000000e+01
3.100000000000000000e+01
5.300000000000000000e+01
1.360000000000000000e+02
2.360000000000000000e+02
2.990000000000000000e+02
4.540000000000000000e+02
5.010000000000000000e+02
7.300000000000000000e+02
7.760000000000000000e+02
8.750000000000000000e+02
9.720000000000000000e+02
1.063000000000000000e+03
1.201000000000000000e+03
1.373000000000000000e+03
1.495000000000000000e+03
1.597000000000000000e+03
1.717000000000000000e+03
1.938000000000000000e+03
2.118000000000000000e+03
2.421000000000000000e+03
2.686000000000000000e+03
2.818000000000000000e+03
3.157000000000000000e+03
3.766000000000000000e+03
4.035000000000000000e+03
4.263000000000000000e+03
4.489000000000000000e+03
4.695000000000000000e+03
5.011000000000000000e+03
5.230000000000000000e+03
5.496000000000000000e+03
5.837000000000000000e+03
6.383000000000000000e+03
6.919000000000000000e+03
7.025000000000000000e+03
7.638000000000000000e+03
8.348000000000000000e+03
8.418000000000000000e+03
9.565000000000000000e+03
1.007600000000000000e+04
1.115500000000000000e+04
1.194000000000000000e+04
1.272300000000000000e+04
1.332800000000000000e+04
1.391500000000000000e+04
1.461200000000000000e+04
1.552500000000000000e+04
1.681700000000000000e+04
1.811400000000000000e+04
1.910300000000000000e+04
2.008400000000000000e+04
2.094100000000000000e+04
2.204900000000000000e+04
2.407300000000000000e+04
2.464400000000000000e+04
2.643500000000000000e+04
2.873600000000000000e+04
3.033400000000000000e+04
3.208100000000000000e+04
3.433600000000000000e+04
3.529800000000000000e+04
3.578800000000000000e+04
3.879900000000000000e+04
3.879900000000000000e+04
4.015100000000000000e+04
4.212500000000000000e+04
4.396600000000000000e+04
4.589800000000000000e+04
4.809100000000000000e+04
5.069400000000000000e+04
5.243700000000000000e+04
5.460100000000000000e+04
5.634900000000000000e+04
5.770500000000000000e+04
5.915100000000000000e+04
6.122700000000000000e+04
6.402800000000000000e+04
6.645700000000000000e+04
6.949600000000000000e+04
7.246000000000000000e+04
7.639800000000000000e+04
8.046300000000000000e+04
8.526400000000000000e+04
8.924900000000000000e+04
9.398300000000000000e+04
9.894300000000000000e+04
1.036710000000000000e+05
1.083170000000000000e+05
1.137020000000000000e+05
1.195360000000000000e+05
1.259330000000000000e+05
1.259330000000000000e+05
1.324050000000000000e+05
1.444780000000000000e+05
1.489210000000000000e+05
1.547600000000000000e+05
1.601180000000000000e+05
1.650620000000000000e+05
1.716660000000000000e+05
1.766170000000000000e+05
1.810880000000000000e+05
1.850340000000000000e+05
1.889260000000000000e+05
1.929700000000000000e+05
1.957450000000000000e+05
1.988830000000000000e+05
2.029550000000000000e+05
2.065120000000000000e+05
2.093370000000000000e+05
2.134700000000000000e+05
2.178090000000000000e+05
2.218960000000000000e+05
2.218960000000000000e+05
2.252830000000000000e+05
2.318180000000000000e+05
2.345090000000000000e+05
2.374890000000000000e+05
2.408480000000000000e+05
2.435990000000000000e+05
2.463510000000000000e+05
2.488720000000000000e+05
2.516250000000000000e+05
2.536040000000000000e+05
2.557690000000000000e+05
2.579140000000000000e+05
2.579140000000000000e+05
2.619170000000000000e+05
2.634960000000000000e+05
2.650830000000000000e+05
2.660960000000000000e+05
2.674280000000000000e+05
2.691910000000000000e+05
2.704000000000000000e+05
2.718870000000000000e+05
2.731130000000000000e+05
2.731130000000000000e+05
2.742890000000000000e+05
2.752250000000000000e+05
2.762880000000000000e+05
2.774020000000000000e+05
2.783050000000000000e+05
2.783050000000000000e+05
2.796990000000000000e+05
2.804610000000000000e+05
2.804610000000000000e+05
2.811360000000000000e+05
2.818630000000000000e+05
2.826450000000000000e+05
2.834870000000000000e+05
2.841210000000000000e+05
2.846600000000000000e+05
2.851910000000000000e+05
2.859210000000000000e+05
2.866740000000000000e+05
2.873000000000000000e+05
2.880470000000000000e+05
2.892150000000000000e+05
2.892150000000000000e+05
2.898320000000000000e+05
2.904450000000000000e+05
2.909580000000000000e+05
2.915880000000000000e+05
2.921740000000000000e+05
2.932610000000000000e+05
2.932610000000000000e+05
2.937110000000000000e+05
2.941930000000000000e+05
2.946380000000000000e+05
2.950530000000000000e+05
2.953720000000000000e+05
2.956360000000000000e+05
2.958490000000000000e+05
2.961490000000000000e+05
2.970140000000000000e+05
2.975120000000000000e+05
2.980250000000000000e+05
2.980250000000000000e+05
2.989030000000000000e+05
2.992330000000000000e+05
2.996590000000000000e+05
3.000300000000000000e+05
3.003710000000000000e+05
3.009550000000000000e+05
3.014810000000000000e+05
3.020200000000000000e+05
3.024240000000000000e+05
3.030890000000000000e+05
3.036340000000000000e+05
3.043860000000000000e+05
3.050310000000000000e+05
3.056710000000000000e+05
3.063040000000000000e+05
3.068860000000000000e+05
3.074180000000000000e+05
3.082170000000000000e+05
3.090150000000000000e+05
3.095810000000000000e+05
3.102750000000000000e+05
3.108410000000000000e+05
3.115160000000000000e+05
3.122630000000000000e+05
3.128060000000000000e+05
3.134310000000000000e+05
3.139840000000000000e+05
3.146160000000000000e+05
3.146160000000000000e+05
3.157270000000000000e+05
3.163510000000000000e+05
3.169340000000000000e+05
3.175950000000000000e+05
3.182660000000000000e+05
3.189320000000000000e+05
3.193170000000000000e+05
3.198480000000000000e+05
3.204630000000000000e+05
3.212180000000000000e+05
3.218770000000000000e+05
3.224520000000000000e+05
3.230190000000000000e+05
3.234520000000000000e+05
3.240340000000000000e+05
3.247440000000000000e+05
3.254800000000000000e+05
3.262160000000000000e+05
3.270630000000000000e+05
3.278950000000000000e+05
3.286020000000000000e+05
3.293750000000000000e+05
3.302000000000000000e+05
3.311080000000000000e+05
3.321860000000000000e+05
3.329930000000000000e+05
3.339700000000000000e+05
3.350930000000000000e+05
3.362600000000000000e+05
3.375730000000000000e+05
3.388750000000000000e+05
3.402510000000000000e+05
3.417530000000000000e+05
3.431890000000000000e+05
3.448390000000000000e+05
3.464760000000000000e+05
3.481840000000000000e+05
3.499920000000000000e+05
3.522960000000000000e+05
3.544610000000000000e+05
3.569040000000000000e+05
3.590320000000000000e+05
3.610820000000000000e+05
3.633800000000000000e+05
3.659270000000000000e+05
3.686650000000000000e+05
3.715080000000000000e+05
3.741730000000000000e+05
3.769290000000000000e+05
3.798830000000000000e+05
3.828920000000000000e+05
3.861980000000000000e+05
3.893110000000000000e+05
3.923560000000000000e+05
3.951850000000000000e+05
3.980240000000000000e+05
4.004820000000000000e+05
4.033110000000000000e+05
4.068100000000000000e+05
4.100720000000000000e+05
4.131910000000000000e+05
4.164990000000000000e+05
4.202940000000000000e+05
4.231790000000000000e+05
4.261420000000000000e+05
4.292800000000000000e+05
4.323270000000000000e+05
4.350560000000000000e+05
4.384250000000000000e+05
4.407870000000000000e+05
4.432460000000000000e+05
4.459770000000000000e+05
4.485220000000000000e+05
4.514940000000000000e+05
4.546730000000000000e+05
4.572880000000000000e+05
4.589680000000000000e+05
4.606720000000000000e+05
4.628140000000000000e+05
4.650700000000000000e+05
4.672220000000000000e+05
4.694820000000000000e+05
4.713350000000000000e+05
4.733090000000000000e+05
4.750850000000000000e+05
4.772400000000000000e+05
4.797150000000000000e+05
4.821780000000000000e+05
4.843620000000000000e+05
4.866340000000000000e+05
4.885290000000000000e+05
4.904760000000000000e+05
4.925940000000000000e+05
4.950750000000000000e+05
4.975100000000000000e+05
4.995170000000000000e+05
5.024160000000000000e+05
5.042930000000000000e+05
5.067010000000000000e+05
5.088240000000000000e+05
5.119210000000000000e+05
5.143380000000000000e+05
5.167700000000000000e+05
5.192910000000000000e+05
5.212110000000000000e+05
5.230110000000000000e+05
5.247830000000000000e+05
5.271460000000000000e+05
5.288910000000000000e+05
5.308180000000000000e+05
5.324120000000000000e+05
5.340410000000000000e+05
5.359140000000000000e+05
5.374770000000000000e+05
5.393870000000000000e+05
5.410310000000000000e+05
5.432140000000000000e+05
5.448130000000000000e+05
5.464280000000000000e+05
5.476480000000000000e+05
5.490320000000000000e+05
5.505400000000000000e+05
5.518420000000000000e+05
5.531280000000000000e+05
5.544740000000000000e+05
5.555110000000000000e+05
5.565190000000000000e+05
5.575910000000000000e+05
5.590930000000000000e+05
5.603630000000000000e+05
5.616250000000000000e+05
5.630290000000000000e+05
5.640770000000000000e+05
5.640770000000000000e+05
5.659890000000000000e+05
5.672610000000000000e+05
5.685060000000000000e+05
5.698460000000000000e+05
5.711740000000000000e+05
5.723340000000000000e+05
5.733840000000000000e+05
5.745800000000000000e+05
5.759410000000000000e+05
5.774820000000000000e+05
5.787970000000000000e+05
5.799730000000000000e+05
5.813650000000000000e+05
5.825280000000000000e+05
5.839160000000000000e+05
5.854350000000000000e+05
5.870140000000000000e+05
5.887280000000000000e+05
5.905080000000000000e+05
5.921000000000000000e+05
5.934530000000000000e+05
5.952390000000000000e+05
5.974970000000000000e+05
6.001980000000000000e+05
6.025360000000000000e+05
6.052000000000000000e+05
6.074530000000000000e+05
6.099640000000000000e+05
6.123150000000000000e+05
6.158100000000000000e+05
6.192590000000000000e+05
6.231350000000000000e+05
6.268020000000000000e+05
6.304710000000000000e+05
6.337410000000000000e+05
6.370420000000000000e+05
6.409880000000000000e+05
6.453560000000000000e+05
6.498240000000000000e+05
6.545910000000000000e+05
6.591160000000000000e+05
6.632000000000000000e+05
6.679570000000000000e+05
6.729310000000000000e+05
6.781650000000000000e+05
6.828880000000000000e+05
6.879080000000000000e+05
6.922310000000000000e+05
6.961840000000000000e+05
7.001880000000000000e+05
7.055170000000000000e+05
7.108290000000000000e+05
7.159680000000000000e+05
7.210180000000000000e+05
7.256020000000000000e+05
7.299200000000000000e+05
7.344230000000000000e+05
7.398180000000000000e+05
7.451820000000000000e+05
7.501580000000000000e+05
7.562850000000000000e+05
7.614370000000000000e+05
7.668820000000000000e+05
7.723810000000000000e+05
7.782380000000000000e+05
7.841080000000000000e+05
7.900160000000000000e+05
7.956270000000000000e+05
8.004520000000000000e+05
8.049390000000000000e+05
8.102310000000000000e+05
8.157110000000000000e+05
8.208230000000000000e+05
8.255190000000000000e+05
8.299330000000000000e+05
8.341460000000000000e+05
8.375230000000000000e+05
8.375230000000000000e+05
8.416360000000000000e+05
8.501310000000000000e+05
8.542400000000000000e+05
8.580260000000000000e+05
8.614730000000000000e+05
8.645570000000000000e+05
8.674380000000000000e+05
8.707030000000000000e+05
8.732200000000000000e+05
8.747510000000000000e+05
8.771300000000000000e+05
8.803620000000000000e+05
8.829280000000000000e+05
8.861840000000000000e+05
8.903910000000000000e+05
8.934610000000000000e+05
8.974680000000000000e+05
9.005520000000000000e+05
9.035990000000000000e+05
9.058520000000000000e+05
9.085760000000000000e+05
9.113020000000000000e+05
9.137840000000000000e+05
9.162390000000000000e+05
9.189360000000000000e+05
9.210530000000000000e+05
9.228240000000000000e+05
9.246670000000000000e+05
9.266950000000000000e+05
9.285880000000000000e+05
9.305110000000000000e+05
9.321400000000000000e+05
9.336300000000000000e+05
9.350130000000000000e+05
9.361310000000000000e+05
9.374340000000000000e+05
9.387370000000000000e+05
9.399310000000000000e+05
9.411700000000000000e+05
9.421890000000000000e+05
9.430270000000000000e+05
9.440650000000000000e+05
9.451840000000000000e+05
9.462270000000000000e+05
9.472180000000000000e+05
9.472180000000000000e+05
9.491750000000000000e+05
9.498380000000000000e+05
9.507680000000000000e+05
9.518650000000000000e+05
9.529070000000000000e+05
9.538420000000000000e+05
9.547430000000000000e+05
9.556570000000000000e+05
9.563920000000000000e+05
9.573710000000000000e+05
9.584080000000000000e+05
9.596850000000000000e+05
9.610850000000000000e+05
9.623130000000000000e+05
9.636600000000000000e+05
9.644900000000000000e+05
9.660070000000000000e+05
9.676330000000000000e+05
9.694760000000000000e+05
9.713040000000000000e+05
9.732840000000000000e+05
9.750920000000000000e+05
9.768670000000000000e+05
9.788470000000000000e+05
9.813920000000000000e+05
9.837190000000000000e+05
9.866680000000000000e+05
9.892750000000000000e+05
9.917270000000000000e+05
9.938720000000000000e+05
9.964510000000000000e+05
9.986090000000000000e+05
1.000034000000000000e+06
1.000034000000000000e+06
1.004694000000000000e+06
1.008446000000000000e+06
1.011708000000000000e+06
1.015827000000000000e+06
1.020324000000000000e+06
1.024861000000000000e+06
1.029811000000000000e+06
1.034837000000000000e+06
1.039695000000000000e+06
