0.000000000000000000e+00
0.000000000000000000e+00
0.000000000000000000e+00
0.000000000000000000e+00
0.000000000000000000e+00
0.000000000000000000e+00
0.000000000000000000e+00
0.000000000000000000e+00
0.000000000000000000e+00
0.000000000000000000e+00
0.000000000000000000e+00
0.000000000000000000e+00
0.000000000000000000e+00
0.000000000000000000e+00
0.000000000000000000e+00
0.000000000000000000e+00
0.000000000000000000e+00
0.000000000000000000e+00
0.000000000000000000e+00
0.000000000000000000e+00
0.000000000000000000e+00
0.000000000000000000e+00
0.000000000000000000e+00
0.000000000000000000e+00
0.000000000000000000e+00
0.000000000000000000e+00
0.000000000000000000e+00
0.000000000000000000e+00
0.000000000000000000e+00
0.000000000000000000e+00
0.000000000000000000e+00
0.000000000000000000e+00
0.000000000000000000e+00
0.000000000000000000e+00
2.000000000000000000e+00
0.000000000000000000e+00
0.000000000000000000e+00
2.000000000000000000e+00
0.000000000000000000e+00
0.000000000000000000e+00
1.000000000000000000e+00
0.000000000000000000e+00
0.000000000000000000e+00
1.000000000000000000e+00
0.000000000000000000e+00
0.000000000000000000e+00
0.000000000000000000e+00
1.000000000000000000e+01
3.000000000000000000e+00
1.000000000000000000e+00
8.000000000000000000e+00
3.000000000000000000e+00
2.200000000000000000e+01
8.300000000000000000e+01
1.000000000000000000e+02
6.300000000000000000e+01
1.550000000000000000e+02
4.700000000000000000e+01
2.290000000000000000e+02
4.600000000000000000e+01
9.900000000000000000e+01
9.700000000000000000e+01
9.100000000000000000e+01
1.380000000000000000e+02
1.720000000000000000e+02
1.220000000000000000e+02
1.020000000000000000e+02
1.200000000000000000e+02
2.210000000000000000e+02
1.800000000000000000e+02
3.030000000000000000e+02
2.650000000000000000e+02
1.320000000000000000e+02
3.390000000000000000e+02
6.090000000000000000e+02
2.690000000000000000e+02
2.280000000000000000e+02
2.260000000000000000e+02
2.060000000000000000e+02
3.160000000000000000e+02
2.190000000000000000e+02
2.660000000000000000e+02
3.410000000000000000e+02
5.460000000000000000e+02
5.360000000000000000e+02
1.060000000000000000e+02
6.130000000000000000e+02
7.100000000000000000e+02
7.000000000000000000e+01
1.147000000000000000e+03
5.110000000000000000e+02
1.079000000000000000e+03
7.850000000000000000e+02
7.830000000000000000e+02
6.050000000000000000e+02
5.870000000000000000e+02
6.970000000000000000e+02
9.130000000000000000e+02
1.292000000000000000e+03
1.297000000000000000e+03
9.890000000000000000e+02
9.810000000000000000e+02
8.570000000000000000e+02
1.108000000000000000e+03
2.024000000000000000e+03
5.710000000000000000e+02
1.791000000000000000e+03
2.301000000000000000e+03
1.598000000000000000e+03
1.747000000000000000e+03
2.255000000000000000e+03
9.620000000000000000e+02
4.900000000000000000e+02
3.011000000000000000e+03
0.000000000000000000e+00
1.352000000000000000e+03
1.974000000000000000e+03
1.841000000000000000e+03
1.932000000000000000e+03
2.193000000000000000e+03
2.603000000000000000e+03
1.743000000000000000e+03
2.164000000000000000e+03
1.748000000000000000e+03
1.356000000000000000e+03
1.446000000000000000e+03
2.076000000000000000e+03
2.801000000000000000e+03
2.429000000000000000e+03
3.039000000000000000e+03
2.964000000000000000e+03
3.938000000000000000e+03
4.065000000000000000e+03
4.801000000000000000e+03
3.985000000000000000e+03
4.734000000000000000e+03
4.960000000000000000e+03
4.728000000000000000e+03
4.646000000000000000e+03
5.385000000000000000e+03
5.834000000000000000e+03
6.397000000000000000e+03
0.000000000000000000e+00
6.472000000000000000e+03
1.207300000000000000e+04
4.443000000000000000e+03
5.839000000000000000e+03
5.358000000000000000e+03
4.944000000000000000e+03
6.604000000000000000e+03
4.951000000000000000e+03
4.471000000000000000e+03
3.946000000000000000e+03
3.892000000000000000e+03
4.044000000000000000e+03
2.775000000000000000e+03
3.138000000000000000e+03
4.072000000000000000e+03
3.557000000000000000e+03
2.825000000000000000e+03
4.133000000000000000e+03
4.339000000000000000e+03
4.087000000000000000e+03
0.000000000000000000e+00
3.387000000000000000e+03
6.535000000000000000e+03
2.691000000000000000e+03
2.980000000000000000e+03
3.359000000000000000e+03
2.751000000000000000e+03
2.752000000000000000e+03
2.521000000000000000e+03
2.753000000000000000e+03
1.979000000000000000e+03
2.165000000000000000e+03
2.145000000000000000e+03
0.000000000000000000e+00
4.003000000000000000e+03
1.579000000000000000e+03
1.587000000000000000e+03
1.013000000000000000e+03
1.332000000000000000e+03
1.763000000000000000e+03
1.209000000000000000e+03
1.487000000000000000e+03
1.226000000000000000e+03
0.000000000000000000e+00
1.176000000000000000e+03
9.360000000000000000e+02
1.063000000000000000e+03
1.114000000000000000e+03
9.030000000000000000e+02
0.000000000000000000e+00
1.394000000000000000e+03
7.620000000000000000e+02
0.000000000000000000e+00
6.750000000000000000e+02
7.270000000000000000e+02
7.820000000000000000e+02
8.420000000000000000e+02
6.340000000000000000e+02
5.390000000000000000e+02
5.310000000000000000e+02
7.300000000000000000e+02
7.530000000000000000e+02
6.260000000000000000e+02
7.470000000000000000e+02
1.168000000000000000e+03
0.000000000000000000e+00
6.170000000000000000e+02
6.130000000000000000e+02
5.130000000000000000e+02
6.300000000000000000e+02
5.860000000000000000e+02
1.087000000000000000e+03
0.000000000000000000e+00
4.500000000000000000e+02
4.820000000000000000e+02
4.450000000000000000e+02
4.150000000000000000e+02
3.190000000000000000e+02
2.640000000000000000e+02
2.130000000000000000e+02
3.000000000000000000e+02
8.650000000000000000e+02
4.980000000000000000e+02
5.130000000000000000e+02
0.000000000000000000e+00
8.780000000000000000e+02
3.300000000000000000e+02
4.260000000000000000e+02
3.710000000000000000e+02
3.410000000000000000e+02
5.840000000000000000e+02
5.260000000000000000e+02
5.390000000000000000e+02
4.040000000000000000e+02
6.650000000000000000e+02
5.450000000000000000e+02
7.520000000000000000e+02
6.450000000000000000e+02
6.400000000000000000e+02
6.330000000000000000e+02
5.820000000000000000e+02
5.320000000000000000e+02
7.990000000000000000e+02
7.980000000000000000e+02
5.660000000000000000e+02
6.940000000000000000e+02
5.660000000000000000e+02
6.750000000000000000e+02
7.470000000000000000e+02
5.430000000000000000e+02
6.250000000000000000e+02
5.530000000000000000e+02
6.320000000000000000e+02
0.000000000000000000e+00
1.111000000000000000e+03
6.240000000000000000e+02
5.830000000000000000e+02
6.610000000000000000e+02
6.710000000000000000e+02
6.660000000000000000e+02
3.850000000000000000e+02
5.310000000000000000e+02
6.150000000000000000e+02
7.550000000000000000e+02
6.590000000000000000e+02
5.750000000000000000e+02
5.670000000000000000e+02
4.330000000000000000e+02
5.820000000000000000e+02
7.100000000000000000e+02
7.360000000000000000e+02
7.360000000000000000e+02
8.470000000000000000e+02
8.320000000000000000e+02
7.070000000000000000e+02
7.730000000000000000e+02
8.250000000000000000e+02
9.080000000000000000e+02
1.078000000000000000e+03
8.070000000000000000e+02
9.770000000000000000e+02
1.123000000000000000e+03
1.167000000000000000e+03
1.313000000000000000e+03
1.302000000000000000e+03
1.376000000000000000e+03
1.502000000000000000e+03
1.436000000000000000e+03
1.650000000000000000e+03
1.637000000000000000e+03
1.708000000000000000e+03
1.808000000000000000e+03
2.304000000000000000e+03
2.165000000000000000e+03
2.443000000000000000e+03
2.128000000000000000e+03
2.050000000000000000e+03
2.298000000000000000e+03
2.547000000000000000e+03
2.738000000000000000e+03
2.843000000000000000e+03
2.665000000000000000e+03
2.756000000000000000e+03
2.954000000000000000e+03
3.009000000000000000e+03
3.306000000000000000e+03
3.113000000000000000e+03
3.045000000000000000e+03
2.829000000000000000e+03
2.839000000000000000e+03
2.458000000000000000e+03
2.829000000000000000e+03
3.499000000000000000e+03
3.262000000000000000e+03
3.119000000000000000e+03
3.308000000000000000e+03
3.795000000000000000e+03
2.885000000000000000e+03
2.963000000000000000e+03
3.138000000000000000e+03
3.047000000000000000e+03
2.729000000000000000e+03
3.369000000000000000e+03
2.362000000000000000e+03
2.459000000000000000e+03
2.731000000000000000e+03
2.545000000000000000e+03
2.972000000000000000e+03
3.179000000000000000e+03
2.615000000000000000e+03
1.680000000000000000e+03
1.704000000000000000e+03
2.142000000000000000e+03
2.256000000000000000e+03
2.152000000000000000e+03
2.260000000000000000e+03
1.853000000000000000e+03
1.974000000000000000e+03
1.776000000000000000e+03
2.155000000000000000e+03
2.475000000000000000e+03
2.463000000000000000e+03
2.184000000000000000e+03
2.272000000000000000e+03
1.895000000000000000e+03
1.947000000000000000e+03
2.118000000000000000e+03
2.481000000000000000e+03
2.435000000000000000e+03
2.007000000000000000e+03
2.899000000000000000e+03
1.877000000000000000e+03
2.408000000000000000e+03
2.123000000000000000e+03
3.097000000000000000e+03
2.417000000000000000e+03
2.432000000000000000e+03
2.521000000000000000e+03
1.920000000000000000e+03
1.800000000000000000e+03
1.772000000000000000e+03
2.363000000000000000e+03
1.745000000000000000e+03
1.927000000000000000e+03
1.594000000000000000e+03
1.629000000000000000e+03
1.873000000000000000e+03
1.563000000000000000e+03
1.910000000000000000e+03
1.644000000000000000e+03
2.183000000000000000e+03
1.599000000000000000e+03
1.615000000000000000e+03
1.220000000000000000e+03
1.384000000000000000e+03
1.508000000000000000e+03
1.302000000000000000e+03
1.286000000000000000e+03
1.346000000000000000e+03
1.037000000000000000e+03
1.008000000000000000e+03
1.072000000000000000e+03
1.502000000000000000e+03
1.270000000000000000e+03
1.262000000000000000e+03
1.404000000000000000e+03
1.048000000000000000e+03
0.000000000000000000e+00
1.912000000000000000e+03
1.272000000000000000e+03
1.245000000000000000e+03
1.340000000000000000e+03
1.328000000000000000e+03
1.160000000000000000e+03
1.050000000000000000e+03
1.196000000000000000e+03
1.361000000000000000e+03
1.541000000000000000e+03
1.315000000000000000e+03
1.176000000000000000e+03
1.392000000000000000e+03
1.163000000000000000e+03
1.388000000000000000e+03
1.519000000000000000e+03
1.579000000000000000e+03
1.714000000000000000e+03
1.780000000000000000e+03
1.592000000000000000e+03
1.353000000000000000e+03
1.786000000000000000e+03
2.258000000000000000e+03
2.701000000000000000e+03
2.338000000000000000e+03
2.664000000000000000e+03
2.253000000000000000e+03
2.511000000000000000e+03
2.351000000000000000e+03
3.495000000000000000e+03
3.449000000000000000e+03
3.876000000000000000e+03
3.667000000000000000e+03
3.669000000000000000e+03
3.270000000000000000e+03
3.301000000000000000e+03
3.946000000000000000e+03
4.368000000000000000e+03
4.468000000000000000e+03
4.767000000000000000e+03
4.525000000000000000e+03
4.084000000000000000e+03
4.757000000000000000e+03
4.974000000000000000e+03
5.234000000000000000e+03
4.723000000000000000e+03
5.020000000000000000e+03
4.323000000000000000e+03
3.953000000000000000e+03
4.004000000000000000e+03
5.329000000000000000e+03
5.312000000000000000e+03
5.139000000000000000e+03
5.050000000000000000e+03
4.584000000000000000e+03
4.318000000000000000e+03
4.503000000000000000e+03
5.395000000000000000e+03
5.364000000000000000e+03
4.976000000000000000e+03
6.127000000000000000e+03
5.152000000000000000e+03
5.445000000000000000e+03
5.499000000000000000e+03
5.857000000000000000e+03
5.870000000000000000e+03
5.908000000000000000e+03
5.611000000000000000e+03
4.825000000000000000e+03
4.487000000000000000e+03
5.292000000000000000e+03
5.480000000000000000e+03
5.112000000000000000e+03
4.696000000000000000e+03
4.414000000000000000e+03
4.213000000000000000e+03
3.377000000000000000e+03
0.000000000000000000e+00
4.113000000000000000e+03
8.495000000000000000e+03
4.109000000000000000e+03
3.786000000000000000e+03
3.447000000000000000e+03
3.084000000000000000e+03
2.881000000000000000e+03
3.265000000000000000e+03
2.517000000000000000e+03
1.531000000000000000e+03
2.379000000000000000e+03
3.232000000000000000e+03
2.566000000000000000e+03
3.256000000000000000e+03
4.207000000000000000e+03
3.070000000000000000e+03
4.007000000000000000e+03
3.084000000000000000e+03
3.047000000000000000e+03
2.253000000000000000e+03
2.724000000000000000e+03
2.726000000000000000e+03
2.482000000000000000e+03
2.455000000000000000e+03
2.697000000000000000e+03
2.117000000000000000e+03
1.771000000000000000e+03
1.843000000000000000e+03
2.028000000000000000e+03
1.893000000000000000e+03
1.923000000000000000e+03
1.629000000000000000e+03
1.490000000000000000e+03
1.383000000000000000e+03
1.118000000000000000e+03
1.303000000000000000e+03
1.303000000000000000e+03
1.194000000000000000e+03
1.239000000000000000e+03
1.019000000000000000e+03
8.380000000000000000e+02
1.038000000000000000e+03
1.119000000000000000e+03
1.043000000000000000e+03
9.910000000000000000e+02
0.000000000000000000e+00
1.957000000000000000e+03
6.630000000000000000e+02
9.300000000000000000e+02
1.097000000000000000e+03
1.042000000000000000e+03
9.350000000000000000e+02
9.010000000000000000e+02
9.140000000000000000e+02
7.350000000000000000e+02
9.790000000000000000e+02
1.037000000000000000e+03
1.277000000000000000e+03
1.400000000000000000e+03
1.228000000000000000e+03
1.347000000000000000e+03
8.300000000000000000e+02
1.517000000000000000e+03
1.626000000000000000e+03
1.843000000000000000e+03
1.828000000000000000e+03
1.980000000000000000e+03
1.808000000000000000e+03
1.775000000000000000e+03
1.980000000000000000e+03
2.545000000000000000e+03
2.327000000000000000e+03
2.949000000000000000e+03
2.607000000000000000e+03
2.452000000000000000e+03
2.145000000000000000e+03
2.579000000000000000e+03
2.158000000000000000e+03
1.425000000000000000e+03
0.000000000000000000e+00
4.660000000000000000e+03
3.752000000000000000e+03
3.262000000000000000e+03
4.119000000000000000e+03
4.497000000000000000e+03
4.537000000000000000e+03
4.950000000000000000e+03
5.026000000000000000e+03
4.858000000000000000e+03
