0.000000000000000000e+00
0.000000000000000000e+00
0.000000000000000000e+00
0.000000000000000000e+00
0.000000000000000000e+00
0.000000000000000000e+00
0.000000000000000000e+00
0.000000000000000000e+00
0.000000000000000000e+00
0.000000000000000000e+00
0.000000000000000000e+00
0.000000000000000000e+00
0.000000000000000000e+00
0.000000000000000000e+00
0.000000000000000000e+00
0.000000000000000000e+00
0.000000000000000000e+00
0.000000000000000000e+00
0.000000000000000000e+00
0.000000000000000000e+00
0.000000000000000000e+00
0.000000000000000000e+00
0.000000000000000000e+00
0.000000000000000000e+00
0.000000000000000000e+00
0.000000000000000000e+00
0.000000000000000000e+00
0.000000000000000000e+00
0.000000000000000000e+00
0.000000000000000000e+00
0.000000000000000000e+00
0.000000000000000000e+00
0.000000000000000000e+00
0.000000000000000000e+00
0.000000000000000000e+00
0.000000000000000000e+00
0.000000000000000000e+00
0.000000000000000000e+00
0.000000000000000000e+00
0.000000000000000000e+00
0.000000000000000000e+00
0.000000000000000000e+00
0.000000000000000000e+00
0.000000000000000000e+00
0.000000000000000000e+00
0.000000000000000000e+00
0.000000000000000000e+00
0.000000000000000000e+00
0.000000000000000000e+00
0.000000000000000000e+00
0.000000000000000000e+00
0.000000000000000000e+00
0.000000000000000000e+00
1.000000000000000000e+00
6.000000000000000000e+00
1.000000000000000000e+01
1.500000000000000000e+01
2.300000000000000000e+01
3.300000000000000000e+01
4.300000000000000000e+01
4.300000000000000000e+01
4.600000000000000000e+01
5.000000000000000000e+01
6.000000000000000000e+01
7.500000000000000000e+01
8.800000000000000000e+01
1.040000000000000000e+02
1.440000000000000000e+02
1.490000000000000000e+02
1.720000000000000000e+02
1.810000000000000000e+02
2.050000000000000000e+02
2.270000000000000000e+02
2.660000000000000000e+02
3.420000000000000000e+02
4.570000000000000000e+02
5.200000000000000000e+02
5.450000000000000000e+02
5.820000000000000000e+02
6.240000000000000000e+02
7.670000000000000000e+02
8.650000000000000000e+02
9.980000000000000000e+02
1.165000000000000000e+03
1.302000000000000000e+03
1.349000000000000000e+03
1.405000000000000000e+03
1.490000000000000000e+03
1.565000000000000000e+03
1.627000000000000000e+03
1.678000000000000000e+03
1.716000000000000000e+03
1.758000000000000000e+03
1.804000000000000000e+03
1.862000000000000000e+03
1.869000000000000000e+03
1.904000000000000000e+03
1.939000000000000000e+03
2.002000000000000000e+03
2.039000000000000000e+03
2.086000000000000000e+03
2.118000000000000000e+03
2.149000000000000000e+03
2.189000000000000000e+03
2.207000000000000000e+03
2.233000000000000000e+03
2.298000000000000000e+03
2.325000000000000000e+03
2.349000000000000000e+03
2.418000000000000000e+03
2.486000000000000000e+03
2.519000000000000000e+03
2.612000000000000000e+03
2.645000000000000000e+03
2.686000000000000000e+03
2.738000000000000000e+03
2.753000000000000000e+03
2.791000000000000000e+03
2.855000000000000000e+03
2.939000000000000000e+03
2.964000000000000000e+03
3.028000000000000000e+03
3.115000000000000000e+03
3.164000000000000000e+03
3.189000000000000000e+03
3.290000000000000000e+03
3.369000000000000000e+03
3.444000000000000000e+03
3.468000000000000000e+03
3.546000000000000000e+03
3.623000000000000000e+03
3.702000000000000000e+03
3.760000000000000000e+03
3.843000000000000000e+03
3.939000000000000000e+03
4.007000000000000000e+03
4.094000000000000000e+03
4.331000000000000000e+03
4.440000000000000000e+03
4.520000000000000000e+03
4.623000000000000000e+03
4.741000000000000000e+03
4.869000000000000000e+03
4.966000000000000000e+03
5.080000000000000000e+03
5.263000000000000000e+03
5.493000000000000000e+03
5.682000000000000000e+03
5.767000000000000000e+03
5.946000000000000000e+03
6.153000000000000000e+03
6.315000000000000000e+03
6.461000000000000000e+03
6.662000000000000000e+03
6.990000000000000000e+03
7.177000000000000000e+03
7.427000000000000000e+03
7.682000000000000000e+03
7.948000000000000000e+03
8.222000000000000000e+03
8.503000000000000000e+03
8.781000000000000000e+03
9.078000000000000000e+03
9.396000000000000000e+03
9.708000000000000000e+03
1.002000000000000000e+04
1.036200000000000000e+04
1.083800000000000000e+04
1.109200000000000000e+04
1.156400000000000000e+04
1.202700000000000000e+04
1.251300000000000000e+04
1.299700000000000000e+04
1.359100000000000000e+04
1.408500000000000000e+04
1.458100000000000000e+04
1.506600000000000000e+04
1.560700000000000000e+04
1.618600000000000000e+04
1.675200000000000000e+04
1.714900000000000000e+04
1.788100000000000000e+04
1.837900000000000000e+04
1.898600000000000000e+04
1.936000000000000000e+04
1.995200000000000000e+04
2.053100000000000000e+04
2.120900000000000000e+04
2.169900000000000000e+04
2.258500000000000000e+04
2.327100000000000000e+04
2.400900000000000000e+04
2.478300000000000000e+04
2.533600000000000000e+04
2.606600000000000000e+04
2.704700000000000000e+04
2.779300000000000000e+04
2.831500000000000000e+04
2.905700000000000000e+04
2.965200000000000000e+04
3.060900000000000000e+04
3.130400000000000000e+04
3.174700000000000000e+04
3.265400000000000000e+04
3.332300000000000000e+04
3.382100000000000000e+04
3.452800000000000000e+04
3.532900000000000000e+04
3.570200000000000000e+04
3.635200000000000000e+04
3.711200000000000000e+04
3.754700000000000000e+04
3.807400000000000000e+04
3.853200000000000000e+04
3.894600000000000000e+04
3.934800000000000000e+04
3.964100000000000000e+04
3.996400000000000000e+04
4.044700000000000000e+04
4.072000000000000000e+04
4.106700000000000000e+04
4.142400000000000000e+04
4.189300000000000000e+04
4.212700000000000000e+04
4.243700000000000000e+04
4.268800000000000000e+04
4.299800000000000000e+04
4.329300000000000000e+04
4.358700000000000000e+04
4.389300000000000000e+04
4.428100000000000000e+04
4.493000000000000000e+04
4.547300000000000000e+04
4.616000000000000000e+04
4.672100000000000000e+04
4.728700000000000000e+04
4.783600000000000000e+04
4.842900000000000000e+04
4.901500000000000000e+04
4.962700000000000000e+04
5.025300000000000000e+04
5.099200000000000000e+04
5.164000000000000000e+04
5.207000000000000000e+04
5.268500000000000000e+04
5.327500000000000000e+04
5.383400000000000000e+04
5.439200000000000000e+04
5.481900000000000000e+04
5.532000000000000000e+04
5.577600000000000000e+04
5.635400000000000000e+04
5.671700000000000000e+04
5.719000000000000000e+04
5.745400000000000000e+04
5.823800000000000000e+04
5.861200000000000000e+04
5.894600000000000000e+04
5.934300000000000000e+04
5.957900000000000000e+04
6.002600000000000000e+04
6.034200000000000000e+04
6.077600000000000000e+04
6.109800000000000000e+04
6.131900000000000000e+04
6.164200000000000000e+04
6.195000000000000000e+04
6.227800000000000000e+04
6.258800000000000000e+04
6.280900000000000000e+04
6.312400000000000000e+04
6.352300000000000000e+04
6.383100000000000000e+04
6.401000000000000000e+04
6.443900000000000000e+04
6.472400000000000000e+04
6.492300000000000000e+04
6.530700000000000000e+04
6.566700000000000000e+04
6.588100000000000000e+04
6.614100000000000000e+04
6.639200000000000000e+04
6.662800000000000000e+04
6.693200000000000000e+04
6.715600000000000000e+04
6.725400000000000000e+04
6.755300000000000000e+04
6.777900000000000000e+04
6.800900000000000000e+04
6.813900000000000000e+04
6.836700000000000000e+04
6.873000000000000000e+04
6.902700000000000000e+04
6.902700000000000000e+04
6.939700000000000000e+04
6.956000000000000000e+04
6.975400000000000000e+04
6.998700000000000000e+04
7.024300000000000000e+04
7.038100000000000000e+04
7.064800000000000000e+04
7.085800000000000000e+04
7.092100000000000000e+04
7.120800000000000000e+04
7.143100000000000000e+04
7.161700000000000000e+04
7.177400000000000000e+04
7.198500000000000000e+04
7.222700000000000000e+04
7.240900000000000000e+04
7.251300000000000000e+04
7.271800000000000000e+04
7.287000000000000000e+04
7.309400000000000000e+04
7.327600000000000000e+04
7.333500000000000000e+04
7.343100000000000000e+04
7.375100000000000000e+04
7.375100000000000000e+04
7.405300000000000000e+04
7.405300000000000000e+04
7.420600000000000000e+04
7.435200000000000000e+04
7.449800000000000000e+04
7.481100000000000000e+04
7.481100000000000000e+04
7.495600000000000000e+04
7.509400000000000000e+04
7.524100000000000000e+04
7.553800000000000000e+04
7.553800000000000000e+04
7.567500000000000000e+04
7.580600000000000000e+04
7.593300000000000000e+04
7.604800000000000000e+04
7.618000000000000000e+04
7.631500000000000000e+04
7.645600000000000000e+04
7.656800000000000000e+04
7.666600000000000000e+04
7.675100000000000000e+04
7.683200000000000000e+04
7.690700000000000000e+04
7.698500000000000000e+04
7.706000000000000000e+04
7.718200000000000000e+04
7.718200000000000000e+04
7.725800000000000000e+04
7.725800000000000000e+04
7.729500000000000000e+04
7.735000000000000000e+04
7.741200000000000000e+04
7.748500000000000000e+04
7.753000000000000000e+04
7.757200000000000000e+04
7.761100000000000000e+04
7.766300000000000000e+04
7.771600000000000000e+04
7.777700000000000000e+04
7.790400000000000000e+04
7.796800000000000000e+04
7.796800000000000000e+04
7.803600000000000000e+04
7.809100000000000000e+04
7.816300000000000000e+04
7.821900000000000000e+04
7.827200000000000000e+04
7.831700000000000000e+04
7.837500000000000000e+04
7.842900000000000000e+04
7.847100000000000000e+04
7.851000000000000000e+04
7.855600000000000000e+04
7.860200000000000000e+04
7.871100000000000000e+04
7.871100000000000000e+04
7.875500000000000000e+04
7.880100000000000000e+04
7.885900000000000000e+04
7.891600000000000000e+04
7.898900000000000000e+04
7.904500000000000000e+04
7.909800000000000000e+04
7.916200000000000000e+04
7.920400000000000000e+04
7.923700000000000000e+04
7.930300000000000000e+04
7.934000000000000000e+04
7.938100000000000000e+04
7.941600000000000000e+04
7.944200000000000000e+04
7.946100000000000000e+04
7.949700000000000000e+04
7.954800000000000000e+04
7.959800000000000000e+04
7.963200000000000000e+04
7.965400000000000000e+04
7.968100000000000000e+04
7.971700000000000000e+04
7.974900000000000000e+04
7.977300000000000000e+04
7.980400000000000000e+04
7.983600000000000000e+04
7.992600000000000000e+04
7.992600000000000000e+04
7.996100000000000000e+04
8.003500000000000000e+04
8.003500000000000000e+04
8.008100000000000000e+04
8.012500000000000000e+04
8.017600000000000000e+04
8.021900000000000000e+04
8.024700000000000000e+04
8.026800000000000000e+04
8.039200000000000000e+04
8.039200000000000000e+04
8.048100000000000000e+04
8.056700000000000000e+04
8.067800000000000000e+04
8.074300000000000000e+04
8.085800000000000000e+04
8.097100000000000000e+04
8.109500000000000000e+04
8.133900000000000000e+04
8.133900000000000000e+04
8.144600000000000000e+04
8.167800000000000000e+04
8.167800000000000000e+04
8.181600000000000000e+04
8.196000000000000000e+04
8.214600000000000000e+04
8.234000000000000000e+04
8.253600000000000000e+04
8.268200000000000000e+04
8.286900000000000000e+04
8.305000000000000000e+04
8.323900000000000000e+04
8.343500000000000000e+04
8.362300000000000000e+04
8.380200000000000000e+04
8.393500000000000000e+04
8.412700000000000000e+04
8.432200000000000000e+04
8.452900000000000000e+04
8.472400000000000000e+04
8.492200000000000000e+04
8.511400000000000000e+04
8.529100000000000000e+04
8.550300000000000000e+04
8.573000000000000000e+04
8.602200000000000000e+04
8.633800000000000000e+04
8.668000000000000000e+04
8.698200000000000000e+04
8.722500000000000000e+04
8.755100000000000000e+04
8.793500000000000000e+04
8.828000000000000000e+04
8.867900000000000000e+04
8.902700000000000000e+04
8.935500000000000000e+04
8.963000000000000000e+04
9.000800000000000000e+04
9.040600000000000000e+04
9.080800000000000000e+04
9.125000000000000000e+04
9.164300000000000000e+04
9.200600000000000000e+04
9.232000000000000000e+04
9.272400000000000000e+04
9.317600000000000000e+04
9.359700000000000000e+04
9.397800000000000000e+04
9.439700000000000000e+04
9.475900000000000000e+04
9.507200000000000000e+04
9.546700000000000000e+04
9.582600000000000000e+04
9.611700000000000000e+04
9.636800000000000000e+04
9.667000000000000000e+04
9.689300000000000000e+04
9.706800000000000000e+04
9.728000000000000000e+04
9.754300000000000000e+04
9.785600000000000000e+04
9.816400000000000000e+04
9.845100000000000000e+04
9.865700000000000000e+04
9.884900000000000000e+04
9.906400000000000000e+04
9.934400000000000000e+04
9.958000000000000000e+04
9.984400000000000000e+04
1.001240000000000000e+05
1.003350000000000000e+05
1.004950000000000000e+05
1.007260000000000000e+05
1.009970000000000000e+05
1.011980000000000000e+05
1.014360000000000000e+05
1.017220000000000000e+05
1.019640000000000000e+05
1.021630000000000000e+05
1.023620000000000000e+05
1.026050000000000000e+05
1.028920000000000000e+05
1.032060000000000000e+05
1.035100000000000000e+05
1.038130000000000000e+05
1.041130000000000000e+05
1.044630000000000000e+05
1.048340000000000000e+05
1.052190000000000000e+05
1.056100000000000000e+05
1.060250000000000000e+05
1.064520000000000000e+05
1.068470000000000000e+05
1.072660000000000000e+05
1.077080000000000000e+05
1.081840000000000000e+05
1.087300000000000000e+05
1.092230000000000000e+05
1.096920000000000000e+05
1.101900000000000000e+05
1.106770000000000000e+05
1.111530000000000000e+05
1.116480000000000000e+05
1.121300000000000000e+05
1.125970000000000000e+05
1.130720000000000000e+05
1.135680000000000000e+05
1.140390000000000000e+05
1.145290000000000000e+05
1.150110000000000000e+05
1.154780000000000000e+05
1.159630000000000000e+05
1.164210000000000000e+05
1.169180000000000000e+05
1.174090000000000000e+05
1.179020000000000000e+05
1.183800000000000000e+05
1.188810000000000000e+05
1.193880000000000000e+05
1.199730000000000000e+05
1.206310000000000000e+05
1.213290000000000000e+05
1.220480000000000000e+05
1.227860000000000000e+05
1.235590000000000000e+05
1.242900000000000000e+05
1.249950000000000000e+05
1.257840000000000000e+05
1.266270000000000000e+05
1.275060000000000000e+05
1.284030000000000000e+05
1.293270000000000000e+05
1.302160000000000000e+05
