0.000000000000000000e+00
0.000000000000000000e+00
0.000000000000000000e+00
0.000000000000000000e+00
0.000000000000000000e+00
0.000000000000000000e+00
0.000000000000000000e+00
0.000000000000000000e+00
0.000000000000000000e+00
0.000000000000000000e+00
0.000000000000000000e+00
0.000000000000000000e+00
0.000000000000000000e+00
0.000000000000000000e+00
0.000000000000000000e+00
0.000000000000000000e+00
0.000000000000000000e+00
0.000000000000000000e+00
0.000000000000000000e+00
0.000000000000000000e+00
0.000000000000000000e+00
0.000000000000000000e+00
0.000000000000000000e+00
0.000000000000000000e+00
0.000000000000000000e+00
0.000000000000000000e+00
0.000000000000000000e+00
0.000000000000000000e+00
0.000000000000000000e+00
0.000000000000000000e+00
0.000000000000000000e+00
0.000000000000000000e+00
0.000000000000000000e+00
0.000000000000000000e+00
0.000000000000000000e+00
0.000000000000000000e+00
0.000000000000000000e+00
0.000000000000000000e+00
0.000000000000000000e+00
0.000000000000000000e+00
0.000000000000000000e+00
0.000000000000000000e+00
0.000000000000000000e+00
0.000000000000000000e+00
0.000000000000000000e+00
0.000000000000000000e+00
0.000000000000000000e+00
0.000000000000000000e+00
0.000000000000000000e+00
1.000000000000000000e+00
1.000000000000000000e+00
5.000000000000000000e+00
5.000000000000000000e+00
6.000000000000000000e+00
1.800000000000000000e+01
4.700000000000000000e+01
9.800000000000000000e+01
1.920000000000000000e+02
3.590000000000000000e+02
6.700000000000000000e+02
1.236000000000000000e+03
1.529000000000000000e+03
1.872000000000000000e+03
2.433000000000000000e+03
3.629000000000000000e+03
5.698000000000000000e+03
7.402000000000000000e+03
9.217000000000000000e+03
1.082700000000000000e+04
1.353100000000000000e+04
1.567900000000000000e+04
1.813500000000000000e+04
2.092100000000000000e+04
2.393400000000000000e+04
2.706900000000000000e+04
3.021700000000000000e+04
3.410900000000000000e+04
3.822600000000000000e+04
4.228200000000000000e+04
4.702900000000000000e+04
5.216700000000000000e+04
5.695600000000000000e+04
6.104900000000000000e+04
6.511100000000000000e+04
6.939200000000000000e+04
7.419300000000000000e+04
7.854600000000000000e+04
8.232900000000000000e+04
8.630600000000000000e+04
9.098000000000000000e+04
9.559100000000000000e+04
9.867400000000000000e+04
1.017900000000000000e+05
1.049120000000000000e+05
1.077730000000000000e+05
1.101300000000000000e+05
1.122610000000000000e+05
1.146530000000000000e+05
1.175890000000000000e+05
1.202040000000000000e+05
1.223920000000000000e+05
1.243750000000000000e+05
1.260450000000000000e+05
1.276590000000000000e+05
1.294910000000000000e+05
1.317440000000000000e+05
1.337210000000000000e+05
1.355690000000000000e+05
1.371150000000000000e+05
1.386570000000000000e+05
1.397710000000000000e+05
1.414750000000000000e+05
1.431140000000000000e+05
1.447490000000000000e+05
1.464570000000000000e+05
1.480670000000000000e+05
1.494350000000000000e+05
1.505930000000000000e+05
1.516150000000000000e+05
1.525870000000000000e+05
1.535480000000000000e+05
1.545000000000000000e+05
1.556860000000000000e+05
1.568270000000000000e+05
1.578140000000000000e+05
1.587620000000000000e+05
1.597970000000000000e+05
1.609790000000000000e+05
1.621200000000000000e+05
1.631030000000000000e+05
1.639420000000000000e+05
1.647690000000000000e+05
1.655550000000000000e+05
1.664220000000000000e+05
1.674100000000000000e+05
1.683400000000000000e+05
1.692180000000000000e+05
1.701320000000000000e+05
1.711210000000000000e+05
1.721140000000000000e+05
1.730360000000000000e+05
1.740230000000000000e+05
1.752180000000000000e+05
1.766770000000000000e+05
1.782390000000000000e+05
1.798310000000000000e+05
1.812980000000000000e+05
1.827270000000000000e+05
1.840310000000000000e+05
1.852450000000000000e+05
1.864930000000000000e+05
1.876850000000000000e+05
1.888970000000000000e+05
1.901650000000000000e+05
1.916570000000000000e+05
1.931150000000000000e+05
1.945110000000000000e+05
1.958830000000000000e+05
1.972390000000000000e+05
1.986130000000000000e+05
1.999060000000000000e+05
2.010980000000000000e+05
2.022840000000000000e+05
2.034560000000000000e+05
2.046100000000000000e+05
2.057580000000000000e+05
2.068440000000000000e+05
2.078970000000000000e+05
2.089380000000000000e+05
2.099620000000000000e+05
2.109650000000000000e+05
2.119810000000000000e+05
2.129930000000000000e+05
2.140010000000000000e+05
2.149930000000000000e+05
2.159400000000000000e+05
2.168730000000000000e+05
2.177990000000000000e+05
2.187170000000000000e+05
2.196410000000000000e+05
2.205720000000000000e+05
2.215000000000000000e+05
2.224020000000000000e+05
2.233150000000000000e+05
2.242520000000000000e+05
2.251730000000000000e+05
2.261000000000000000e+05
2.270190000000000000e+05
2.279820000000000000e+05
2.289240000000000000e+05
2.298910000000000000e+05
2.308730000000000000e+05
2.318690000000000000e+05
2.328560000000000000e+05
2.338510000000000000e+05
2.349340000000000000e+05
2.361120000000000000e+05
2.372650000000000000e+05
2.384500000000000000e+05
2.396220000000000000e+05
2.408040000000000000e+05
2.419970000000000000e+05
2.431800000000000000e+05
2.443920000000000000e+05
2.456350000000000000e+05
2.468610000000000000e+05
2.481170000000000000e+05
2.493090000000000000e+05
2.505420000000000000e+05
2.518050000000000000e+05
2.531080000000000000e+05
2.545200000000000000e+05
2.557230000000000000e+05
2.570320000000000000e+05
2.582490000000000000e+05
2.596920000000000000e+05
2.611940000000000000e+05
2.625070000000000000e+05
2.639980000000000000e+05
2.655150000000000000e+05
2.670640000000000000e+05
2.685460000000000000e+05
2.701330000000000000e+05
2.717050000000000000e+05
2.733010000000000000e+05
2.749430000000000000e+05
2.765550000000000000e+05
2.782280000000000000e+05
2.798060000000000000e+05
2.815090000000000000e+05
2.832700000000000000e+05
2.849430000000000000e+05
2.864550000000000000e+05
2.881260000000000000e+05
2.896350000000000000e+05
2.911620000000000000e+05
2.928780000000000000e+05
2.946200000000000000e+05
2.963910000000000000e+05
2.980390000000000000e+05
2.998100000000000000e+05
3.013480000000000000e+05
3.028670000000000000e+05
3.046100000000000000e+05
3.063020000000000000e+05
3.080690000000000000e+05
3.097900000000000000e+05
3.114550000000000000e+05
3.129660000000000000e+05
3.144330000000000000e+05
3.158450000000000000e+05
3.172720000000000000e+05
3.186630000000000000e+05
3.200700000000000000e+05
3.215120000000000000e+05
3.230140000000000000e+05
3.244430000000000000e+05
3.260460000000000000e+05
3.275570000000000000e+05
3.291380000000000000e+05
3.307530000000000000e+05
3.323820000000000000e+05
3.340310000000000000e+05
3.355330000000000000e+05
3.371470000000000000e+05
3.387790000000000000e+05
3.404500000000000000e+05
3.421430000000000000e+05
3.439550000000000000e+05
3.456780000000000000e+05
3.474930000000000000e+05
3.495190000000000000e+05
3.514130000000000000e+05
3.534260000000000000e+05
3.555280000000000000e+05
3.576930000000000000e+05
3.597840000000000000e+05
3.618010000000000000e+05
3.639990000000000000e+05
3.662080000000000000e+05
3.685130000000000000e+05
3.708320000000000000e+05
3.731540000000000000e+05
3.753670000000000000e+05
3.774730000000000000e+05
3.797750000000000000e+05
3.821180000000000000e+05
3.845090000000000000e+05
3.868200000000000000e+05
3.892560000000000000e+05
3.917390000000000000e+05
3.942550000000000000e+05
3.968310000000000000e+05
3.993600000000000000e+05
4.020530000000000000e+05
4.048940000000000000e+05
4.079390000000000000e+05
4.110550000000000000e+05
4.142780000000000000e+05
4.175940000000000000e+05
4.214130000000000000e+05
4.256280000000000000e+05
4.301700000000000000e+05
4.352730000000000000e+05
4.408050000000000000e+05
4.468220000000000000e+05
4.535350000000000000e+05
4.609160000000000000e+05
4.677300000000000000e+05
5.037380000000000000e+05
5.482440000000000000e+05
5.783470000000000000e+05
6.076280000000000000e+05
6.388470000000000000e+05
6.689570000000000000e+05
7.008800000000000000e+05
7.332610000000000000e+05
7.659970000000000000e+05
7.978930000000000000e+05
8.282950000000000000e+05
8.604320000000000000e+05
8.936300000000000000e+05
9.253420000000000000e+05
1.748567000000000000e+06
1.780673000000000000e+06
1.809809000000000000e+06
1.836728000000000000e+06
1.866345000000000000e+06
1.898447000000000000e+06
1.928165000000000000e+06
1.955680000000000000e+06
1.982090000000000000e+06
2.004285000000000000e+06
2.024601000000000000e+06
2.043704000000000000e+06
2.062960000000000000e+06
2.082610000000000000e+06
2.100712000000000000e+06
2.118255000000000000e+06
2.133373000000000000e+06
2.147578000000000000e+06
2.162775000000000000e+06
2.178580000000000000e+06
2.194272000000000000e+06
2.208652000000000000e+06
2.220855000000000000e+06
2.232035000000000000e+06
2.241912000000000000e+06
2.255607000000000000e+06
2.270101000000000000e+06
2.283931000000000000e+06
2.296102000000000000e+06
2.307581000000000000e+06
2.317118000000000000e+06
2.326256000000000000e+06
2.336476000000000000e+06
2.346285000000000000e+06
2.355839000000000000e+06
2.364801000000000000e+06
2.373115000000000000e+06
2.380665000000000000e+06
2.387101000000000000e+06
2.392963000000000000e+06
2.399781000000000000e+06
2.406216000000000000e+06
2.412505000000000000e+06
2.418472000000000000e+06
2.424328000000000000e+06
2.429605000000000000e+06
2.435247000000000000e+06
2.442350000000000000e+06
2.449839000000000000e+06
2.457118000000000000e+06
2.464030000000000000e+06
2.470901000000000000e+06
2.477463000000000000e+06
2.485182000000000000e+06
2.492977000000000000e+06
2.501079000000000000e+06
2.508988000000000000e+06
2.516889000000000000e+06
2.524786000000000000e+06
2.531456000000000000e+06
2.539559000000000000e+06
2.548195000000000000e+06
2.556837000000000000e+06
2.564427000000000000e+06
2.572190000000000000e+06
2.579896000000000000e+06
2.586183000000000000e+06
2.594128000000000000e+06
2.602034000000000000e+06
2.609359000000000000e+06
2.616600000000000000e+06
2.624019000000000000e+06
2.631876000000000000e+06
2.638422000000000000e+06
2.646526000000000000e+06
2.655633000000000000e+06
2.665194000000000000e+06
2.674766000000000000e+06
2.683971000000000000e+06
2.693164000000000000e+06
2.701588000000000000e+06
2.711479000000000000e+06
2.723316000000000000e+06
2.734836000000000000e+06
2.746158000000000000e+06
2.757460000000000000e+06
2.769230000000000000e+06
2.780417000000000000e+06
2.793632000000000000e+06
2.807387000000000000e+06
2.821943000000000000e+06
2.835989000000000000e+06
2.850930000000000000e+06
2.866012000000000000e+06
2.879390000000000000e+06
2.894893000000000000e+06
2.911642000000000000e+06
2.930554000000000000e+06
2.950603000000000000e+06
2.971633000000000000e+06
2.992694000000000000e+06
3.013122000000000000e+06
3.035338000000000000e+06
3.061520000000000000e+06
3.091282000000000000e+06
3.120013000000000000e+06
3.149094000000000000e+06
3.179115000000000000e+06
3.208173000000000000e+06
3.240577000000000000e+06
3.277880000000000000e+06
3.317182000000000000e+06
3.357988000000000000e+06
3.400296000000000000e+06
3.445052000000000000e+06
3.487050000000000000e+06
3.529601000000000000e+06
3.579185000000000000e+06
3.633925000000000000e+06
3.689866000000000000e+06
3.745657000000000000e+06
3.798333000000000000e+06
3.849011000000000000e+06
3.903573000000000000e+06
3.962760000000000000e+06
4.025557000000000000e+06
4.086957000000000000e+06
4.150039000000000000e+06
4.212645000000000000e+06
4.268447000000000000e+06
4.323596000000000000e+06
4.384624000000000000e+06
4.446591000000000000e+06
4.501382000000000000e+06
4.550820000000000000e+06
4.591416000000000000e+06
4.629969000000000000e+06
4.667281000000000000e+06
4.710582000000000000e+06
4.751026000000000000e+06
4.788700000000000000e+06
4.820591000000000000e+06
4.849408000000000000e+06
4.875388000000000000e+06
4.900121000000000000e+06
4.929118000000000000e+06
4.955594000000000000e+06
4.977982000000000000e+06
4.998089000000000000e+06
5.016141000000000000e+06
5.031332000000000000e+06
5.044936000000000000e+06
5.059433000000000000e+06
5.072462000000000000e+06
5.083996000000000000e+06
5.095390000000000000e+06
5.106862000000000000e+06
5.117374000000000000e+06
5.127548000000000000e+06
5.139485000000000000e+06
5.151038000000000000e+06
5.160423000000000000e+06
5.169951000000000000e+06
5.178648000000000000e+06
5.186487000000000000e+06
5.194010000000000000e+06
5.203385000000000000e+06
5.212123000000000000e+06
5.220549000000000000e+06
5.228322000000000000e+06
5.235978000000000000e+06
5.242911000000000000e+06
5.249404000000000000e+06
5.256516000000000000e+06
5.263697000000000000e+06
5.270299000000000000e+06
5.276468000000000000e+06
5.282594000000000000e+06
5.287980000000000000e+06
5.293627000000000000e+06
5.300236000000000000e+06
5.306690000000000000e+06
5.313098000000000000e+06
5.319359000000000000e+06
5.325435000000000000e+06
5.330447000000000000e+06
5.336073000000000000e+06
5.342028000000000000e+06
5.348249000000000000e+06
5.354153000000000000e+06
5.359728000000000000e+06
5.365208000000000000e+06
5.370299000000000000e+06
5.375593000000000000e+06
5.381736000000000000e+06
5.387545000000000000e+06
5.393248000000000000e+06
5.398878000000000000e+06
5.404144000000000000e+06
5.409027000000000000e+06
5.414310000000000000e+06
5.420156000000000000e+06
5.425652000000000000e+06
5.430940000000000000e+06
5.435831000000000000e+06
5.440368000000000000e+06
5.444786000000000000e+06
5.449464000000000000e+06
5.454763000000000000e+06
5.459923000000000000e+06
5.465094000000000000e+06
5.470764000000000000e+06
5.476294000000000000e+06
5.481555000000000000e+06
5.486959000000000000e+06
5.493244000000000000e+06
5.500151000000000000e+06
5.507455000000000000e+06
5.514373000000000000e+06
5.522039000000000000e+06
5.522039000000000000e+06
5.537386000000000000e+06
5.546166000000000000e+06
5.554317000000000000e+06
5.563903000000000000e+06
5.574997000000000000e+06
5.587378000000000000e+06
5.601608000000000000e+06
5.618417000000000000e+06
5.638178000000000000e+06
5.660469000000000000e+06
5.682630000000000000e+06
5.704713000000000000e+06
5.727045000000000000e+06
5.747935000000000000e+06
