0.000000000000000000e+00
0.000000000000000000e+00
0.000000000000000000e+00
0.000000000000000000e+00
0.000000000000000000e+00
0.000000000000000000e+00
0.000000000000000000e+00
0.000000000000000000e+00
0.000000000000000000e+00
0.000000000000000000e+00
0.000000000000000000e+00
0.000000000000000000e+00
0.000000000000000000e+00
0.000000000000000000e+00
0.000000000000000000e+00
0.000000000000000000e+00
0.000000000000000000e+00
0.000000000000000000e+00
0.000000000000000000e+00
0.000000000000000000e+00
0.000000000000000000e+00
0.000000000000000000e+00
0.000000000000000000e+00
0.000000000000000000e+00
0.000000000000000000e+00
0.000000000000000000e+00
0.000000000000000000e+00
0.000000000000000000e+00
0.000000000000000000e+00
0.000000000000000000e+00
0.000000000000000000e+00
0.000000000000000000e+00
0.000000000000000000e+00
0.000000000000000000e+00
0.000000000000000000e+00
0.000000000000000000e+00
0.000000000000000000e+00
0.000000000000000000e+00
0.000000000000000000e+00
0.000000000000000000e+00
0.000000000000000000e+00
0.000000000000000000e+00
0.000000000000000000e+00
0.000000000000000000e+00
0.000000000000000000e+00
0.000000000000000000e+00
0.000000000000000000e+00
0.000000000000000000e+00
0.000000000000000000e+00
1.000000000000000000e+00
0.000000000000000000e+00
4.000000000000000000e+00
0.000000000000000000e+00
1.000000000000000000e+00
1.200000000000000000e+01
2.900000000000000000e+01
5.100000000000000000e+01
9.400000000000000000e+01
1.670000000000000000e+02
3.110000000000000000e+02
5.660000000000000000e+02
2.930000000000000000e+02
3.430000000000000000e+02
5.610000000000000000e+02
1.196000000000000000e+03
2.069000000000000000e+03
1.704000000000000000e+03
1.815000000000000000e+03
1.610000000000000000e+03
2.704000000000000000e+03
2.148000000000000000e+03
2.456000000000000000e+03
2.786000000000000000e+03
3.013000000000000000e+03
3.135000000000000000e+03
3.148000000000000000e+03
3.892000000000000000e+03
4.117000000000000000e+03
4.056000000000000000e+03
4.747000000000000000e+03
5.138000000000000000e+03
4.789000000000000000e+03
4.093000000000000000e+03
4.062000000000000000e+03
4.281000000000000000e+03
4.801000000000000000e+03
4.353000000000000000e+03
3.783000000000000000e+03
3.977000000000000000e+03
4.674000000000000000e+03
4.611000000000000000e+03
3.083000000000000000e+03
3.116000000000000000e+03
3.122000000000000000e+03
2.861000000000000000e+03
2.357000000000000000e+03
2.131000000000000000e+03
2.392000000000000000e+03
2.936000000000000000e+03
2.615000000000000000e+03
2.188000000000000000e+03
1.983000000000000000e+03
1.670000000000000000e+03
1.614000000000000000e+03
1.832000000000000000e+03
2.253000000000000000e+03
1.977000000000000000e+03
1.848000000000000000e+03
1.546000000000000000e+03
1.542000000000000000e+03
1.114000000000000000e+03
1.704000000000000000e+03
1.639000000000000000e+03
1.635000000000000000e+03
1.708000000000000000e+03
1.610000000000000000e+03
1.368000000000000000e+03
1.158000000000000000e+03
1.022000000000000000e+03
9.720000000000000000e+02
9.610000000000000000e+02
9.520000000000000000e+02
1.186000000000000000e+03
1.141000000000000000e+03
9.870000000000000000e+02
9.480000000000000000e+02
1.035000000000000000e+03
1.182000000000000000e+03
1.141000000000000000e+03
9.830000000000000000e+02
8.390000000000000000e+02
8.270000000000000000e+02
7.860000000000000000e+02
8.670000000000000000e+02
9.880000000000000000e+02
9.300000000000000000e+02
8.780000000000000000e+02
9.140000000000000000e+02
9.890000000000000000e+02
9.930000000000000000e+02
9.220000000000000000e+02
9.870000000000000000e+02
1.195000000000000000e+03
1.459000000000000000e+03
1.562000000000000000e+03
1.592000000000000000e+03
1.467000000000000000e+03
1.429000000000000000e+03
1.304000000000000000e+03
1.214000000000000000e+03
1.248000000000000000e+03
1.192000000000000000e+03
1.212000000000000000e+03
1.268000000000000000e+03
1.492000000000000000e+03
1.458000000000000000e+03
1.396000000000000000e+03
1.372000000000000000e+03
1.356000000000000000e+03
1.374000000000000000e+03
1.293000000000000000e+03
1.192000000000000000e+03
1.186000000000000000e+03
1.172000000000000000e+03
1.154000000000000000e+03
1.148000000000000000e+03
1.086000000000000000e+03
1.053000000000000000e+03
1.041000000000000000e+03
1.024000000000000000e+03
1.003000000000000000e+03
1.016000000000000000e+03
1.012000000000000000e+03
1.008000000000000000e+03
9.920000000000000000e+02
9.470000000000000000e+02
9.330000000000000000e+02
9.260000000000000000e+02
9.180000000000000000e+02
9.240000000000000000e+02
9.310000000000000000e+02
9.280000000000000000e+02
9.020000000000000000e+02
9.130000000000000000e+02
9.370000000000000000e+02
9.210000000000000000e+02
9.270000000000000000e+02
9.190000000000000000e+02
9.630000000000000000e+02
9.420000000000000000e+02
9.670000000000000000e+02
9.820000000000000000e+02
9.960000000000000000e+02
9.870000000000000000e+02
9.950000000000000000e+02
1.083000000000000000e+03
1.178000000000000000e+03
1.153000000000000000e+03
1.185000000000000000e+03
1.172000000000000000e+03
1.182000000000000000e+03
1.193000000000000000e+03
1.183000000000000000e+03
1.212000000000000000e+03
1.243000000000000000e+03
1.226000000000000000e+03
1.256000000000000000e+03
1.192000000000000000e+03
1.233000000000000000e+03
1.263000000000000000e+03
1.303000000000000000e+03
1.412000000000000000e+03
1.203000000000000000e+03
1.309000000000000000e+03
1.217000000000000000e+03
1.443000000000000000e+03
1.502000000000000000e+03
1.313000000000000000e+03
1.491000000000000000e+03
1.517000000000000000e+03
1.549000000000000000e+03
1.482000000000000000e+03
1.587000000000000000e+03
1.572000000000000000e+03
1.596000000000000000e+03
1.642000000000000000e+03
1.612000000000000000e+03
1.673000000000000000e+03
1.578000000000000000e+03
1.703000000000000000e+03
1.761000000000000000e+03
1.673000000000000000e+03
1.512000000000000000e+03
1.671000000000000000e+03
1.509000000000000000e+03
1.527000000000000000e+03
1.716000000000000000e+03
1.742000000000000000e+03
1.771000000000000000e+03
1.648000000000000000e+03
1.771000000000000000e+03
1.538000000000000000e+03
1.519000000000000000e+03
1.743000000000000000e+03
1.692000000000000000e+03
1.767000000000000000e+03
1.721000000000000000e+03
1.665000000000000000e+03
1.511000000000000000e+03
1.467000000000000000e+03
1.412000000000000000e+03
1.427000000000000000e+03
1.391000000000000000e+03
1.407000000000000000e+03
1.442000000000000000e+03
1.502000000000000000e+03
1.429000000000000000e+03
1.603000000000000000e+03
1.511000000000000000e+03
1.581000000000000000e+03
1.615000000000000000e+03
1.629000000000000000e+03
1.649000000000000000e+03
1.502000000000000000e+03
1.614000000000000000e+03
1.632000000000000000e+03
1.671000000000000000e+03
1.693000000000000000e+03
1.812000000000000000e+03
1.723000000000000000e+03
1.815000000000000000e+03
2.026000000000000000e+03
1.894000000000000000e+03
2.013000000000000000e+03
2.102000000000000000e+03
2.165000000000000000e+03
2.091000000000000000e+03
2.017000000000000000e+03
2.198000000000000000e+03
2.209000000000000000e+03
2.305000000000000000e+03
2.319000000000000000e+03
2.322000000000000000e+03
2.213000000000000000e+03
2.106000000000000000e+03
2.302000000000000000e+03
2.343000000000000000e+03
2.391000000000000000e+03
2.311000000000000000e+03
2.436000000000000000e+03
2.483000000000000000e+03
2.516000000000000000e+03
2.576000000000000000e+03
2.529000000000000000e+03
2.693000000000000000e+03
2.841000000000000000e+03
3.045000000000000000e+03
3.116000000000000000e+03
3.223000000000000000e+03
3.316000000000000000e+03
3.819000000000000000e+03
4.215000000000000000e+03
4.542000000000000000e+03
5.103000000000000000e+03
5.532000000000000000e+03
6.017000000000000000e+03
6.713000000000000000e+03
7.381000000000000000e+03
6.814000000000000000e+03
3.600800000000000000e+04
4.450600000000000000e+04
3.010300000000000000e+04
2.928100000000000000e+04
3.121900000000000000e+04
3.011000000000000000e+04
3.192300000000000000e+04
3.238100000000000000e+04
3.273600000000000000e+04
3.189600000000000000e+04
3.040200000000000000e+04
3.213700000000000000e+04
3.319800000000000000e+04
3.171200000000000000e+04
8.232250000000000000e+05
3.210600000000000000e+04
2.913600000000000000e+04
2.691900000000000000e+04
2.961700000000000000e+04
3.210200000000000000e+04
2.971800000000000000e+04
2.751500000000000000e+04
2.641000000000000000e+04
2.219500000000000000e+04
2.031600000000000000e+04
1.910300000000000000e+04
1.925600000000000000e+04
1.965000000000000000e+04
1.810200000000000000e+04
1.754300000000000000e+04
1.511800000000000000e+04
1.420500000000000000e+04
1.519700000000000000e+04
1.580500000000000000e+04
1.569200000000000000e+04
1.438000000000000000e+04
1.220300000000000000e+04
1.118000000000000000e+04
9.877000000000000000e+03
1.369500000000000000e+04
1.449400000000000000e+04
1.383000000000000000e+04
1.217100000000000000e+04
1.147900000000000000e+04
9.537000000000000000e+03
9.138000000000000000e+03
1.022000000000000000e+04
9.809000000000000000e+03
9.554000000000000000e+03
8.962000000000000000e+03
8.314000000000000000e+03
7.550000000000000000e+03
6.436000000000000000e+03
5.862000000000000000e+03
6.818000000000000000e+03
6.435000000000000000e+03
6.289000000000000000e+03
5.967000000000000000e+03
5.856000000000000000e+03
5.277000000000000000e+03
5.642000000000000000e+03
7.103000000000000000e+03
7.489000000000000000e+03
7.279000000000000000e+03
6.912000000000000000e+03
6.871000000000000000e+03
6.562000000000000000e+03
7.719000000000000000e+03
7.795000000000000000e+03
8.102000000000000000e+03
7.909000000000000000e+03
7.901000000000000000e+03
7.897000000000000000e+03
6.670000000000000000e+03
8.103000000000000000e+03
8.636000000000000000e+03
8.642000000000000000e+03
7.590000000000000000e+03
7.763000000000000000e+03
7.706000000000000000e+03
6.287000000000000000e+03
7.945000000000000000e+03
7.906000000000000000e+03
7.325000000000000000e+03
7.241000000000000000e+03
7.419000000000000000e+03
7.857000000000000000e+03
6.546000000000000000e+03
8.104000000000000000e+03
9.107000000000000000e+03
9.561000000000000000e+03
9.572000000000000000e+03
9.205000000000000000e+03
9.193000000000000000e+03
8.424000000000000000e+03
9.891000000000000000e+03
1.183700000000000000e+04
1.152000000000000000e+04
1.132200000000000000e+04
1.130200000000000000e+04
1.177000000000000000e+04
1.118700000000000000e+04
1.321500000000000000e+04
1.375500000000000000e+04
1.455600000000000000e+04
1.404600000000000000e+04
1.494100000000000000e+04
1.508200000000000000e+04
1.337800000000000000e+04
1.550300000000000000e+04
1.674900000000000000e+04
1.891200000000000000e+04
2.004900000000000000e+04
2.103000000000000000e+04
2.106100000000000000e+04
2.042800000000000000e+04
2.221600000000000000e+04
2.618200000000000000e+04
2.976200000000000000e+04
2.873100000000000000e+04
2.908100000000000000e+04
3.002100000000000000e+04
2.905800000000000000e+04
3.240400000000000000e+04
3.730300000000000000e+04
3.930200000000000000e+04
4.080600000000000000e+04
4.230800000000000000e+04
4.475600000000000000e+04
4.199800000000000000e+04
4.255100000000000000e+04
4.958400000000000000e+04
5.474000000000000000e+04
5.594100000000000000e+04
5.579100000000000000e+04
5.267600000000000000e+04
5.067800000000000000e+04
5.456200000000000000e+04
5.918700000000000000e+04
6.279700000000000000e+04
6.140000000000000000e+04
6.308200000000000000e+04
6.260600000000000000e+04
5.580200000000000000e+04
5.514900000000000000e+04
6.102800000000000000e+04
6.196700000000000000e+04
5.479100000000000000e+04
4.943800000000000000e+04
4.059600000000000000e+04
3.855300000000000000e+04
3.731200000000000000e+04
4.330100000000000000e+04
4.044400000000000000e+04
3.767400000000000000e+04
3.189100000000000000e+04
2.881700000000000000e+04
2.598000000000000000e+04
2.473300000000000000e+04
2.899700000000000000e+04
2.647600000000000000e+04
2.238800000000000000e+04
2.010700000000000000e+04
1.805200000000000000e+04
1.519100000000000000e+04
1.360400000000000000e+04
1.449700000000000000e+04
1.302900000000000000e+04
1.153400000000000000e+04
1.139400000000000000e+04
1.147200000000000000e+04
1.051200000000000000e+04
1.017400000000000000e+04
1.193700000000000000e+04
1.155300000000000000e+04
9.385000000000000000e+03
9.528000000000000000e+03
8.697000000000000000e+03
7.839000000000000000e+03
7.523000000000000000e+03
9.375000000000000000e+03
8.738000000000000000e+03
8.426000000000000000e+03
7.773000000000000000e+03
7.656000000000000000e+03
6.933000000000000000e+03
6.493000000000000000e+03
7.112000000000000000e+03
7.181000000000000000e+03
6.602000000000000000e+03
6.169000000000000000e+03
6.126000000000000000e+03
5.386000000000000000e+03
5.647000000000000000e+03
6.609000000000000000e+03
6.454000000000000000e+03
6.408000000000000000e+03
6.261000000000000000e+03
6.076000000000000000e+03
5.012000000000000000e+03
5.626000000000000000e+03
5.955000000000000000e+03
6.221000000000000000e+03
5.904000000000000000e+03
5.575000000000000000e+03
5.480000000000000000e+03
5.091000000000000000e+03
5.294000000000000000e+03
6.143000000000000000e+03
5.809000000000000000e+03
5.703000000000000000e+03
5.630000000000000000e+03
5.266000000000000000e+03
4.883000000000000000e+03
5.283000000000000000e+03
5.846000000000000000e+03
5.496000000000000000e+03
5.288000000000000000e+03
4.891000000000000000e+03
4.537000000000000000e+03
4.418000000000000000e+03
4.678000000000000000e+03
5.299000000000000000e+03
5.160000000000000000e+03
5.171000000000000000e+03
5.670000000000000000e+03
5.530000000000000000e+03
5.261000000000000000e+03
5.404000000000000000e+03
6.285000000000000000e+03
6.907000000000000000e+03
7.304000000000000000e+03
6.918000000000000000e+03
7.666000000000000000e+03
0.000000000000000000e+00
1.534700000000000000e+04
8.780000000000000000e+03
8.151000000000000000e+03
9.586000000000000000e+03
1.109400000000000000e+04
1.238100000000000000e+04
1.423000000000000000e+04
1.680900000000000000e+04
1.976100000000000000e+04
2.229100000000000000e+04
2.216100000000000000e+04
2.208300000000000000e+04
2.233200000000000000e+04
2.089000000000000000e+04
