0.000000000000000000e+00
0.000000000000000000e+00
0.000000000000000000e+00
0.000000000000000000e+00
0.000000000000000000e+00
0.000000000000000000e+00
0.000000000000000000e+00
0.000000000000000000e+00
0.000000000000000000e+00
0.000000000000000000e+00
0.000000000000000000e+00
0.000000000000000000e+00
0.000000000000000000e+00
0.000000000000000000e+00
0.000000000000000000e+00
0.000000000000000000e+00
0.000000000000000000e+00
0.000000000000000000e+00
0.000000000000000000e+00
0.000000000000000000e+00
0.000000000000000000e+00
0.000000000000000000e+00
0.000000000000000000e+00
0.000000000000000000e+00
0.000000000000000000e+00
0.000000000000000000e+00
0.000000000000000000e+00
0.000000000000000000e+00
0.000000000000000000e+00
0.000000000000000000e+00
0.000000000000000000e+00
0.000000000000000000e+00
0.000000000000000000e+00
0.000000000000000000e+00
0.000000000000000000e+00
0.000000000000000000e+00
0.000000000000000000e+00
0.000000000000000000e+00
0.000000000000000000e+00
0.000000000000000000e+00
0.000000000000000000e+00
0.000000000000000000e+00
0.000000000000000000e+00
2.000000000000000000e+00
7.000000000000000000e+00
7.000000000000000000e+00
1.600000000000000000e+01
1.600000000000000000e+01
3.100000000000000000e+01
5.700000000000000000e+01
8.900000000000000000e+01
1.410000000000000000e+02
1.810000000000000000e+02
2.190000000000000000e+02
2.530000000000000000e+02
2.750000000000000000e+02
2.750000000000000000e+02
2.860000000000000000e+02
3.410000000000000000e+02
3.830000000000000000e+02
4.140000000000000000e+02
4.420000000000000000e+02
4.800000000000000000e+02
5.280000000000000000e+02
5.620000000000000000e+02
6.320000000000000000e+02
6.840000000000000000e+02
7.300000000000000000e+02
7.560000000000000000e+02
8.020000000000000000e+02
8.410000000000000000e+02
8.970000000000000000e+02
9.340000000000000000e+02
9.770000000000000000e+02
9.970000000000000000e+02
1.021000000000000000e+03
1.059000000000000000e+03
1.091000000000000000e+03
1.124000000000000000e+03
1.160000000000000000e+03
1.188000000000000000e+03
1.205000000000000000e+03
1.212000000000000000e+03
1.220000000000000000e+03
1.248000000000000000e+03
1.268000000000000000e+03
1.304000000000000000e+03
1.317000000000000000e+03
1.330000000000000000e+03
1.335000000000000000e+03
1.344000000000000000e+03
1.353000000000000000e+03
1.366000000000000000e+03
1.373000000000000000e+03
1.388000000000000000e+03
1.396000000000000000e+03
1.402000000000000000e+03
1.408000000000000000e+03
1.418000000000000000e+03
1.429000000000000000e+03
1.434000000000000000e+03
1.439000000000000000e+03
1.439000000000000000e+03
1.439000000000000000e+03
1.445000000000000000e+03
1.448000000000000000e+03
1.449000000000000000e+03
1.450000000000000000e+03
1.454000000000000000e+03
1.457000000000000000e+03
1.460000000000000000e+03
1.461000000000000000e+03
1.463000000000000000e+03
1.464000000000000000e+03
1.465000000000000000e+03
1.465000000000000000e+03
1.466000000000000000e+03
1.466000000000000000e+03
1.467000000000000000e+03
1.468000000000000000e+03
1.468000000000000000e+03
1.468000000000000000e+03
1.468000000000000000e+03
1.468000000000000000e+03
1.469000000000000000e+03
1.469000000000000000e+03
1.471000000000000000e+03
1.473000000000000000e+03
1.473000000000000000e+03
1.473000000000000000e+03
1.473000000000000000e+03
1.473000000000000000e+03
1.475000000000000000e+03
1.477000000000000000e+03
1.477000000000000000e+03
1.479000000000000000e+03
1.484000000000000000e+03
1.485000000000000000e+03
1.485000000000000000e+03
1.486000000000000000e+03
1.488000000000000000e+03
1.488000000000000000e+03
1.490000000000000000e+03
1.492000000000000000e+03
1.495000000000000000e+03
1.496000000000000000e+03
1.499000000000000000e+03
1.503000000000000000e+03
1.511000000000000000e+03
1.513000000000000000e+03
1.519000000000000000e+03
1.520000000000000000e+03
1.521000000000000000e+03
1.534000000000000000e+03
1.541000000000000000e+03
1.547000000000000000e+03
1.558000000000000000e+03
1.572000000000000000e+03
1.581000000000000000e+03
1.585000000000000000e+03
1.600000000000000000e+03
1.613000000000000000e+03
1.634000000000000000e+03
1.650000000000000000e+03
1.679000000000000000e+03
1.700000000000000000e+03
1.716000000000000000e+03
1.739000000000000000e+03
1.763000000000000000e+03
1.776000000000000000e+03
1.793000000000000000e+03
1.827000000000000000e+03
1.841000000000000000e+03
1.849000000000000000e+03
1.859000000000000000e+03
1.878000000000000000e+03
1.897000000000000000e+03
1.916000000000000000e+03
1.940000000000000000e+03
1.946000000000000000e+03
1.953000000000000000e+03
1.977000000000000000e+03
2.006000000000000000e+03
2.033000000000000000e+03
2.052000000000000000e+03
2.066000000000000000e+03
2.082000000000000000e+03
2.087000000000000000e+03
2.101000000000000000e+03
2.115000000000000000e+03
2.139000000000000000e+03
2.156000000000000000e+03
2.171000000000000000e+03
2.180000000000000000e+03
2.181000000000000000e+03
2.190000000000000000e+03
2.208000000000000000e+03
2.223000000000000000e+03
2.233000000000000000e+03
2.247000000000000000e+03
2.249000000000000000e+03
2.255000000000000000e+03
2.272000000000000000e+03
2.303000000000000000e+03
2.332000000000000000e+03
2.369000000000000000e+03
2.401000000000000000e+03
2.416000000000000000e+03
2.429000000000000000e+03
2.456000000000000000e+03
2.493000000000000000e+03
2.536000000000000000e+03
2.574000000000000000e+03
2.617000000000000000e+03
2.651000000000000000e+03
2.665000000000000000e+03
2.686000000000000000e+03
2.722000000000000000e+03
2.755000000000000000e+03
2.797000000000000000e+03
2.834000000000000000e+03
2.865000000000000000e+03
2.883000000000000000e+03
2.924000000000000000e+03
2.979000000000000000e+03
3.032000000000000000e+03
3.079000000000000000e+03
3.122000000000000000e+03
3.165000000000000000e+03
3.190000000000000000e+03
3.232000000000000000e+03
3.312000000000000000e+03
3.389000000000000000e+03
3.497000000000000000e+03
3.603000000000000000e+03
3.702000000000000000e+03
3.749000000000000000e+03
3.831000000000000000e+03
3.954000000000000000e+03
4.058000000000000000e+03
4.195000000000000000e+03
4.309000000000000000e+03
4.420000000000000000e+03
4.470000000000000000e+03
4.558000000000000000e+03
4.694000000000000000e+03
4.816000000000000000e+03
5.007000000000000000e+03
5.191000000000000000e+03
5.350000000000000000e+03
5.388000000000000000e+03
5.487000000000000000e+03
5.690000000000000000e+03
5.865000000000000000e+03
6.103000000000000000e+03
6.330000000000000000e+03
6.498000000000000000e+03
6.673000000000000000e+03
6.764000000000000000e+03
7.120000000000000000e+03
7.507000000000000000e+03
7.872000000000000000e+03
8.252000000000000000e+03
8.663000000000000000e+03
8.832000000000000000e+03
9.231000000000000000e+03
9.938000000000000000e+03
1.068300000000000000e+04
1.151700000000000000e+04
1.241600000000000000e+04
1.314200000000000000e+04
1.367900000000000000e+04
1.447300000000000000e+04
1.598200000000000000e+04
1.764600000000000000e+04
1.930700000000000000e+04
2.127400000000000000e+04
2.295000000000000000e+04
2.408000000000000000e+04
2.560300000000000000e+04
2.821500000000000000e+04
3.070500000000000000e+04
3.250300000000000000e+04
3.430700000000000000e+04
3.564900000000000000e+04
3.620600000000000000e+04
3.738200000000000000e+04
3.940800000000000000e+04
4.109400000000000000e+04
4.265800000000000000e+04
4.427000000000000000e+04
4.516100000000000000e+04
4.562500000000000000e+04
4.671700000000000000e+04
4.893900000000000000e+04
5.087000000000000000e+04
5.238500000000000000e+04
5.412200000000000000e+04
5.504200000000000000e+04
5.554400000000000000e+04
5.693700000000000000e+04
5.896400000000000000e+04
6.103400000000000000e+04
6.258000000000000000e+04
6.428400000000000000e+04
6.530800000000000000e+04
6.577800000000000000e+04
6.708000000000000000e+04
6.930600000000000000e+04
7.107300000000000000e+04
7.267400000000000000e+04
7.425700000000000000e+04
7.538100000000000000e+04
7.581400000000000000e+04
7.713500000000000000e+04
7.956600000000000000e+04
8.134900000000000000e+04
8.313300000000000000e+04
8.477500000000000000e+04
8.580500000000000000e+04
8.628800000000000000e+04
8.793600000000000000e+04
9.007500000000000000e+04
9.192200000000000000e+04
9.373700000000000000e+04
9.548100000000000000e+04
9.631400000000000000e+04
9.674500000000000000e+04
9.828100000000000000e+04
1.004010000000000000e+05
1.020430000000000000e+05
1.035550000000000000e+05
1.050130000000000000e+05
1.058990000000000000e+05
1.062940000000000000e+05
1.078050000000000000e+05
1.099340000000000000e+05
1.120210000000000000e+05
1.138150000000000000e+05
1.141840000000000000e+05
1.148060000000000000e+05
1.153270000000000000e+05
1.173050000000000000e+05
1.197400000000000000e+05
1.221520000000000000e+05
1.239500000000000000e+05
1.243430000000000000e+05
1.250860000000000000e+05
1.258580000000000000e+05
1.283700000000000000e+05
1.317240000000000000e+05
1.345450000000000000e+05
1.366290000000000000e+05
1.385180000000000000e+05
1.392810000000000000e+05
1.397130000000000000e+05
1.415870000000000000e+05
1.436790000000000000e+05
1.454720000000000000e+05
1.470160000000000000e+05
1.485560000000000000e+05
1.491250000000000000e+05
1.494240000000000000e+05
1.511370000000000000e+05
1.528510000000000000e+05
1.543060000000000000e+05
1.557520000000000000e+05
1.572930000000000000e+05
1.578300000000000000e+05
1.581310000000000000e+05
1.598120000000000000e+05
1.616620000000000000e+05
1.632350000000000000e+05
1.645290000000000000e+05
1.658870000000000000e+05
1.664730000000000000e+05
1.668360000000000000e+05
1.684860000000000000e+05
1.701010000000000000e+05
1.713400000000000000e+05
1.722990000000000000e+05
1.732010000000000000e+05
1.737020000000000000e+05
1.740000000000000000e+05
1.743640000000000000e+05
1.757950000000000000e+05
1.771400000000000000e+05
1.781330000000000000e+05
1.791480000000000000e+05
1.794770000000000000e+05
1.797800000000000000e+05
1.805200000000000000e+05
1.816060000000000000e+05
1.824840000000000000e+05
1.833960000000000000e+05
1.843520000000000000e+05
1.847670000000000000e+05
1.850140000000000000e+05
1.859160000000000000e+05
1.870050000000000000e+05
1.877620000000000000e+05
1.886760000000000000e+05
1.896270000000000000e+05
1.900810000000000000e+05
1.903240000000000000e+05
1.910560000000000000e+05
1.922660000000000000e+05
1.932850000000000000e+05
1.941650000000000000e+05
1.950860000000000000e+05
1.954680000000000000e+05
1.956780000000000000e+05
1.964210000000000000e+05
1.973740000000000000e+05
1.982340000000000000e+05
1.990040000000000000e+05
1.998540000000000000e+05
2.003740000000000000e+05
2.005790000000000000e+05
2.014970000000000000e+05
2.025730000000000000e+05
2.035440000000000000e+05
2.044820000000000000e+05
2.055090000000000000e+05
2.060260000000000000e+05
2.063170000000000000e+05
2.072980000000000000e+05
2.085880000000000000e+05
2.097530000000000000e+05
2.107850000000000000e+05
2.120400000000000000e+05
2.126780000000000000e+05
2.129660000000000000e+05
2.140450000000000000e+05
2.156020000000000000e+05
2.169390000000000000e+05
2.181140000000000000e+05
2.194200000000000000e+05
2.201410000000000000e+05
2.204250000000000000e+05
2.206980000000000000e+05
2.218900000000000000e+05
2.234160000000000000e+05
2.246990000000000000e+05
2.259500000000000000e+05
2.264990000000000000e+05
2.267860000000000000e+05
2.278360000000000000e+05
2.290760000000000000e+05
2.299670000000000000e+05
2.308260000000000000e+05
2.315930000000000000e+05
2.320710000000000000e+05
2.323110000000000000e+05
2.330310000000000000e+05
2.340670000000000000e+05
2.348110000000000000e+05
2.357110000000000000e+05
2.366130000000000000e+05
2.370280000000000000e+05
2.372190000000000000e+05
2.380230000000000000e+05
2.384210000000000000e+05
2.393390000000000000e+05
2.402920000000000000e+05
2.413090000000000000e+05
2.416720000000000000e+05
2.418830000000000000e+05
2.427770000000000000e+05
2.437190000000000000e+05
2.445560000000000000e+05
2.451590000000000000e+05
2.457930000000000000e+05
2.460820000000000000e+05
2.462310000000000000e+05
2.467250000000000000e+05
2.474490000000000000e+05
2.480460000000000000e+05
2.485200000000000000e+05
2.490140000000000000e+05
2.493100000000000000e+05
2.494240000000000000e+05
2.499210000000000000e+05
2.504530000000000000e+05
2.508110000000000000e+05
2.511480000000000000e+05
2.515310000000000000e+05
2.516900000000000000e+05
2.517730000000000000e+05
2.520980000000000000e+05
2.524860000000000000e+05
2.528480000000000000e+05
2.531400000000000000e+05
2.534930000000000000e+05
2.536310000000000000e+05
2.537220000000000000e+05
2.540450000000000000e+05
2.544190000000000000e+05
2.546920000000000000e+05
2.549730000000000000e+05
2.552180000000000000e+05
2.553750000000000000e+05
2.554320000000000000e+05
2.556520000000000000e+05
2.559070000000000000e+05
2.561030000000000000e+05
2.562240000000000000e+05
2.563520000000000000e+05
2.564430000000000000e+05
2.564670000000000000e+05
2.565810000000000000e+05
2.567010000000000000e+05
2.567840000000000000e+05
2.568710000000000000e+05
2.569560000000000000e+05
2.569820000000000000e+05
2.570010000000000000e+05
2.570660000000000000e+05
2.571160000000000000e+05
2.571640000000000000e+05
2.572100000000000000e+05
2.572210000000000000e+05
2.572400000000000000e+05
2.572520000000000000e+05
2.572870000000000000e+05
2.573350000000000000e+05
2.573580000000000000e+05
2.573830000000000000e+05
2.574130000000000000e+05
2.574210000000000000e+05
2.574290000000000000e+05
2.574770000000000000e+05
2.575500000000000000e+05
2.576190000000000000e+05
2.577030000000000000e+05
2.578380000000000000e+05
2.578630000000000000e+05
2.578750000000000000e+05
2.579590000000000000e+05
2.579890000000000000e+05
2.580450000000000000e+05
2.581080000000000000e+05
2.581690000000000000e+05
2.581900000000000000e+05
2.581990000000000000e+05
2.582870000000000000e+05
2.583970000000000000e+05
2.584680000000000000e+05
2.585250000000000000e+05
2.586190000000000000e+05
2.586510000000000000e+05
2.586740000000000000e+05
2.587800000000000000e+05
2.588640000000000000e+05
2.589630000000000000e+05
2.590790000000000000e+05
2.592150000000000000e+05
2.592730000000000000e+05
