0.000000000000000000e+00
0.000000000000000000e+00
0.000000000000000000e+00
0.000000000000000000e+00
0.000000000000000000e+00
0.000000000000000000e+00
0.000000000000000000e+00
0.000000000000000000e+00
0.000000000000000000e+00
0.000000000000000000e+00
0.000000000000000000e+00
0.000000000000000000e+00
0.000000000000000000e+00
0.000000000000000000e+00
0.000000000000000000e+00
0.000000000000000000e+00
0.000000000000000000e+00
0.000000000000000000e+00
0.000000000000000000e+00
0.000000000000000000e+00
0.000000000000000000e+00
0.000000000000000000e+00
0.000000000000000000e+00
0.000000000000000000e+00
0.000000000000000000e+00
0.000000000000000000e+00
0.000000000000000000e+00
0.000000000000000000e+00
0.000000000000000000e+00
0.000000000000000000e+00
0.000000000000000000e+00
0.000000000000000000e+00
0.000000000000000000e+00
0.000000000000000000e+00
0.000000000000000000e+00
0.000000000000000000e+00
0.000000000000000000e+00
0.000000000000000000e+00
0.000000000000000000e+00
0.000000000000000000e+00
0.000000000000000000e+00
0.000000000000000000e+00
0.000000000000000000e+00
0.000000000000000000e+00
0.000000000000000000e+00
0.000000000000000000e+00
0.000000000000000000e+00
0.000000000000000000e+00
0.000000000000000000e+00
0.000000000000000000e+00
0.000000000000000000e+00
0.000000000000000000e+00
0.000000000000000000e+00
0.000000000000000000e+00
0.000000000000000000e+00
0.000000000000000000e+00
0.000000000000000000e+00
0.000000000000000000e+00
1.000000000000000000e+00
1.000000000000000000e+00
2.000000000000000000e+00
3.000000000000000000e+00
3.000000000000000000e+00
7.000000000000000000e+00
1.000000000000000000e+01
1.000000000000000000e+01
1.000000000000000000e+01
1.800000000000000000e+01
2.700000000000000000e+01
2.700000000000000000e+01
7.400000000000000000e+01
9.800000000000000000e+01
1.200000000000000000e+02
1.440000000000000000e+02
1.840000000000000000e+02
2.530000000000000000e+02
2.780000000000000000e+02
3.420000000000000000e+02
4.100000000000000000e+02
4.380000000000000000e+02
4.910000000000000000e+02
5.290000000000000000e+02
5.290000000000000000e+02
5.700000000000000000e+02
5.840000000000000000e+02
5.840000000000000000e+02
6.270000000000000000e+02
6.390000000000000000e+02
6.480000000000000000e+02
6.480000000000000000e+02
6.570000000000000000e+02
6.620000000000000000e+02
6.710000000000000000e+02
6.810000000000000000e+02
6.840000000000000000e+02
6.960000000000000000e+02
7.010000000000000000e+02
7.090000000000000000e+02
7.130000000000000000e+02
7.190000000000000000e+02
7.280000000000000000e+02
7.360000000000000000e+02
7.500000000000000000e+02
7.550000000000000000e+02
7.630000000000000000e+02
7.700000000000000000e+02
7.810000000000000000e+02
7.950000000000000000e+02
8.150000000000000000e+02
8.210000000000000000e+02
8.320000000000000000e+02
8.540000000000000000e+02
8.600000000000000000e+02
8.760000000000000000e+02
8.850000000000000000e+02
8.890000000000000000e+02
9.040000000000000000e+02
9.090000000000000000e+02
9.140000000000000000e+02
9.200000000000000000e+02
9.240000000000000000e+02
9.370000000000000000e+02
9.430000000000000000e+02
9.450000000000000000e+02
9.510000000000000000e+02
9.520000000000000000e+02
9.520000000000000000e+02
9.550000000000000000e+02
9.550000000000000000e+02
9.560000000000000000e+02
9.580000000000000000e+02
9.580000000000000000e+02
9.600000000000000000e+02
9.610000000000000000e+02
9.630000000000000000e+02
9.660000000000000000e+02
9.700000000000000000e+02
9.730000000000000000e+02
9.730000000000000000e+02
9.740000000000000000e+02
9.740000000000000000e+02
9.740000000000000000e+02
9.780000000000000000e+02
9.800000000000000000e+02
9.800000000000000000e+02
9.800000000000000000e+02
1.016000000000000000e+03
1.020000000000000000e+03
1.020000000000000000e+03
1.020000000000000000e+03
1.035000000000000000e+03
1.036000000000000000e+03
1.046000000000000000e+03
1.051000000000000000e+03
1.051000000000000000e+03
1.056000000000000000e+03
1.059000000000000000e+03
1.062000000000000000e+03
1.074000000000000000e+03
1.075000000000000000e+03
1.075000000000000000e+03
1.075000000000000000e+03
1.081000000000000000e+03
1.082000000000000000e+03
1.082000000000000000e+03
1.088000000000000000e+03
1.093000000000000000e+03
1.094000000000000000e+03
1.097000000000000000e+03
1.097000000000000000e+03
1.099000000000000000e+03
1.099000000000000000e+03
1.099000000000000000e+03
1.099000000000000000e+03
1.099000000000000000e+03
1.100000000000000000e+03
1.102000000000000000e+03
1.102000000000000000e+03
1.104000000000000000e+03
1.104000000000000000e+03
1.105000000000000000e+03
1.113000000000000000e+03
1.122000000000000000e+03
1.124000000000000000e+03
1.124000000000000000e+03
1.124000000000000000e+03
1.136000000000000000e+03
1.132000000000000000e+03
1.132000000000000000e+03
1.132000000000000000e+03
1.134000000000000000e+03
1.134000000000000000e+03
1.136000000000000000e+03
1.147000000000000000e+03
1.152000000000000000e+03
1.152000000000000000e+03
1.152000000000000000e+03
1.153000000000000000e+03
1.153000000000000000e+03
1.157000000000000000e+03
1.158000000000000000e+03
1.158000000000000000e+03
1.158000000000000000e+03
1.161000000000000000e+03
1.161000000000000000e+03
1.161000000000000000e+03
1.165000000000000000e+03
1.167000000000000000e+03
1.167000000000000000e+03
1.167000000000000000e+03
1.167000000000000000e+03
1.169000000000000000e+03
1.172000000000000000e+03
1.172000000000000000e+03
1.172000000000000000e+03
1.172000000000000000e+03
1.173000000000000000e+03
1.173000000000000000e+03
1.173000000000000000e+03
1.175000000000000000e+03
1.175000000000000000e+03
1.175000000000000000e+03
1.176000000000000000e+03
1.176000000000000000e+03
1.176000000000000000e+03
1.177000000000000000e+03
1.177000000000000000e+03
1.177000000000000000e+03
1.177000000000000000e+03
1.177000000000000000e+03
1.178000000000000000e+03
1.178000000000000000e+03
1.178000000000000000e+03
1.178000000000000000e+03
1.178000000000000000e+03
1.180000000000000000e+03
1.180000000000000000e+03
1.182000000000000000e+03
1.182000000000000000e+03
1.183000000000000000e+03
1.183000000000000000e+03
1.183000000000000000e+03
1.188000000000000000e+03
1.189000000000000000e+03
1.193000000000000000e+03
1.193000000000000000e+03
1.194000000000000000e+03
1.194000000000000000e+03
1.194000000000000000e+03
1.196000000000000000e+03
1.196000000000000000e+03
1.196000000000000000e+03
1.197000000000000000e+03
1.197000000000000000e+03
1.198000000000000000e+03
1.200000000000000000e+03
1.200000000000000000e+03
1.200000000000000000e+03
1.200000000000000000e+03
1.200000000000000000e+03
1.201000000000000000e+03
1.201000000000000000e+03
1.201000000000000000e+03
1.201000000000000000e+03
1.202000000000000000e+03
1.203000000000000000e+03
1.205000000000000000e+03
1.207000000000000000e+03
1.209000000000000000e+03
1.209000000000000000e+03
1.210000000000000000e+03
1.211000000000000000e+03
1.212000000000000000e+03
1.214000000000000000e+03
1.215000000000000000e+03
1.215000000000000000e+03
1.215000000000000000e+03
1.215000000000000000e+03
1.215000000000000000e+03
1.218000000000000000e+03
1.218000000000000000e+03
1.219000000000000000e+03
1.220000000000000000e+03
1.220000000000000000e+03
1.221000000000000000e+03
1.222000000000000000e+03
1.222000000000000000e+03
1.225000000000000000e+03
1.226000000000000000e+03
1.230000000000000000e+03
1.242000000000000000e+03
1.243000000000000000e+03
1.246000000000000000e+03
1.256000000000000000e+03
1.263000000000000000e+03
1.282000000000000000e+03
1.289000000000000000e+03
1.301000000000000000e+03
1.307000000000000000e+03
1.316000000000000000e+03
1.327000000000000000e+03
1.331000000000000000e+03
1.335000000000000000e+03
1.340000000000000000e+03
1.351000000000000000e+03
1.368000000000000000e+03
1.381000000000000000e+03
1.406000000000000000e+03
1.419000000000000000e+03
1.443000000000000000e+03
1.472000000000000000e+03
1.484000000000000000e+03
1.516000000000000000e+03
1.548000000000000000e+03
1.586000000000000000e+03
1.640000000000000000e+03
1.640000000000000000e+03
1.726000000000000000e+03
1.789000000000000000e+03
1.856000000000000000e+03
1.894000000000000000e+03
1.987000000000000000e+03
2.078000000000000000e+03
2.126000000000000000e+03
2.160000000000000000e+03
2.199000000000000000e+03
2.258000000000000000e+03
2.322000000000000000e+03
2.361000000000000000e+03
2.361000000000000000e+03
2.506000000000000000e+03
2.560000000000000000e+03
2.612000000000000000e+03
2.659000000000000000e+03
2.724000000000000000e+03
2.803000000000000000e+03
2.876000000000000000e+03
2.933000000000000000e+03
3.005000000000000000e+03
3.057000000000000000e+03
3.110000000000000000e+03
3.159000000000000000e+03
3.208000000000000000e+03
3.208000000000000000e+03
3.323000000000000000e+03
3.403000000000000000e+03
3.437000000000000000e+03
3.465000000000000000e+03
3.465000000000000000e+03
3.500000000000000000e+03
3.634000000000000000e+03
3.706000000000000000e+03
3.747000000000000000e+03
3.819000000000000000e+03
3.877000000000000000e+03
3.924000000000000000e+03
3.969000000000000000e+03
3.998000000000000000e+03
4.058000000000000000e+03
4.105000000000000000e+03
4.132000000000000000e+03
4.156000000000000000e+03
4.204000000000000000e+03
4.225000000000000000e+03
4.249000000000000000e+03
4.267000000000000000e+03
4.308000000000000000e+03
4.321000000000000000e+03
4.353000000000000000e+03
4.353000000000000000e+03
4.407000000000000000e+03
4.433000000000000000e+03
4.474000000000000000e+03
4.489000000000000000e+03
4.516000000000000000e+03
4.517000000000000000e+03
4.537000000000000000e+03
4.548000000000000000e+03
4.565000000000000000e+03
4.575000000000000000e+03
4.589000000000000000e+03
4.598000000000000000e+03
4.612000000000000000e+03
4.621000000000000000e+03
4.643000000000000000e+03
4.656000000000000000e+03
4.665000000000000000e+03
4.678000000000000000e+03
4.690000000000000000e+03
4.695000000000000000e+03
4.702000000000000000e+03
4.706000000000000000e+03
4.715000000000000000e+03
4.718000000000000000e+03
4.725000000000000000e+03
4.733000000000000000e+03
4.733000000000000000e+03
4.740000000000000000e+03
4.740000000000000000e+03
4.740000000000000000e+03
4.740000000000000000e+03
4.740000000000000000e+03
4.740000000000000000e+03
4.740000000000000000e+03
4.740000000000000000e+03
4.740000000000000000e+03
4.740000000000000000e+03
4.740000000000000000e+03
4.740000000000000000e+03
4.740000000000000000e+03
4.822000000000000000e+03
4.828000000000000000e+03
4.835000000000000000e+03
4.848000000000000000e+03
4.853000000000000000e+03
4.853000000000000000e+03
4.857000000000000000e+03
4.860000000000000000e+03
4.865000000000000000e+03
4.870000000000000000e+03
4.904000000000000000e+03
4.906000000000000000e+03
4.911000000000000000e+03
4.918000000000000000e+03
4.918000000000000000e+03
4.928000000000000000e+03
4.939000000000000000e+03
4.939000000000000000e+03
4.964000000000000000e+03
4.972000000000000000e+03
4.972000000000000000e+03
4.987000000000000000e+03
4.987000000000000000e+03
5.001000000000000000e+03
5.001000000000000000e+03
5.021000000000000000e+03
5.021000000000000000e+03
5.028000000000000000e+03
5.041000000000000000e+03
5.041000000000000000e+03
5.048000000000000000e+03
5.052000000000000000e+03
5.058000000000000000e+03
5.062000000000000000e+03
5.072000000000000000e+03
5.074000000000000000e+03
5.081000000000000000e+03
5.081000000000000000e+03
5.081000000000000000e+03
5.113000000000000000e+03
5.116000000000000000e+03
5.116000000000000000e+03
5.131000000000000000e+03
5.131000000000000000e+03
5.140000000000000000e+03
5.141000000000000000e+03
5.143000000000000000e+03
5.143000000000000000e+03
5.158000000000000000e+03
5.191000000000000000e+03
5.204000000000000000e+03
5.220000000000000000e+03
5.224000000000000000e+03
5.226000000000000000e+03
5.228000000000000000e+03
5.229000000000000000e+03
5.251000000000000000e+03
5.261000000000000000e+03
5.286000000000000000e+03
5.286000000000000000e+03
5.286000000000000000e+03
5.310000000000000000e+03
5.313000000000000000e+03
5.319000000000000000e+03
5.322000000000000000e+03
5.324000000000000000e+03
5.325000000000000000e+03
5.326000000000000000e+03
5.326000000000000000e+03
5.330000000000000000e+03
5.333000000000000000e+03
5.339000000000000000e+03
5.348000000000000000e+03
5.356000000000000000e+03
5.361000000000000000e+03
5.364000000000000000e+03
5.369000000000000000e+03
5.383000000000000000e+03
5.383000000000000000e+03
5.389000000000000000e+03
5.398000000000000000e+03
5.406000000000000000e+03
5.406000000000000000e+03
5.410000000000000000e+03
5.410000000000000000e+03
5.410000000000000000e+03
5.410000000000000000e+03
5.415000000000000000e+03
5.416000000000000000e+03
5.431000000000000000e+03
5.438000000000000000e+03
5.439000000000000000e+03
5.439000000000000000e+03
5.440000000000000000e+03
5.440000000000000000e+03
5.444000000000000000e+03
5.446000000000000000e+03
5.446000000000000000e+03
5.446000000000000000e+03
5.452000000000000000e+03
5.452000000000000000e+03
5.455000000000000000e+03
5.457000000000000000e+03
5.459000000000000000e+03
5.469000000000000000e+03
5.469000000000000000e+03
5.469000000000000000e+03
5.469000000000000000e+03
5.472000000000000000e+03
5.475000000000000000e+03
5.478000000000000000e+03
5.478000000000000000e+03
5.479000000000000000e+03
5.480000000000000000e+03
5.488000000000000000e+03
5.489000000000000000e+03
5.492000000000000000e+03
5.492000000000000000e+03
5.498000000000000000e+03
5.506000000000000000e+03
5.515000000000000000e+03
5.519000000000000000e+03
5.526000000000000000e+03
5.529000000000000000e+03
5.532000000000000000e+03
5.538000000000000000e+03
5.538000000000000000e+03
5.538000000000000000e+03
5.546000000000000000e+03
5.551000000000000000e+03
5.555000000000000000e+03
5.564000000000000000e+03
5.573000000000000000e+03
5.587000000000000000e+03
5.590000000000000000e+03
5.594000000000000000e+03
5.594000000000000000e+03
5.594000000000000000e+03
5.596000000000000000e+03
5.598000000000000000e+03
5.599000000000000000e+03
5.600000000000000000e+03
5.600000000000000000e+03
5.604000000000000000e+03
5.607000000000000000e+03
5.616000000000000000e+03
5.623000000000000000e+03
5.637000000000000000e+03
