0.000000000000000000e+00
0.000000000000000000e+00
0.000000000000000000e+00
0.000000000000000000e+00
0.000000000000000000e+00
0.000000000000000000e+00
0.000000000000000000e+00
0.000000000000000000e+00
0.000000000000000000e+00
0.000000000000000000e+00
0.000000000000000000e+00
0.000000000000000000e+00
0.000000000000000000e+00
0.000000000000000000e+00
0.000000000000000000e+00
0.000000000000000000e+00
0.000000000000000000e+00
0.000000000000000000e+00
0.000000000000000000e+00
0.000000000000000000e+00
0.000000000000000000e+00
0.000000000000000000e+00
0.000000000000000000e+00
0.000000000000000000e+00
0.000000000000000000e+00
0.000000000000000000e+00
0.000000000000000000e+00
0.000000000000000000e+00
0.000000000000000000e+00
0.000000000000000000e+00
0.000000000000000000e+00
0.000000000000000000e+00
0.000000000000000000e+00
0.000000000000000000e+00
0.000000000000000000e+00
0.000000000000000000e+00
0.000000000000000000e+00
1.000000000000000000e+00
1.000000000000000000e+00
3.000000000000000000e+00
6.000000000000000000e+00
1.100000000000000000e+01
2.600000000000000000e+01
3.400000000000000000e+01
4.300000000000000000e+01
5.000000000000000000e+01
5.000000000000000000e+01
5.800000000000000000e+01
6.900000000000000000e+01
8.500000000000000000e+01
1.030000000000000000e+02
1.340000000000000000e+02
1.560000000000000000e+02
1.710000000000000000e+02
1.800000000000000000e+02
2.200000000000000000e+02
2.500000000000000000e+02
3.300000000000000000e+02
4.090000000000000000e+02
4.730000000000000000e+02
5.680000000000000000e+02
5.880000000000000000e+02
6.480000000000000000e+02
7.370000000000000000e+02
8.020000000000000000e+02
8.900000000000000000e+02
9.630000000000000000e+02
1.020000000000000000e+03
1.086000000000000000e+03
1.135000000000000000e+03
1.220000000000000000e+03
1.319000000000000000e+03
1.364000000000000000e+03
1.417000000000000000e+03
1.486000000000000000e+03
1.562000000000000000e+03
1.586000000000000000e+03
1.616000000000000000e+03
1.648000000000000000e+03
1.675000000000000000e+03
1.689000000000000000e+03
1.701000000000000000e+03
1.711000000000000000e+03
1.720000000000000000e+03
1.727000000000000000e+03
1.739000000000000000e+03
1.754000000000000000e+03
1.760000000000000000e+03
1.771000000000000000e+03
1.773000000000000000e+03
1.778000000000000000e+03
1.785000000000000000e+03
1.789000000000000000e+03
1.789000000000000000e+03
1.790000000000000000e+03
1.792000000000000000e+03
1.792000000000000000e+03
1.795000000000000000e+03
1.797000000000000000e+03
1.797000000000000000e+03
1.798000000000000000e+03
1.798000000000000000e+03
1.799000000000000000e+03
1.799000000000000000e+03
1.799000000000000000e+03
1.799000000000000000e+03
1.801000000000000000e+03
1.801000000000000000e+03
1.801000000000000000e+03
1.801000000000000000e+03
1.801000000000000000e+03
1.801000000000000000e+03
1.802000000000000000e+03
1.802000000000000000e+03
1.802000000000000000e+03
1.802000000000000000e+03
1.802000000000000000e+03
1.802000000000000000e+03
1.802000000000000000e+03
1.803000000000000000e+03
1.803000000000000000e+03
1.803000000000000000e+03
1.804000000000000000e+03
1.804000000000000000e+03
1.804000000000000000e+03
1.804000000000000000e+03
1.805000000000000000e+03
1.805000000000000000e+03
1.805000000000000000e+03
1.806000000000000000e+03
1.806000000000000000e+03
1.806000000000000000e+03
1.806000000000000000e+03
1.806000000000000000e+03
1.806000000000000000e+03
1.806000000000000000e+03
1.806000000000000000e+03
1.807000000000000000e+03
1.807000000000000000e+03
1.807000000000000000e+03
1.807000000000000000e+03
1.807000000000000000e+03
1.807000000000000000e+03
1.808000000000000000e+03
1.810000000000000000e+03
1.811000000000000000e+03
1.812000000000000000e+03
1.812000000000000000e+03
1.814000000000000000e+03
1.815000000000000000e+03
1.815000000000000000e+03
1.815000000000000000e+03
1.815000000000000000e+03
1.815000000000000000e+03
1.817000000000000000e+03
1.818000000000000000e+03
1.820000000000000000e+03
1.820000000000000000e+03
1.821000000000000000e+03
1.822000000000000000e+03
1.824000000000000000e+03
1.825000000000000000e+03
1.830000000000000000e+03
1.830000000000000000e+03
1.830000000000000000e+03
1.830000000000000000e+03
1.832000000000000000e+03
1.833000000000000000e+03
1.833000000000000000e+03
1.833000000000000000e+03
1.833000000000000000e+03
1.833000000000000000e+03
1.833000000000000000e+03
1.833000000000000000e+03
1.835000000000000000e+03
1.835000000000000000e+03
1.836000000000000000e+03
1.836000000000000000e+03
1.838000000000000000e+03
1.839000000000000000e+03
1.839000000000000000e+03
1.839000000000000000e+03
1.840000000000000000e+03
1.841000000000000000e+03
1.843000000000000000e+03
1.843000000000000000e+03
1.847000000000000000e+03
1.854000000000000000e+03
1.857000000000000000e+03
1.861000000000000000e+03
1.872000000000000000e+03
1.885000000000000000e+03
1.893000000000000000e+03
1.907000000000000000e+03
1.915000000000000000e+03
1.918000000000000000e+03
1.926000000000000000e+03
1.932000000000000000e+03
1.952000000000000000e+03
1.955000000000000000e+03
1.958000000000000000e+03
1.962000000000000000e+03
1.968000000000000000e+03
1.972000000000000000e+03
1.976000000000000000e+03
1.983000000000000000e+03
1.999000000000000000e+03
2.011000000000000000e+03
2.014000000000000000e+03
2.027000000000000000e+03
2.035000000000000000e+03
2.040000000000000000e+03
2.050000000000000000e+03
2.058000000000000000e+03
2.064000000000000000e+03
2.073000000000000000e+03
2.077000000000000000e+03
2.082000000000000000e+03
2.087000000000000000e+03
2.092000000000000000e+03
2.100000000000000000e+03
2.105000000000000000e+03
2.107000000000000000e+03
2.116000000000000000e+03
2.121000000000000000e+03
2.128000000000000000e+03
2.135000000000000000e+03
2.136000000000000000e+03
2.141000000000000000e+03
2.143000000000000000e+03
2.150000000000000000e+03
2.153000000000000000e+03
2.157000000000000000e+03
2.161000000000000000e+03
2.162000000000000000e+03
2.165000000000000000e+03
2.168000000000000000e+03
2.174000000000000000e+03
2.189000000000000000e+03
2.206000000000000000e+03
2.230000000000000000e+03
2.307000000000000000e+03
2.307000000000000000e+03
2.377000000000000000e+03
2.419000000000000000e+03
2.476000000000000000e+03
2.512000000000000000e+03
2.561000000000000000e+03
2.601000000000000000e+03
2.623000000000000000e+03
2.663000000000000000e+03
2.695000000000000000e+03
2.728000000000000000e+03
2.769000000000000000e+03
2.809000000000000000e+03
2.872000000000000000e+03
2.921000000000000000e+03
2.980000000000000000e+03
3.081000000000000000e+03
3.172000000000000000e+03
3.267000000000000000e+03
3.373000000000000000e+03
3.460000000000000000e+03
3.526000000000000000e+03
3.582000000000000000e+03
3.668000000000000000e+03
3.757000000000000000e+03
3.837000000000000000e+03
3.929000000000000000e+03
3.998000000000000000e+03
4.055000000000000000e+03
4.101000000000000000e+03
4.193000000000000000e+03
4.230000000000000000e+03
4.268000000000000000e+03
4.308000000000000000e+03
4.394000000000000000e+03
4.448000000000000000e+03
4.504000000000000000e+03
4.574000000000000000e+03
4.671000000000000000e+03
4.719000000000000000e+03
4.797000000000000000e+03
4.865000000000000000e+03
4.890000000000000000e+03
4.931000000000000000e+03
4.957000000000000000e+03
4.989000000000000000e+03
5.017000000000000000e+03
5.039000000000000000e+03
5.063000000000000000e+03
5.078000000000000000e+03
5.101000000000000000e+03
5.114000000000000000e+03
5.142000000000000000e+03
5.160000000000000000e+03
5.170000000000000000e+03
5.186000000000000000e+03
5.189000000000000000e+03
5.205000000000000000e+03
5.215000000000000000e+03
5.226000000000000000e+03
5.231000000000000000e+03
5.251000000000000000e+03
5.269000000000000000e+03
5.277000000000000000e+03
5.289000000000000000e+03
5.298000000000000000e+03
5.312000000000000000e+03
5.323000000000000000e+03
5.346000000000000000e+03
5.371000000000000000e+03
5.381000000000000000e+03
5.392000000000000000e+03
5.413000000000000000e+03
5.413000000000000000e+03
5.448000000000000000e+03
5.462000000000000000e+03
5.476000000000000000e+03
5.482000000000000000e+03
5.496000000000000000e+03
5.506000000000000000e+03
5.516000000000000000e+03
5.524000000000000000e+03
5.539000000000000000e+03
5.552000000000000000e+03
5.557000000000000000e+03
5.564000000000000000e+03
5.571000000000000000e+03
5.578000000000000000e+03
5.588000000000000000e+03
5.604000000000000000e+03
5.621000000000000000e+03
5.642000000000000000e+03
5.656000000000000000e+03
5.667000000000000000e+03
5.683000000000000000e+03
5.683000000000000000e+03
5.683000000000000000e+03
5.683000000000000000e+03
5.683000000000000000e+03
5.726000000000000000e+03
5.736000000000000000e+03
5.754000000000000000e+03
5.754000000000000000e+03
5.754000000000000000e+03
5.754000000000000000e+03
5.754000000000000000e+03
5.795000000000000000e+03
5.811000000000000000e+03
5.832000000000000000e+03
5.845000000000000000e+03
5.867000000000000000e+03
5.880000000000000000e+03
5.890000000000000000e+03
5.898000000000000000e+03
5.912000000000000000e+03
5.935000000000000000e+03
5.948000000000000000e+03
5.956000000000000000e+03
5.956000000000000000e+03
5.956000000000000000e+03
5.970000000000000000e+03
5.970000000000000000e+03
5.975000000000000000e+03
5.981000000000000000e+03
5.981000000000000000e+03
5.981000000000000000e+03
5.981000000000000000e+03
5.990000000000000000e+03
5.992000000000000000e+03
6.000000000000000000e+03
6.001000000000000000e+03
6.002000000000000000e+03
6.002000000000000000e+03
6.002000000000000000e+03
6.009000000000000000e+03
6.011000000000000000e+03
6.013000000000000000e+03
6.016000000000000000e+03
6.021000000000000000e+03
6.021000000000000000e+03
6.021000000000000000e+03
6.020000000000000000e+03
6.025000000000000000e+03
6.026000000000000000e+03
6.026000000000000000e+03
6.033000000000000000e+03
6.033000000000000000e+03
6.033000000000000000e+03
6.039000000000000000e+03
6.039000000000000000e+03
6.044000000000000000e+03
6.044000000000000000e+03
6.045000000000000000e+03
6.045000000000000000e+03
6.045000000000000000e+03
6.049000000000000000e+03
6.049000000000000000e+03
6.049000000000000000e+03
6.049000000000000000e+03
6.049000000000000000e+03
6.049000000000000000e+03
6.049000000000000000e+03
6.054000000000000000e+03
6.055000000000000000e+03
6.058000000000000000e+03
6.058000000000000000e+03
6.059000000000000000e+03
6.059000000000000000e+03
6.059000000000000000e+03
6.064000000000000000e+03
6.067000000000000000e+03
6.069000000000000000e+03
6.070000000000000000e+03
6.072000000000000000e+03
6.072000000000000000e+03
6.072000000000000000e+03
6.083000000000000000e+03
6.087000000000000000e+03
6.089000000000000000e+03
6.091000000000000000e+03
6.097000000000000000e+03
6.097000000000000000e+03
6.097000000000000000e+03
6.119000000000000000e+03
6.122000000000000000e+03
6.144000000000000000e+03
6.158000000000000000e+03
6.163000000000000000e+03
6.163000000000000000e+03
6.163000000000000000e+03
6.183000000000000000e+03
6.194000000000000000e+03
6.205000000000000000e+03
6.205000000000000000e+03
6.205000000000000000e+03
6.225000000000000000e+03
6.225000000000000000e+03
6.225000000000000000e+03
6.241000000000000000e+03
6.251000000000000000e+03
6.256000000000000000e+03
6.258000000000000000e+03
6.258000000000000000e+03
6.258000000000000000e+03
6.267000000000000000e+03
6.274000000000000000e+03
6.275000000000000000e+03
6.279000000000000000e+03
6.286000000000000000e+03
6.286000000000000000e+03
6.286000000000000000e+03
6.329000000000000000e+03
6.350000000000000000e+03
6.362000000000000000e+03
6.379000000000000000e+03
6.390000000000000000e+03
6.390000000000000000e+03
6.390000000000000000e+03
6.429000000000000000e+03
6.447000000000000000e+03
6.456000000000000000e+03
6.466000000000000000e+03
6.472000000000000000e+03
6.472000000000000000e+03
6.472000000000000000e+03
6.483000000000000000e+03
6.491000000000000000e+03
6.497000000000000000e+03
6.500000000000000000e+03
6.506000000000000000e+03
6.506000000000000000e+03
6.506000000000000000e+03
6.519000000000000000e+03
6.522000000000000000e+03
6.526000000000000000e+03
6.526000000000000000e+03
6.537000000000000000e+03
6.537000000000000000e+03
6.537000000000000000e+03
6.548000000000000000e+03
6.549000000000000000e+03
6.551000000000000000e+03
6.555000000000000000e+03
6.555000000000000000e+03
6.555000000000000000e+03
6.556000000000000000e+03
6.556000000000000000e+03
6.556000000000000000e+03
6.560000000000000000e+03
6.564000000000000000e+03
6.564000000000000000e+03
6.576000000000000000e+03
6.576000000000000000e+03
6.576000000000000000e+03
6.576000000000000000e+03
6.586000000000000000e+03
6.590000000000000000e+03
6.595000000000000000e+03
6.597000000000000000e+03
6.604000000000000000e+03
6.604000000000000000e+03
6.604000000000000000e+03
6.612000000000000000e+03
6.612000000000000000e+03
6.616000000000000000e+03
6.616000000000000000e+03
6.616000000000000000e+03
6.616000000000000000e+03
6.621000000000000000e+03
6.621000000000000000e+03
6.622000000000000000e+03
6.622000000000000000e+03
6.627000000000000000e+03
6.627000000000000000e+03
6.627000000000000000e+03
6.630000000000000000e+03
6.630000000000000000e+03
6.630000000000000000e+03
6.630000000000000000e+03
6.637000000000000000e+03
6.637000000000000000e+03
6.637000000000000000e+03
6.649000000000000000e+03
6.649000000000000000e+03
6.649000000000000000e+03
6.649000000000000000e+03
6.654000000000000000e+03
6.654000000000000000e+03
6.654000000000000000e+03
6.654000000000000000e+03
6.664000000000000000e+03
6.664000000000000000e+03
6.664000000000000000e+03
6.675000000000000000e+03
6.675000000000000000e+03
6.675000000000000000e+03
6.675000000000000000e+03
6.675000000000000000e+03
6.675000000000000000e+03
6.675000000000000000e+03
6.718000000000000000e+03
6.718000000000000000e+03
6.718000000000000000e+03
6.832000000000000000e+03
6.897000000000000000e+03
6.967000000000000000e+03
7.054000000000000000e+03
7.148000000000000000e+03
7.233000000000000000e+03
7.304000000000000000e+03
7.428000000000000000e+03
7.545000000000000000e+03
7.676000000000000000e+03
7.801000000000000000e+03
7.959000000000000000e+03
8.051000000000000000e+03
