0.000000000000000000e+00
2.000000000000000000e+00
2.000000000000000000e+00
2.000000000000000000e+00
2.000000000000000000e+00
2.000000000000000000e+00
2.000000000000000000e+00
2.000000000000000000e+00
2.000000000000000000e+00
2.000000000000000000e+00
6.000000000000000000e+00
6.000000000000000000e+00
8.000000000000000000e+00
8.000000000000000000e+00
8.000000000000000000e+00
1.000000000000000000e+01
1.000000000000000000e+01
1.300000000000000000e+01
1.300000000000000000e+01
1.400000000000000000e+01
1.500000000000000000e+01
1.500000000000000000e+01
1.600000000000000000e+01
1.600000000000000000e+01
1.600000000000000000e+01
1.600000000000000000e+01
1.600000000000000000e+01
1.600000000000000000e+01
1.600000000000000000e+01
1.600000000000000000e+01
1.600000000000000000e+01
1.600000000000000000e+01
1.600000000000000000e+01
1.600000000000000000e+01
1.600000000000000000e+01
1.600000000000000000e+01
1.600000000000000000e+01
1.600000000000000000e+01
1.600000000000000000e+01
1.600000000000000000e+01
1.600000000000000000e+01
1.600000000000000000e+01
1.600000000000000000e+01
1.600000000000000000e+01
1.600000000000000000e+01
1.800000000000000000e+01
3.000000000000000000e+01
3.000000000000000000e+01
3.100000000000000000e+01
3.800000000000000000e+01
3.900000000000000000e+01
4.700000000000000000e+01
5.300000000000000000e+01
5.600000000000000000e+01
6.100000000000000000e+01
6.600000000000000000e+01
7.500000000000000000e+01
8.500000000000000000e+01
9.100000000000000000e+01
9.400000000000000000e+01
1.130000000000000000e+02
1.230000000000000000e+02
1.340000000000000000e+02
1.410000000000000000e+02
1.530000000000000000e+02
1.630000000000000000e+02
1.740000000000000000e+02
1.880000000000000000e+02
2.030000000000000000e+02
2.120000000000000000e+02
2.180000000000000000e+02
2.330000000000000000e+02
2.370000000000000000e+02
2.400000000000000000e+02
2.410000000000000000e+02
2.450000000000000000e+02
2.490000000000000000e+02
2.510000000000000000e+02
2.550000000000000000e+02
2.570000000000000000e+02
2.580000000000000000e+02
2.620000000000000000e+02
2.650000000000000000e+02
2.660000000000000000e+02
2.670000000000000000e+02
2.680000000000000000e+02
2.680000000000000000e+02
2.680000000000000000e+02
2.680000000000000000e+02
2.680000000000000000e+02
2.680000000000000000e+02
2.680000000000000000e+02
2.680000000000000000e+02
2.700000000000000000e+02
2.700000000000000000e+02
2.700000000000000000e+02
2.700000000000000000e+02
2.700000000000000000e+02
2.700000000000000000e+02
2.700000000000000000e+02
2.700000000000000000e+02
2.700000000000000000e+02
2.710000000000000000e+02
2.710000000000000000e+02
2.710000000000000000e+02
2.710000000000000000e+02
2.880000000000000000e+02
2.880000000000000000e+02
2.880000000000000000e+02
2.880000000000000000e+02
2.880000000000000000e+02
2.880000000000000000e+02
2.880000000000000000e+02
3.120000000000000000e+02
3.140000000000000000e+02
3.180000000000000000e+02
3.200000000000000000e+02
3.240000000000000000e+02
3.240000000000000000e+02
3.240000000000000000e+02
3.240000000000000000e+02
3.240000000000000000e+02
3.250000000000000000e+02
3.250000000000000000e+02
3.260000000000000000e+02
3.270000000000000000e+02
3.270000000000000000e+02
3.270000000000000000e+02
3.280000000000000000e+02
3.280000000000000000e+02
3.280000000000000000e+02
3.280000000000000000e+02
3.280000000000000000e+02
3.280000000000000000e+02
3.280000000000000000e+02
3.280000000000000000e+02
3.290000000000000000e+02
3.310000000000000000e+02
3.320000000000000000e+02
3.320000000000000000e+02
3.320000000000000000e+02
3.320000000000000000e+02
3.330000000000000000e+02
3.340000000000000000e+02
3.340000000000000000e+02
3.340000000000000000e+02
3.340000000000000000e+02
3.350000000000000000e+02
3.420000000000000000e+02
3.490000000000000000e+02
3.490000000000000000e+02
3.490000000000000000e+02
3.490000000000000000e+02
3.490000000000000000e+02
3.520000000000000000e+02
3.520000000000000000e+02
3.530000000000000000e+02
3.550000000000000000e+02
3.550000000000000000e+02
3.550000000000000000e+02
3.550000000000000000e+02
3.550000000000000000e+02
3.550000000000000000e+02
3.550000000000000000e+02
3.550000000000000000e+02
3.550000000000000000e+02
3.690000000000000000e+02
3.690000000000000000e+02
3.690000000000000000e+02
3.690000000000000000e+02
3.700000000000000000e+02
3.700000000000000000e+02
3.720000000000000000e+02
3.730000000000000000e+02
3.730000000000000000e+02
3.810000000000000000e+02
3.810000000000000000e+02
3.820000000000000000e+02
3.820000000000000000e+02
3.830000000000000000e+02
3.840000000000000000e+02
4.010000000000000000e+02
4.080000000000000000e+02
4.120000000000000000e+02
4.150000000000000000e+02
4.170000000000000000e+02
4.200000000000000000e+02
4.310000000000000000e+02
4.460000000000000000e+02
4.590000000000000000e+02
5.090000000000000000e+02
5.580000000000000000e+02
5.900000000000000000e+02
6.210000000000000000e+02
6.520000000000000000e+02
6.720000000000000000e+02
7.170000000000000000e+02
7.500000000000000000e+02
7.890000000000000000e+02
8.120000000000000000e+02
8.410000000000000000e+02
8.470000000000000000e+02
8.660000000000000000e+02
8.830000000000000000e+02
9.110000000000000000e+02
9.300000000000000000e+02
9.510000000000000000e+02
9.640000000000000000e+02
9.830000000000000000e+02
9.890000000000000000e+02
9.940000000000000000e+02
1.007000000000000000e+03
1.009000000000000000e+03
1.014000000000000000e+03
1.016000000000000000e+03
1.022000000000000000e+03
1.029000000000000000e+03
1.034000000000000000e+03
1.036000000000000000e+03
1.038000000000000000e+03
1.040000000000000000e+03
1.040000000000000000e+03
1.044000000000000000e+03
1.044000000000000000e+03
1.046000000000000000e+03
1.046000000000000000e+03
1.049000000000000000e+03
1.049000000000000000e+03
1.049000000000000000e+03
1.049000000000000000e+03
1.054000000000000000e+03
1.059000000000000000e+03
1.059000000000000000e+03
1.060000000000000000e+03
1.060000000000000000e+03
1.063000000000000000e+03
1.063000000000000000e+03
1.063000000000000000e+03
1.063000000000000000e+03
1.066000000000000000e+03
1.068000000000000000e+03
1.068000000000000000e+03
1.068000000000000000e+03
1.068000000000000000e+03
1.068000000000000000e+03
1.069000000000000000e+03
1.069000000000000000e+03
1.069000000000000000e+03
1.069000000000000000e+03
1.074000000000000000e+03
1.077000000000000000e+03
1.094000000000000000e+03
1.094000000000000000e+03
1.095000000000000000e+03
1.096000000000000000e+03
1.096000000000000000e+03
1.096000000000000000e+03
1.097000000000000000e+03
1.098000000000000000e+03
1.099000000000000000e+03
1.100000000000000000e+03
1.105000000000000000e+03
1.107000000000000000e+03
1.109000000000000000e+03
1.110000000000000000e+03
1.113000000000000000e+03
1.122000000000000000e+03
1.124000000000000000e+03
1.124000000000000000e+03
1.126000000000000000e+03
1.134000000000000000e+03
1.140000000000000000e+03
1.141000000000000000e+03
1.144000000000000000e+03
1.148000000000000000e+03
1.148000000000000000e+03
1.160000000000000000e+03
1.168000000000000000e+03
1.169000000000000000e+03
1.172000000000000000e+03
1.173000000000000000e+03
1.177000000000000000e+03
1.177000000000000000e+03
1.180000000000000000e+03
1.180000000000000000e+03
1.192000000000000000e+03
1.202000000000000000e+03
1.203000000000000000e+03
1.207000000000000000e+03
1.212000000000000000e+03
1.213000000000000000e+03
1.213000000000000000e+03
1.215000000000000000e+03
1.226000000000000000e+03
1.252000000000000000e+03
1.253000000000000000e+03
1.256000000000000000e+03
1.265000000000000000e+03
1.281000000000000000e+03
1.283000000000000000e+03
1.288000000000000000e+03
1.300000000000000000e+03
1.304000000000000000e+03
1.305000000000000000e+03
1.306000000000000000e+03
1.307000000000000000e+03
1.312000000000000000e+03
1.316000000000000000e+03
1.321000000000000000e+03
1.331000000000000000e+03
1.339000000000000000e+03
1.341000000000000000e+03
1.343000000000000000e+03
1.347000000000000000e+03
1.351000000000000000e+03
1.358000000000000000e+03
1.361000000000000000e+03
1.361000000000000000e+03
1.365000000000000000e+03
1.366000000000000000e+03
1.367000000000000000e+03
1.377000000000000000e+03
1.381000000000000000e+03
1.385000000000000000e+03
1.391000000000000000e+03
1.395000000000000000e+03
1.397000000000000000e+03
1.402000000000000000e+03
1.405000000000000000e+03
1.405000000000000000e+03
1.407000000000000000e+03
1.410000000000000000e+03
1.411000000000000000e+03
1.413000000000000000e+03
1.414000000000000000e+03
1.420000000000000000e+03
1.421000000000000000e+03
1.432000000000000000e+03
1.439000000000000000e+03
1.440000000000000000e+03
1.441000000000000000e+03
1.451000000000000000e+03
1.454000000000000000e+03
1.456000000000000000e+03
1.465000000000000000e+03
1.474000000000000000e+03
1.482000000000000000e+03
1.494000000000000000e+03
1.497000000000000000e+03
1.504000000000000000e+03
1.505000000000000000e+03
1.509000000000000000e+03
1.512000000000000000e+03
1.513000000000000000e+03
1.514000000000000000e+03
1.515000000000000000e+03
1.520000000000000000e+03
1.521000000000000000e+03
1.531000000000000000e+03
1.536000000000000000e+03
1.537000000000000000e+03
1.537000000000000000e+03
1.539000000000000000e+03
1.540000000000000000e+03
1.544000000000000000e+03
1.546000000000000000e+03
1.548000000000000000e+03
1.548000000000000000e+03
1.548000000000000000e+03
1.549000000000000000e+03
1.551000000000000000e+03
1.553000000000000000e+03
1.651000000000000000e+03
1.657000000000000000e+03
1.767000000000000000e+03
1.817000000000000000e+03
1.850000000000000000e+03
1.882000000000000000e+03
1.948000000000000000e+03
1.957000000000000000e+03
1.976000000000000000e+03
1.985000000000000000e+03
2.001000000000000000e+03
2.050000000000000000e+03
2.064000000000000000e+03
2.091000000000000000e+03
2.140000000000000000e+03
2.142000000000000000e+03
2.195000000000000000e+03
2.228000000000000000e+03
2.269000000000000000e+03
2.311000000000000000e+03
2.329000000000000000e+03
2.347000000000000000e+03
2.362000000000000000e+03
2.368000000000000000e+03
2.383000000000000000e+03
2.392000000000000000e+03
2.403000000000000000e+03
2.412000000000000000e+03
2.421000000000000000e+03
2.426000000000000000e+03
2.432000000000000000e+03
2.448000000000000000e+03
2.448000000000000000e+03
2.475000000000000000e+03
2.482000000000000000e+03
2.488000000000000000e+03
2.494000000000000000e+03
2.501000000000000000e+03
2.512000000000000000e+03
2.524000000000000000e+03
2.526000000000000000e+03
2.529000000000000000e+03
2.533000000000000000e+03
2.550000000000000000e+03
2.553000000000000000e+03
2.554000000000000000e+03
2.557000000000000000e+03
2.560000000000000000e+03
2.567000000000000000e+03
2.570000000000000000e+03
2.571000000000000000e+03
2.572000000000000000e+03
2.572000000000000000e+03
2.575000000000000000e+03
2.575000000000000000e+03
2.576000000000000000e+03
2.579000000000000000e+03
2.586000000000000000e+03
2.586000000000000000e+03
2.591000000000000000e+03
2.594000000000000000e+03
2.594000000000000000e+03
2.603000000000000000e+03
2.617000000000000000e+03
2.620000000000000000e+03
2.626000000000000000e+03
2.631000000000000000e+03
2.637000000000000000e+03
2.648000000000000000e+03
2.659000000000000000e+03
2.668000000000000000e+03
2.683000000000000000e+03
2.692000000000000000e+03
2.693000000000000000e+03
2.705000000000000000e+03
2.714000000000000000e+03
2.733000000000000000e+03
2.758000000000000000e+03
2.772000000000000000e+03
2.781000000000000000e+03
2.785000000000000000e+03
2.791000000000000000e+03
2.800000000000000000e+03
2.812000000000000000e+03
2.824000000000000000e+03
2.830000000000000000e+03
2.833000000000000000e+03
2.843000000000000000e+03
2.852000000000000000e+03
2.857000000000000000e+03
2.865000000000000000e+03
2.910000000000000000e+03
2.928000000000000000e+03
2.942000000000000000e+03
2.962000000000000000e+03
2.985000000000000000e+03
2.995000000000000000e+03
3.030000000000000000e+03
3.090000000000000000e+03
3.137000000000000000e+03
3.245000000000000000e+03
3.412000000000000000e+03
3.489000000000000000e+03
3.571000000000000000e+03
3.658000000000000000e+03
3.740000000000000000e+03
3.816000000000000000e+03
4.112000000000000000e+03
4.212000000000000000e+03
4.359000000000000000e+03
4.512000000000000000e+03
4.720000000000000000e+03
4.809000000000000000e+03
4.941000000000000000e+03
5.119000000000000000e+03
5.275000000000000000e+03
5.404000000000000000e+03
5.931000000000000000e+03
6.086000000000000000e+03
6.356000000000000000e+03
6.396000000000000000e+03
6.908000000000000000e+03
7.107000000000000000e+03
7.432000000000000000e+03
7.625000000000000000e+03
7.870000000000000000e+03
8.063000000000000000e+03
8.364000000000000000e+03
8.580000000000000000e+03
8.791000000000000000e+03
9.027000000000000000e+03
9.222000000000000000e+03
9.635000000000000000e+03
9.835000000000000000e+03
1.004800000000000000e+04
1.033700000000000000e+04
1.063000000000000000e+04
1.088100000000000000e+04
1.130400000000000000e+04
1.179400000000000000e+04
1.215000000000000000e+04
1.250800000000000000e+04
1.297800000000000000e+04
1.325800000000000000e+04
1.353000000000000000e+04
1.378200000000000000e+04
1.398900000000000000e+04
1.432300000000000000e+04
1.453700000000000000e+04
1.532500000000000000e+04
1.574000000000000000e+04
1.613600000000000000e+04
1.650700000000000000e+04
1.705200000000000000e+04
1.772700000000000000e+04
1.812100000000000000e+04
1.931000000000000000e+04
2.026100000000000000e+04
2.131200000000000000e+04
2.234100000000000000e+04
2.338500000000000000e+04
2.481000000000000000e+04
2.660800000000000000e+04
2.847000000000000000e+04
3.047800000000000000e+04
3.266500000000000000e+04
3.540900000000000000e+04
3.823900000000000000e+04
4.228800000000000000e+04
4.629200000000000000e+04
5.100200000000000000e+04
5.584500000000000000e+04
6.018000000000000000e+04
6.560700000000000000e+04
7.114400000000000000e+04
7.826900000000000000e+04
8.695700000000000000e+04
9.491300000000000000e+04
1.011730000000000000e+05
1.063470000000000000e+05
1.171210000000000000e+05
1.236400000000000000e+05
1.334050000000000000e+05
1.411220000000000000e+05
1.500600000000000000e+05
1.575070000000000000e+05
