0.000000000000000000e+00
2.000000000000000000e+00
0.000000000000000000e+00
0.000000000000000000e+00
0.000000000000000000e+00
0.000000000000000000e+00
0.000000000000000000e+00
0.000000000000000000e+00
0.000000000000000000e+00
0.000000000000000000e+00
4.000000000000000000e+00
0.000000000000000000e+00
2.000000000000000000e+00
0.000000000000000000e+00
0.000000000000000000e+00
2.000000000000000000e+00
0.000000000000000000e+00
3.000000000000000000e+00
0.000000000000000000e+00
1.000000000000000000e+00
1.000000000000000000e+00
0.000000000000000000e+00
1.000000000000000000e+00
0.000000000000000000e+00
0.000000000000000000e+00
0.000000000000000000e+00
0.000000000000000000e+00
0.000000000000000000e+00
0.000000000000000000e+00
0.000000000000000000e+00
0.000000000000000000e+00
0.000000000000000000e+00
0.000000000000000000e+00
0.000000000000000000e+00
0.000000000000000000e+00
0.000000000000000000e+00
0.000000000000000000e+00
0.000000000000000000e+00
0.000000000000000000e+00
0.000000000000000000e+00
0.000000000000000000e+00
0.000000000000000000e+00
0.000000000000000000e+00
0.000000000000000000e+00
0.000000000000000000e+00
2.000000000000000000e+00
1.200000000000000000e+01
0.000000000000000000e+00
1.000000000000000000e+00
7.000000000000000000e+00
1.000000000000000000e+00
8.000000000000000000e+00
6.000000000000000000e+00
3.000000000000000000e+00
5.000000000000000000e+00
5.000000000000000000e+00
9.000000000000000000e+00
1.000000000000000000e+01
6.000000000000000000e+00
3.000000000000000000e+00
1.900000000000000000e+01
1.000000000000000000e+01
1.100000000000000000e+01
7.000000000000000000e+00
1.200000000000000000e+01
1.000000000000000000e+01
1.100000000000000000e+01
1.400000000000000000e+01
1.500000000000000000e+01
9.000000000000000000e+00
6.000000000000000000e+00
1.500000000000000000e+01
4.000000000000000000e+00
3.000000000000000000e+00
1.000000000000000000e+00
4.000000000000000000e+00
4.000000000000000000e+00
2.000000000000000000e+00
4.000000000000000000e+00
2.000000000000000000e+00
1.000000000000000000e+00
4.000000000000000000e+00
3.000000000000000000e+00
1.000000000000000000e+00
1.000000000000000000e+00
1.000000000000000000e+00
0.000000000000000000e+00
0.000000000000000000e+00
0.000000000000000000e+00
0.000000000000000000e+00
0.000000000000000000e+00
0.000000000000000000e+00
0.000000000000000000e+00
2.000000000000000000e+00
0.000000000000000000e+00
0.000000000000000000e+00
0.000000000000000000e+00
0.000000000000000000e+00
0.000000000000000000e+00
0.000000000000000000e+00
0.000000000000000000e+00
0.000000000000000000e+00
1.000000000000000000e+00
0.000000000000000000e+00
0.000000000000000000e+00
0.000000000000000000e+00
1.700000000000000000e+01
0.000000000000000000e+00
0.000000000000000000e+00
0.000000000000000000e+00
0.000000000000000000e+00
0.000000000000000000e+00
0.000000000000000000e+00
2.400000000000000000e+01
2.000000000000000000e+00
4.000000000000000000e+00
2.000000000000000000e+00
4.000000000000000000e+00
0.000000000000000000e+00
0.000000000000000000e+00
0.000000000000000000e+00
0.000000000000000000e+00
1.000000000000000000e+00
0.000000000000000000e+00
1.000000000000000000e+00
1.000000000000000000e+00
0.000000000000000000e+00
0.000000000000000000e+00
1.000000000000000000e+00
0.000000000000000000e+00
0.000000000000000000e+00
0.000000000000000000e+00
0.000000000000000000e+00
0.000000000000000000e+00
0.000000000000000000e+00
0.000000000000000000e+00
1.000000000000000000e+00
2.000000000000000000e+00
1.000000000000000000e+00
0.000000000000000000e+00
0.000000000000000000e+00
0.000000000000000000e+00
1.000000000000000000e+00
1.000000000000000000e+00
0.000000000000000000e+00
0.000000000000000000e+00
0.000000000000000000e+00
1.000000000000000000e+00
7.000000000000000000e+00
7.000000000000000000e+00
0.000000000000000000e+00
0.000000000000000000e+00
0.000000000000000000e+00
0.000000000000000000e+00
3.000000000000000000e+00
0.000000000000000000e+00
1.000000000000000000e+00
2.000000000000000000e+00
0.000000000000000000e+00
0.000000000000000000e+00
0.000000000000000000e+00
0.000000000000000000e+00
0.000000000000000000e+00
0.000000000000000000e+00
0.000000000000000000e+00
0.000000000000000000e+00
1.400000000000000000e+01
0.000000000000000000e+00
0.000000000000000000e+00
0.000000000000000000e+00
1.000000000000000000e+00
0.000000000000000000e+00
2.000000000000000000e+00
1.000000000000000000e+00
0.000000000000000000e+00
8.000000000000000000e+00
0.000000000000000000e+00
1.000000000000000000e+00
0.000000000000000000e+00
1.000000000000000000e+00
1.000000000000000000e+00
1.700000000000000000e+01
7.000000000000000000e+00
4.000000000000000000e+00
3.000000000000000000e+00
2.000000000000000000e+00
3.000000000000000000e+00
1.100000000000000000e+01
1.500000000000000000e+01
1.300000000000000000e+01
5.000000000000000000e+01
4.900000000000000000e+01
3.200000000000000000e+01
3.100000000000000000e+01
3.100000000000000000e+01
2.000000000000000000e+01
4.500000000000000000e+01
3.300000000000000000e+01
3.900000000000000000e+01
2.300000000000000000e+01
2.900000000000000000e+01
6.000000000000000000e+00
1.900000000000000000e+01
1.700000000000000000e+01
2.800000000000000000e+01
1.900000000000000000e+01
2.100000000000000000e+01
1.300000000000000000e+01
1.900000000000000000e+01
6.000000000000000000e+00
5.000000000000000000e+00
1.300000000000000000e+01
2.000000000000000000e+00
5.000000000000000000e+00
2.000000000000000000e+00
6.000000000000000000e+00
7.000000000000000000e+00
5.000000000000000000e+00
2.000000000000000000e+00
2.000000000000000000e+00
2.000000000000000000e+00
0.000000000000000000e+00
4.000000000000000000e+00
0.000000000000000000e+00
2.000000000000000000e+00
0.000000000000000000e+00
3.000000000000000000e+00
0.000000000000000000e+00
0.000000000000000000e+00
0.000000000000000000e+00
5.000000000000000000e+00
5.000000000000000000e+00
0.000000000000000000e+00
1.000000000000000000e+00
0.000000000000000000e+00
3.000000000000000000e+00
0.000000000000000000e+00
0.000000000000000000e+00
0.000000000000000000e+00
3.000000000000000000e+00
2.000000000000000000e+00
0.000000000000000000e+00
0.000000000000000000e+00
0.000000000000000000e+00
0.000000000000000000e+00
1.000000000000000000e+00
0.000000000000000000e+00
0.000000000000000000e+00
0.000000000000000000e+00
5.000000000000000000e+00
3.000000000000000000e+00
1.700000000000000000e+01
0.000000000000000000e+00
1.000000000000000000e+00
1.000000000000000000e+00
0.000000000000000000e+00
0.000000000000000000e+00
1.000000000000000000e+00
1.000000000000000000e+00
1.000000000000000000e+00
1.000000000000000000e+00
5.000000000000000000e+00
2.000000000000000000e+00
2.000000000000000000e+00
1.000000000000000000e+00
3.000000000000000000e+00
9.000000000000000000e+00
2.000000000000000000e+00
0.000000000000000000e+00
2.000000000000000000e+00
8.000000000000000000e+00
6.000000000000000000e+00
1.000000000000000000e+00
3.000000000000000000e+00
4.000000000000000000e+00
0.000000000000000000e+00
1.200000000000000000e+01
8.000000000000000000e+00
1.000000000000000000e+00
3.000000000000000000e+00
1.000000000000000000e+00
4.000000000000000000e+00
0.000000000000000000e+00
3.000000000000000000e+00
0.000000000000000000e+00
1.200000000000000000e+01
1.000000000000000000e+01
1.000000000000000000e+00
4.000000000000000000e+00
5.000000000000000000e+00
1.000000000000000000e+00
0.000000000000000000e+00
2.000000000000000000e+00
1.100000000000000000e+01
2.600000000000000000e+01
1.000000000000000000e+00
3.000000000000000000e+00
9.000000000000000000e+00
1.600000000000000000e+01
2.000000000000000000e+00
5.000000000000000000e+00
1.200000000000000000e+01
4.000000000000000000e+00
1.000000000000000000e+00
1.000000000000000000e+00
1.000000000000000000e+00
5.000000000000000000e+00
4.000000000000000000e+00
5.000000000000000000e+00
1.000000000000000000e+01
8.000000000000000000e+00
2.000000000000000000e+00
2.000000000000000000e+00
4.000000000000000000e+00
4.000000000000000000e+00
7.000000000000000000e+00
3.000000000000000000e+00
0.000000000000000000e+00
4.000000000000000000e+00
1.000000000000000000e+00
1.000000000000000000e+00
1.000000000000000000e+01
4.000000000000000000e+00
4.000000000000000000e+00
6.000000000000000000e+00
4.000000000000000000e+00
2.000000000000000000e+00
5.000000000000000000e+00
3.000000000000000000e+00
0.000000000000000000e+00
2.000000000000000000e+00
3.000000000000000000e+00
1.000000000000000000e+00
2.000000000000000000e+00
1.000000000000000000e+00
6.000000000000000000e+00
1.000000000000000000e+00
1.100000000000000000e+01
7.000000000000000000e+00
1.000000000000000000e+00
1.000000000000000000e+00
1.000000000000000000e+01
3.000000000000000000e+00
2.000000000000000000e+00
9.000000000000000000e+00
9.000000000000000000e+00
8.000000000000000000e+00
1.200000000000000000e+01
3.000000000000000000e+00
7.000000000000000000e+00
1.000000000000000000e+00
4.000000000000000000e+00
3.000000000000000000e+00
1.000000000000000000e+00
1.000000000000000000e+00
1.000000000000000000e+00
5.000000000000000000e+00
1.000000000000000000e+00
1.000000000000000000e+01
5.000000000000000000e+00
1.000000000000000000e+00
0.000000000000000000e+00
2.000000000000000000e+00
1.000000000000000000e+00
4.000000000000000000e+00
2.000000000000000000e+00
2.000000000000000000e+00
0.000000000000000000e+00
0.000000000000000000e+00
1.000000000000000000e+00
2.000000000000000000e+00
2.000000000000000000e+00
9.800000000000000000e+01
6.000000000000000000e+00
1.100000000000000000e+02
5.000000000000000000e+01
3.300000000000000000e+01
3.200000000000000000e+01
6.600000000000000000e+01
9.000000000000000000e+00
1.900000000000000000e+01
9.000000000000000000e+00
1.600000000000000000e+01
4.900000000000000000e+01
1.400000000000000000e+01
2.700000000000000000e+01
4.900000000000000000e+01
2.000000000000000000e+00
5.300000000000000000e+01
3.300000000000000000e+01
4.100000000000000000e+01
4.200000000000000000e+01
1.800000000000000000e+01
1.800000000000000000e+01
1.500000000000000000e+01
6.000000000000000000e+00
1.500000000000000000e+01
9.000000000000000000e+00
1.100000000000000000e+01
9.000000000000000000e+00
9.000000000000000000e+00
5.000000000000000000e+00
6.000000000000000000e+00
1.600000000000000000e+01
0.000000000000000000e+00
2.700000000000000000e+01
7.000000000000000000e+00
6.000000000000000000e+00
6.000000000000000000e+00
7.000000000000000000e+00
1.100000000000000000e+01
1.200000000000000000e+01
2.000000000000000000e+00
3.000000000000000000e+00
4.000000000000000000e+00
1.700000000000000000e+01
3.000000000000000000e+00
1.000000000000000000e+00
3.000000000000000000e+00
3.000000000000000000e+00
7.000000000000000000e+00
3.000000000000000000e+00
1.000000000000000000e+00
1.000000000000000000e+00
0.000000000000000000e+00
3.000000000000000000e+00
0.000000000000000000e+00
1.000000000000000000e+00
3.000000000000000000e+00
7.000000000000000000e+00
0.000000000000000000e+00
5.000000000000000000e+00
3.000000000000000000e+00
0.000000000000000000e+00
9.000000000000000000e+00
1.400000000000000000e+01
3.000000000000000000e+00
6.000000000000000000e+00
5.000000000000000000e+00
6.000000000000000000e+00
1.100000000000000000e+01
1.100000000000000000e+01
9.000000000000000000e+00
1.500000000000000000e+01
9.000000000000000000e+00
1.000000000000000000e+00
1.200000000000000000e+01
9.000000000000000000e+00
1.900000000000000000e+01
2.500000000000000000e+01
1.400000000000000000e+01
9.000000000000000000e+00
4.000000000000000000e+00
6.000000000000000000e+00
9.000000000000000000e+00
1.200000000000000000e+01
1.200000000000000000e+01
6.000000000000000000e+00
3.000000000000000000e+00
1.000000000000000000e+01
9.000000000000000000e+00
5.000000000000000000e+00
8.000000000000000000e+00
4.500000000000000000e+01
1.800000000000000000e+01
1.400000000000000000e+01
2.000000000000000000e+01
2.300000000000000000e+01
1.000000000000000000e+01
3.500000000000000000e+01
6.000000000000000000e+01
4.700000000000000000e+01
1.080000000000000000e+02
1.670000000000000000e+02
7.700000000000000000e+01
8.200000000000000000e+01
8.700000000000000000e+01
8.200000000000000000e+01
7.600000000000000000e+01
2.960000000000000000e+02
1.000000000000000000e+02
1.470000000000000000e+02
1.530000000000000000e+02
2.080000000000000000e+02
8.900000000000000000e+01
1.320000000000000000e+02
1.780000000000000000e+02
1.560000000000000000e+02
1.290000000000000000e+02
5.270000000000000000e+02
1.550000000000000000e+02
2.700000000000000000e+02
4.000000000000000000e+01
5.120000000000000000e+02
1.990000000000000000e+02
3.250000000000000000e+02
1.930000000000000000e+02
2.450000000000000000e+02
1.930000000000000000e+02
3.010000000000000000e+02
2.160000000000000000e+02
2.110000000000000000e+02
2.360000000000000000e+02
1.950000000000000000e+02
4.130000000000000000e+02
2.000000000000000000e+02
2.130000000000000000e+02
2.890000000000000000e+02
2.930000000000000000e+02
2.510000000000000000e+02
4.230000000000000000e+02
4.900000000000000000e+02
3.560000000000000000e+02
3.580000000000000000e+02
4.700000000000000000e+02
2.800000000000000000e+02
2.720000000000000000e+02
2.520000000000000000e+02
2.070000000000000000e+02
3.340000000000000000e+02
2.140000000000000000e+02
7.880000000000000000e+02
4.150000000000000000e+02
3.960000000000000000e+02
3.710000000000000000e+02
5.450000000000000000e+02
6.750000000000000000e+02
3.940000000000000000e+02
1.189000000000000000e+03
9.510000000000000000e+02
1.051000000000000000e+03
1.029000000000000000e+03
1.044000000000000000e+03
1.425000000000000000e+03
1.798000000000000000e+03
1.862000000000000000e+03
2.008000000000000000e+03
2.187000000000000000e+03
2.744000000000000000e+03
2.830000000000000000e+03
4.049000000000000000e+03
4.004000000000000000e+03
4.710000000000000000e+03
4.843000000000000000e+03
4.335000000000000000e+03
5.427000000000000000e+03
5.537000000000000000e+03
7.125000000000000000e+03
8.688000000000000000e+03
7.956000000000000000e+03
6.260000000000000000e+03
5.174000000000000000e+03
1.077400000000000000e+04
6.519000000000000000e+03
9.765000000000000000e+03
7.717000000000000000e+03
8.938000000000000000e+03
7.447000000000000000e+03
