1.000000000000000000e+00
1.000000000000000000e+00
2.000000000000000000e+00
2.000000000000000000e+00
3.000000000000000000e+00
4.000000000000000000e+00
4.000000000000000000e+00
4.000000000000000000e+00
4.000000000000000000e+00
1.100000000000000000e+01
1.200000000000000000e+01
1.500000000000000000e+01
1.500000000000000000e+01
1.600000000000000000e+01
1.900000000000000000e+01
2.300000000000000000e+01
2.400000000000000000e+01
2.400000000000000000e+01
2.500000000000000000e+01
2.700000000000000000e+01
2.800000000000000000e+01
2.800000000000000000e+01
2.800000000000000000e+01
2.800000000000000000e+01
2.800000000000000000e+01
2.900000000000000000e+01
3.000000000000000000e+01
3.100000000000000000e+01
3.100000000000000000e+01
1.040000000000000000e+02
2.040000000000000000e+02
4.330000000000000000e+02
6.020000000000000000e+02
8.330000000000000000e+02
9.770000000000000000e+02
1.261000000000000000e+03
1.766000000000000000e+03
2.337000000000000000e+03
3.150000000000000000e+03
3.736000000000000000e+03
4.335000000000000000e+03
5.186000000000000000e+03
5.621000000000000000e+03
6.088000000000000000e+03
6.593000000000000000e+03
7.041000000000000000e+03
7.314000000000000000e+03
7.478000000000000000e+03
7.513000000000000000e+03
7.755000000000000000e+03
7.869000000000000000e+03
7.979000000000000000e+03
8.086000000000000000e+03
8.162000000000000000e+03
8.236000000000000000e+03
8.320000000000000000e+03
8.413000000000000000e+03
8.565000000000000000e+03
8.652000000000000000e+03
8.799000000000000000e+03
8.961000000000000000e+03
8.961000000000000000e+03
9.037000000000000000e+03
9.137000000000000000e+03
9.241000000000000000e+03
9.332000000000000000e+03
9.478000000000000000e+03
9.583000000000000000e+03
9.661000000000000000e+03
9.786000000000000000e+03
9.887000000000000000e+03
9.976000000000000000e+03
1.006200000000000000e+04
1.015600000000000000e+04
1.023700000000000000e+04
1.028400000000000000e+04
1.033100000000000000e+04
1.038400000000000000e+04
1.042300000000000000e+04
1.045000000000000000e+04
1.048000000000000000e+04
1.051200000000000000e+04
1.053700000000000000e+04
1.056400000000000000e+04
1.059100000000000000e+04
1.061300000000000000e+04
1.063500000000000000e+04
1.065300000000000000e+04
1.066100000000000000e+04
1.067400000000000000e+04
1.068300000000000000e+04
1.069400000000000000e+04
1.070800000000000000e+04
1.071800000000000000e+04
1.072800000000000000e+04
1.073800000000000000e+04
1.075200000000000000e+04
1.076100000000000000e+04
1.076500000000000000e+04
1.077400000000000000e+04
1.078000000000000000e+04
1.079300000000000000e+04
1.080100000000000000e+04
1.080400000000000000e+04
1.080600000000000000e+04
1.081000000000000000e+04
1.082200000000000000e+04
1.084000000000000000e+04
1.087400000000000000e+04
1.090900000000000000e+04
1.093600000000000000e+04
1.096200000000000000e+04
1.099100000000000000e+04
1.101800000000000000e+04
1.103700000000000000e+04
1.105000000000000000e+04
1.106500000000000000e+04
1.107800000000000000e+04
1.111000000000000000e+04
1.112200000000000000e+04
1.114200000000000000e+04
1.116500000000000000e+04
1.119000000000000000e+04
1.120600000000000000e+04
1.122500000000000000e+04
1.126500000000000000e+04
1.134400000000000000e+04
1.140200000000000000e+04
1.144100000000000000e+04
1.146800000000000000e+04
1.150300000000000000e+04
1.154100000000000000e+04
1.159000000000000000e+04
1.162900000000000000e+04
1.166800000000000000e+04
1.171900000000000000e+04
1.177600000000000000e+04
1.181400000000000000e+04
1.185200000000000000e+04
1.190200000000000000e+04
1.194700000000000000e+04
1.200300000000000000e+04
1.205100000000000000e+04
1.208500000000000000e+04
1.212100000000000000e+04
1.215500000000000000e+04
1.219800000000000000e+04
1.225700000000000000e+04
1.230600000000000000e+04
1.237300000000000000e+04
1.242100000000000000e+04
1.243800000000000000e+04
1.248400000000000000e+04
1.253500000000000000e+04
1.256300000000000000e+04
1.260200000000000000e+04
1.265300000000000000e+04
1.271500000000000000e+04
1.275700000000000000e+04
1.280000000000000000e+04
1.285000000000000000e+04
1.290400000000000000e+04
1.296700000000000000e+04
1.303000000000000000e+04
1.309100000000000000e+04
1.313700000000000000e+04
1.318100000000000000e+04
1.324400000000000000e+04
1.329300000000000000e+04
1.333800000000000000e+04
1.337300000000000000e+04
1.341700000000000000e+04
1.347900000000000000e+04
1.351200000000000000e+04
1.355100000000000000e+04
1.361200000000000000e+04
1.367200000000000000e+04
1.371100000000000000e+04
1.374500000000000000e+04
1.377100000000000000e+04
1.381600000000000000e+04
1.387900000000000000e+04
1.393800000000000000e+04
1.397900000000000000e+04
1.409200000000000000e+04
1.415000000000000000e+04
1.417500000000000000e+04
1.420300000000000000e+04
1.425100000000000000e+04
1.426900000000000000e+04
1.430500000000000000e+04
1.433600000000000000e+04
1.436600000000000000e+04
1.438900000000000000e+04
1.442300000000000000e+04
1.445600000000000000e+04
1.449900000000000000e+04
1.451900000000000000e+04
1.456200000000000000e+04
1.459800000000000000e+04
1.462600000000000000e+04
1.466000000000000000e+04
1.471400000000000000e+04
1.477000000000000000e+04
1.487300000000000000e+04
1.503900000000000000e+04
1.531800000000000000e+04
1.551500000000000000e+04
1.576100000000000000e+04
1.605800000000000000e+04
1.634600000000000000e+04
1.667000000000000000e+04
1.700200000000000000e+04
1.739900000000000000e+04
1.766500000000000000e+04
1.794500000000000000e+04
1.826500000000000000e+04
1.870600000000000000e+04
1.907700000000000000e+04
1.940000000000000000e+04
1.969900000000000000e+04
1.994700000000000000e+04
2.018200000000000000e+04
2.044900000000000000e+04
2.064400000000000000e+04
2.084200000000000000e+04
2.101000000000000000e+04
2.117700000000000000e+04
2.129600000000000000e+04
2.143200000000000000e+04
2.158800000000000000e+04
2.174300000000000000e+04
2.191900000000000000e+04
2.205500000000000000e+04
2.217600000000000000e+04
2.228500000000000000e+04
2.239100000000000000e+04
2.250400000000000000e+04
2.265700000000000000e+04
2.278300000000000000e+04
2.289300000000000000e+04
2.297500000000000000e+04
2.304500000000000000e+04
2.310600000000000000e+04
2.321600000000000000e+04
2.334100000000000000e+04
2.345500000000000000e+04
2.351600000000000000e+04
2.361100000000000000e+04
2.366100000000000000e+04
2.369900000000000000e+04
2.381200000000000000e+04
2.388900000000000000e+04
2.395200000000000000e+04
2.402700000000000000e+04
2.409100000000000000e+04
2.416400000000000000e+04
2.423900000000000000e+04
2.435300000000000000e+04
2.442200000000000000e+04
2.447600000000000000e+04
2.454800000000000000e+04
2.460600000000000000e+04
2.470300000000000000e+04
2.480500000000000000e+04
2.488900000000000000e+04
2.498800000000000000e+04
2.503500000000000000e+04
2.510800000000000000e+04
2.519900000000000000e+04
2.527500000000000000e+04
2.533300000000000000e+04
2.542400000000000000e+04
2.554300000000000000e+04
2.569800000000000000e+04
2.577500000000000000e+04
2.583600000000000000e+04
2.595500000000000000e+04
2.604300000000000000e+04
2.614600000000000000e+04
2.627100000000000000e+04
2.638500000000000000e+04
2.651100000000000000e+04
2.663500000000000000e+04
2.673200000000000000e+04
2.680700000000000000e+04
2.692500000000000000e+04
2.705000000000000000e+04
2.719500000000000000e+04
2.728400000000000000e+04
2.742700000000000000e+04
2.755300000000000000e+04
2.765300000000000000e+04
2.779900000000000000e+04
2.794200000000000000e+04
2.813300000000000000e+04
2.833800000000000000e+04
2.854600000000000000e+04
2.876900000000000000e+04
2.899800000000000000e+04
2.931100000000000000e+04
2.965400000000000000e+04
3.001700000000000000e+04
3.040300000000000000e+04
3.073300000000000000e+04
3.100400000000000000e+04
3.135300000000000000e+04
3.173500000000000000e+04
3.231800000000000000e+04
3.288700000000000000e+04
3.337500000000000000e+04
3.382400000000000000e+04
3.420100000000000000e+04
3.465200000000000000e+04
3.516300000000000000e+04
3.570300000000000000e+04
3.633200000000000000e+04
3.691500000000000000e+04
3.754600000000000000e+04
3.816100000000000000e+04
3.875500000000000000e+04
3.943200000000000000e+04
4.009800000000000000e+04
4.078600000000000000e+04
4.173600000000000000e+04
4.276600000000000000e+04
4.348400000000000000e+04
4.436400000000000000e+04
4.544200000000000000e+04
4.645300000000000000e+04
4.751500000000000000e+04
4.857000000000000000e+04
4.966500000000000000e+04
5.059100000000000000e+04
5.146000000000000000e+04
5.255000000000000000e+04
5.353300000000000000e+04
5.477000000000000000e+04
5.590200000000000000e+04
5.687200000000000000e+04
5.768000000000000000e+04
5.872500000000000000e+04
5.977300000000000000e+04
6.074000000000000000e+04
6.176900000000000000e+04
6.259300000000000000e+04
6.324400000000000000e+04
6.426400000000000000e+04
6.497900000000000000e+04
6.581800000000000000e+04
6.668600000000000000e+04
6.735800000000000000e+04
6.799900000000000000e+04
6.866400000000000000e+04
6.911400000000000000e+04
6.965100000000000000e+04
7.021200000000000000e+04
7.072800000000000000e+04
7.124100000000000000e+04
7.182000000000000000e+04
7.234000000000000000e+04
7.272900000000000000e+04
7.311500000000000000e+04
7.351800000000000000e+04
7.391800000000000000e+04
7.426200000000000000e+04
7.469200000000000000e+04
7.508400000000000000e+04
7.552100000000000000e+04
7.587500000000000000e+04
7.642900000000000000e+04
7.692600000000000000e+04
7.739500000000000000e+04
7.785000000000000000e+04
7.820500000000000000e+04
7.850800000000000000e+04
7.884400000000000000e+04
7.931100000000000000e+04
7.976200000000000000e+04
8.013100000000000000e+04
8.052400000000000000e+04
8.089600000000000000e+04
8.118500000000000000e+04
8.148700000000000000e+04
8.193000000000000000e+04
8.243400000000000000e+04
8.283700000000000000e+04
8.319900000000000000e+04
8.352500000000000000e+04
8.386900000000000000e+04
8.432500000000000000e+04
8.494600000000000000e+04
8.556700000000000000e+04
8.612800000000000000e+04
8.657400000000000000e+04
8.699200000000000000e+04
8.732400000000000000e+04
8.768100000000000000e+04
8.812000000000000000e+04
8.851600000000000000e+04
8.892200000000000000e+04
8.932100000000000000e+04
8.967600000000000000e+04
9.003100000000000000e+04
9.037200000000000000e+04
9.081600000000000000e+04
9.124000000000000000e+04
9.163800000000000000e+04
9.205500000000000000e+04
9.247100000000000000e+04
9.281700000000000000e+04
9.326300000000000000e+04
9.373300000000000000e+04
9.419800000000000000e+04
9.468600000000000000e+04
9.517600000000000000e+04
9.563500000000000000e+04
9.601700000000000000e+04
9.638000000000000000e+04
9.684900000000000000e+04
9.729400000000000000e+04
9.775700000000000000e+04
9.820900000000000000e+04
9.866500000000000000e+04
9.907500000000000000e+04
9.942100000000000000e+04
9.984600000000000000e+04
1.002760000000000000e+05
1.007700000000000000e+05
1.012750000000000000e+05
1.017570000000000000e+05
1.021410000000000000e+05
1.025820000000000000e+05
1.030880000000000000e+05
1.036390000000000000e+05
1.041940000000000000e+05
1.047360000000000000e+05
1.052790000000000000e+05
1.057520000000000000e+05
1.062300000000000000e+05
1.068980000000000000e+05
1.075980000000000000e+05
1.082690000000000000e+05
1.089450000000000000e+05
1.095590000000000000e+05
1.101460000000000000e+05
1.106880000000000000e+05
1.114190000000000000e+05
1.121170000000000000e+05
1.127890000000000000e+05
1.134440000000000000e+05
1.141150000000000000e+05
1.146460000000000000e+05
1.151950000000000000e+05
1.159260000000000000e+05
1.166610000000000000e+05
1.174580000000000000e+05
1.182430000000000000e+05
1.188870000000000000e+05
1.193870000000000000e+05
1.198980000000000000e+05
1.206730000000000000e+05
1.213510000000000000e+05
1.220070000000000000e+05
1.226340000000000000e+05
1.232400000000000000e+05
1.237280000000000000e+05
1.242690000000000000e+05
1.249450000000000000e+05
1.255190000000000000e+05
1.260440000000000000e+05
1.267450000000000000e+05
1.273090000000000000e+05
1.277720000000000000e+05
1.282830000000000000e+05
1.289180000000000000e+05
1.296330000000000000e+05
1.303800000000000000e+05
1.310610000000000000e+05
1.316710000000000000e+05
1.322900000000000000e+05
1.328180000000000000e+05
1.334710000000000000e+05
1.341170000000000000e+05
1.346780000000000000e+05
1.353440000000000000e+05
1.359290000000000000e+05
1.364670000000000000e+05
1.369830000000000000e+05
1.376820000000000000e+05
1.383110000000000000e+05
1.388980000000000000e+05
1.394310000000000000e+05
1.399100000000000000e+05
1.403400000000000000e+05
1.407990000000000000e+05
1.414760000000000000e+05
1.421570000000000000e+05
1.428520000000000000e+05
1.435960000000000000e+05
1.441520000000000000e+05
1.446370000000000000e+05
1.450910000000000000e+05
1.456920000000000000e+05
1.463030000000000000e+05
1.468590000000000000e+05
1.474220000000000000e+05
1.478740000000000000e+05
1.482730000000000000e+05
1.486470000000000000e+05
1.491910000000000000e+05
1.497310000000000000e+05
1.502380000000000000e+05
1.507200000000000000e+05
1.511490000000000000e+05
1.515060000000000000e+05
1.519010000000000000e+05
1.525450000000000000e+05
1.531550000000000000e+05
1.537890000000000000e+05
1.544570000000000000e+05
1.550710000000000000e+05
1.555720000000000000e+05
1.561670000000000000e+05
1.569610000000000000e+05
1.577230000000000000e+05
1.585490000000000000e+05
1.593420000000000000e+05
1.600840000000000000e+05
1.607950000000000000e+05
1.615410000000000000e+05
1.627530000000000000e+05
1.640280000000000000e+05
1.653440000000000000e+05
1.667220000000000000e+05
1.680460000000000000e+05
1.691460000000000000e+05
1.702960000000000000e+05
1.719110000000000000e+05
1.735110000000000000e+05
1.750460000000000000e+05
1.765000000000000000e+05
1.779510000000000000e+05
1.792030000000000000e+05
1.804810000000000000e+05
1.822650000000000000e+05
1.841030000000000000e+05
1.857330000000000000e+05
1.873620000000000000e+05
1.888480000000000000e+05
1.901660000000000000e+05
1.901660000000000000e+05
1.934270000000000000e+05
1.950990000000000000e+05
1.968060000000000000e+05
1.983450000000000000e+05
1.997870000000000000e+05
2.010020000000000000e+05
