1.000000000000000000e+00
0.000000000000000000e+00
1.000000000000000000e+00
0.000000000000000000e+00
1.000000000000000000e+00
1.000000000000000000e+00
0.000000000000000000e+00
0.000000000000000000e+00
0.000000000000000000e+00
7.000000000000000000e+00
1.000000000000000000e+00
3.000000000000000000e+00
0.000000000000000000e+00
1.000000000000000000e+00
3.000000000000000000e+00
4.000000000000000000e+00
1.000000000000000000e+00
0.000000000000000000e+00
1.000000000000000000e+00
2.000000000000000000e+00
1.000000000000000000e+00
0.000000000000000000e+00
0.000000000000000000e+00
0.000000000000000000e+00
0.000000000000000000e+00
1.000000000000000000e+00
1.000000000000000000e+00
1.000000000000000000e+00
0.000000000000000000e+00
7.300000000000000000e+01
1.000000000000000000e+02
2.290000000000000000e+02
1.690000000000000000e+02
2.310000000000000000e+02
1.440000000000000000e+02
2.840000000000000000e+02
5.050000000000000000e+02
5.710000000000000000e+02
8.130000000000000000e+02
5.860000000000000000e+02
5.990000000000000000e+02
8.510000000000000000e+02
4.350000000000000000e+02
4.670000000000000000e+02
5.050000000000000000e+02
4.480000000000000000e+02
2.730000000000000000e+02
1.640000000000000000e+02
3.500000000000000000e+01
2.420000000000000000e+02
1.140000000000000000e+02
1.100000000000000000e+02
1.070000000000000000e+02
7.600000000000000000e+01
7.400000000000000000e+01
8.400000000000000000e+01
9.300000000000000000e+01
1.520000000000000000e+02
8.700000000000000000e+01
1.470000000000000000e+02
1.620000000000000000e+02
0.000000000000000000e+00
7.600000000000000000e+01
1.000000000000000000e+02
1.040000000000000000e+02
9.100000000000000000e+01
1.460000000000000000e+02
1.050000000000000000e+02
7.800000000000000000e+01
1.250000000000000000e+02
1.010000000000000000e+02
8.900000000000000000e+01
8.600000000000000000e+01
9.400000000000000000e+01
8.100000000000000000e+01
4.700000000000000000e+01
4.700000000000000000e+01
5.300000000000000000e+01
3.900000000000000000e+01
2.700000000000000000e+01
3.000000000000000000e+01
3.200000000000000000e+01
2.500000000000000000e+01
2.700000000000000000e+01
2.700000000000000000e+01
2.200000000000000000e+01
2.200000000000000000e+01
1.800000000000000000e+01
8.000000000000000000e+00
1.300000000000000000e+01
9.000000000000000000e+00
1.100000000000000000e+01
1.400000000000000000e+01
1.000000000000000000e+01
1.000000000000000000e+01
1.000000000000000000e+01
1.400000000000000000e+01
9.000000000000000000e+00
4.000000000000000000e+00
9.000000000000000000e+00
6.000000000000000000e+00
1.300000000000000000e+01
8.000000000000000000e+00
3.000000000000000000e+00
2.000000000000000000e+00
4.000000000000000000e+00
1.200000000000000000e+01
1.800000000000000000e+01
3.400000000000000000e+01
3.500000000000000000e+01
2.700000000000000000e+01
2.600000000000000000e+01
2.900000000000000000e+01
2.700000000000000000e+01
1.900000000000000000e+01
1.300000000000000000e+01
1.500000000000000000e+01
1.300000000000000000e+01
3.200000000000000000e+01
1.200000000000000000e+01
2.000000000000000000e+01
2.300000000000000000e+01
2.500000000000000000e+01
1.600000000000000000e+01
1.900000000000000000e+01
4.000000000000000000e+01
7.900000000000000000e+01
5.800000000000000000e+01
3.900000000000000000e+01
2.700000000000000000e+01
3.500000000000000000e+01
3.800000000000000000e+01
4.900000000000000000e+01
3.900000000000000000e+01
3.900000000000000000e+01
5.100000000000000000e+01
5.700000000000000000e+01
3.800000000000000000e+01
3.800000000000000000e+01
5.000000000000000000e+01
4.500000000000000000e+01
5.600000000000000000e+01
4.800000000000000000e+01
3.400000000000000000e+01
3.600000000000000000e+01
3.400000000000000000e+01
4.300000000000000000e+01
5.900000000000000000e+01
4.900000000000000000e+01
6.700000000000000000e+01
4.800000000000000000e+01
1.700000000000000000e+01
4.600000000000000000e+01
5.100000000000000000e+01
2.800000000000000000e+01
3.900000000000000000e+01
5.100000000000000000e+01
6.200000000000000000e+01
4.200000000000000000e+01
4.300000000000000000e+01
5.000000000000000000e+01
5.400000000000000000e+01
6.300000000000000000e+01
6.300000000000000000e+01
6.100000000000000000e+01
4.600000000000000000e+01
4.400000000000000000e+01
6.300000000000000000e+01
4.900000000000000000e+01
4.500000000000000000e+01
3.500000000000000000e+01
4.400000000000000000e+01
6.200000000000000000e+01
3.300000000000000000e+01
3.900000000000000000e+01
6.100000000000000000e+01
6.000000000000000000e+01
3.900000000000000000e+01
3.400000000000000000e+01
2.600000000000000000e+01
4.500000000000000000e+01
6.300000000000000000e+01
5.900000000000000000e+01
4.100000000000000000e+01
1.130000000000000000e+02
5.800000000000000000e+01
2.500000000000000000e+01
2.800000000000000000e+01
4.800000000000000000e+01
1.800000000000000000e+01
3.600000000000000000e+01
3.100000000000000000e+01
3.000000000000000000e+01
2.300000000000000000e+01
3.400000000000000000e+01
3.300000000000000000e+01
4.300000000000000000e+01
2.000000000000000000e+01
4.300000000000000000e+01
3.600000000000000000e+01
2.800000000000000000e+01
3.400000000000000000e+01
5.400000000000000000e+01
5.600000000000000000e+01
1.030000000000000000e+02
1.660000000000000000e+02
2.790000000000000000e+02
1.970000000000000000e+02
2.460000000000000000e+02
2.970000000000000000e+02
2.880000000000000000e+02
3.240000000000000000e+02
3.320000000000000000e+02
3.970000000000000000e+02
2.660000000000000000e+02
2.800000000000000000e+02
3.200000000000000000e+02
4.410000000000000000e+02
3.710000000000000000e+02
3.230000000000000000e+02
2.990000000000000000e+02
2.480000000000000000e+02
2.350000000000000000e+02
2.670000000000000000e+02
1.950000000000000000e+02
1.980000000000000000e+02
1.680000000000000000e+02
1.670000000000000000e+02
1.190000000000000000e+02
1.360000000000000000e+02
1.560000000000000000e+02
1.550000000000000000e+02
1.760000000000000000e+02
1.360000000000000000e+02
1.210000000000000000e+02
1.090000000000000000e+02
1.060000000000000000e+02
1.130000000000000000e+02
1.530000000000000000e+02
1.260000000000000000e+02
1.100000000000000000e+02
8.200000000000000000e+01
7.000000000000000000e+01
6.100000000000000000e+01
1.100000000000000000e+02
1.250000000000000000e+02
1.140000000000000000e+02
6.100000000000000000e+01
9.500000000000000000e+01
5.000000000000000000e+01
3.800000000000000000e+01
1.130000000000000000e+02
7.700000000000000000e+01
6.300000000000000000e+01
7.500000000000000000e+01
6.400000000000000000e+01
7.300000000000000000e+01
7.500000000000000000e+01
1.140000000000000000e+02
6.900000000000000000e+01
5.400000000000000000e+01
7.200000000000000000e+01
5.800000000000000000e+01
9.700000000000000000e+01
1.020000000000000000e+02
8.400000000000000000e+01
9.900000000000000000e+01
4.700000000000000000e+01
7.300000000000000000e+01
9.100000000000000000e+01
7.600000000000000000e+01
5.800000000000000000e+01
9.100000000000000000e+01
1.190000000000000000e+02
1.550000000000000000e+02
7.700000000000000000e+01
6.100000000000000000e+01
1.190000000000000000e+02
8.800000000000000000e+01
1.030000000000000000e+02
1.250000000000000000e+02
1.140000000000000000e+02
1.260000000000000000e+02
1.240000000000000000e+02
9.700000000000000000e+01
7.500000000000000000e+01
1.180000000000000000e+02
1.250000000000000000e+02
1.450000000000000000e+02
8.900000000000000000e+01
1.430000000000000000e+02
1.260000000000000000e+02
1.000000000000000000e+02
1.460000000000000000e+02
1.430000000000000000e+02
1.910000000000000000e+02
2.050000000000000000e+02
2.080000000000000000e+02
2.230000000000000000e+02
2.290000000000000000e+02
3.130000000000000000e+02
3.430000000000000000e+02
3.630000000000000000e+02
3.860000000000000000e+02
3.300000000000000000e+02
2.710000000000000000e+02
3.490000000000000000e+02
3.820000000000000000e+02
5.830000000000000000e+02
5.690000000000000000e+02
4.880000000000000000e+02
4.490000000000000000e+02
3.770000000000000000e+02
4.510000000000000000e+02
5.110000000000000000e+02
5.400000000000000000e+02
6.290000000000000000e+02
5.830000000000000000e+02
6.310000000000000000e+02
6.150000000000000000e+02
5.940000000000000000e+02
6.770000000000000000e+02
6.660000000000000000e+02
6.880000000000000000e+02
9.500000000000000000e+02
1.030000000000000000e+03
7.180000000000000000e+02
8.800000000000000000e+02
1.078000000000000000e+03
1.011000000000000000e+03
1.062000000000000000e+03
1.055000000000000000e+03
1.095000000000000000e+03
9.260000000000000000e+02
8.690000000000000000e+02
1.090000000000000000e+03
9.830000000000000000e+02
1.237000000000000000e+03
1.132000000000000000e+03
9.700000000000000000e+02
8.080000000000000000e+02
1.045000000000000000e+03
1.048000000000000000e+03
9.670000000000000000e+02
1.029000000000000000e+03
8.240000000000000000e+02
6.510000000000000000e+02
1.020000000000000000e+03
7.150000000000000000e+02
8.390000000000000000e+02
8.680000000000000000e+02
6.720000000000000000e+02
6.410000000000000000e+02
6.650000000000000000e+02
4.500000000000000000e+02
5.370000000000000000e+02
5.610000000000000000e+02
5.160000000000000000e+02
5.130000000000000000e+02
5.790000000000000000e+02
5.200000000000000000e+02
3.890000000000000000e+02
3.860000000000000000e+02
4.030000000000000000e+02
4.000000000000000000e+02
3.440000000000000000e+02
4.300000000000000000e+02
3.920000000000000000e+02
4.370000000000000000e+02
3.540000000000000000e+02
5.540000000000000000e+02
4.970000000000000000e+02
4.690000000000000000e+02
4.550000000000000000e+02
3.550000000000000000e+02
3.030000000000000000e+02
3.360000000000000000e+02
4.670000000000000000e+02
4.510000000000000000e+02
3.690000000000000000e+02
3.930000000000000000e+02
3.720000000000000000e+02
2.890000000000000000e+02
3.020000000000000000e+02
4.430000000000000000e+02
5.040000000000000000e+02
4.030000000000000000e+02
3.620000000000000000e+02
3.260000000000000000e+02
3.440000000000000000e+02
4.560000000000000000e+02
6.210000000000000000e+02
6.210000000000000000e+02
5.610000000000000000e+02
4.460000000000000000e+02
4.180000000000000000e+02
3.320000000000000000e+02
3.570000000000000000e+02
4.390000000000000000e+02
3.960000000000000000e+02
4.060000000000000000e+02
3.990000000000000000e+02
3.550000000000000000e+02
3.550000000000000000e+02
3.410000000000000000e+02
4.440000000000000000e+02
4.240000000000000000e+02
3.980000000000000000e+02
4.170000000000000000e+02
4.160000000000000000e+02
3.460000000000000000e+02
4.460000000000000000e+02
4.700000000000000000e+02
4.650000000000000000e+02
4.880000000000000000e+02
4.900000000000000000e+02
4.590000000000000000e+02
3.820000000000000000e+02
3.630000000000000000e+02
4.690000000000000000e+02
4.450000000000000000e+02
4.630000000000000000e+02
4.520000000000000000e+02
4.560000000000000000e+02
4.100000000000000000e+02
3.460000000000000000e+02
4.250000000000000000e+02
4.300000000000000000e+02
4.940000000000000000e+02
5.050000000000000000e+02
4.820000000000000000e+02
3.840000000000000000e+02
4.410000000000000000e+02
5.060000000000000000e+02
5.510000000000000000e+02
5.550000000000000000e+02
5.420000000000000000e+02
5.430000000000000000e+02
4.730000000000000000e+02
4.780000000000000000e+02
6.680000000000000000e+02
7.000000000000000000e+02
6.710000000000000000e+02
6.760000000000000000e+02
6.140000000000000000e+02
5.870000000000000000e+02
5.420000000000000000e+02
7.310000000000000000e+02
6.980000000000000000e+02
6.720000000000000000e+02
6.550000000000000000e+02
6.710000000000000000e+02
5.310000000000000000e+02
5.490000000000000000e+02
7.310000000000000000e+02
7.350000000000000000e+02
7.970000000000000000e+02
7.850000000000000000e+02
6.440000000000000000e+02
5.000000000000000000e+02
5.110000000000000000e+02
7.750000000000000000e+02
6.780000000000000000e+02
6.560000000000000000e+02
6.270000000000000000e+02
6.060000000000000000e+02
4.880000000000000000e+02
5.410000000000000000e+02
6.760000000000000000e+02
5.740000000000000000e+02
5.250000000000000000e+02
7.010000000000000000e+02
5.640000000000000000e+02
4.630000000000000000e+02
5.110000000000000000e+02
6.350000000000000000e+02
7.150000000000000000e+02
7.470000000000000000e+02
6.810000000000000000e+02
6.100000000000000000e+02
6.190000000000000000e+02
5.280000000000000000e+02
6.530000000000000000e+02
6.460000000000000000e+02
5.610000000000000000e+02
6.660000000000000000e+02
5.850000000000000000e+02
5.380000000000000000e+02
5.160000000000000000e+02
6.990000000000000000e+02
6.290000000000000000e+02
5.870000000000000000e+02
5.330000000000000000e+02
4.790000000000000000e+02
4.300000000000000000e+02
4.590000000000000000e+02
6.770000000000000000e+02
6.810000000000000000e+02
6.950000000000000000e+02
7.440000000000000000e+02
5.560000000000000000e+02
4.850000000000000000e+02
4.540000000000000000e+02
6.010000000000000000e+02
6.110000000000000000e+02
5.560000000000000000e+02
5.630000000000000000e+02
4.520000000000000000e+02
3.990000000000000000e+02
3.740000000000000000e+02
5.440000000000000000e+02
5.400000000000000000e+02
5.070000000000000000e+02
4.820000000000000000e+02
4.290000000000000000e+02
3.570000000000000000e+02
3.950000000000000000e+02
6.440000000000000000e+02
6.100000000000000000e+02
6.340000000000000000e+02
6.680000000000000000e+02
6.140000000000000000e+02
5.010000000000000000e+02
5.950000000000000000e+02
7.940000000000000000e+02
7.620000000000000000e+02
8.260000000000000000e+02
7.930000000000000000e+02
7.420000000000000000e+02
7.110000000000000000e+02
7.460000000000000000e+02
1.212000000000000000e+03
1.275000000000000000e+03
1.316000000000000000e+03
1.378000000000000000e+03
1.324000000000000000e+03
1.100000000000000000e+03
1.150000000000000000e+03
1.615000000000000000e+03
1.600000000000000000e+03
1.535000000000000000e+03
1.454000000000000000e+03
1.451000000000000000e+03
1.252000000000000000e+03
1.278000000000000000e+03
1.784000000000000000e+03
1.838000000000000000e+03
1.630000000000000000e+03
1.629000000000000000e+03
1.486000000000000000e+03
1.318000000000000000e+03
0.000000000000000000e+00
3.261000000000000000e+03
1.672000000000000000e+03
1.707000000000000000e+03
1.539000000000000000e+03
1.442000000000000000e+03
1.215000000000000000e+03
