0.000000000000000000e+00
0.000000000000000000e+00
0.000000000000000000e+00
0.000000000000000000e+00
0.000000000000000000e+00
0.000000000000000000e+00
0.000000000000000000e+00
1.000000000000000000e+00
1.000000000000000000e+00
1.000000000000000000e+00
1.000000000000000000e+00
1.000000000000000000e+00
1.000000000000000000e+00
1.000000000000000000e+00
1.000000000000000000e+00
1.000000000000000000e+00
1.000000000000000000e+00
1.000000000000000000e+00
1.000000000000000000e+00
1.000000000000000000e+00
1.000000000000000000e+00
1.000000000000000000e+00
1.000000000000000000e+00
1.000000000000000000e+00
1.000000000000000000e+00
1.000000000000000000e+00
1.000000000000000000e+00
1.000000000000000000e+00
1.000000000000000000e+00
1.000000000000000000e+00
1.000000000000000000e+00
1.000000000000000000e+00
1.000000000000000000e+00
1.000000000000000000e+00
1.000000000000000000e+00
2.000000000000000000e+00
2.000000000000000000e+00
2.000000000000000000e+00
3.000000000000000000e+00
6.000000000000000000e+00
6.000000000000000000e+00
6.000000000000000000e+00
6.000000000000000000e+00
1.200000000000000000e+01
1.500000000000000000e+01
1.500000000000000000e+01
2.300000000000000000e+01
3.000000000000000000e+01
4.000000000000000000e+01
5.900000000000000000e+01
5.900000000000000000e+01
1.550000000000000000e+02
2.250000000000000000e+02
2.440000000000000000e+02
2.770000000000000000e+02
3.210000000000000000e+02
3.360000000000000000e+02
4.000000000000000000e+02
4.500000000000000000e+02
5.230000000000000000e+02
6.260000000000000000e+02
7.000000000000000000e+02
7.920000000000000000e+02
8.800000000000000000e+02
9.580000000000000000e+02
1.041000000000000000e+03
1.167000000000000000e+03
1.240000000000000000e+03
1.352000000000000000e+03
1.418000000000000000e+03
1.446000000000000000e+03
1.518000000000000000e+03
1.615000000000000000e+03
1.882000000000000000e+03
1.927000000000000000e+03
2.176000000000000000e+03
2.308000000000000000e+03
2.487000000000000000e+03
2.605000000000000000e+03
2.769000000000000000e+03
2.905000000000000000e+03
2.974000000000000000e+03
3.064000000000000000e+03
3.161000000000000000e+03
3.237000000000000000e+03
3.369000000000000000e+03
3.489000000000000000e+03
3.681000000000000000e+03
3.783000000000000000e+03
3.868000000000000000e+03
4.014000000000000000e+03
4.129000000000000000e+03
4.284000000000000000e+03
4.395000000000000000e+03
4.475000000000000000e+03
4.576000000000000000e+03
4.695000000000000000e+03
4.740000000000000000e+03
4.906000000000000000e+03
4.995000000000000000e+03
5.051000000000000000e+03
5.176000000000000000e+03
5.254000000000000000e+03
5.327000000000000000e+03
5.412000000000000000e+03
5.573000000000000000e+03
5.673000000000000000e+03
5.738000000000000000e+03
5.880000000000000000e+03
5.962000000000000000e+03
5.984000000000000000e+03
6.003000000000000000e+03
6.054000000000000000e+03
6.145000000000000000e+03
6.228000000000000000e+03
6.286000000000000000e+03
6.347000000000000000e+03
6.380000000000000000e+03
6.399000000000000000e+03
6.443000000000000000e+03
6.493000000000000000e+03
6.537000000000000000e+03
6.568000000000000000e+03
6.579000000000000000e+03
6.599000000000000000e+03
6.628000000000000000e+03
6.692000000000000000e+03
6.743000000000000000e+03
6.776000000000000000e+03
6.826000000000000000e+03
6.859000000000000000e+03
6.885000000000000000e+03
6.887000000000000000e+03
6.911000000000000000e+03
6.911000000000000000e+03
6.941000000000000000e+03
6.964000000000000000e+03
6.981000000000000000e+03
7.001000000000000000e+03
7.025000000000000000e+03
7.040000000000000000e+03
7.064000000000000000e+03
7.073000000000000000e+03
7.087000000000000000e+03
7.104000000000000000e+03
7.108000000000000000e+03
7.112000000000000000e+03
7.117000000000000000e+03
7.119000000000000000e+03
7.133000000000000000e+03
7.142000000000000000e+03
7.143000000000000000e+03
7.144000000000000000e+03
7.155000000000000000e+03
7.167000000000000000e+03
7.172000000000000000e+03
7.191000000000000000e+03
7.198000000000000000e+03
7.198000000000000000e+03
7.209000000000000000e+03
7.214000000000000000e+03
7.236000000000000000e+03
7.241000000000000000e+03
7.242000000000000000e+03
7.248000000000000000e+03
7.253000000000000000e+03
7.257000000000000000e+03
7.262000000000000000e+03
7.265000000000000000e+03
7.273000000000000000e+03
7.279000000000000000e+03
7.291000000000000000e+03
7.294000000000000000e+03
7.295000000000000000e+03
7.301000000000000000e+03
7.296000000000000000e+03
7.293000000000000000e+03
7.301000000000000000e+03
7.318000000000000000e+03
7.335000000000000000e+03
7.340000000000000000e+03
7.351000000000000000e+03
7.362000000000000000e+03
7.372000000000000000e+03
7.380000000000000000e+03
7.388000000000000000e+03
7.393000000000000000e+03
7.398000000000000000e+03
7.404000000000000000e+03
7.414000000000000000e+03
7.423000000000000000e+03
7.432000000000000000e+03
7.443000000000000000e+03
7.453000000000000000e+03
7.466000000000000000e+03
7.483000000000000000e+03
7.512000000000000000e+03
7.532000000000000000e+03
7.554000000000000000e+03
7.568000000000000000e+03
7.584000000000000000e+03
7.601000000000000000e+03
7.623000000000000000e+03
7.642000000000000000e+03
7.683000000000000000e+03
7.700000000000000000e+03
7.720000000000000000e+03
7.731000000000000000e+03
7.752000000000000000e+03
7.776000000000000000e+03
7.805000000000000000e+03
7.842000000000000000e+03
7.871000000000000000e+03
7.906000000000000000e+03
7.920000000000000000e+03
7.938000000000000000e+03
7.981000000000000000e+03
8.002000000000000000e+03
8.019000000000000000e+03
8.042000000000000000e+03
8.049000000000000000e+03
8.077000000000000000e+03
8.086000000000000000e+03
8.142000000000000000e+03
8.161000000000000000e+03
8.200000000000000000e+03
8.225000000000000000e+03
8.261000000000000000e+03
8.291000000000000000e+03
8.327000000000000000e+03
8.337000000000000000e+03
8.430000000000000000e+03
8.469000000000000000e+03
8.512000000000000000e+03
8.557000000000000000e+03
8.580000000000000000e+03
8.627000000000000000e+03
8.725000000000000000e+03
8.750000000000000000e+03
8.799000000000000000e+03
8.858000000000000000e+03
8.922000000000000000e+03
8.980000000000000000e+03
9.046000000000000000e+03
9.195000000000000000e+03
9.288000000000000000e+03
9.379000000000000000e+03
9.484000000000000000e+03
9.577000000000000000e+03
9.682000000000000000e+03
9.743000000000000000e+03
9.892000000000000000e+03
9.992000000000000000e+03
1.010300000000000000e+04
1.024400000000000000e+04
1.039100000000000000e+04
1.053800000000000000e+04
1.070200000000000000e+04
1.092900000000000000e+04
1.104900000000000000e+04
1.134500000000000000e+04
1.158000000000000000e+04
1.184900000000000000e+04
1.199800000000000000e+04
1.221200000000000000e+04
1.249900000000000000e+04
1.270300000000000000e+04
1.294400000000000000e+04
1.313300000000000000e+04
1.329300000000000000e+04
1.342400000000000000e+04
1.355500000000000000e+04
1.384900000000000000e+04
1.407100000000000000e+04
1.425500000000000000e+04
1.447400000000000000e+04
1.465200000000000000e+04
1.484800000000000000e+04
1.497000000000000000e+04
1.516300000000000000e+04
1.537800000000000000e+04
1.556600000000000000e+04
1.591000000000000000e+04
1.611300000000000000e+04
1.629100000000000000e+04
1.640000000000000000e+04
1.663700000000000000e+04
1.693000000000000000e+04
1.711900000000000000e+04
1.738500000000000000e+04
1.738500000000000000e+04
1.779700000000000000e+04
1.788700000000000000e+04
1.810700000000000000e+04
1.834500000000000000e+04
1.854200000000000000e+04
1.885800000000000000e+04
1.910200000000000000e+04
1.931500000000000000e+04
1.941900000000000000e+04
1.964700000000000000e+04
1.993500000000000000e+04
2.028600000000000000e+04
2.074700000000000000e+04
2.121600000000000000e+04
2.163900000000000000e+04
2.193600000000000000e+04
2.228900000000000000e+04
2.265200000000000000e+04
2.314800000000000000e+04
2.376600000000000000e+04
2.430700000000000000e+04
2.462900000000000000e+04
2.491200000000000000e+04
2.546200000000000000e+04
2.588200000000000000e+04
2.642200000000000000e+04
2.675800000000000000e+04
2.721800000000000000e+04
2.763100000000000000e+04
2.788100000000000000e+04
2.824200000000000000e+04
2.873200000000000000e+04
2.957200000000000000e+04
3.007300000000000000e+04
3.045000000000000000e+04
3.081000000000000000e+04
3.111000000000000000e+04
3.145900000000000000e+04
3.187000000000000000e+04
3.222800000000000000e+04
3.258200000000000000e+04
3.285300000000000000e+04
3.316200000000000000e+04
3.341400000000000000e+04
3.371700000000000000e+04
3.408400000000000000e+04
3.444700000000000000e+04
3.464800000000000000e+04
3.482100000000000000e+04
3.497700000000000000e+04
3.513700000000000000e+04
3.542000000000000000e+04
3.585800000000000000e+04
3.610700000000000000e+04
3.640300000000000000e+04
3.660400000000000000e+04
3.677200000000000000e+04
3.691900000000000000e+04
3.721800000000000000e+04
3.754900000000000000e+04
3.777200000000000000e+04
3.806800000000000000e+04
3.839200000000000000e+04
3.859000000000000000e+04
3.879000000000000000e+04
3.901100000000000000e+04
3.933500000000000000e+04
3.959300000000000000e+04
3.991100000000000000e+04
4.010100000000000000e+04
4.033700000000000000e+04
4.050500000000000000e+04
4.072200000000000000e+04
4.116600000000000000e+04
4.156500000000000000e+04
4.191500000000000000e+04
4.233400000000000000e+04
4.258000000000000000e+04
4.277200000000000000e+04
4.312000000000000000e+04
4.361600000000000000e+04
4.403900000000000000e+04
4.440200000000000000e+04
4.487100000000000000e+04
4.523800000000000000e+04
4.548200000000000000e+04
4.578400000000000000e+04
4.604900000000000000e+04
4.649300000000000000e+04
4.689400000000000000e+04
4.726200000000000000e+04
4.761600000000000000e+04
4.796900000000000000e+04
4.840700000000000000e+04
4.880700000000000000e+04
4.916500000000000000e+04
4.957200000000000000e+04
5.000700000000000000e+04
5.031900000000000000e+04
5.066200000000000000e+04
5.104700000000000000e+04
5.159500000000000000e+04
5.220900000000000000e+04
5.265300000000000000e+04
5.328500000000000000e+04
5.374200000000000000e+04
5.413200000000000000e+04
5.453200000000000000e+04
5.512200000000000000e+04
5.568700000000000000e+04
5.640700000000000000e+04
5.705200000000000000e+04
5.767200000000000000e+04
5.806400000000000000e+04
5.864500000000000000e+04
5.944200000000000000e+04
6.020000000000000000e+04
6.090400000000000000e+04
6.155200000000000000e+04
6.206300000000000000e+04
6.252200000000000000e+04
6.311000000000000000e+04
6.388900000000000000e+04
6.460900000000000000e+04
6.531500000000000000e+04
6.600600000000000000e+04
6.686900000000000000e+04
6.733400000000000000e+04
6.785100000000000000e+04
6.869300000000000000e+04
6.949700000000000000e+04
7.026700000000000000e+04
7.112300000000000000e+04
7.164300000000000000e+04
7.207300000000000000e+04
7.271300000000000000e+04
7.351600000000000000e+04
7.424200000000000000e+04
7.475400000000000000e+04
7.554500000000000000e+04
7.600300000000000000e+04
7.642500000000000000e+04
7.684500000000000000e+04
7.745200000000000000e+04
7.810600000000000000e+04
7.867200000000000000e+04
7.909400000000000000e+04
7.939600000000000000e+04
7.973700000000000000e+04
8.006800000000000000e+04
8.041600000000000000e+04
8.084200000000000000e+04
8.126100000000000000e+04
8.170700000000000000e+04
8.205300000000000000e+04
8.227800000000000000e+04
8.256400000000000000e+04
8.296400000000000000e+04
8.325300000000000000e+04
8.363300000000000000e+04
8.363300000000000000e+04
8.413100000000000000e+04
8.428700000000000000e+04
8.450100000000000000e+04
8.479700000000000000e+04
8.507700000000000000e+04
8.534400000000000000e+04
8.560700000000000000e+04
8.580400000000000000e+04
8.593700000000000000e+04
8.616100000000000000e+04
8.640500000000000000e+04
8.661300000000000000e+04
8.680800000000000000e+04
8.709600000000000000e+04
8.722800000000000000e+04
8.734500000000000000e+04
8.752900000000000000e+04
8.779800000000000000e+04
8.807800000000000000e+04
8.833200000000000000e+04
8.856100000000000000e+04
8.872300000000000000e+04
8.886600000000000000e+04
8.899000000000000000e+04
8.927000000000000000e+04
8.953200000000000000e+04
8.968600000000000000e+04
8.987800000000000000e+04
9.010500000000000000e+04
9.024900000000000000e+04
9.039800000000000000e+04
9.068700000000000000e+04
9.094600000000000000e+04
9.115700000000000000e+04
9.140500000000000000e+04
9.152600000000000000e+04
9.161900000000000000e+04
9.174400000000000000e+04
9.196400000000000000e+04
9.206200000000000000e+04
9.224400000000000000e+04
9.224400000000000000e+04
9.243200000000000000e+04
9.248800000000000000e+04
9.264200000000000000e+04
9.277000000000000000e+04
9.291300000000000000e+04
9.303800000000000000e+04
9.315800000000000000e+04
9.322600000000000000e+04
9.328100000000000000e+04
9.339400000000000000e+04
9.352000000000000000e+04
9.361300000000000000e+04
9.366000000000000000e+04
9.377400000000000000e+04
9.382100000000000000e+04
9.385000000000000000e+04
9.392300000000000000e+04
9.402600000000000000e+04
9.408100000000000000e+04
9.415400000000000000e+04
9.426900000000000000e+04
9.433400000000000000e+04
9.437900000000000000e+04
9.448900000000000000e+04
9.459600000000000000e+04
9.471900000000000000e+04
9.471900000000000000e+04
9.498900000000000000e+04
9.508400000000000000e+04
9.516800000000000000e+04
9.538700000000000000e+04
9.574200000000000000e+04
9.596400000000000000e+04
9.618000000000000000e+04
9.637200000000000000e+04
9.646300000000000000e+04
9.656900000000000000e+04
9.679100000000000000e+04
9.704900000000000000e+04
9.734900000000000000e+04
9.765100000000000000e+04
9.794400000000000000e+04
9.808200000000000000e+04
9.821500000000000000e+04
9.850500000000000000e+04
9.888800000000000000e+04
9.921200000000000000e+04
9.959200000000000000e+04
9.997600000000000000e+04
1.001560000000000000e+05
1.003120000000000000e+05
1.007730000000000000e+05
1.012260000000000000e+05
1.016300000000000000e+05
1.020420000000000000e+05
1.026120000000000000e+05
1.029720000000000000e+05
1.032390000000000000e+05
1.038510000000000000e+05
1.044950000000000000e+05
1.052600000000000000e+05
1.060080000000000000e+05
1.068020000000000000e+05
1.073210000000000000e+05
