0.000000000000000000e+00
0.000000000000000000e+00
0.000000000000000000e+00
0.000000000000000000e+00
0.000000000000000000e+00
0.000000000000000000e+00
0.000000000000000000e+00
0.000000000000000000e+00
0.000000000000000000e+00
0.000000000000000000e+00
0.000000000000000000e+00
0.000000000000000000e+00
0.000000000000000000e+00
0.000000000000000000e+00
0.000000000000000000e+00
0.000000000000000000e+00
0.000000000000000000e+00
0.000000000000000000e+00
0.000000000000000000e+00
0.000000000000000000e+00
0.000000000000000000e+00
0.000000000000000000e+00
0.000000000000000000e+00
0.000000000000000000e+00
0.000000000000000000e+00
0.000000000000000000e+00
0.000000000000000000e+00
0.000000000000000000e+00
0.000000000000000000e+00
0.000000000000000000e+00
0.000000000000000000e+00
0.000000000000000000e+00
0.000000000000000000e+00
0.000000000000000000e+00
0.000000000000000000e+00
0.000000000000000000e+00
0.000000000000000000e+00
0.000000000000000000e+00
0.000000000000000000e+00
0.000000000000000000e+00
0.000000000000000000e+00
1.000000000000000000e+00
1.000000000000000000e+00
1.000000000000000000e+00
1.000000000000000000e+00
1.000000000000000000e+00
1.000000000000000000e+00
1.000000000000000000e+00
1.000000000000000000e+00
1.000000000000000000e+00
1.000000000000000000e+00
3.000000000000000000e+00
3.000000000000000000e+00
3.000000000000000000e+00
7.000000000000000000e+00
1.400000000000000000e+01
1.400000000000000000e+01
1.600000000000000000e+01
2.900000000000000000e+01
4.700000000000000000e+01
7.300000000000000000e+01
7.300000000000000000e+01
9.700000000000000000e+01
1.450000000000000000e+02
1.960000000000000000e+02
3.100000000000000000e+02
3.560000000000000000e+02
4.750000000000000000e+02
5.480000000000000000e+02
6.450000000000000000e+02
7.940000000000000000e+02
8.970000000000000000e+02
1.072000000000000000e+03
1.225000000000000000e+03
1.308000000000000000e+03
1.319000000000000000e+03
1.462000000000000000e+03
1.668000000000000000e+03
1.892000000000000000e+03
2.203000000000000000e+03
2.511000000000000000e+03
2.777000000000000000e+03
3.102000000000000000e+03
3.372000000000000000e+03
3.764000000000000000e+03
4.161000000000000000e+03
4.662000000000000000e+03
5.106000000000000000e+03
5.449000000000000000e+03
5.710000000000000000e+03
6.125000000000000000e+03
6.592000000000000000e+03
7.170000000000000000e+03
7.647000000000000000e+03
8.125000000000000000e+03
8.617000000000000000e+03
9.009000000000000000e+03
9.410000000000000000e+03
9.866000000000000000e+03
1.040600000000000000e+04
1.086100000000000000e+04
1.141100000000000000e+04
1.191300000000000000e+04
1.233100000000000000e+04
1.269700000000000000e+04
1.318400000000000000e+04
1.369100000000000000e+04
1.419500000000000000e+04
1.471000000000000000e+04
1.523200000000000000e+04
1.564800000000000000e+04
1.602300000000000000e+04
1.642500000000000000e+04
1.684700000000000000e+04
1.733000000000000000e+04
1.785800000000000000e+04
1.829100000000000000e+04
1.861600000000000000e+04
1.887600000000000000e+04
1.923000000000000000e+04
1.970600000000000000e+04
2.014800000000000000e+04
2.058000000000000000e+04
2.098600000000000000e+04
2.124500000000000000e+04
2.158400000000000000e+04
2.190500000000000000e+04
2.238200000000000000e+04
2.281100000000000000e+04
2.320400000000000000e+04
2.367200000000000000e+04
2.456200000000000000e+04
2.489500000000000000e+04
2.538500000000000000e+04
2.598100000000000000e+04
2.654200000000000000e+04
2.710100000000000000e+04
2.759900000000000000e+04
2.807700000000000000e+04
2.847900000000000000e+04
2.901500000000000000e+04
2.970600000000000000e+04
3.041500000000000000e+04
3.117700000000000000e+04
3.185100000000000000e+04
3.253600000000000000e+04
3.320900000000000000e+04
3.398600000000000000e+04
3.483300000000000000e+04
3.575500000000000000e+04
3.661500000000000000e+04
3.736100000000000000e+04
3.805600000000000000e+04
3.890100000000000000e+04
3.985200000000000000e+04
4.085400000000000000e+04
4.197500000000000000e+04
4.293200000000000000e+04
4.385600000000000000e+04
4.453800000000000000e+04
4.525400000000000000e+04
4.592400000000000000e+04
4.682100000000000000e+04
4.770500000000000000e+04
4.862800000000000000e+04
4.946800000000000000e+04
5.005300000000000000e+04
5.062200000000000000e+04
5.145700000000000000e+04
5.228500000000000000e+04
5.311600000000000000e+04
5.394100000000000000e+04
5.464700000000000000e+04
5.528500000000000000e+04
5.593100000000000000e+04
5.677900000000000000e+04
5.764000000000000000e+04
5.846600000000000000e+04
5.933300000000000000e+04
6.007700000000000000e+04
6.076700000000000000e+04
6.145400000000000000e+04
6.229500000000000000e+04
6.316900000000000000e+04
6.417300000000000000e+04
6.531700000000000000e+04
6.626100000000000000e+04
6.709600000000000000e+04
6.803000000000000000e+04
6.907800000000000000e+04
7.030000000000000000e+04
7.140400000000000000e+04
7.260900000000000000e+04
7.376100000000000000e+04
7.478100000000000000e+04
7.588000000000000000e+04
7.716900000000000000e+04
7.851500000000000000e+04
8.001800000000000000e+04
8.153400000000000000e+04
8.276700000000000000e+04
8.381200000000000000e+04
8.502300000000000000e+04
8.650400000000000000e+04
8.813600000000000000e+04
8.991700000000000000e+04
9.179500000000000000e+04
9.349000000000000000e+04
9.500700000000000000e+04
9.665300000000000000e+04
9.865800000000000000e+04
1.008100000000000000e+05
1.029480000000000000e+05
1.053370000000000000e+05
1.073790000000000000e+05
1.092340000000000000e+05
1.109490000000000000e+05
1.126530000000000000e+05
1.146630000000000000e+05
1.171720000000000000e+05
1.197510000000000000e+05
1.219300000000000000e+05
1.241320000000000000e+05
1.262790000000000000e+05
1.288330000000000000e+05
1.313000000000000000e+05
1.340690000000000000e+05
1.369660000000000000e+05
1.391710000000000000e+05
1.414240000000000000e+05
1.439140000000000000e+05
1.465110000000000000e+05
1.491460000000000000e+05
1.523730000000000000e+05
1.555580000000000000e+05
1.581220000000000000e+05
1.606790000000000000e+05
1.636780000000000000e+05
1.666940000000000000e+05
1.703730000000000000e+05
1.737030000000000000e+05
1.770480000000000000e+05
1.801190000000000000e+05
1.829000000000000000e+05
1.858900000000000000e+05
1.894880000000000000e+05
1.929660000000000000e+05
1.966310000000000000e+05
2.005660000000000000e+05
2.037990000000000000e+05
2.065790000000000000e+05
2.103090000000000000e+05
2.144460000000000000e+05
2.186250000000000000e+05
2.233760000000000000e+05
2.281610000000000000e+05
2.324240000000000000e+05
2.363290000000000000e+05
2.408110000000000000e+05
2.456980000000000000e+05
2.512430000000000000e+05
2.572040000000000000e+05
2.631050000000000000e+05
2.680650000000000000e+05
2.726710000000000000e+05
2.779820000000000000e+05
2.837620000000000000e+05
2.890220000000000000e+05
2.952270000000000000e+05
3.018560000000000000e+05
3.073010000000000000e+05
3.122870000000000000e+05
3.179670000000000000e+05
3.249420000000000000e+05
3.322620000000000000e+05
3.400420000000000000e+05
3.473170000000000000e+05
3.537230000000000000e+05
3.593480000000000000e+05
3.662330000000000000e+05
3.740230000000000000e+05
3.816640000000000000e+05
3.902720000000000000e+05
3.993300000000000000e+05
4.075730000000000000e+05
4.145670000000000000e+05
4.236830000000000000e+05
4.334920000000000000e+05
4.436300000000000000e+05
4.535650000000000000e+05
4.645980000000000000e+05
4.742450000000000000e+05
4.831530000000000000e+05
4.935440000000000000e+05
5.044230000000000000e+05
5.157550000000000000e+05
5.278080000000000000e+05
5.405930000000000000e+05
5.515330000000000000e+05
5.615810000000000000e+05
5.737580000000000000e+05
5.865220000000000000e+05
6.001520000000000000e+05
6.149860000000000000e+05
6.298500000000000000e+05
6.422150000000000000e+05
6.534420000000000000e+05
6.659680000000000000e+05
6.801320000000000000e+05
6.957550000000000000e+05
7.122490000000000000e+05
7.288340000000000000e+05
7.421050000000000000e+05
7.523430000000000000e+05
7.651170000000000000e+05
7.785600000000000000e+05
7.933720000000000000e+05
8.088280000000000000e+05
8.229850000000000000e+05
8.349130000000000000e+05
8.438980000000000000e+05
8.550540000000000000e+05
8.679910000000000000e+05
8.817270000000000000e+05
8.956200000000000000e+05
9.088390000000000000e+05
9.184440000000000000e+05
9.253210000000000000e+05
9.341610000000000000e+05
9.452180000000000000e+05
9.576920000000000000e+05
9.707580000000000000e+05
9.829370000000000000e+05
9.917000000000000000e+05
9.986780000000000000e+05
1.007627000000000000e+06
1.018199000000000000e+06
1.030125000000000000e+06
1.041583000000000000e+06
1.049717000000000000e+06
1.056265000000000000e+06
1.061074000000000000e+06
1.068476000000000000e+06
1.076880000000000000e+06
1.086997000000000000e+06
1.096855000000000000e+06
1.102256000000000000e+06
1.107137000000000000e+06
1.111631000000000000e+06
1.117256000000000000e+06
1.124482000000000000e+06
1.133802000000000000e+06
1.139800000000000000e+06
1.144943000000000000e+06
1.150265000000000000e+06
1.154850000000000000e+06
1.160243000000000000e+06
1.166958000000000000e+06
1.175343000000000000e+06
1.183963000000000000e+06
1.192114000000000000e+06
1.198512000000000000e+06
1.201894000000000000e+06
1.206125000000000000e+06
1.210854000000000000e+06
1.216780000000000000e+06
1.222459000000000000e+06
1.227723000000000000e+06
1.231965000000000000e+06
1.234772000000000000e+06
1.237810000000000000e+06
1.241863000000000000e+06
1.247674000000000000e+06
1.253127000000000000e+06
1.258093000000000000e+06
1.261546000000000000e+06
1.263833000000000000e+06
1.266464000000000000e+06
1.270001000000000000e+06
1.275334000000000000e+06
1.280501000000000000e+06
1.285059000000000000e+06
1.288669000000000000e+06
1.291025000000000000e+06
1.293892000000000000e+06
1.297537000000000000e+06
1.302811000000000000e+06
1.307806000000000000e+06
1.313209000000000000e+06
1.316520000000000000e+06
1.319060000000000000e+06
1.322406000000000000e+06
1.326891000000000000e+06
1.333332000000000000e+06
1.340054000000000000e+06
1.346527000000000000e+06
1.351190000000000000e+06
1.354545000000000000e+06
1.358871000000000000e+06
1.364861000000000000e+06
1.373139000000000000e+06
1.381273000000000000e+06
1.389570000000000000e+06
1.395528000000000000e+06
1.399934000000000000e+06
1.405394000000000000e+06
1.412748000000000000e+06
1.422927000000000000e+06
1.433200000000000000e+06
1.442457000000000000e+06
1.449741000000000000e+06
1.455421000000000000e+06
1.458785000000000000e+06
1.465265000000000000e+06
1.474452000000000000e+06
1.487497000000000000e+06
1.500873000000000000e+06
1.509983000000000000e+06
1.516865000000000000e+06
1.526595000000000000e+06
1.538516000000000000e+06
1.553659000000000000e+06
1.569596000000000000e+06
1.584972000000000000e+06
1.596201000000000000e+06
1.604183000000000000e+06
1.615747000000000000e+06
1.630013000000000000e+06
1.646775000000000000e+06
1.665001000000000000e+06
1.682527000000000000e+06
1.694568000000000000e+06
1.703036000000000000e+06
1.713684000000000000e+06
1.725029000000000000e+06
1.742710000000000000e+06
1.762713000000000000e+06
1.783169000000000000e+06
1.797027000000000000e+06
1.807327000000000000e+06
1.820725000000000000e+06
1.836260000000000000e+06
1.855806000000000000e+06
1.875605000000000000e+06
1.893192000000000000e+06
1.905430000000000000e+06
1.913415000000000000e+06
1.925224000000000000e+06
1.939901000000000000e+06
1.956454000000000000e+06
1.974056000000000000e+06
1.989160000000000000e+06
1.999567000000000000e+06
2.006197000000000000e+06
2.015257000000000000e+06
2.027544000000000000e+06
2.043901000000000000e+06
2.058301000000000000e+06
2.071142000000000000e+06
2.079200000000000000e+06
2.084384000000000000e+06
2.092421000000000000e+06
2.102130000000000000e+06
2.113880000000000000e+06
2.124070000000000000e+06
2.132742000000000000e+06
2.137959000000000000e+06
2.140838000000000000e+06
2.143427000000000000e+06
2.146121000000000000e+06
2.152280000000000000e+06
2.160809000000000000e+06
2.169650000000000000e+06
2.175151000000000000e+06
2.178095000000000000e+06
2.180429000000000000e+06
2.185088000000000000e+06
2.192022000000000000e+06
2.199708000000000000e+06
2.206627000000000000e+06
2.210375000000000000e+06
2.212635000000000000e+06
2.216856000000000000e+06
2.222115000000000000e+06
2.227400000000000000e+06
2.232510000000000000e+06
2.237240000000000000e+06
2.239897000000000000e+06
2.241354000000000000e+06
2.244084000000000000e+06
2.247605000000000000e+06
2.251242000000000000e+06
2.254674000000000000e+06
2.257904000000000000e+06
2.259743000000000000e+06
2.260899000000000000e+06
2.263167000000000000e+06
2.265502000000000000e+06
2.268209000000000000e+06
2.270602000000000000e+06
2.272633000000000000e+06
2.273708000000000000e+06
2.274375000000000000e+06
2.276111000000000000e+06
2.277632000000000000e+06
2.279556000000000000e+06
2.281303000000000000e+06
2.282727000000000000e+06
2.283746000000000000e+06
2.284337000000000000e+06
2.285534000000000000e+06
2.286767000000000000e+06
2.288155000000000000e+06
2.289333000000000000e+06
2.290412000000000000e+06
2.291135000000000000e+06
2.291722000000000000e+06
2.292295000000000000e+06
2.293421000000000000e+06
2.294669000000000000e+06
2.295873000000000000e+06
2.296982000000000000e+06
2.297801000000000000e+06
2.298478000000000000e+06
2.299059000000000000e+06
2.300101000000000000e+06
2.301221000000000000e+06
2.302344000000000000e+06
2.303485000000000000e+06
2.304311000000000000e+06
2.305013000000000000e+06
2.306006000000000000e+06
2.307068000000000000e+06
2.308142000000000000e+06
2.309264000000000000e+06
2.310246000000000000e+06
2.311025000000000000e+06
2.311690000000000000e+06
2.312662000000000000e+06
2.313705000000000000e+06
2.314828000000000000e+06
2.316081000000000000e+06
2.317198000000000000e+06
2.318035000000000000e+06
2.318752000000000000e+06
2.319886000000000000e+06
2.321081000000000000e+06
2.322340000000000000e+06
2.323638000000000000e+06
2.324935000000000000e+06
2.325776000000000000e+06
2.326550000000000000e+06
2.327777000000000000e+06
2.329044000000000000e+06
2.330440000000000000e+06
2.331950000000000000e+06
2.333409000000000000e+06
2.334433000000000000e+06
