0.000000000000000000e+00
0.000000000000000000e+00
0.000000000000000000e+00
0.000000000000000000e+00
0.000000000000000000e+00
0.000000000000000000e+00
0.000000000000000000e+00
0.000000000000000000e+00
0.000000000000000000e+00
0.000000000000000000e+00
0.000000000000000000e+00
0.000000000000000000e+00
0.000000000000000000e+00
0.000000000000000000e+00
0.000000000000000000e+00
0.000000000000000000e+00
0.000000000000000000e+00
0.000000000000000000e+00
0.000000000000000000e+00
0.000000000000000000e+00
0.000000000000000000e+00
0.000000000000000000e+00
0.000000000000000000e+00
0.000000000000000000e+00
0.000000000000000000e+00
0.000000000000000000e+00
0.000000000000000000e+00
0.000000000000000000e+00
0.000000000000000000e+00
0.000000000000000000e+00
0.000000000000000000e+00
0.000000000000000000e+00
0.000000000000000000e+00
0.000000000000000000e+00
0.000000000000000000e+00
0.000000000000000000e+00
0.000000000000000000e+00
0.000000000000000000e+00
0.000000000000000000e+00
0.000000000000000000e+00
0.000000000000000000e+00
1.000000000000000000e+00
0.000000000000000000e+00
0.000000000000000000e+00
0.000000000000000000e+00
0.000000000000000000e+00
0.000000000000000000e+00
0.000000000000000000e+00
0.000000000000000000e+00
0.000000000000000000e+00
0.000000000000000000e+00
2.000000000000000000e+00
0.000000000000000000e+00
0.000000000000000000e+00
4.000000000000000000e+00
7.000000000000000000e+00
0.000000000000000000e+00
2.000000000000000000e+00
1.300000000000000000e+01
1.800000000000000000e+01
2.600000000000000000e+01
0.000000000000000000e+00
2.400000000000000000e+01
4.800000000000000000e+01
5.100000000000000000e+01
1.140000000000000000e+02
4.600000000000000000e+01
1.190000000000000000e+02
7.300000000000000000e+01
9.700000000000000000e+01
1.490000000000000000e+02
1.030000000000000000e+02
1.750000000000000000e+02
1.530000000000000000e+02
8.300000000000000000e+01
1.100000000000000000e+01
1.430000000000000000e+02
2.060000000000000000e+02
2.240000000000000000e+02
3.110000000000000000e+02
3.080000000000000000e+02
2.660000000000000000e+02
3.250000000000000000e+02
2.700000000000000000e+02
3.920000000000000000e+02
3.970000000000000000e+02
5.010000000000000000e+02
4.440000000000000000e+02
3.430000000000000000e+02
2.610000000000000000e+02
4.150000000000000000e+02
4.670000000000000000e+02
5.780000000000000000e+02
4.770000000000000000e+02
4.780000000000000000e+02
4.920000000000000000e+02
3.920000000000000000e+02
4.010000000000000000e+02
4.560000000000000000e+02
5.400000000000000000e+02
4.550000000000000000e+02
5.500000000000000000e+02
5.020000000000000000e+02
4.180000000000000000e+02
3.660000000000000000e+02
4.870000000000000000e+02
5.070000000000000000e+02
5.040000000000000000e+02
5.150000000000000000e+02
5.220000000000000000e+02
4.160000000000000000e+02
3.750000000000000000e+02
4.020000000000000000e+02
4.220000000000000000e+02
4.830000000000000000e+02
5.280000000000000000e+02
4.330000000000000000e+02
3.250000000000000000e+02
2.600000000000000000e+02
3.540000000000000000e+02
4.760000000000000000e+02
4.420000000000000000e+02
4.320000000000000000e+02
4.060000000000000000e+02
2.590000000000000000e+02
3.390000000000000000e+02
3.210000000000000000e+02
4.770000000000000000e+02
4.290000000000000000e+02
3.930000000000000000e+02
4.680000000000000000e+02
8.900000000000000000e+02
3.330000000000000000e+02
4.900000000000000000e+02
5.960000000000000000e+02
5.610000000000000000e+02
5.590000000000000000e+02
4.980000000000000000e+02
4.780000000000000000e+02
4.020000000000000000e+02
5.360000000000000000e+02
6.910000000000000000e+02
7.090000000000000000e+02
7.620000000000000000e+02
6.740000000000000000e+02
6.850000000000000000e+02
6.730000000000000000e+02
7.770000000000000000e+02
8.470000000000000000e+02
9.220000000000000000e+02
8.600000000000000000e+02
7.460000000000000000e+02
6.950000000000000000e+02
8.450000000000000000e+02
9.510000000000000000e+02
1.002000000000000000e+03
1.121000000000000000e+03
9.570000000000000000e+02
9.240000000000000000e+02
6.820000000000000000e+02
7.160000000000000000e+02
6.700000000000000000e+02
8.970000000000000000e+02
8.840000000000000000e+02
9.230000000000000000e+02
8.400000000000000000e+02
5.850000000000000000e+02
5.690000000000000000e+02
8.350000000000000000e+02
8.280000000000000000e+02
8.310000000000000000e+02
8.250000000000000000e+02
7.060000000000000000e+02
6.380000000000000000e+02
6.460000000000000000e+02
8.480000000000000000e+02
8.610000000000000000e+02
8.260000000000000000e+02
8.670000000000000000e+02
7.440000000000000000e+02
6.900000000000000000e+02
6.870000000000000000e+02
8.410000000000000000e+02
8.740000000000000000e+02
1.004000000000000000e+03
1.144000000000000000e+03
9.440000000000000000e+02
8.350000000000000000e+02
9.340000000000000000e+02
1.048000000000000000e+03
1.222000000000000000e+03
1.104000000000000000e+03
1.205000000000000000e+03
1.152000000000000000e+03
1.020000000000000000e+03
1.099000000000000000e+03
1.289000000000000000e+03
1.346000000000000000e+03
1.503000000000000000e+03
1.516000000000000000e+03
1.233000000000000000e+03
1.045000000000000000e+03
1.211000000000000000e+03
1.481000000000000000e+03
1.632000000000000000e+03
1.781000000000000000e+03
1.878000000000000000e+03
1.695000000000000000e+03
1.517000000000000000e+03
1.646000000000000000e+03
2.005000000000000000e+03
2.152000000000000000e+03
2.138000000000000000e+03
2.389000000000000000e+03
2.042000000000000000e+03
1.855000000000000000e+03
1.715000000000000000e+03
1.704000000000000000e+03
2.010000000000000000e+03
2.509000000000000000e+03
2.579000000000000000e+03
2.179000000000000000e+03
2.202000000000000000e+03
2.147000000000000000e+03
2.554000000000000000e+03
2.467000000000000000e+03
2.769000000000000000e+03
2.897000000000000000e+03
2.205000000000000000e+03
2.253000000000000000e+03
2.490000000000000000e+03
2.597000000000000000e+03
2.635000000000000000e+03
3.227000000000000000e+03
3.185000000000000000e+03
2.564000000000000000e+03
2.557000000000000000e+03
2.999000000000000000e+03
3.016000000000000000e+03
3.679000000000000000e+03
3.330000000000000000e+03
3.345000000000000000e+03
3.071000000000000000e+03
2.781000000000000000e+03
2.990000000000000000e+03
3.598000000000000000e+03
3.478000000000000000e+03
3.665000000000000000e+03
3.935000000000000000e+03
3.233000000000000000e+03
2.780000000000000000e+03
3.730000000000000000e+03
4.137000000000000000e+03
4.179000000000000000e+03
4.751000000000000000e+03
4.785000000000000000e+03
4.263000000000000000e+03
3.905000000000000000e+03
4.482000000000000000e+03
4.887000000000000000e+03
5.545000000000000000e+03
5.961000000000000000e+03
5.901000000000000000e+03
4.960000000000000000e+03
4.606000000000000000e+03
5.311000000000000000e+03
5.780000000000000000e+03
5.260000000000000000e+03
6.205000000000000000e+03
6.629000000000000000e+03
5.445000000000000000e+03
4.986000000000000000e+03
5.680000000000000000e+03
6.975000000000000000e+03
7.320000000000000000e+03
7.780000000000000000e+03
7.275000000000000000e+03
6.406000000000000000e+03
5.625000000000000000e+03
6.885000000000000000e+03
7.790000000000000000e+03
7.641000000000000000e+03
8.608000000000000000e+03
9.058000000000000000e+03
8.243000000000000000e+03
6.994000000000000000e+03
9.116000000000000000e+03
9.809000000000000000e+03
1.013800000000000000e+04
9.935000000000000000e+03
1.103300000000000000e+04
9.647000000000000000e+03
8.908000000000000000e+03
1.039100000000000000e+04
1.087900000000000000e+04
1.133200000000000000e+04
1.205300000000000000e+04
1.278500000000000000e+04
1.094000000000000000e+04
1.004800000000000000e+04
1.217700000000000000e+04
1.276400000000000000e+04
1.363000000000000000e+04
1.483400000000000000e+04
1.486400000000000000e+04
1.236500000000000000e+04
1.122700000000000000e+04
1.252600000000000000e+04
1.416400000000000000e+04
1.562300000000000000e+04
1.649400000000000000e+04
1.658500000000000000e+04
1.327100000000000000e+04
1.023800000000000000e+04
1.277400000000000000e+04
1.344300000000000000e+04
1.481200000000000000e+04
1.545600000000000000e+04
1.415700000000000000e+04
1.192800000000000000e+04
8.985000000000000000e+03
1.115600000000000000e+04
1.293700000000000000e+04
1.373600000000000000e+04
1.389300000000000000e+04
1.321900000000000000e+04
9.605000000000000000e+03
6.877000000000000000e+03
8.840000000000000000e+03
1.105700000000000000e+04
1.247400000000000000e+04
1.306600000000000000e+04
1.217900000000000000e+04
8.763000000000000000e+03
6.978000000000000000e+03
8.949000000000000000e+03
1.057200000000000000e+04
1.192600000000000000e+04
1.145800000000000000e+04
8.134000000000000000e+03
6.548000000000000000e+03
4.809000000000000000e+03
7.402000000000000000e+03
8.404000000000000000e+03
1.011700000000000000e+04
9.858000000000000000e+03
5.401000000000000000e+03
4.881000000000000000e+03
4.494000000000000000e+03
5.625000000000000000e+03
7.226000000000000000e+03
9.320000000000000000e+03
5.998000000000000000e+03
5.143000000000000000e+03
5.322000000000000000e+03
4.585000000000000000e+03
5.393000000000000000e+03
6.715000000000000000e+03
8.385000000000000000e+03
8.620000000000000000e+03
8.151000000000000000e+03
6.398000000000000000e+03
3.382000000000000000e+03
4.231000000000000000e+03
4.729000000000000000e+03
5.926000000000000000e+03
5.679000000000000000e+03
5.264000000000000000e+03
4.242000000000000000e+03
2.807000000000000000e+03
3.038000000000000000e+03
4.053000000000000000e+03
5.811000000000000000e+03
5.453000000000000000e+03
4.966000000000000000e+03
3.453000000000000000e+03
2.287000000000000000e+03
2.631000000000000000e+03
3.537000000000000000e+03
5.333000000000000000e+03
5.167000000000000000e+03
4.558000000000000000e+03
3.610000000000000000e+03
2.356000000000000000e+03
2.867000000000000000e+03
3.645000000000000000e+03
5.274000000000000000e+03
4.995000000000000000e+03
5.403000000000000000e+03
3.311000000000000000e+03
2.540000000000000000e+03
3.346000000000000000e+03
4.485000000000000000e+03
6.441000000000000000e+03
6.722000000000000000e+03
6.473000000000000000e+03
4.663000000000000000e+03
3.355000000000000000e+03
4.326000000000000000e+03
5.990000000000000000e+03
8.278000000000000000e+03
8.134000000000000000e+03
8.297000000000000000e+03
5.958000000000000000e+03
4.406000000000000000e+03
5.460000000000000000e+03
7.354000000000000000e+03
1.017900000000000000e+04
1.027300000000000000e+04
9.257000000000000000e+03
7.284000000000000000e+03
5.680000000000000000e+03
3.364000000000000000e+03
6.480000000000000000e+03
9.187000000000000000e+03
1.304500000000000000e+04
1.337600000000000000e+04
9.110000000000000000e+03
6.882000000000000000e+03
9.730000000000000000e+03
1.192100000000000000e+04
1.514300000000000000e+04
1.593700000000000000e+04
1.537600000000000000e+04
1.122900000000000000e+04
7.982000000000000000e+03
1.156400000000000000e+04
1.426600000000000000e+04
1.676200000000000000e+04
1.822600000000000000e+04
1.752600000000000000e+04
1.204100000000000000e+04
8.468000000000000000e+03
1.064800000000000000e+04
1.134500000000000000e+04
1.768100000000000000e+04
2.000300000000000000e+04
2.045600000000000000e+04
1.385800000000000000e+04
1.030000000000000000e+04
1.339800000000000000e+04
1.553500000000000000e+04
1.954600000000000000e+04
1.979900000000000000e+04
1.758700000000000000e+04
1.223800000000000000e+04
7.985000000000000000e+03
1.180900000000000000e+04
1.467700000000000000e+04
1.655300000000000000e+04
1.760200000000000000e+04
1.510400000000000000e+04
1.040700000000000000e+04
6.630000000000000000e+03
9.060000000000000000e+03
1.228700000000000000e+04
1.635700000000000000e+04
1.440000000000000000e+04
1.284100000000000000e+04
8.058000000000000000e+03
5.184000000000000000e+03
8.037000000000000000e+03
9.709000000000000000e+03
1.175000000000000000e+04
1.019000000000000000e+04
8.672000000000000000e+03
5.217000000000000000e+03
2.879000000000000000e+03
2.589000000000000000e+03
2.694000000000000000e+03
6.159000000000000000e+03
8.529000000000000000e+03
8.841000000000000000e+03
5.501000000000000000e+03
2.944000000000000000e+03
2.334000000000000000e+03
4.659000000000000000e+03
6.934000000000000000e+03
7.686000000000000000e+03
6.919000000000000000e+03
3.748000000000000000e+03
2.260000000000000000e+03
4.221000000000000000e+03
5.259000000000000000e+03
5.285000000000000000e+03
5.110000000000000000e+03
4.730000000000000000e+03
2.657000000000000000e+03
1.457000000000000000e+03
2.730000000000000000e+03
3.521000000000000000e+03
3.637000000000000000e+03
3.432000000000000000e+03
3.230000000000000000e+03
1.839000000000000000e+03
1.156000000000000000e+03
2.268000000000000000e+03
2.335000000000000000e+03
2.707000000000000000e+03
2.393000000000000000e+03
2.031000000000000000e+03
1.075000000000000000e+03
6.670000000000000000e+02
1.736000000000000000e+03
1.521000000000000000e+03
1.924000000000000000e+03
1.747000000000000000e+03
1.424000000000000000e+03
1.019000000000000000e+03
5.910000000000000000e+02
1.197000000000000000e+03
1.233000000000000000e+03
1.388000000000000000e+03
1.178000000000000000e+03
1.079000000000000000e+03
7.230000000000000000e+02
5.870000000000000000e+02
5.730000000000000000e+02
1.126000000000000000e+03
1.248000000000000000e+03
1.204000000000000000e+03
1.109000000000000000e+03
8.190000000000000000e+02
6.770000000000000000e+02
5.810000000000000000e+02
1.042000000000000000e+03
1.120000000000000000e+03
1.123000000000000000e+03
1.141000000000000000e+03
8.260000000000000000e+02
7.020000000000000000e+02
9.930000000000000000e+02
1.062000000000000000e+03
1.074000000000000000e+03
1.122000000000000000e+03
9.820000000000000000e+02
7.790000000000000000e+02
6.650000000000000000e+02
9.720000000000000000e+02
1.043000000000000000e+03
1.123000000000000000e+03
1.253000000000000000e+03
1.117000000000000000e+03
8.370000000000000000e+02
7.170000000000000000e+02
1.134000000000000000e+03
1.195000000000000000e+03
1.259000000000000000e+03
1.298000000000000000e+03
1.297000000000000000e+03
8.410000000000000000e+02
7.740000000000000000e+02
1.227000000000000000e+03
1.267000000000000000e+03
1.396000000000000000e+03
1.510000000000000000e+03
1.459000000000000000e+03
1.024000000000000000e+03
