0.000000000000000000e+00
0.000000000000000000e+00
0.000000000000000000e+00
0.000000000000000000e+00
0.000000000000000000e+00
0.000000000000000000e+00
0.000000000000000000e+00
0.000000000000000000e+00
0.000000000000000000e+00
0.000000000000000000e+00
0.000000000000000000e+00
0.000000000000000000e+00
0.000000000000000000e+00
0.000000000000000000e+00
0.000000000000000000e+00
0.000000000000000000e+00
0.000000000000000000e+00
0.000000000000000000e+00
0.000000000000000000e+00
0.000000000000000000e+00
0.000000000000000000e+00
0.000000000000000000e+00
0.000000000000000000e+00
0.000000000000000000e+00
0.000000000000000000e+00
0.000000000000000000e+00
0.000000000000000000e+00
0.000000000000000000e+00
0.000000000000000000e+00
0.000000000000000000e+00
0.000000000000000000e+00
0.000000000000000000e+00
0.000000000000000000e+00
0.000000000000000000e+00
0.000000000000000000e+00
0.000000000000000000e+00
0.000000000000000000e+00
0.000000000000000000e+00
0.000000000000000000e+00
0.000000000000000000e+00
0.000000000000000000e+00
0.000000000000000000e+00
0.000000000000000000e+00
0.000000000000000000e+00
0.000000000000000000e+00
0.000000000000000000e+00
0.000000000000000000e+00
0.000000000000000000e+00
0.000000000000000000e+00
0.000000000000000000e+00
0.000000000000000000e+00
0.000000000000000000e+00
0.000000000000000000e+00
0.000000000000000000e+00
0.000000000000000000e+00
2.000000000000000000e+00
2.000000000000000000e+00
5.000000000000000000e+00
5.000000000000000000e+00
6.000000000000000000e+00
1.400000000000000000e+01
1.700000000000000000e+01
1.800000000000000000e+01
1.800000000000000000e+01
1.800000000000000000e+01
2.400000000000000000e+01
2.600000000000000000e+01
3.300000000000000000e+01
3.300000000000000000e+01
3.400000000000000000e+01
3.400000000000000000e+01
4.600000000000000000e+01
5.100000000000000000e+01
5.200000000000000000e+01
5.600000000000000000e+01
6.000000000000000000e+01
6.300000000000000000e+01
6.300000000000000000e+01
6.600000000000000000e+01
6.700000000000000000e+01
6.800000000000000000e+01
7.100000000000000000e+01
7.200000000000000000e+01
7.200000000000000000e+01
7.300000000000000000e+01
7.500000000000000000e+01
7.500000000000000000e+01
7.500000000000000000e+01
7.500000000000000000e+01
7.500000000000000000e+01
7.500000000000000000e+01
7.500000000000000000e+01
7.600000000000000000e+01
7.700000000000000000e+01
7.900000000000000000e+01
7.900000000000000000e+01
8.000000000000000000e+01
8.000000000000000000e+01
8.000000000000000000e+01
8.100000000000000000e+01
8.100000000000000000e+01
8.100000000000000000e+01
8.200000000000000000e+01
8.200000000000000000e+01
8.200000000000000000e+01
8.200000000000000000e+01
8.200000000000000000e+01
8.300000000000000000e+01
8.400000000000000000e+01
8.400000000000000000e+01
8.400000000000000000e+01
8.500000000000000000e+01
8.500000000000000000e+01
8.500000000000000000e+01
8.500000000000000000e+01
8.600000000000000000e+01
8.800000000000000000e+01
8.800000000000000000e+01
9.000000000000000000e+01
9.000000000000000000e+01
9.000000000000000000e+01
9.000000000000000000e+01
9.200000000000000000e+01
9.200000000000000000e+01
9.200000000000000000e+01
9.200000000000000000e+01
9.200000000000000000e+01
9.200000000000000000e+01
9.200000000000000000e+01
9.200000000000000000e+01
9.200000000000000000e+01
9.200000000000000000e+01
9.200000000000000000e+01
9.200000000000000000e+01
9.200000000000000000e+01
9.200000000000000000e+01
9.200000000000000000e+01
9.200000000000000000e+01
9.200000000000000000e+01
9.200000000000000000e+01
9.600000000000000000e+01
9.600000000000000000e+01
9.600000000000000000e+01
9.600000000000000000e+01
9.600000000000000000e+01
9.700000000000000000e+01
9.700000000000000000e+01
9.700000000000000000e+01
9.700000000000000000e+01
9.700000000000000000e+01
9.700000000000000000e+01
9.700000000000000000e+01
9.700000000000000000e+01
9.700000000000000000e+01
9.700000000000000000e+01
9.700000000000000000e+01
9.700000000000000000e+01
9.700000000000000000e+01
9.700000000000000000e+01
9.700000000000000000e+01
9.700000000000000000e+01
9.700000000000000000e+01
9.700000000000000000e+01
9.700000000000000000e+01
9.700000000000000000e+01
9.800000000000000000e+01
9.800000000000000000e+01
9.800000000000000000e+01
9.800000000000000000e+01
9.800000000000000000e+01
9.800000000000000000e+01
1.030000000000000000e+02
1.030000000000000000e+02
1.030000000000000000e+02
1.030000000000000000e+02
1.040000000000000000e+02
1.040000000000000000e+02
1.040000000000000000e+02
1.040000000000000000e+02
1.050000000000000000e+02
1.060000000000000000e+02
1.060000000000000000e+02
1.060000000000000000e+02
1.060000000000000000e+02
1.080000000000000000e+02
1.080000000000000000e+02
1.100000000000000000e+02
1.100000000000000000e+02
1.100000000000000000e+02
1.100000000000000000e+02
1.100000000000000000e+02
1.100000000000000000e+02
1.220000000000000000e+02
1.320000000000000000e+02
1.320000000000000000e+02
1.320000000000000000e+02
1.330000000000000000e+02
1.330000000000000000e+02
1.380000000000000000e+02
1.380000000000000000e+02
1.420000000000000000e+02
1.420000000000000000e+02
1.430000000000000000e+02
1.440000000000000000e+02
1.440000000000000000e+02
1.480000000000000000e+02
1.500000000000000000e+02
1.510000000000000000e+02
1.520000000000000000e+02
1.530000000000000000e+02
1.550000000000000000e+02
1.560000000000000000e+02
1.570000000000000000e+02
1.580000000000000000e+02
1.610000000000000000e+02
1.610000000000000000e+02
1.640000000000000000e+02
1.650000000000000000e+02
1.650000000000000000e+02
1.660000000000000000e+02
1.700000000000000000e+02
1.730000000000000000e+02
1.740000000000000000e+02
1.760000000000000000e+02
1.760000000000000000e+02
1.770000000000000000e+02
1.780000000000000000e+02
1.780000000000000000e+02
1.780000000000000000e+02
1.790000000000000000e+02
1.800000000000000000e+02
1.800000000000000000e+02
1.800000000000000000e+02
1.800000000000000000e+02
1.800000000000000000e+02
1.810000000000000000e+02
1.830000000000000000e+02
1.840000000000000000e+02
1.850000000000000000e+02
1.850000000000000000e+02
1.850000000000000000e+02
1.850000000000000000e+02
1.890000000000000000e+02
1.890000000000000000e+02
1.890000000000000000e+02
1.890000000000000000e+02
1.890000000000000000e+02
1.900000000000000000e+02
1.900000000000000000e+02
1.900000000000000000e+02
1.900000000000000000e+02
1.900000000000000000e+02
1.900000000000000000e+02
1.930000000000000000e+02
1.930000000000000000e+02
1.960000000000000000e+02
1.990000000000000000e+02
2.000000000000000000e+02
2.000000000000000000e+02
2.030000000000000000e+02
2.030000000000000000e+02
2.040000000000000000e+02
2.060000000000000000e+02
2.080000000000000000e+02
2.080000000000000000e+02
2.100000000000000000e+02
2.150000000000000000e+02
2.180000000000000000e+02
2.190000000000000000e+02
2.190000000000000000e+02
2.210000000000000000e+02
2.220000000000000000e+02
2.220000000000000000e+02
2.220000000000000000e+02
2.240000000000000000e+02
2.260000000000000000e+02
2.270000000000000000e+02
2.270000000000000000e+02
2.330000000000000000e+02
2.330000000000000000e+02
2.340000000000000000e+02
2.340000000000000000e+02
2.360000000000000000e+02
2.370000000000000000e+02
2.370000000000000000e+02
2.380000000000000000e+02
2.380000000000000000e+02
2.390000000000000000e+02
2.390000000000000000e+02
2.420000000000000000e+02
2.420000000000000000e+02
2.420000000000000000e+02
2.430000000000000000e+02
2.430000000000000000e+02
2.490000000000000000e+02
2.490000000000000000e+02
2.490000000000000000e+02
2.490000000000000000e+02
2.500000000000000000e+02
2.500000000000000000e+02
2.500000000000000000e+02
2.520000000000000000e+02
2.530000000000000000e+02
2.530000000000000000e+02
2.550000000000000000e+02
2.590000000000000000e+02
2.600000000000000000e+02
2.620000000000000000e+02
2.630000000000000000e+02
2.660000000000000000e+02
2.700000000000000000e+02
2.700000000000000000e+02
2.750000000000000000e+02
2.760000000000000000e+02
2.780000000000000000e+02
2.790000000000000000e+02
2.810000000000000000e+02
2.840000000000000000e+02
2.850000000000000000e+02
2.850000000000000000e+02
2.870000000000000000e+02
2.890000000000000000e+02
2.900000000000000000e+02
2.910000000000000000e+02
2.920000000000000000e+02
2.920000000000000000e+02
2.920000000000000000e+02
2.960000000000000000e+02
2.970000000000000000e+02
3.010000000000000000e+02
3.050000000000000000e+02
3.070000000000000000e+02
3.070000000000000000e+02
3.070000000000000000e+02
3.210000000000000000e+02
3.270000000000000000e+02
3.290000000000000000e+02
3.450000000000000000e+02
3.470000000000000000e+02
3.520000000000000000e+02
3.560000000000000000e+02
3.650000000000000000e+02
3.710000000000000000e+02
3.720000000000000000e+02
3.830000000000000000e+02
3.950000000000000000e+02
3.950000000000000000e+02
5.560000000000000000e+02
6.060000000000000000e+02
6.430000000000000000e+02
7.430000000000000000e+02
7.430000000000000000e+02
7.800000000000000000e+02
8.080000000000000000e+02
8.780000000000000000e+02
8.840000000000000000e+02
9.680000000000000000e+02
1.007000000000000000e+03
1.036000000000000000e+03
1.036000000000000000e+03
1.095000000000000000e+03
1.095000000000000000e+03
1.095000000000000000e+03
1.095000000000000000e+03
1.156000000000000000e+03
1.156000000000000000e+03
1.156000000000000000e+03
1.341000000000000000e+03
1.387000000000000000e+03
1.401000000000000000e+03
1.401000000000000000e+03
1.443000000000000000e+03
1.477000000000000000e+03
1.498000000000000000e+03
1.523000000000000000e+03
1.545000000000000000e+03
1.558000000000000000e+03
1.586000000000000000e+03
1.611000000000000000e+03
1.641000000000000000e+03
1.656000000000000000e+03
1.676000000000000000e+03
1.709000000000000000e+03
1.732000000000000000e+03
1.814000000000000000e+03
1.857000000000000000e+03
1.904000000000000000e+03
1.947000000000000000e+03
2.061000000000000000e+03
2.061000000000000000e+03
2.268000000000000000e+03
2.331000000000000000e+03
2.457000000000000000e+03
2.647000000000000000e+03
2.677000000000000000e+03
2.715000000000000000e+03
2.772000000000000000e+03
2.791000000000000000e+03
2.852000000000000000e+03
2.907000000000000000e+03
2.949000000000000000e+03
2.994000000000000000e+03
3.038000000000000000e+03
3.068000000000000000e+03
3.115000000000000000e+03
3.140000000000000000e+03
3.163000000000000000e+03
3.186000000000000000e+03
3.217000000000000000e+03
3.264000000000000000e+03
3.285000000000000000e+03
3.303000000000000000e+03
3.333000000000000000e+03
3.353000000000000000e+03
3.372000000000000000e+03
3.391000000000000000e+03
3.404000000000000000e+03
3.421000000000000000e+03
3.442000000000000000e+03
3.458000000000000000e+03
3.471000000000000000e+03
3.492000000000000000e+03
3.512000000000000000e+03
3.533000000000000000e+03
3.551000000000000000e+03
3.559000000000000000e+03
3.574000000000000000e+03
3.582000000000000000e+03
3.593000000000000000e+03
3.603000000000000000e+03
3.609000000000000000e+03
3.629000000000000000e+03
3.634000000000000000e+03
3.642000000000000000e+03
3.652000000000000000e+03
3.659000000000000000e+03
3.665000000000000000e+03
3.668000000000000000e+03
3.668000000000000000e+03
3.679000000000000000e+03
3.691000000000000000e+03
3.691000000000000000e+03
3.704000000000000000e+03
3.708000000000000000e+03
3.719000000000000000e+03
3.730000000000000000e+03
3.734000000000000000e+03
3.740000000000000000e+03
3.744000000000000000e+03
3.753000000000000000e+03
3.765000000000000000e+03
3.773000000000000000e+03
3.781000000000000000e+03
3.784000000000000000e+03
3.793000000000000000e+03
3.797000000000000000e+03
3.806000000000000000e+03
3.820000000000000000e+03
3.820000000000000000e+03
3.824000000000000000e+03
3.825000000000000000e+03
3.828000000000000000e+03
3.831000000000000000e+03
3.838000000000000000e+03
3.855000000000000000e+03
3.863000000000000000e+03
3.866000000000000000e+03
3.881000000000000000e+03
3.884000000000000000e+03
3.915000000000000000e+03
3.929000000000000000e+03
3.931000000000000000e+03
3.933000000000000000e+03
3.942000000000000000e+03
3.946000000000000000e+03
3.950000000000000000e+03
3.957000000000000000e+03
3.959000000000000000e+03
3.961000000000000000e+03
3.965000000000000000e+03
3.967000000000000000e+03
3.968000000000000000e+03
3.972000000000000000e+03
3.975000000000000000e+03
3.975000000000000000e+03
3.985000000000000000e+03
3.991000000000000000e+03
3.995000000000000000e+03
3.995000000000000000e+03
4.000000000000000000e+03
4.004000000000000000e+03
4.006000000000000000e+03
4.009000000000000000e+03
4.012000000000000000e+03
4.017000000000000000e+03
4.017000000000000000e+03
4.017000000000000000e+03
4.023000000000000000e+03
4.026000000000000000e+03
4.029000000000000000e+03
4.030000000000000000e+03
4.031000000000000000e+03
4.032000000000000000e+03
4.032000000000000000e+03
4.032000000000000000e+03
4.033000000000000000e+03
4.033000000000000000e+03
4.036000000000000000e+03
4.036000000000000000e+03
4.037000000000000000e+03
4.038000000000000000e+03
4.038000000000000000e+03
4.039000000000000000e+03
4.040000000000000000e+03
4.041000000000000000e+03
4.043000000000000000e+03
4.045000000000000000e+03
4.045000000000000000e+03
4.052000000000000000e+03
4.057000000000000000e+03
4.066000000000000000e+03
4.074000000000000000e+03
4.075000000000000000e+03
4.077000000000000000e+03
4.079000000000000000e+03
4.081000000000000000e+03
4.082000000000000000e+03
4.082000000000000000e+03
4.082000000000000000e+03
4.086000000000000000e+03
4.086000000000000000e+03
4.096000000000000000e+03
4.108000000000000000e+03
4.119000000000000000e+03
4.128000000000000000e+03
4.136000000000000000e+03
4.176000000000000000e+03
4.186000000000000000e+03
4.196000000000000000e+03
4.213000000000000000e+03
4.230000000000000000e+03
4.241000000000000000e+03
4.251000000000000000e+03
4.258000000000000000e+03
4.269000000000000000e+03
4.292000000000000000e+03
4.302000000000000000e+03
4.319000000000000000e+03
4.330000000000000000e+03
4.339000000000000000e+03
4.345000000000000000e+03
4.353000000000000000e+03
4.359000000000000000e+03
4.364000000000000000e+03
4.365000000000000000e+03
4.379000000000000000e+03
4.390000000000000000e+03
4.407000000000000000e+03
