0.000000000000000000e+00
0.000000000000000000e+00
2.000000000000000000e+00
3.000000000000000000e+00
3.000000000000000000e+00
3.000000000000000000e+00
4.000000000000000000e+00
5.000000000000000000e+00
5.000000000000000000e+00
5.000000000000000000e+00
6.000000000000000000e+00
6.000000000000000000e+00
6.000000000000000000e+00
6.000000000000000000e+00
6.000000000000000000e+00
6.000000000000000000e+00
6.000000000000000000e+00
1.100000000000000000e+01
1.100000000000000000e+01
1.100000000000000000e+01
1.100000000000000000e+01
1.100000000000000000e+01
1.100000000000000000e+01
1.100000000000000000e+01
1.200000000000000000e+01
1.200000000000000000e+01
1.200000000000000000e+01
1.200000000000000000e+01
1.200000000000000000e+01
1.200000000000000000e+01
1.200000000000000000e+01
1.200000000000000000e+01
1.200000000000000000e+01
1.200000000000000000e+01
1.400000000000000000e+01
1.800000000000000000e+01
3.800000000000000000e+01
5.700000000000000000e+01
1.000000000000000000e+02
1.300000000000000000e+02
1.910000000000000000e+02
2.120000000000000000e+02
2.880000000000000000e+02
4.260000000000000000e+02
6.160000000000000000e+02
9.480000000000000000e+02
1.125000000000000000e+03
1.411000000000000000e+03
1.783000000000000000e+03
2.293000000000000000e+03
2.293000000000000000e+03
3.681000000000000000e+03
4.496000000000000000e+03
4.532000000000000000e+03
6.683000000000000000e+03
7.715000000000000000e+03
9.124000000000000000e+03
1.097000000000000000e+04
1.275800000000000000e+04
1.446300000000000000e+04
1.675800000000000000e+04
2.012300000000000000e+04
2.237200000000000000e+04
2.533400000000000000e+04
2.925200000000000000e+04
3.304700000000000000e+04
3.769200000000000000e+04
4.029500000000000000e+04
4.464900000000000000e+04
5.227800000000000000e+04
5.712200000000000000e+04
5.922800000000000000e+04
6.445200000000000000e+04
4.737800000000000000e+04
4.823300000000000000e+04
5.088700000000000000e+04
4.739600000000000000e+04
5.125100000000000000e+04
5.503500000000000000e+04
5.660000000000000000e+04
5.804500000000000000e+04
1.087910000000000000e+05
1.119320000000000000e+05
1.293800000000000000e+05
1.325880000000000000e+05
1.451660000000000000e+05
1.470570000000000000e+05
1.508630000000000000e+05
1.519550000000000000e+05
1.544020000000000000e+05
1.570680000000000000e+05
1.588680000000000000e+05
1.571580000000000000e+05
1.599690000000000000e+05
1.616470000000000000e+05
1.622800000000000000e+05
1.659660000000000000e+05
1.690980000000000000e+05
1.676430000000000000e+05
1.688610000000000000e+05
1.693870000000000000e+05
1.701790000000000000e+05
1.705400000000000000e+05
1.711020000000000000e+05
1.722190000000000000e+05
1.763550000000000000e+05
1.770960000000000000e+05
1.776270000000000000e+05
1.781560000000000000e+05
1.784050000000000000e+05
1.787190000000000000e+05
1.794720000000000000e+05
1.799930000000000000e+05
1.806350000000000000e+05
1.811480000000000000e+05
1.815630000000000000e+05
1.817030000000000000e+05
1.821470000000000000e+05
1.826480000000000000e+05
1.831300000000000000e+05
1.833970000000000000e+05
1.841530000000000000e+05
1.846990000000000000e+05
1.842600000000000000e+05
1.845850000000000000e+05
1.848400000000000000e+05
1.850120000000000000e+05
1.883550000000000000e+05
1.889490000000000000e+05
1.907440000000000000e+05
1.909750000000000000e+05
1.913820000000000000e+05
1.907350000000000000e+05
1.875090000000000000e+05
1.918690000000000000e+05
1.924500000000000000e+05
1.930220000000000000e+05
1.933630000000000000e+05
1.936370000000000000e+05
1.941900000000000000e+05
1.948150000000000000e+05
1.951790000000000000e+05
1.959810000000000000e+05
1.964780000000000000e+05
1.968680000000000000e+05
1.970040000000000000e+05
1.976670000000000000e+05
1.981550000000000000e+05
1.987410000000000000e+05
1.995280000000000000e+05
2.001470000000000000e+05
2.004900000000000000e+05
2.006320000000000000e+05
2.013300000000000000e+05
2.015980000000000000e+05
2.018530000000000000e+05
2.031160000000000000e+05
2.035640000000000000e+05
2.031580000000000000e+05
2.038030000000000000e+05
2.042440000000000000e+05
2.052340000000000000e+05
2.057730000000000000e+05
2.063120000000000000e+05
2.066700000000000000e+05
2.066810000000000000e+05
2.076990000000000000e+05
2.081530000000000000e+05
2.089750000000000000e+05
2.094190000000000000e+05
2.101340000000000000e+05
2.103850000000000000e+05
2.104010000000000000e+05
2.118240000000000000e+05
2.118860000000000000e+05
2.126130000000000000e+05
2.131820000000000000e+05
2.140110000000000000e+05
2.141740000000000000e+05
2.141780000000000000e+05
2.160890000000000000e+05
2.166840000000000000e+05
2.176050000000000000e+05
2.188410000000000000e+05
2.199320000000000000e+05
2.200200000000000000e+05
2.200200000000000000e+05
2.225080000000000000e+05
2.230720000000000000e+05
2.245420000000000000e+05
2.259310000000000000e+05
2.272390000000000000e+05
2.273020000000000000e+05
2.273050000000000000e+05
2.306650000000000000e+05
2.316360000000000000e+05
2.333440000000000000e+05
2.349450000000000000e+05
2.373320000000000000e+05
2.374020000000000000e+05
2.374370000000000000e+05
2.421680000000000000e+05
2.435820000000000000e+05
2.461800000000000000e+05
2.488580000000000000e+05
2.517810000000000000e+05
2.549910000000000000e+05
2.579940000000000000e+05
2.586440000000000000e+05
2.607630000000000000e+05
2.645350000000000000e+05
2.693350000000000000e+05
2.743440000000000000e+05
2.778180000000000000e+05
2.824980000000000000e+05
2.844740000000000000e+05
2.880900000000000000e+05
2.883770000000000000e+05
2.995800000000000000e+05
3.072210000000000000e+05
3.126810000000000000e+05
3.180470000000000000e+05
3.211600000000000000e+05
3.262640000000000000e+05
3.333770000000000000e+05
3.404990000000000000e+05
3.493330000000000000e+05
3.579270000000000000e+05
3.649430000000000000e+05
3.692090000000000000e+05
3.759470000000000000e+05
3.845660000000000000e+05
3.943280000000000000e+05
4.038370000000000000e+05
4.151740000000000000e+05
4.215190000000000000e+05
4.279150000000000000e+05
4.357410000000000000e+05
4.459320000000000000e+05
4.561710000000000000e+05
4.694040000000000000e+05
4.829640000000000000e+05
4.935000000000000000e+05
4.990390000000000000e+05
5.091230000000000000e+05
5.224140000000000000e+05
5.382640000000000000e+05
5.543680000000000000e+05
5.685880000000000000e+05
5.792230000000000000e+05
5.835220000000000000e+05
5.915270000000000000e+05
6.058930000000000000e+05
6.189440000000000000e+05
6.313800000000000000e+05
6.478680000000000000e+05
6.603720000000000000e+05
6.660110000000000000e+05
6.773210000000000000e+05
6.962740000000000000e+05
7.136760000000000000e+05
7.347640000000000000e+05
7.614410000000000000e+05
7.773780000000000000e+05
7.865900000000000000e+05
8.002160000000000000e+05
8.232180000000000000e+05
8.529750000000000000e+05
8.786070000000000000e+05
9.107110000000000000e+05
9.405480000000000000e+05
9.548370000000000000e+05
9.752130000000000000e+05
1.002635000000000000e+06
1.043448000000000000e+06
1.086285000000000000e+06
1.131550000000000000e+06
1.138166000000000000e+06
1.211176000000000000e+06
1.245658000000000000e+06
1.283208000000000000e+06
1.329820000000000000e+06
1.379294000000000000e+06
1.414364000000000000e+06
1.460543000000000000e+06
1.566634000000000000e+06
1.639235000000000000e+06
1.593159000000000000e+06
1.650965000000000000e+06
1.711917000000000000e+06
1.798572000000000000e+06
1.837134000000000000e+06
1.858558000000000000e+06
1.881171000000000000e+06
1.917577000000000000e+06
1.950205000000000000e+06
1.974270000000000000e+06
2.006227000000000000e+06
2.033419000000000000e+06
2.043469000000000000e+06
2.089071000000000000e+06
2.117968000000000000e+06
2.138704000000000000e+06
2.161968000000000000e+06
2.179638000000000000e+06
2.192768000000000000e+06
2.197830000000000000e+06
2.207751000000000000e+06
2.224505000000000000e+06
2.237506000000000000e+06
2.250280000000000000e+06
2.262757000000000000e+06
2.272520000000000000e+06
2.276874000000000000e+06
2.285238000000000000e+06
2.299466000000000000e+06
2.312253000000000000e+06
2.323764000000000000e+06
2.336646000000000000e+06
2.347595000000000000e+06
2.351006000000000000e+06
2.365043000000000000e+06
2.379718000000000000e+06
2.393590000000000000e+06
2.407079000000000000e+06
2.421026000000000000e+06
2.432559000000000000e+06
2.435751000000000000e+06
2.447406000000000000e+06
2.465126000000000000e+06
2.483524000000000000e+06
2.499529000000000000e+06
2.516957000000000000e+06
2.529756000000000000e+06
2.535716000000000000e+06
2.547577000000000000e+06
2.562615000000000000e+06
2.584333000000000000e+06
2.604595000000000000e+06
2.607688000000000000e+06
2.616510000000000000e+06
2.619616000000000000e+06
2.631110000000000000e+06
2.657624000000000000e+06
2.677666000000000000e+06
2.697014000000000000e+06
2.700480000000000000e+06
2.712975000000000000e+06
2.717059000000000000e+06
2.737884000000000000e+06
2.763116000000000000e+06
2.784883000000000000e+06
2.804743000000000000e+06
2.824920000000000000e+06
2.840864000000000000e+06
2.844680000000000000e+06
2.864360000000000000e+06
2.888292000000000000e+06
2.909723000000000000e+06
2.931040000000000000e+06
2.952449000000000000e+06
2.969091000000000000e+06
2.972889000000000000e+06
2.996784000000000000e+06
3.023661000000000000e+06
3.046371000000000000e+06
3.069695000000000000e+06
3.093619000000000000e+06
3.112055000000000000e+06
3.116355000000000000e+06
3.138498000000000000e+06
3.165449000000000000e+06
3.189405000000000000e+06
3.212640000000000000e+06
3.236685000000000000e+06
3.255920000000000000e+06
3.260308000000000000e+06
3.283645000000000000e+06
3.310051000000000000e+06
3.310071000000000000e+06
3.355678000000000000e+06
3.376266000000000000e+06
3.395981000000000000e+06
3.400324000000000000e+06
3.419210000000000000e+06
3.444888000000000000e+06
3.465964000000000000e+06
3.486673000000000000e+06
3.507904000000000000e+06
3.524450000000000000e+06
3.528856000000000000e+06
3.548452000000000000e+06
3.573638000000000000e+06
3.596156000000000000e+06
3.620283000000000000e+06
3.642654000000000000e+06
3.664700000000000000e+06
3.669354000000000000e+06
3.689534000000000000e+06
3.721061000000000000e+06
3.746475000000000000e+06
3.771691000000000000e+06
3.795687000000000000e+06
3.815639000000000000e+06
3.820369000000000000e+06
3.843241000000000000e+06
3.870144000000000000e+06
3.895430000000000000e+06
3.918937000000000000e+06
3.942243000000000000e+06
3.964078000000000000e+06
3.969612000000000000e+06
3.992755000000000000e+06
4.022429000000000000e+06
4.050558000000000000e+06
4.075735000000000000e+06
4.105527000000000000e+06
4.131874000000000000e+06
4.138345000000000000e+06
4.168411000000000000e+06
4.206912000000000000e+06
4.241973000000000000e+06
4.277171000000000000e+06
4.312510000000000000e+06
4.343097000000000000e+06
4.358910000000000000e+06
4.373607000000000000e+06
4.438999000000000000e+06
4.484659000000000000e+06
4.526530000000000000e+06
4.569164000000000000e+06
4.606185000000000000e+06
4.615295000000000000e+06
4.646014000000000000e+06
4.705068000000000000e+06
4.755779000000000000e+06
4.802457000000000000e+06
4.802545000000000000e+06
4.883174000000000000e+06
4.893971000000000000e+06
4.902025000000000000e+06
4.902985000000000000e+06
5.000155000000000000e+06
5.000314000000000000e+06
5.001685000000000000e+06
5.119585000000000000e+06
5.128140000000000000e+06
5.167265000000000000e+06
5.210772000000000000e+06
5.248853000000000000e+06
5.285304000000000000e+06
5.321176000000000000e+06
5.350521000000000000e+06
5.357229000000000000e+06
5.401305000000000000e+06
5.436229000000000000e+06
5.469674000000000000e+06
5.502014000000000000e+06
5.534656000000000000e+06
5.559121000000000000e+06
5.565080000000000000e+06
5.595403000000000000e+06
5.626985000000000000e+06
5.653533000000000000e+06
5.677835000000000000e+06
5.703505000000000000e+06
5.713393000000000000e+06
5.717160000000000000e+06
5.741537000000000000e+06
5.767541000000000000e+06
5.789283000000000000e+06
5.808421000000000000e+06
5.829166000000000000e+06
5.838294000000000000e+06
5.841593000000000000e+06
5.861384000000000000e+06
5.882882000000000000e+06
5.902343000000000000e+06
5.909386000000000000e+06
5.925071000000000000e+06
5.939019000000000000e+06
5.942370000000000000e+06
5.959593000000000000e+06
5.978650000000000000e+06
5.629983000000000000e+06
5.642786000000000000e+06
5.655397000000000000e+06
5.665101000000000000e+06
5.667331000000000000e+06
5.670486000000000000e+06
5.683143000000000000e+06
5.697076000000000000e+06
5.708350000000000000e+06
5.719877000000000000e+06
5.728418000000000000e+06
5.728788000000000000e+06
5.738641000000000000e+06
5.739995000000000000e+06
5.755679000000000000e+06
5.762637000000000000e+06
5.769291000000000000e+06
5.774361000000000000e+06
5.775535000000000000e+06
5.781556000000000000e+06
5.787125000000000000e+06
5.791608000000000000e+06
5.795487000000000000e+06
5.799459000000000000e+06
5.802314000000000000e+06
5.803012000000000000e+06
5.806255000000000000e+06
5.809319000000000000e+06
5.811461000000000000e+06
5.814648000000000000e+06
5.817272000000000000e+06
5.819088000000000000e+06
5.819584000000000000e+06
5.821797000000000000e+06
5.824127000000000000e+06
5.826278000000000000e+06
5.828266000000000000e+06
5.830394000000000000e+06
5.831972000000000000e+06
5.832490000000000000e+06
5.835885000000000000e+06
5.837265000000000000e+06
5.839967000000000000e+06
5.842654000000000000e+06
5.845660000000000000e+06
5.848209000000000000e+06
5.849011000000000000e+06
5.852599000000000000e+06
5.856682000000000000e+06
5.861128000000000000e+06
5.865767000000000000e+06
5.870463000000000000e+06
5.874719000000000000e+06
5.875987000000000000e+06
5.882945000000000000e+06
5.884395000000000000e+06
5.895453000000000000e+06
5.906448000000000000e+06
5.917397000000000000e+06
5.929929000000000000e+06
5.934122000000000000e+06
5.952339000000000000e+06
5.973912000000000000e+06
5.996060000000000000e+06
6.015469000000000000e+06
6.041146000000000000e+06
6.056388000000000000e+06
6.061802000000000000e+06
6.088930000000000000e+06
6.116853000000000000e+06
6.142282000000000000e+06
6.166690000000000000e+06
6.190334000000000000e+06
6.209934000000000000e+06
