0.000000000000000000e+00
0.000000000000000000e+00
2.000000000000000000e+00
1.000000000000000000e+00
0.000000000000000000e+00
0.000000000000000000e+00
1.000000000000000000e+00
1.000000000000000000e+00
0.000000000000000000e+00
0.000000000000000000e+00
1.000000000000000000e+00
0.000000000000000000e+00
0.000000000000000000e+00
0.000000000000000000e+00
0.000000000000000000e+00
0.000000000000000000e+00
0.000000000000000000e+00
5.000000000000000000e+00
0.000000000000000000e+00
0.000000000000000000e+00
0.000000000000000000e+00
0.000000000000000000e+00
0.000000000000000000e+00
0.000000000000000000e+00
1.000000000000000000e+00
0.000000000000000000e+00
0.000000000000000000e+00
0.000000000000000000e+00
0.000000000000000000e+00
0.000000000000000000e+00
0.000000000000000000e+00
0.000000000000000000e+00
0.000000000000000000e+00
0.000000000000000000e+00
2.000000000000000000e+00
4.000000000000000000e+00
2.000000000000000000e+01
1.900000000000000000e+01
4.300000000000000000e+01
3.000000000000000000e+01
6.100000000000000000e+01
2.100000000000000000e+01
7.600000000000000000e+01
1.380000000000000000e+02
1.900000000000000000e+02
3.320000000000000000e+02
1.770000000000000000e+02
2.860000000000000000e+02
3.720000000000000000e+02
5.100000000000000000e+02
0.000000000000000000e+00
1.388000000000000000e+03
8.150000000000000000e+02
3.600000000000000000e+01
2.151000000000000000e+03
1.032000000000000000e+03
1.409000000000000000e+03
1.846000000000000000e+03
1.788000000000000000e+03
1.705000000000000000e+03
2.295000000000000000e+03
3.365000000000000000e+03
2.249000000000000000e+03
2.962000000000000000e+03
3.918000000000000000e+03
3.795000000000000000e+03
4.645000000000000000e+03
2.603000000000000000e+03
4.354000000000000000e+03
7.629000000000000000e+03
4.844000000000000000e+03
2.106000000000000000e+03
5.224000000000000000e+03
-1.707400000000000000e+04
8.550000000000000000e+02
2.654000000000000000e+03
-3.491000000000000000e+03
3.855000000000000000e+03
3.784000000000000000e+03
1.565000000000000000e+03
1.445000000000000000e+03
5.074600000000000000e+04
3.141000000000000000e+03
1.744800000000000000e+04
3.208000000000000000e+03
1.257800000000000000e+04
1.891000000000000000e+03
3.806000000000000000e+03
1.092000000000000000e+03
2.447000000000000000e+03
2.666000000000000000e+03
1.800000000000000000e+03
-1.710000000000000000e+03
2.811000000000000000e+03
1.678000000000000000e+03
6.330000000000000000e+02
3.686000000000000000e+03
3.132000000000000000e+03
-1.455000000000000000e+03
1.218000000000000000e+03
5.260000000000000000e+02
7.920000000000000000e+02
3.610000000000000000e+02
5.620000000000000000e+02
1.117000000000000000e+03
4.136000000000000000e+03
7.410000000000000000e+02
5.310000000000000000e+02
5.290000000000000000e+02
2.490000000000000000e+02
3.140000000000000000e+02
7.530000000000000000e+02
5.210000000000000000e+02
6.420000000000000000e+02
5.130000000000000000e+02
4.150000000000000000e+02
1.400000000000000000e+02
4.440000000000000000e+02
5.010000000000000000e+02
4.820000000000000000e+02
2.670000000000000000e+02
7.560000000000000000e+02
5.460000000000000000e+02
-4.390000000000000000e+02
3.250000000000000000e+02
2.550000000000000000e+02
1.720000000000000000e+02
3.343000000000000000e+03
5.940000000000000000e+02
1.795000000000000000e+03
2.310000000000000000e+02
4.070000000000000000e+02
-6.470000000000000000e+02
-3.226000000000000000e+03
4.360000000000000000e+03
5.810000000000000000e+02
5.720000000000000000e+02
3.410000000000000000e+02
2.740000000000000000e+02
5.530000000000000000e+02
6.250000000000000000e+02
3.640000000000000000e+02
8.020000000000000000e+02
4.970000000000000000e+02
3.900000000000000000e+02
1.360000000000000000e+02
6.630000000000000000e+02
4.880000000000000000e+02
5.860000000000000000e+02
7.870000000000000000e+02
6.190000000000000000e+02
3.430000000000000000e+02
1.420000000000000000e+02
6.980000000000000000e+02
2.680000000000000000e+02
2.550000000000000000e+02
1.263000000000000000e+03
4.480000000000000000e+02
-4.060000000000000000e+02
6.450000000000000000e+02
4.410000000000000000e+02
9.900000000000000000e+02
5.390000000000000000e+02
5.390000000000000000e+02
3.580000000000000000e+02
1.100000000000000000e+01
1.018000000000000000e+03
4.540000000000000000e+02
8.220000000000000000e+02
4.440000000000000000e+02
7.150000000000000000e+02
2.510000000000000000e+02
1.600000000000000000e+01
1.423000000000000000e+03
6.200000000000000000e+01
7.270000000000000000e+02
5.690000000000000000e+02
8.290000000000000000e+02
1.630000000000000000e+02
4.000000000000000000e+00
1.911000000000000000e+03
5.950000000000000000e+02
9.210000000000000000e+02
1.236000000000000000e+03
1.091000000000000000e+03
8.800000000000000000e+01
0.000000000000000000e+00
2.488000000000000000e+03
5.640000000000000000e+02
1.470000000000000000e+03
1.389000000000000000e+03
1.308000000000000000e+03
6.300000000000000000e+01
3.000000000000000000e+00
3.360000000000000000e+03
9.710000000000000000e+02
1.708000000000000000e+03
1.601000000000000000e+03
2.387000000000000000e+03
7.000000000000000000e+01
3.500000000000000000e+01
4.731000000000000000e+03
1.414000000000000000e+03
2.598000000000000000e+03
2.678000000000000000e+03
2.923000000000000000e+03
3.210000000000000000e+03
3.003000000000000000e+03
6.500000000000000000e+02
2.119000000000000000e+03
3.772000000000000000e+03
4.800000000000000000e+03
5.009000000000000000e+03
3.474000000000000000e+03
4.680000000000000000e+03
1.976000000000000000e+03
3.616000000000000000e+03
2.870000000000000000e+02
1.120300000000000000e+04
7.641000000000000000e+03
5.460000000000000000e+03
5.366000000000000000e+03
3.113000000000000000e+03
5.104000000000000000e+03
7.113000000000000000e+03
7.122000000000000000e+03
8.834000000000000000e+03
8.594000000000000000e+03
7.016000000000000000e+03
4.266000000000000000e+03
6.738000000000000000e+03
8.619000000000000000e+03
9.762000000000000000e+03
9.509000000000000000e+03
1.133700000000000000e+04
6.345000000000000000e+03
6.396000000000000000e+03
7.826000000000000000e+03
1.019100000000000000e+04
1.023900000000000000e+04
1.323300000000000000e+04
1.356000000000000000e+04
1.053600000000000000e+04
5.539000000000000000e+03
1.008400000000000000e+04
1.329100000000000000e+04
1.585000000000000000e+04
1.610400000000000000e+04
1.422000000000000000e+04
1.063500000000000000e+04
4.299000000000000000e+03
8.005000000000000000e+03
1.436600000000000000e+04
1.305100000000000000e+04
1.243600000000000000e+04
1.648800000000000000e+04
1.250400000000000000e+04
5.639000000000000000e+03
1.131000000000000000e+04
1.895300000000000000e+04
1.740200000000000000e+04
2.108800000000000000e+04
2.667700000000000000e+04
1.593700000000000000e+04
9.212000000000000000e+03
1.362600000000000000e+04
2.300200000000000000e+04
2.975700000000000000e+04
2.563200000000000000e+04
3.210400000000000000e+04
2.983700000000000000e+04
1.428900000000000000e+04
2.037600000000000000e+04
2.742200000000000000e+04
4.081300000000000000e+04
4.283700000000000000e+04
4.526500000000000000e+04
6.616000000000000000e+03
7.301000000000000000e+04
3.448200000000000000e+04
3.755000000000000000e+04
4.661200000000000000e+04
4.947400000000000000e+04
3.507000000000000000e+04
4.617900000000000000e+04
1.060910000000000000e+05
7.260100000000000000e+04
-4.607600000000000000e+04
5.780600000000000000e+04
6.095200000000000000e+04
8.665500000000000000e+04
3.856200000000000000e+04
2.142400000000000000e+04
2.261300000000000000e+04
3.640600000000000000e+04
3.262800000000000000e+04
2.406500000000000000e+04
3.195700000000000000e+04
2.719200000000000000e+04
1.005000000000000000e+04
4.560200000000000000e+04
2.889700000000000000e+04
2.073600000000000000e+04
2.326400000000000000e+04
1.767000000000000000e+04
1.313000000000000000e+04
5.062000000000000000e+03
9.921000000000000000e+03
1.675400000000000000e+04
1.300100000000000000e+04
1.277400000000000000e+04
1.247700000000000000e+04
9.763000000000000000e+03
4.354000000000000000e+03
8.364000000000000000e+03
1.422800000000000000e+04
1.278700000000000000e+04
1.151100000000000000e+04
1.288200000000000000e+04
1.094900000000000000e+04
3.411000000000000000e+03
1.403700000000000000e+04
1.467500000000000000e+04
1.387200000000000000e+04
1.348900000000000000e+04
1.394700000000000000e+04
1.153300000000000000e+04
3.192000000000000000e+03
1.165500000000000000e+04
1.772000000000000000e+04
1.839800000000000000e+04
1.600500000000000000e+04
1.742800000000000000e+04
1.279900000000000000e+04
5.960000000000000000e+03
1.186100000000000000e+04
1.503800000000000000e+04
2.171800000000000000e+04
2.026200000000000000e+04
3.093000000000000000e+03
8.822000000000000000e+03
3.106000000000000000e+03
1.149400000000000000e+04
2.651400000000000000e+04
2.004200000000000000e+04
1.934800000000000000e+04
3.466000000000000000e+03
1.249500000000000000e+04
4.084000000000000000e+03
2.082500000000000000e+04
2.523200000000000000e+04
2.176700000000000000e+04
1.986000000000000000e+04
2.017700000000000000e+04
1.594400000000000000e+04
3.816000000000000000e+03
1.968000000000000000e+04
2.393200000000000000e+04
2.143100000000000000e+04
2.131700000000000000e+04
2.140900000000000000e+04
1.664200000000000000e+04
3.798000000000000000e+03
2.389500000000000000e+04
2.687700000000000000e+04
2.271000000000000000e+04
2.332400000000000000e+04
2.392400000000000000e+04
1.843600000000000000e+04
4.300000000000000000e+03
2.214300000000000000e+04
2.695100000000000000e+04
2.395600000000000000e+04
2.323500000000000000e+04
2.404500000000000000e+04
1.923500000000000000e+04
4.388000000000000000e+03
2.333700000000000000e+04
2.640600000000000000e+04
2.000000000000000000e+01
4.560700000000000000e+04
2.058800000000000000e+04
1.971500000000000000e+04
4.343000000000000000e+03
1.888600000000000000e+04
2.567800000000000000e+04
2.107600000000000000e+04
2.070900000000000000e+04
2.123100000000000000e+04
1.654600000000000000e+04
4.406000000000000000e+03
1.959600000000000000e+04
2.518600000000000000e+04
2.251800000000000000e+04
2.412700000000000000e+04
2.237100000000000000e+04
2.204600000000000000e+04
4.654000000000000000e+03
2.018000000000000000e+04
3.152700000000000000e+04
2.541400000000000000e+04
2.521600000000000000e+04
2.399600000000000000e+04
1.995200000000000000e+04
4.730000000000000000e+03
2.287200000000000000e+04
2.690300000000000000e+04
2.528600000000000000e+04
2.350700000000000000e+04
2.330600000000000000e+04
2.183500000000000000e+04
5.534000000000000000e+03
2.314300000000000000e+04
2.967400000000000000e+04
2.812900000000000000e+04
2.517700000000000000e+04
2.979200000000000000e+04
2.634700000000000000e+04
6.471000000000000000e+03
3.006600000000000000e+04
3.850100000000000000e+04
3.506100000000000000e+04
3.519800000000000000e+04
3.533900000000000000e+04
3.058700000000000000e+04
1.581300000000000000e+04
1.469700000000000000e+04
6.539200000000000000e+04
4.566000000000000000e+04
4.187100000000000000e+04
4.263400000000000000e+04
3.702100000000000000e+04
9.110000000000000000e+03
3.071900000000000000e+04
5.905400000000000000e+04
5.071100000000000000e+04
4.667800000000000000e+04
8.800000000000000000e+01
8.062900000000000000e+04
1.079700000000000000e+04
8.054000000000000000e+03
9.600000000000000000e+02
9.717000000000000000e+04
1.590000000000000000e+02
1.371000000000000000e+03
1.179000000000000000e+05
8.555000000000000000e+03
3.912500000000000000e+04
4.350700000000000000e+04
3.808100000000000000e+04
3.645100000000000000e+04
3.587200000000000000e+04
2.934500000000000000e+04
6.708000000000000000e+03
4.407600000000000000e+04
3.492400000000000000e+04
3.344500000000000000e+04
3.234000000000000000e+04
3.264200000000000000e+04
2.446500000000000000e+04
5.959000000000000000e+03
3.032300000000000000e+04
3.158200000000000000e+04
2.654800000000000000e+04
2.430200000000000000e+04
2.567000000000000000e+04
9.888000000000000000e+03
3.767000000000000000e+03
2.437700000000000000e+04
2.600400000000000000e+04
2.174200000000000000e+04
1.913800000000000000e+04
2.074500000000000000e+04
9.128000000000000000e+03
3.299000000000000000e+03
1.979100000000000000e+04
2.149800000000000000e+04
1.946100000000000000e+04
7.043000000000000000e+03
1.568500000000000000e+04
1.394800000000000000e+04
3.351000000000000000e+03
1.722300000000000000e+04
1.905700000000000000e+04
-3.486670000000000000e+05
1.280300000000000000e+04
1.261100000000000000e+04
9.704000000000000000e+03
2.230000000000000000e+03
3.155000000000000000e+03
1.265700000000000000e+04
1.393300000000000000e+04
1.127400000000000000e+04
1.152700000000000000e+04
8.541000000000000000e+03
3.700000000000000000e+02
9.853000000000000000e+03
1.354000000000000000e+03
1.568400000000000000e+04
6.958000000000000000e+03
6.654000000000000000e+03
5.070000000000000000e+03
1.174000000000000000e+03
6.021000000000000000e+03
5.569000000000000000e+03
4.483000000000000000e+03
3.879000000000000000e+03
3.972000000000000000e+03
2.855000000000000000e+03
6.980000000000000000e+02
3.243000000000000000e+03
3.064000000000000000e+03
2.142000000000000000e+03
3.187000000000000000e+03
2.624000000000000000e+03
1.816000000000000000e+03
4.960000000000000000e+02
2.213000000000000000e+03
2.330000000000000000e+03
2.151000000000000000e+03
1.988000000000000000e+03
2.128000000000000000e+03
1.578000000000000000e+03
5.180000000000000000e+02
3.395000000000000000e+03
1.380000000000000000e+03
2.702000000000000000e+03
2.687000000000000000e+03
3.006000000000000000e+03
2.549000000000000000e+03
8.020000000000000000e+02
3.588000000000000000e+03
4.083000000000000000e+03
4.446000000000000000e+03
4.639000000000000000e+03
4.696000000000000000e+03
4.256000000000000000e+03
1.268000000000000000e+03
6.958000000000000000e+03
1.450000000000000000e+03
1.105800000000000000e+04
1.099500000000000000e+04
1.094900000000000000e+04
1.253200000000000000e+04
4.193000000000000000e+03
1.821700000000000000e+04
2.157300000000000000e+04
2.214800000000000000e+04
1.940900000000000000e+04
2.567700000000000000e+04
1.524200000000000000e+04
5.414000000000000000e+03
2.712800000000000000e+04
2.792300000000000000e+04
2.542900000000000000e+04
2.440800000000000000e+04
2.364400000000000000e+04
1.960000000000000000e+04
