0.000000000000000000e+00
0.000000000000000000e+00
0.000000000000000000e+00
0.000000000000000000e+00
0.000000000000000000e+00
0.000000000000000000e+00
0.000000000000000000e+00
0.000000000000000000e+00
0.000000000000000000e+00
0.000000000000000000e+00
0.000000000000000000e+00
0.000000000000000000e+00
0.000000000000000000e+00
0.000000000000000000e+00
0.000000000000000000e+00
0.000000000000000000e+00
0.000000000000000000e+00
0.000000000000000000e+00
0.000000000000000000e+00
0.000000000000000000e+00
0.000000000000000000e+00
0.000000000000000000e+00
0.000000000000000000e+00
0.000000000000000000e+00
0.000000000000000000e+00
0.000000000000000000e+00
0.000000000000000000e+00
0.000000000000000000e+00
0.000000000000000000e+00
0.000000000000000000e+00
0.000000000000000000e+00
0.000000000000000000e+00
0.000000000000000000e+00
0.000000000000000000e+00
0.000000000000000000e+00
0.000000000000000000e+00
0.000000000000000000e+00
0.000000000000000000e+00
0.000000000000000000e+00
0.000000000000000000e+00
0.000000000000000000e+00
0.000000000000000000e+00
0.000000000000000000e+00
0.000000000000000000e+00
0.000000000000000000e+00
0.000000000000000000e+00
0.000000000000000000e+00
0.000000000000000000e+00
0.000000000000000000e+00
0.000000000000000000e+00
0.000000000000000000e+00
0.000000000000000000e+00
0.000000000000000000e+00
0.000000000000000000e+00
0.000000000000000000e+00
0.000000000000000000e+00
0.000000000000000000e+00
1.000000000000000000e+00
1.000000000000000000e+00
3.000000000000000000e+00
3.000000000000000000e+00
3.000000000000000000e+00
5.000000000000000000e+00
9.000000000000000000e+00
1.300000000000000000e+01
1.300000000000000000e+01
1.900000000000000000e+01
2.400000000000000000e+01
3.000000000000000000e+01
3.200000000000000000e+01
3.200000000000000000e+01
4.100000000000000000e+01
4.600000000000000000e+01
5.600000000000000000e+01
6.200000000000000000e+01
6.900000000000000000e+01
7.800000000000000000e+01
9.300000000000000000e+01
1.030000000000000000e+02
1.170000000000000000e+02
1.180000000000000000e+02
1.250000000000000000e+02
1.370000000000000000e+02
1.490000000000000000e+02
1.590000000000000000e+02
1.640000000000000000e+02
1.770000000000000000e+02
1.900000000000000000e+02
2.010000000000000000e+02
2.180000000000000000e+02
2.250000000000000000e+02
2.370000000000000000e+02
2.500000000000000000e+02
2.740000000000000000e+02
2.740000000000000000e+02
2.980000000000000000e+02
3.230000000000000000e+02
3.450000000000000000e+02
3.770000000000000000e+02
3.950000000000000000e+02
4.240000000000000000e+02
4.460000000000000000e+02
4.900000000000000000e+02
5.550000000000000000e+02
5.870000000000000000e+02
6.330000000000000000e+02
6.950000000000000000e+02
7.420000000000000000e+02
7.840000000000000000e+02
8.890000000000000000e+02
9.580000000000000000e+02
9.980000000000000000e+02
1.037000000000000000e+03
1.112000000000000000e+03
1.210000000000000000e+03
1.265000000000000000e+03
1.338000000000000000e+03
1.413000000000000000e+03
1.498000000000000000e+03
1.571000000000000000e+03
1.640000000000000000e+03
1.725000000000000000e+03
1.819000000000000000e+03
1.915000000000000000e+03
1.983000000000000000e+03
2.042000000000000000e+03
2.109000000000000000e+03
2.194000000000000000e+03
2.278000000000000000e+03
2.395000000000000000e+03
2.517000000000000000e+03
2.582000000000000000e+03
2.653000000000000000e+03
2.705000000000000000e+03
2.781000000000000000e+03
2.849000000000000000e+03
2.934000000000000000e+03
3.015000000000000000e+03
3.104000000000000000e+03
3.191000000000000000e+03
3.274000000000000000e+03
3.373000000000000000e+03
3.481000000000000000e+03
3.603000000000000000e+03
3.720000000000000000e+03
3.826000000000000000e+03
3.941000000000000000e+03
4.066000000000000000e+03
4.200000000000000000e+03
4.329000000000000000e+03
4.475000000000000000e+03
4.626000000000000000e+03
4.808000000000000000e+03
4.973000000000000000e+03
5.150000000000000000e+03
5.336000000000000000e+03
5.517000000000000000e+03
5.727000000000000000e+03
5.934000000000000000e+03
6.173000000000000000e+03
6.438000000000000000e+03
6.736000000000000000e+03
7.000000000000000000e+03
7.267000000000000000e+03
7.507000000000000000e+03
7.777000000000000000e+03
8.027000000000000000e+03
8.307000000000000000e+03
8.566000000000000000e+03
8.844000000000000000e+03
9.142000000000000000e+03
9.391000000000000000e+03
9.674000000000000000e+03
9.978000000000000000e+03
1.030300000000000000e+04
1.064500000000000000e+04
1.095700000000000000e+04
1.120700000000000000e+04
1.150800000000000000e+04
1.184600000000000000e+04
1.220700000000000000e+04
1.258200000000000000e+04
1.297500000000000000e+04
1.337700000000000000e+04
1.379200000000000000e+04
1.422100000000000000e+04
1.463000000000000000e+04
1.503500000000000000e+04
1.544600000000000000e+04
1.584100000000000000e+04
1.623000000000000000e+04
1.663200000000000000e+04
1.705000000000000000e+04
1.744800000000000000e+04
1.784300000000000000e+04
1.826200000000000000e+04
1.870100000000000000e+04
1.912600000000000000e+04
1.954400000000000000e+04
1.997800000000000000e+04
2.042300000000000000e+04
2.087200000000000000e+04
2.126900000000000000e+04
2.164400000000000000e+04
2.199300000000000000e+04
2.231400000000000000e+04
2.261900000000000000e+04
2.291200000000000000e+04
2.319300000000000000e+04
2.346200000000000000e+04
2.371700000000000000e+04
2.396400000000000000e+04
2.420000000000000000e+04
2.442000000000000000e+04
2.462200000000000000e+04
2.481100000000000000e+04
2.498600000000000000e+04
2.514000000000000000e+04
2.528400000000000000e+04
2.541500000000000000e+04
2.553700000000000000e+04
2.563500000000000000e+04
2.572900000000000000e+04
2.582000000000000000e+04
2.590400000000000000e+04
2.600000000000000000e+04
2.609900000000000000e+04
2.620600000000000000e+04
2.630800000000000000e+04
2.641300000000000000e+04
2.651100000000000000e+04
2.660200000000000000e+04
2.668800000000000000e+04
2.677300000000000000e+04
2.685100000000000000e+04
2.692800000000000000e+04
2.700900000000000000e+04
2.708800000000000000e+04
2.716300000000000000e+04
2.724900000000000000e+04
2.734600000000000000e+04
2.742800000000000000e+04
2.755300000000000000e+04
2.779800000000000000e+04
2.795400000000000000e+04
2.820100000000000000e+04
2.841500000000000000e+04
2.863000000000000000e+04
2.872200000000000000e+04
2.863000000000000000e+04
2.880900000000000000e+04
2.898100000000000000e+04
2.907700000000000000e+04
2.917500000000000000e+04
2.926900000000000000e+04
2.935800000000000000e+04
2.945000000000000000e+04
2.953900000000000000e+04
2.963400000000000000e+04
2.973700000000000000e+04
2.984200000000000000e+04
2.995100000000000000e+04
3.007000000000000000e+04
3.019600000000000000e+04
3.033500000000000000e+04
3.048000000000000000e+04
3.076600000000000000e+04
3.106100000000000000e+04
3.126500000000000000e+04
3.145600000000000000e+04
3.166600000000000000e+04
3.182600000000000000e+04
3.197500000000000000e+04
3.212000000000000000e+04
3.226200000000000000e+04
3.242100000000000000e+04
3.258500000000000000e+04
3.275200000000000000e+04
3.292500000000000000e+04
3.309000000000000000e+04
3.326400000000000000e+04
3.344500000000000000e+04
3.363100000000000000e+04
3.382600000000000000e+04
3.401500000000000000e+04
3.421400000000000000e+04
3.440400000000000000e+04
3.457700000000000000e+04
3.478200000000000000e+04
3.496600000000000000e+04
3.514500000000000000e+04
3.532600000000000000e+04
3.550900000000000000e+04
3.568400000000000000e+04
3.586200000000000000e+04
3.603000000000000000e+04
3.619500000000000000e+04
3.635800000000000000e+04
3.651600000000000000e+04
3.666900000000000000e+04
3.681900000000000000e+04
3.696500000000000000e+04
3.710900000000000000e+04
3.725000000000000000e+04
3.740400000000000000e+04
3.756200000000000000e+04
3.771900000000000000e+04
3.788400000000000000e+04
3.805800000000000000e+04
3.822800000000000000e+04
3.840500000000000000e+04
3.858600000000000000e+04
3.875800000000000000e+04
3.894100000000000000e+04
3.913000000000000000e+04
3.932700000000000000e+04
3.951500000000000000e+04
3.971800000000000000e+04
3.993000000000000000e+04
4.013100000000000000e+04
4.034500000000000000e+04
4.055100000000000000e+04
4.074100000000000000e+04
4.094600000000000000e+04
4.116300000000000000e+04
4.139400000000000000e+04
4.163100000000000000e+04
4.188000000000000000e+04
4.213200000000000000e+04
4.239700000000000000e+04
4.264100000000000000e+04
4.291400000000000000e+04
4.319500000000000000e+04
4.347700000000000000e+04
4.377200000000000000e+04
4.405800000000000000e+04
4.432800000000000000e+04
4.461900000000000000e+04
4.489200000000000000e+04
4.489200000000000000e+04
4.515700000000000000e+04
4.541500000000000000e+04
4.568400000000000000e+04
4.596000000000000000e+04
4.624200000000000000e+04
4.651500000000000000e+04
4.680300000000000000e+04
4.680300000000000000e+04
4.708700000000000000e+04
4.735500000000000000e+04
4.764500000000000000e+04
4.794800000000000000e+04
4.825500000000000000e+04
4.857400000000000000e+04
4.890500000000000000e+04
4.922400000000000000e+04
4.953900000000000000e+04
4.985900000000000000e+04
5.015700000000000000e+04
5.046700000000000000e+04
5.078400000000000000e+04
5.110700000000000000e+04
5.143700000000000000e+04
5.177200000000000000e+04
5.209400000000000000e+04
5.238800000000000000e+04
5.267200000000000000e+04
5.294900000000000000e+04
5.321800000000000000e+04
5.347900000000000000e+04
5.373800000000000000e+04
5.398900000000000000e+04
5.424100000000000000e+04
5.448800000000000000e+04
5.472300000000000000e+04
5.496600000000000000e+04
5.519500000000000000e+04
5.541600000000000000e+04
5.562300000000000000e+04
5.582100000000000000e+04
5.602500000000000000e+04
5.623700000000000000e+04
5.644200000000000000e+04
5.665300000000000000e+04
5.685900000000000000e+04
5.704600000000000000e+04
5.722900000000000000e+04
5.742800000000000000e+04
5.763800000000000000e+04
5.783900000000000000e+04
5.802300000000000000e+04
5.820000000000000000e+04
5.837400000000000000e+04
5.854600000000000000e+04
5.872800000000000000e+04
5.890300000000000000e+04
5.907100000000000000e+04
5.923500000000000000e+04
5.939600000000000000e+04
5.955500000000000000e+04
5.971200000000000000e+04
5.986600000000000000e+04
6.002100000000000000e+04
6.018100000000000000e+04
6.033700000000000000e+04
6.049100000000000000e+04
6.064000000000000000e+04
6.080000000000000000e+04
6.095200000000000000e+04
6.110100000000000000e+04
6.125100000000000000e+04
6.139800000000000000e+04
6.153900000000000000e+04
6.167700000000000000e+04
6.181400000000000000e+04
6.194700000000000000e+04
6.208600000000000000e+04
6.222900000000000000e+04
6.237700000000000000e+04
6.253100000000000000e+04
6.269100000000000000e+04
6.285300000000000000e+04
6.301700000000000000e+04
6.318800000000000000e+04
6.334400000000000000e+04
6.349000000000000000e+04
6.363100000000000000e+04
6.376600000000000000e+04
6.390000000000000000e+04
6.403900000000000000e+04
6.416800000000000000e+04
6.429800000000000000e+04
6.443100000000000000e+04
6.457300000000000000e+04
6.472600000000000000e+04
6.487500000000000000e+04
6.503000000000000000e+04
6.518000000000000000e+04
6.533700000000000000e+04
6.549100000000000000e+04
6.549100000000000000e+04
6.549100000000000000e+04
6.549100000000000000e+04
6.549100000000000000e+04
6.549100000000000000e+04
6.648900000000000000e+04
6.648900000000000000e+04
6.681600000000000000e+04
6.695600000000000000e+04
6.709900000000000000e+04
6.724900000000000000e+04
6.740400000000000000e+04
6.755700000000000000e+04
6.755700000000000000e+04
6.785100000000000000e+04
6.800700000000000000e+04
6.816100000000000000e+04
6.831800000000000000e+04
6.846800000000000000e+04
6.846800000000000000e+04
6.846800000000000000e+04
6.892200000000000000e+04
6.892200000000000000e+04
6.919800000000000000e+04
6.919800000000000000e+04
6.919800000000000000e+04
6.919800000000000000e+04
6.972700000000000000e+04
6.972700000000000000e+04
6.999700000000000000e+04
6.999700000000000000e+04
7.025500000000000000e+04
7.025500000000000000e+04
7.038000000000000000e+04
7.038000000000000000e+04
7.038000000000000000e+04
7.091500000000000000e+04
7.091500000000000000e+04
7.091500000000000000e+04
7.133000000000000000e+04
7.147900000000000000e+04
7.147900000000000000e+04
7.147900000000000000e+04
7.147900000000000000e+04
7.147900000000000000e+04
7.222000000000000000e+04
7.222000000000000000e+04
7.222000000000000000e+04
7.222000000000000000e+04
7.282100000000000000e+04
7.282100000000000000e+04
7.282100000000000000e+04
7.324600000000000000e+04
7.324600000000000000e+04
7.324600000000000000e+04
7.370200000000000000e+04
7.370200000000000000e+04
7.370200000000000000e+04
7.414100000000000000e+04
7.414100000000000000e+04
7.414100000000000000e+04
7.414100000000000000e+04
7.414100000000000000e+04
7.498300000000000000e+04
7.498300000000000000e+04
7.535100000000000000e+04
7.535100000000000000e+04
7.535100000000000000e+04
7.535100000000000000e+04
7.535100000000000000e+04
7.629700000000000000e+04
7.649500000000000000e+04
7.649500000000000000e+04
7.669700000000000000e+04
7.669700000000000000e+04
7.710000000000000000e+04
7.748400000000000000e+04
7.748400000000000000e+04
7.748400000000000000e+04
7.748400000000000000e+04
7.748400000000000000e+04
7.748400000000000000e+04
7.857200000000000000e+04
7.876600000000000000e+04
7.876600000000000000e+04
7.876600000000000000e+04
7.876600000000000000e+04
7.876600000000000000e+04
7.979000000000000000e+04
7.979000000000000000e+04
8.023500000000000000e+04
8.023500000000000000e+04
8.023500000000000000e+04
8.093200000000000000e+04
8.093200000000000000e+04
8.093200000000000000e+04
8.164400000000000000e+04
8.164400000000000000e+04
8.213000000000000000e+04
8.236300000000000000e+04
8.260500000000000000e+04
8.285200000000000000e+04
8.285200000000000000e+04
8.285200000000000000e+04
8.285200000000000000e+04
8.285200000000000000e+04
8.414400000000000000e+04
8.414400000000000000e+04
8.469100000000000000e+04
8.469100000000000000e+04
8.469100000000000000e+04
8.469100000000000000e+04
8.577900000000000000e+04
8.605900000000000000e+04
8.605900000000000000e+04
8.662000000000000000e+04
8.662000000000000000e+04
8.662000000000000000e+04
