0.000000000000000000e+00
0.000000000000000000e+00
0.000000000000000000e+00
0.000000000000000000e+00
0.000000000000000000e+00
0.000000000000000000e+00
0.000000000000000000e+00
0.000000000000000000e+00
0.000000000000000000e+00
0.000000000000000000e+00
0.000000000000000000e+00
0.000000000000000000e+00
0.000000000000000000e+00
0.000000000000000000e+00
0.000000000000000000e+00
0.000000000000000000e+00
0.000000000000000000e+00
0.000000000000000000e+00
0.000000000000000000e+00
0.000000000000000000e+00
0.000000000000000000e+00
0.000000000000000000e+00
0.000000000000000000e+00
0.000000000000000000e+00
0.000000000000000000e+00
0.000000000000000000e+00
0.000000000000000000e+00
0.000000000000000000e+00
0.000000000000000000e+00
0.000000000000000000e+00
0.000000000000000000e+00
0.000000000000000000e+00
0.000000000000000000e+00
0.000000000000000000e+00
0.000000000000000000e+00
0.000000000000000000e+00
0.000000000000000000e+00
0.000000000000000000e+00
0.000000000000000000e+00
0.000000000000000000e+00
0.000000000000000000e+00
0.000000000000000000e+00
0.000000000000000000e+00
0.000000000000000000e+00
0.000000000000000000e+00
0.000000000000000000e+00
0.000000000000000000e+00
0.000000000000000000e+00
0.000000000000000000e+00
0.000000000000000000e+00
0.000000000000000000e+00
0.000000000000000000e+00
0.000000000000000000e+00
0.000000000000000000e+00
0.000000000000000000e+00
0.000000000000000000e+00
0.000000000000000000e+00
1.000000000000000000e+00
1.000000000000000000e+00
2.000000000000000000e+00
2.000000000000000000e+00
2.000000000000000000e+00
2.000000000000000000e+00
2.000000000000000000e+00
2.000000000000000000e+00
2.000000000000000000e+00
4.000000000000000000e+00
4.000000000000000000e+00
4.000000000000000000e+00
5.000000000000000000e+00
5.000000000000000000e+00
5.000000000000000000e+00
5.000000000000000000e+00
5.000000000000000000e+00
6.000000000000000000e+00
6.000000000000000000e+00
6.000000000000000000e+00
6.000000000000000000e+00
7.000000000000000000e+00
7.000000000000000000e+00
8.000000000000000000e+00
9.000000000000000000e+00
9.000000000000000000e+00
9.000000000000000000e+00
9.000000000000000000e+00
9.000000000000000000e+00
9.000000000000000000e+00
9.000000000000000000e+00
1.000000000000000000e+01
1.000000000000000000e+01
1.000000000000000000e+01
1.000000000000000000e+01
1.100000000000000000e+01
1.100000000000000000e+01
1.200000000000000000e+01
1.300000000000000000e+01
1.300000000000000000e+01
1.300000000000000000e+01
1.300000000000000000e+01
1.400000000000000000e+01
1.400000000000000000e+01
1.400000000000000000e+01
1.500000000000000000e+01
1.500000000000000000e+01
1.600000000000000000e+01
1.600000000000000000e+01
1.600000000000000000e+01
1.600000000000000000e+01
1.600000000000000000e+01
1.600000000000000000e+01
1.600000000000000000e+01
2.500000000000000000e+01
2.500000000000000000e+01
2.500000000000000000e+01
2.500000000000000000e+01
2.500000000000000000e+01
2.500000000000000000e+01
2.500000000000000000e+01
2.540000000000000000e+02
2.540000000000000000e+02
2.790000000000000000e+02
2.790000000000000000e+02
2.790000000000000000e+02
2.790000000000000000e+02
2.790000000000000000e+02
7.590000000000000000e+02
7.590000000000000000e+02
7.590000000000000000e+02
7.590000000000000000e+02
7.590000000000000000e+02
7.590000000000000000e+02
7.590000000000000000e+02
1.118000000000000000e+03
1.118000000000000000e+03
1.118000000000000000e+03
1.118000000000000000e+03
1.118000000000000000e+03
1.118000000000000000e+03
1.118000000000000000e+03
1.464000000000000000e+03
1.464000000000000000e+03
1.464000000000000000e+03
1.464000000000000000e+03
1.464000000000000000e+03
1.464000000000000000e+03
1.464000000000000000e+03
1.823000000000000000e+03
1.823000000000000000e+03
1.823000000000000000e+03
1.823000000000000000e+03
1.823000000000000000e+03
1.823000000000000000e+03
1.823000000000000000e+03
2.170000000000000000e+03
2.170000000000000000e+03
2.170000000000000000e+03
2.170000000000000000e+03
2.170000000000000000e+03
2.170000000000000000e+03
2.170000000000000000e+03
2.519000000000000000e+03
2.519000000000000000e+03
2.519000000000000000e+03
2.519000000000000000e+03
2.519000000000000000e+03
2.519000000000000000e+03
2.519000000000000000e+03
2.846000000000000000e+03
2.846000000000000000e+03
2.846000000000000000e+03
2.846000000000000000e+03
2.846000000000000000e+03
2.846000000000000000e+03
2.846000000000000000e+03
3.147000000000000000e+03
3.147000000000000000e+03
3.147000000000000000e+03
3.147000000000000000e+03
3.147000000000000000e+03
3.147000000000000000e+03
3.147000000000000000e+03
3.439000000000000000e+03
3.439000000000000000e+03
3.439000000000000000e+03
3.439000000000000000e+03
3.439000000000000000e+03
3.439000000000000000e+03
3.439000000000000000e+03
3.672000000000000000e+03
3.672000000000000000e+03
3.672000000000000000e+03
3.672000000000000000e+03
3.672000000000000000e+03
3.672000000000000000e+03
3.672000000000000000e+03
3.902000000000000000e+03
3.902000000000000000e+03
3.902000000000000000e+03
3.902000000000000000e+03
3.902000000000000000e+03
3.902000000000000000e+03
3.902000000000000000e+03
4.115000000000000000e+03
4.115000000000000000e+03
4.115000000000000000e+03
4.115000000000000000e+03
4.115000000000000000e+03
4.115000000000000000e+03
4.115000000000000000e+03
4.311000000000000000e+03
4.311000000000000000e+03
4.311000000000000000e+03
4.311000000000000000e+03
4.311000000000000000e+03
4.311000000000000000e+03
4.311000000000000000e+03
4.494000000000000000e+03
4.494000000000000000e+03
4.494000000000000000e+03
4.494000000000000000e+03
4.494000000000000000e+03
4.494000000000000000e+03
4.494000000000000000e+03
4.668000000000000000e+03
4.668000000000000000e+03
4.668000000000000000e+03
4.668000000000000000e+03
4.668000000000000000e+03
4.668000000000000000e+03
4.668000000000000000e+03
4.818000000000000000e+03
4.818000000000000000e+03
4.818000000000000000e+03
4.818000000000000000e+03
4.818000000000000000e+03
4.818000000000000000e+03
4.818000000000000000e+03
4.961000000000000000e+03
4.961000000000000000e+03
4.961000000000000000e+03
4.961000000000000000e+03
4.961000000000000000e+03
4.961000000000000000e+03
4.961000000000000000e+03
5.073000000000000000e+03
5.073000000000000000e+03
5.073000000000000000e+03
5.073000000000000000e+03
5.073000000000000000e+03
5.073000000000000000e+03
5.073000000000000000e+03
5.170000000000000000e+03
5.170000000000000000e+03
5.170000000000000000e+03
5.170000000000000000e+03
5.170000000000000000e+03
5.170000000000000000e+03
5.170000000000000000e+03
5.264000000000000000e+03
5.264000000000000000e+03
5.264000000000000000e+03
5.264000000000000000e+03
5.264000000000000000e+03
5.264000000000000000e+03
5.264000000000000000e+03
5.353000000000000000e+03
5.353000000000000000e+03
5.353000000000000000e+03
5.353000000000000000e+03
5.353000000000000000e+03
5.353000000000000000e+03
5.353000000000000000e+03
5.434000000000000000e+03
5.434000000000000000e+03
5.434000000000000000e+03
5.434000000000000000e+03
5.434000000000000000e+03
5.434000000000000000e+03
5.434000000000000000e+03
5.514000000000000000e+03
5.514000000000000000e+03
5.514000000000000000e+03
5.514000000000000000e+03
5.514000000000000000e+03
5.514000000000000000e+03
5.514000000000000000e+03
5.514000000000000000e+03
5.514000000000000000e+03
5.591000000000000000e+03
5.591000000000000000e+03
5.591000000000000000e+03
5.591000000000000000e+03
5.591000000000000000e+03
5.661000000000000000e+03
5.661000000000000000e+03
5.661000000000000000e+03
5.661000000000000000e+03
5.661000000000000000e+03
5.661000000000000000e+03
5.661000000000000000e+03
5.725000000000000000e+03
5.725000000000000000e+03
5.725000000000000000e+03
5.725000000000000000e+03
5.725000000000000000e+03
5.725000000000000000e+03
5.725000000000000000e+03
5.784000000000000000e+03
5.784000000000000000e+03
5.784000000000000000e+03
5.784000000000000000e+03
5.784000000000000000e+03
5.784000000000000000e+03
5.784000000000000000e+03
5.838000000000000000e+03
5.838000000000000000e+03
5.838000000000000000e+03
5.838000000000000000e+03
5.838000000000000000e+03
5.838000000000000000e+03
5.838000000000000000e+03
5.887000000000000000e+03
5.887000000000000000e+03
5.887000000000000000e+03
5.887000000000000000e+03
5.887000000000000000e+03
5.887000000000000000e+03
5.887000000000000000e+03
5.887000000000000000e+03
5.938000000000000000e+03
5.938000000000000000e+03
5.938000000000000000e+03
5.938000000000000000e+03
5.938000000000000000e+03
5.938000000000000000e+03
5.938000000000000000e+03
5.991000000000000000e+03
5.991000000000000000e+03
5.991000000000000000e+03
5.991000000000000000e+03
5.991000000000000000e+03
5.991000000000000000e+03
6.046000000000000000e+03
6.046000000000000000e+03
6.046000000000000000e+03
6.046000000000000000e+03
6.046000000000000000e+03
6.046000000000000000e+03
6.046000000000000000e+03
6.097000000000000000e+03
6.097000000000000000e+03
6.097000000000000000e+03
6.097000000000000000e+03
6.097000000000000000e+03
6.097000000000000000e+03
6.097000000000000000e+03
6.152000000000000000e+03
6.152000000000000000e+03
6.152000000000000000e+03
6.152000000000000000e+03
6.152000000000000000e+03
6.152000000000000000e+03
6.152000000000000000e+03
6.204000000000000000e+03
6.204000000000000000e+03
6.204000000000000000e+03
6.204000000000000000e+03
6.204000000000000000e+03
6.204000000000000000e+03
6.204000000000000000e+03
6.253000000000000000e+03
6.253000000000000000e+03
6.253000000000000000e+03
6.253000000000000000e+03
6.253000000000000000e+03
6.253000000000000000e+03
6.253000000000000000e+03
6.299000000000000000e+03
6.299000000000000000e+03
6.299000000000000000e+03
6.299000000000000000e+03
6.299000000000000000e+03
6.299000000000000000e+03
6.299000000000000000e+03
6.347000000000000000e+03
6.347000000000000000e+03
6.347000000000000000e+03
6.347000000000000000e+03
6.347000000000000000e+03
6.347000000000000000e+03
6.347000000000000000e+03
6.398000000000000000e+03
6.398000000000000000e+03
6.398000000000000000e+03
6.398000000000000000e+03
6.398000000000000000e+03
6.398000000000000000e+03
6.398000000000000000e+03
6.445000000000000000e+03
6.445000000000000000e+03
6.445000000000000000e+03
6.445000000000000000e+03
6.445000000000000000e+03
6.445000000000000000e+03
6.445000000000000000e+03
6.489000000000000000e+03
6.489000000000000000e+03
6.489000000000000000e+03
6.489000000000000000e+03
6.489000000000000000e+03
6.489000000000000000e+03
6.489000000000000000e+03
6.537000000000000000e+03
6.537000000000000000e+03
6.537000000000000000e+03
6.537000000000000000e+03
6.537000000000000000e+03
6.537000000000000000e+03
6.537000000000000000e+03
6.582000000000000000e+03
6.582000000000000000e+03
6.582000000000000000e+03
6.582000000000000000e+03
6.582000000000000000e+03
6.582000000000000000e+03
6.582000000000000000e+03
6.629000000000000000e+03
6.629000000000000000e+03
6.629000000000000000e+03
6.629000000000000000e+03
6.629000000000000000e+03
6.629000000000000000e+03
6.629000000000000000e+03
6.677000000000000000e+03
6.677000000000000000e+03
6.677000000000000000e+03
6.677000000000000000e+03
6.677000000000000000e+03
6.677000000000000000e+03
6.677000000000000000e+03
6.727000000000000000e+03
6.727000000000000000e+03
6.727000000000000000e+03
6.727000000000000000e+03
6.727000000000000000e+03
6.727000000000000000e+03
6.727000000000000000e+03
6.778000000000000000e+03
6.778000000000000000e+03
6.778000000000000000e+03
6.778000000000000000e+03
6.778000000000000000e+03
6.778000000000000000e+03
6.778000000000000000e+03
6.835000000000000000e+03
6.835000000000000000e+03
6.835000000000000000e+03
6.835000000000000000e+03
6.835000000000000000e+03
6.835000000000000000e+03
6.835000000000000000e+03
6.898000000000000000e+03
6.898000000000000000e+03
6.898000000000000000e+03
6.898000000000000000e+03
6.898000000000000000e+03
6.898000000000000000e+03
6.898000000000000000e+03
6.989000000000000000e+03
6.989000000000000000e+03
6.989000000000000000e+03
6.989000000000000000e+03
6.989000000000000000e+03
6.989000000000000000e+03
6.989000000000000000e+03
7.086000000000000000e+03
7.086000000000000000e+03
7.086000000000000000e+03
7.086000000000000000e+03
7.086000000000000000e+03
7.086000000000000000e+03
7.086000000000000000e+03
7.193000000000000000e+03
7.193000000000000000e+03
7.193000000000000000e+03
7.193000000000000000e+03
7.193000000000000000e+03
7.193000000000000000e+03
7.193000000000000000e+03
7.324000000000000000e+03
7.324000000000000000e+03
7.324000000000000000e+03
7.324000000000000000e+03
7.324000000000000000e+03
7.324000000000000000e+03
7.324000000000000000e+03
7.481000000000000000e+03
7.481000000000000000e+03
7.481000000000000000e+03
7.481000000000000000e+03
7.481000000000000000e+03
7.481000000000000000e+03
7.481000000000000000e+03
7.662000000000000000e+03
7.662000000000000000e+03
7.662000000000000000e+03
7.662000000000000000e+03
7.662000000000000000e+03
7.662000000000000000e+03
7.662000000000000000e+03
7.696000000000000000e+03
7.696000000000000000e+03
7.696000000000000000e+03
7.696000000000000000e+03
7.696000000000000000e+03
7.696000000000000000e+03
7.696000000000000000e+03
7.920000000000000000e+03
7.920000000000000000e+03
7.920000000000000000e+03
7.920000000000000000e+03
7.920000000000000000e+03
7.920000000000000000e+03
7.920000000000000000e+03
8.178000000000000000e+03
8.178000000000000000e+03
8.178000000000000000e+03
8.178000000000000000e+03
8.178000000000000000e+03
8.178000000000000000e+03
8.178000000000000000e+03
8.461000000000000000e+03
8.461000000000000000e+03
8.461000000000000000e+03
8.461000000000000000e+03
8.461000000000000000e+03
8.461000000000000000e+03
8.461000000000000000e+03
8.767000000000000000e+03
8.767000000000000000e+03
8.767000000000000000e+03
8.767000000000000000e+03
8.767000000000000000e+03
8.767000000000000000e+03
8.767000000000000000e+03
9.108000000000000000e+03
9.108000000000000000e+03
9.108000000000000000e+03
9.108000000000000000e+03
9.108000000000000000e+03
9.108000000000000000e+03
9.108000000000000000e+03
9.470000000000000000e+03
9.470000000000000000e+03
9.470000000000000000e+03
9.470000000000000000e+03
9.470000000000000000e+03
9.470000000000000000e+03
