0.000000000000000000e+00
0.000000000000000000e+00
0.000000000000000000e+00
0.000000000000000000e+00
0.000000000000000000e+00
0.000000000000000000e+00
0.000000000000000000e+00
0.000000000000000000e+00
0.000000000000000000e+00
0.000000000000000000e+00
0.000000000000000000e+00
0.000000000000000000e+00
0.000000000000000000e+00
0.000000000000000000e+00
0.000000000000000000e+00
0.000000000000000000e+00
0.000000000000000000e+00
0.000000000000000000e+00
0.000000000000000000e+00
0.000000000000000000e+00
0.000000000000000000e+00
0.000000000000000000e+00
0.000000000000000000e+00
0.000000000000000000e+00
0.000000000000000000e+00
0.000000000000000000e+00
0.000000000000000000e+00
0.000000000000000000e+00
0.000000000000000000e+00
0.000000000000000000e+00
0.000000000000000000e+00
0.000000000000000000e+00
0.000000000000000000e+00
1.000000000000000000e+00
2.300000000000000000e+01
3.300000000000000000e+01
3.300000000000000000e+01
3.600000000000000000e+01
4.100000000000000000e+01
4.700000000000000000e+01
4.900000000000000000e+01
4.900000000000000000e+01
5.200000000000000000e+01
5.500000000000000000e+01
6.000000000000000000e+01
8.500000000000000000e+01
8.500000000000000000e+01
9.500000000000000000e+01
1.100000000000000000e+02
1.950000000000000000e+02
1.950000000000000000e+02
1.950000000000000000e+02
2.100000000000000000e+02
2.140000000000000000e+02
2.140000000000000000e+02
2.280000000000000000e+02
2.560000000000000000e+02
2.780000000000000000e+02
2.850000000000000000e+02
3.050000000000000000e+02
3.340000000000000000e+02
3.770000000000000000e+02
3.920000000000000000e+02
4.190000000000000000e+02
4.580000000000000000e+02
4.660000000000000000e+02
4.760000000000000000e+02
4.990000000000000000e+02
5.150000000000000000e+02
5.670000000000000000e+02
5.690000000000000000e+02
6.430000000000000000e+02
6.720000000000000000e+02
6.880000000000000000e+02
7.000000000000000000e+02
7.560000000000000000e+02
8.110000000000000000e+02
8.230000000000000000e+02
8.870000000000000000e+02
9.250000000000000000e+02
1.040000000000000000e+03
1.136000000000000000e+03
1.361000000000000000e+03
1.528000000000000000e+03
1.671000000000000000e+03
1.700000000000000000e+03
1.740000000000000000e+03
1.773000000000000000e+03
1.881000000000000000e+03
1.907000000000000000e+03
1.973000000000000000e+03
2.027000000000000000e+03
2.217000000000000000e+03
2.518000000000000000e+03
2.588000000000000000e+03
2.647000000000000000e+03
2.723000000000000000e+03
2.811000000000000000e+03
2.921000000000000000e+03
3.040000000000000000e+03
3.170000000000000000e+03
3.284000000000000000e+03
3.383000000000000000e+03
3.533000000000000000e+03
3.720000000000000000e+03
3.934000000000000000e+03
4.199000000000000000e+03
4.444000000000000000e+03
4.774000000000000000e+03
4.941000000000000000e+03
5.236000000000000000e+03
5.531000000000000000e+03
5.816000000000000000e+03
6.198000000000000000e+03
6.583000000000000000e+03
6.747000000000000000e+03
6.956000000000000000e+03
7.184000000000000000e+03
7.532000000000000000e+03
7.888000000000000000e+03
8.174000000000000000e+03
8.414000000000000000e+03
8.802000000000000000e+03
9.138000000000000000e+03
9.171000000000000000e+03
9.366000000000000000e+03
9.692000000000000000e+03
1.005200000000000000e+04
1.044900000000000000e+04
1.079300000000000000e+04
1.139800000000000000e+04
1.187100000000000000e+04
1.231100000000000000e+04
1.281500000000000000e+04
1.329600000000000000e+04
1.383500000000000000e+04
1.438300000000000000e+04
1.476300000000000000e+04
1.541700000000000000e+04
1.573100000000000000e+04
1.620000000000000000e+04
1.666700000000000000e+04
1.726900000000000000e+04
1.771300000000000000e+04
1.822700000000000000e+04
1.901300000000000000e+04
1.955300000000000000e+04
1.996100000000000000e+04
2.043000000000000000e+04
2.091600000000000000e+04
2.133100000000000000e+04
2.176400000000000000e+04
2.240700000000000000e+04
2.306200000000000000e+04
2.357000000000000000e+04
2.408100000000000000e+04
2.480500000000000000e+04
2.526700000000000000e+04
2.570500000000000000e+04
2.623900000000000000e+04
2.675800000000000000e+04
2.741400000000000000e+04
2.783700000000000000e+04
2.841000000000000000e+04
2.885700000000000000e+04
2.936700000000000000e+04
2.982100000000000000e+04
3.032100000000000000e+04
3.093100000000000000e+04
3.152800000000000000e+04
3.203900000000000000e+04
3.247000000000000000e+04
3.294100000000000000e+04
3.347600000000000000e+04
3.407800000000000000e+04
3.456000000000000000e+04
3.508400000000000000e+04
3.547300000000000000e+04
3.600400000000000000e+04
3.642200000000000000e+04
3.693600000000000000e+04
3.731600000000000000e+04
3.763700000000000000e+04
3.799600000000000000e+04
3.845800000000000000e+04
3.874700000000000000e+04
3.913100000000000000e+04
3.948200000000000000e+04
3.992100000000000000e+04
4.031100000000000000e+04
4.075500000000000000e+04
4.098200000000000000e+04
4.119000000000000000e+04
4.153600000000000000e+04
4.183500000000000000e+04
4.213200000000000000e+04
4.251400000000000000e+04
4.288900000000000000e+04
4.330700000000000000e+04
4.362900000000000000e+04
4.401100000000000000e+04
4.439700000000000000e+04
4.480400000000000000e+04
4.526400000000000000e+04
4.572600000000000000e+04
4.605200000000000000e+04
4.643000000000000000e+04
4.683500000000000000e+04
4.718500000000000000e+04
4.758100000000000000e+04
4.795000000000000000e+04
4.830300000000000000e+04
4.866100000000000000e+04
4.903800000000000000e+04
4.933000000000000000e+04
4.971900000000000000e+04
5.007600000000000000e+04
5.039300000000000000e+04
5.075600000000000000e+04
5.111300000000000000e+04
5.139100000000000000e+04
5.157400000000000000e+04
5.197200000000000000e+04
5.244000000000000000e+04
5.280700000000000000e+04
5.343300000000000000e+04
5.409500000000000000e+04
5.477100000000000000e+04
5.541500000000000000e+04
5.607600000000000000e+04
5.677800000000000000e+04
5.745000000000000000e+04
5.820700000000000000e+04
5.883900000000000000e+04
5.958600000000000000e+04
6.030700000000000000e+04
6.096500000000000000e+04
6.164300000000000000e+04
6.248400000000000000e+04
6.318900000000000000e+04
6.387900000000000000e+04
6.449900000000000000e+04
6.503900000000000000e+04
6.575200000000000000e+04
6.640200000000000000e+04
6.701400000000000000e+04
6.770100000000000000e+04
6.819000000000000000e+04
6.877500000000000000e+04
6.936100000000000000e+04
6.984800000000000000e+04
7.042200000000000000e+04
7.086400000000000000e+04
7.137400000000000000e+04
7.180300000000000000e+04
7.231000000000000000e+04
7.266200000000000000e+04
7.311600000000000000e+04
7.347600000000000000e+04
7.393200000000000000e+04
7.442200000000000000e+04
7.486000000000000000e+04
7.528700000000000000e+04
7.561400000000000000e+04
7.594800000000000000e+04
7.627200000000000000e+04
7.662100000000000000e+04
7.695400000000000000e+04
7.732500000000000000e+04
7.757100000000000000e+04
7.790200000000000000e+04
7.822400000000000000e+04
7.853300000000000000e+04
7.890700000000000000e+04
7.921100000000000000e+04
7.957400000000000000e+04
7.997500000000000000e+04
8.025500000000000000e+04
8.053300000000000000e+04
8.076500000000000000e+04
8.102200000000000000e+04
8.126200000000000000e+04
8.146600000000000000e+04
8.164500000000000000e+04
8.192300000000000000e+04
8.213300000000000000e+04
8.236300000000000000e+04
8.262400000000000000e+04
8.278600000000000000e+04
8.302300000000000000e+04
8.326400000000000000e+04
8.345600000000000000e+04
8.363200000000000000e+04
8.381100000000000000e+04
8.404200000000000000e+04
8.419200000000000000e+04
8.434900000000000000e+04
8.452300000000000000e+04
8.470300000000000000e+04
8.488200000000000000e+04
8.500800000000000000e+04
8.518200000000000000e+04
8.531700000000000000e+04
8.546700000000000000e+04
8.559100000000000000e+04
8.570500000000000000e+04
8.588600000000000000e+04
8.601600000000000000e+04
8.618500000000000000e+04
8.634700000000000000e+04
8.651500000000000000e+04
8.664500000000000000e+04
8.678700000000000000e+04
8.695600000000000000e+04
8.713700000000000000e+04
8.727000000000000000e+04
8.743200000000000000e+04
8.760000000000000000e+04
8.773200000000000000e+04
8.793000000000000000e+04
8.811100000000000000e+04
8.829400000000000000e+04
8.849500000000000000e+04
8.863200000000000000e+04
8.882000000000000000e+04
8.896500000000000000e+04
8.914300000000000000e+04
8.926800000000000000e+04
8.944400000000000000e+04
8.960000000000000000e+04
8.974300000000000000e+04
8.988300000000000000e+04
9.006200000000000000e+04
9.028200000000000000e+04
9.045000000000000000e+04
9.063400000000000000e+04
9.081700000000000000e+04
9.107000000000000000e+04
9.130400000000000000e+04
9.151800000000000000e+04
9.173300000000000000e+04
9.193500000000000000e+04
9.216900000000000000e+04
9.242500000000000000e+04
9.267500000000000000e+04
9.291300000000000000e+04
9.318400000000000000e+04
9.347800000000000000e+04
9.376600000000000000e+04
9.399500000000000000e+04
9.428400000000000000e+04
9.463300000000000000e+04
9.503000000000000000e+04
9.531700000000000000e+04
9.555800000000000000e+04
9.587900000000000000e+04
9.619500000000000000e+04
9.647000000000000000e+04
9.681200000000000000e+04
9.702000000000000000e+04
9.726800000000000000e+04
9.760700000000000000e+04
9.794000000000000000e+04
9.826000000000000000e+04
9.857300000000000000e+04
9.887800000000000000e+04
9.921000000000000000e+04
9.945600000000000000e+04
9.981700000000000000e+04
1.002300000000000000e+05
1.006890000000000000e+05
1.011160000000000000e+05
1.015030000000000000e+05
1.019710000000000000e+05
1.026260000000000000e+05
1.030570000000000000e+05
1.035820000000000000e+05
1.042390000000000000e+05
1.047920000000000000e+05
1.054960000000000000e+05
1.061980000000000000e+05
1.067130000000000000e+05
1.073290000000000000e+05
1.080480000000000000e+05
1.088070000000000000e+05
1.096040000000000000e+05
1.104160000000000000e+05
1.113120000000000000e+05
1.121020000000000000e+05
1.127420000000000000e+05
1.135900000000000000e+05
1.143610000000000000e+05
1.150570000000000000e+05
1.157050000000000000e+05
1.164820000000000000e+05
1.172340000000000000e+05
1.178090000000000000e+05
1.185300000000000000e+05
1.192050000000000000e+05
1.198580000000000000e+05
1.204950000000000000e+05
1.211270000000000000e+05
1.217780000000000000e+05
1.223940000000000000e+05
1.230390000000000000e+05
1.235310000000000000e+05
1.242690000000000000e+05
1.248570000000000000e+05
1.255140000000000000e+05
1.261260000000000000e+05
1.266020000000000000e+05
1.272550000000000000e+05
1.278000000000000000e+05
1.284280000000000000e+05
1.290810000000000000e+05
1.298250000000000000e+05
1.304040000000000000e+05
1.310010000000000000e+05
1.316830000000000000e+05
1.323690000000000000e+05
1.331370000000000000e+05
1.337790000000000000e+05
1.345100000000000000e+05
1.353260000000000000e+05
1.359820000000000000e+05
1.367410000000000000e+05
1.375500000000000000e+05
1.382830000000000000e+05
1.391240000000000000e+05
1.399530000000000000e+05
1.408180000000000000e+05
1.418450000000000000e+05
1.426690000000000000e+05
1.435740000000000000e+05
1.444450000000000000e+05
1.453800000000000000e+05
1.464540000000000000e+05
1.477700000000000000e+05
1.488170000000000000e+05
1.497910000000000000e+05
1.508110000000000000e+05
1.519310000000000000e+05
1.530740000000000000e+05
1.542800000000000000e+05
1.554020000000000000e+05
1.564620000000000000e+05
1.577290000000000000e+05
1.587890000000000000e+05
1.599640000000000000e+05
1.609340000000000000e+05
1.620890000000000000e+05
1.631130000000000000e+05
1.641100000000000000e+05
1.651180000000000000e+05
1.661570000000000000e+05
1.671650000000000000e+05
1.682010000000000000e+05
1.692540000000000000e+05
1.703350000000000000e+05
1.713700000000000000e+05
1.725760000000000000e+05
1.735480000000000000e+05
1.746590000000000000e+05
1.757520000000000000e+05
1.769340000000000000e+05
1.779970000000000000e+05
1.792970000000000000e+05
1.804620000000000000e+05
1.818800000000000000e+05
1.833300000000000000e+05
1.846970000000000000e+05
1.864030000000000000e+05
1.879050000000000000e+05
1.893560000000000000e+05
1.910180000000000000e+05
1.927500000000000000e+05
1.942890000000000000e+05
1.961050000000000000e+05
1.974740000000000000e+05
1.990930000000000000e+05
2.009770000000000000e+05
2.025560000000000000e+05
2.045240000000000000e+05
2.068780000000000000e+05
2.092930000000000000e+05
2.121510000000000000e+05
2.148700000000000000e+05
2.180470000000000000e+05
2.208470000000000000e+05
2.236130000000000000e+05
2.264160000000000000e+05
2.294680000000000000e+05
2.324250000000000000e+05
2.356980000000000000e+05
2.381560000000000000e+05
2.405310000000000000e+05
2.427900000000000000e+05
2.447260000000000000e+05
2.466580000000000000e+05
2.481500000000000000e+05
2.495820000000000000e+05
2.510780000000000000e+05
2.526000000000000000e+05
2.538790000000000000e+05
2.549200000000000000e+05
2.559540000000000000e+05
2.569210000000000000e+05
2.578520000000000000e+05
2.587310000000000000e+05
2.595230000000000000e+05
2.603340000000000000e+05
2.609540000000000000e+05
2.615010000000000000e+05
2.619880000000000000e+05
2.624270000000000000e+05
2.628920000000000000e+05
2.632950000000000000e+05
2.636890000000000000e+05
2.641070000000000000e+05
2.644050000000000000e+05
2.646930000000000000e+05
2.649950000000000000e+05
2.652470000000000000e+05
2.654770000000000000e+05
2.656430000000000000e+05
2.658270000000000000e+05
2.659750000000000000e+05
2.661400000000000000e+05
2.662860000000000000e+05
2.664260000000000000e+05
2.665570000000000000e+05
2.666850000000000000e+05
2.667970000000000000e+05
2.669190000000000000e+05
2.670380000000000000e+05
2.671120000000000000e+05
2.672120000000000000e+05
2.673240000000000000e+05
2.674000000000000000e+05
2.675050000000000000e+05
2.676190000000000000e+05
2.677270000000000000e+05
2.677960000000000000e+05
2.678820000000000000e+05
2.679490000000000000e+05
2.680270000000000000e+05
2.680920000000000000e+05
2.682250000000000000e+05
2.683380000000000000e+05
2.684130000000000000e+05
2.685410000000000000e+05
2.686260000000000000e+05
2.687310000000000000e+05
2.688460000000000000e+05
2.689740000000000000e+05
2.690800000000000000e+05
2.691860000000000000e+05
2.693030000000000000e+05
