0.000000000000000000e+00
0.000000000000000000e+00
0.000000000000000000e+00
0.000000000000000000e+00
0.000000000000000000e+00
0.000000000000000000e+00
0.000000000000000000e+00
0.000000000000000000e+00
0.000000000000000000e+00
0.000000000000000000e+00
0.000000000000000000e+00
0.000000000000000000e+00
0.000000000000000000e+00
0.000000000000000000e+00
0.000000000000000000e+00
0.000000000000000000e+00
0.000000000000000000e+00
0.000000000000000000e+00
0.000000000000000000e+00
0.000000000000000000e+00
0.000000000000000000e+00
0.000000000000000000e+00
0.000000000000000000e+00
0.000000000000000000e+00
0.000000000000000000e+00
0.000000000000000000e+00
0.000000000000000000e+00
0.000000000000000000e+00
0.000000000000000000e+00
0.000000000000000000e+00
0.000000000000000000e+00
0.000000000000000000e+00
0.000000000000000000e+00
1.000000000000000000e+00
2.200000000000000000e+01
1.000000000000000000e+01
0.000000000000000000e+00
3.000000000000000000e+00
5.000000000000000000e+00
6.000000000000000000e+00
2.000000000000000000e+00
0.000000000000000000e+00
3.000000000000000000e+00
3.000000000000000000e+00
5.000000000000000000e+00
2.500000000000000000e+01
0.000000000000000000e+00
1.000000000000000000e+01
1.500000000000000000e+01
8.500000000000000000e+01
0.000000000000000000e+00
0.000000000000000000e+00
1.500000000000000000e+01
4.000000000000000000e+00
0.000000000000000000e+00
1.400000000000000000e+01
2.800000000000000000e+01
2.200000000000000000e+01
7.000000000000000000e+00
2.000000000000000000e+01
2.900000000000000000e+01
4.300000000000000000e+01
1.500000000000000000e+01
2.700000000000000000e+01
3.900000000000000000e+01
8.000000000000000000e+00
1.000000000000000000e+01
2.300000000000000000e+01
1.600000000000000000e+01
5.200000000000000000e+01
2.000000000000000000e+00
7.400000000000000000e+01
2.900000000000000000e+01
1.600000000000000000e+01
1.200000000000000000e+01
5.600000000000000000e+01
5.500000000000000000e+01
1.200000000000000000e+01
6.400000000000000000e+01
3.800000000000000000e+01
1.150000000000000000e+02
9.600000000000000000e+01
2.250000000000000000e+02
1.670000000000000000e+02
1.430000000000000000e+02
2.900000000000000000e+01
4.000000000000000000e+01
3.300000000000000000e+01
1.080000000000000000e+02
2.600000000000000000e+01
6.600000000000000000e+01
5.400000000000000000e+01
1.900000000000000000e+02
3.010000000000000000e+02
7.000000000000000000e+01
5.900000000000000000e+01
7.600000000000000000e+01
8.800000000000000000e+01
1.100000000000000000e+02
1.190000000000000000e+02
1.300000000000000000e+02
1.140000000000000000e+02
9.900000000000000000e+01
1.500000000000000000e+02
1.870000000000000000e+02
2.140000000000000000e+02
2.650000000000000000e+02
2.450000000000000000e+02
3.300000000000000000e+02
1.670000000000000000e+02
2.950000000000000000e+02
2.950000000000000000e+02
2.850000000000000000e+02
3.820000000000000000e+02
3.850000000000000000e+02
1.640000000000000000e+02
2.090000000000000000e+02
2.280000000000000000e+02
3.480000000000000000e+02
3.560000000000000000e+02
2.860000000000000000e+02
2.400000000000000000e+02
3.880000000000000000e+02
3.360000000000000000e+02
3.300000000000000000e+01
1.950000000000000000e+02
3.260000000000000000e+02
3.600000000000000000e+02
3.970000000000000000e+02
3.440000000000000000e+02
6.050000000000000000e+02
4.730000000000000000e+02
4.400000000000000000e+02
5.040000000000000000e+02
4.810000000000000000e+02
5.390000000000000000e+02
5.480000000000000000e+02
3.800000000000000000e+02
6.540000000000000000e+02
3.140000000000000000e+02
4.690000000000000000e+02
4.670000000000000000e+02
6.020000000000000000e+02
4.440000000000000000e+02
5.140000000000000000e+02
7.860000000000000000e+02
5.400000000000000000e+02
4.080000000000000000e+02
4.690000000000000000e+02
4.860000000000000000e+02
4.150000000000000000e+02
4.330000000000000000e+02
6.430000000000000000e+02
6.550000000000000000e+02
5.080000000000000000e+02
5.110000000000000000e+02
7.240000000000000000e+02
4.620000000000000000e+02
4.380000000000000000e+02
5.340000000000000000e+02
5.190000000000000000e+02
6.560000000000000000e+02
4.230000000000000000e+02
5.730000000000000000e+02
4.470000000000000000e+02
5.100000000000000000e+02
4.540000000000000000e+02
5.000000000000000000e+02
6.100000000000000000e+02
5.970000000000000000e+02
5.110000000000000000e+02
4.310000000000000000e+02
4.710000000000000000e+02
5.350000000000000000e+02
6.020000000000000000e+02
4.820000000000000000e+02
5.240000000000000000e+02
3.890000000000000000e+02
5.310000000000000000e+02
4.180000000000000000e+02
5.140000000000000000e+02
3.800000000000000000e+02
3.210000000000000000e+02
3.590000000000000000e+02
4.620000000000000000e+02
2.890000000000000000e+02
3.840000000000000000e+02
3.510000000000000000e+02
4.390000000000000000e+02
3.900000000000000000e+02
4.440000000000000000e+02
2.270000000000000000e+02
2.080000000000000000e+02
3.460000000000000000e+02
2.990000000000000000e+02
2.970000000000000000e+02
3.820000000000000000e+02
3.750000000000000000e+02
4.180000000000000000e+02
3.220000000000000000e+02
3.820000000000000000e+02
3.860000000000000000e+02
4.070000000000000000e+02
4.600000000000000000e+02
4.620000000000000000e+02
3.260000000000000000e+02
3.780000000000000000e+02
4.050000000000000000e+02
3.500000000000000000e+02
3.960000000000000000e+02
3.690000000000000000e+02
3.530000000000000000e+02
3.580000000000000000e+02
3.770000000000000000e+02
2.920000000000000000e+02
3.890000000000000000e+02
3.570000000000000000e+02
3.170000000000000000e+02
3.630000000000000000e+02
3.570000000000000000e+02
2.780000000000000000e+02
1.830000000000000000e+02
3.980000000000000000e+02
4.680000000000000000e+02
3.670000000000000000e+02
6.260000000000000000e+02
6.620000000000000000e+02
6.760000000000000000e+02
6.440000000000000000e+02
6.610000000000000000e+02
7.020000000000000000e+02
6.720000000000000000e+02
7.570000000000000000e+02
6.320000000000000000e+02
7.470000000000000000e+02
7.210000000000000000e+02
6.580000000000000000e+02
6.780000000000000000e+02
8.410000000000000000e+02
7.050000000000000000e+02
6.900000000000000000e+02
6.200000000000000000e+02
5.400000000000000000e+02
7.130000000000000000e+02
6.500000000000000000e+02
6.120000000000000000e+02
6.870000000000000000e+02
4.890000000000000000e+02
5.850000000000000000e+02
5.860000000000000000e+02
4.870000000000000000e+02
5.740000000000000000e+02
4.420000000000000000e+02
5.100000000000000000e+02
4.290000000000000000e+02
5.070000000000000000e+02
3.520000000000000000e+02
4.540000000000000000e+02
3.600000000000000000e+02
4.560000000000000000e+02
4.900000000000000000e+02
4.380000000000000000e+02
4.270000000000000000e+02
3.270000000000000000e+02
3.340000000000000000e+02
3.240000000000000000e+02
3.490000000000000000e+02
3.330000000000000000e+02
3.710000000000000000e+02
2.460000000000000000e+02
3.310000000000000000e+02
3.220000000000000000e+02
3.090000000000000000e+02
3.740000000000000000e+02
3.040000000000000000e+02
3.630000000000000000e+02
4.010000000000000000e+02
2.800000000000000000e+02
2.780000000000000000e+02
2.320000000000000000e+02
2.570000000000000000e+02
2.400000000000000000e+02
2.040000000000000000e+02
1.790000000000000000e+02
2.780000000000000000e+02
2.100000000000000000e+02
2.300000000000000000e+02
2.610000000000000000e+02
1.620000000000000000e+02
2.370000000000000000e+02
2.410000000000000000e+02
1.920000000000000000e+02
1.760000000000000000e+02
1.790000000000000000e+02
2.310000000000000000e+02
1.500000000000000000e+02
1.570000000000000000e+02
1.740000000000000000e+02
1.800000000000000000e+02
1.790000000000000000e+02
1.260000000000000000e+02
1.740000000000000000e+02
1.350000000000000000e+02
1.500000000000000000e+02
1.240000000000000000e+02
1.140000000000000000e+02
1.810000000000000000e+02
1.300000000000000000e+02
1.690000000000000000e+02
1.620000000000000000e+02
1.680000000000000000e+02
1.300000000000000000e+02
1.420000000000000000e+02
1.690000000000000000e+02
1.810000000000000000e+02
1.330000000000000000e+02
1.620000000000000000e+02
1.680000000000000000e+02
1.320000000000000000e+02
1.980000000000000000e+02
1.810000000000000000e+02
1.830000000000000000e+02
2.010000000000000000e+02
1.370000000000000000e+02
1.880000000000000000e+02
1.450000000000000000e+02
1.780000000000000000e+02
1.250000000000000000e+02
1.760000000000000000e+02
1.560000000000000000e+02
1.430000000000000000e+02
1.400000000000000000e+02
1.790000000000000000e+02
2.200000000000000000e+02
1.680000000000000000e+02
1.840000000000000000e+02
1.830000000000000000e+02
2.530000000000000000e+02
2.340000000000000000e+02
2.140000000000000000e+02
2.150000000000000000e+02
2.020000000000000000e+02
2.340000000000000000e+02
2.560000000000000000e+02
2.500000000000000000e+02
2.380000000000000000e+02
2.710000000000000000e+02
2.940000000000000000e+02
2.880000000000000000e+02
2.290000000000000000e+02
2.890000000000000000e+02
3.490000000000000000e+02
3.970000000000000000e+02
2.870000000000000000e+02
2.410000000000000000e+02
3.210000000000000000e+02
3.160000000000000000e+02
2.750000000000000000e+02
3.420000000000000000e+02
2.080000000000000000e+02
2.480000000000000000e+02
3.390000000000000000e+02
3.330000000000000000e+02
3.200000000000000000e+02
3.130000000000000000e+02
3.050000000000000000e+02
3.320000000000000000e+02
2.460000000000000000e+02
3.610000000000000000e+02
4.130000000000000000e+02
4.590000000000000000e+02
4.270000000000000000e+02
3.870000000000000000e+02
4.680000000000000000e+02
6.550000000000000000e+02
4.310000000000000000e+02
5.250000000000000000e+02
6.570000000000000000e+02
5.530000000000000000e+02
7.040000000000000000e+02
7.020000000000000000e+02
5.150000000000000000e+02
6.160000000000000000e+02
7.190000000000000000e+02
7.590000000000000000e+02
7.970000000000000000e+02
8.120000000000000000e+02
8.960000000000000000e+02
7.900000000000000000e+02
6.400000000000000000e+02
8.480000000000000000e+02
7.710000000000000000e+02
6.960000000000000000e+02
6.480000000000000000e+02
7.770000000000000000e+02
7.520000000000000000e+02
5.750000000000000000e+02
7.210000000000000000e+02
6.750000000000000000e+02
6.530000000000000000e+02
6.370000000000000000e+02
6.320000000000000000e+02
6.510000000000000000e+02
6.160000000000000000e+02
6.450000000000000000e+02
4.920000000000000000e+02
7.380000000000000000e+02
5.880000000000000000e+02
6.570000000000000000e+02
6.120000000000000000e+02
4.760000000000000000e+02
6.530000000000000000e+02
5.450000000000000000e+02
6.280000000000000000e+02
6.530000000000000000e+02
7.440000000000000000e+02
5.790000000000000000e+02
5.970000000000000000e+02
6.820000000000000000e+02
6.860000000000000000e+02
7.680000000000000000e+02
6.420000000000000000e+02
7.310000000000000000e+02
8.160000000000000000e+02
6.560000000000000000e+02
7.590000000000000000e+02
8.090000000000000000e+02
7.330000000000000000e+02
8.410000000000000000e+02
8.290000000000000000e+02
8.650000000000000000e+02
1.027000000000000000e+03
8.240000000000000000e+02
9.050000000000000000e+02
8.710000000000000000e+02
9.350000000000000000e+02
1.074000000000000000e+03
1.316000000000000000e+03
1.047000000000000000e+03
9.740000000000000000e+02
1.020000000000000000e+03
1.120000000000000000e+03
1.143000000000000000e+03
1.206000000000000000e+03
1.122000000000000000e+03
1.060000000000000000e+03
1.267000000000000000e+03
1.060000000000000000e+03
1.175000000000000000e+03
9.700000000000000000e+02
1.155000000000000000e+03
1.024000000000000000e+03
9.970000000000000000e+02
1.008000000000000000e+03
1.039000000000000000e+03
1.008000000000000000e+03
1.036000000000000000e+03
1.053000000000000000e+03
1.081000000000000000e+03
1.035000000000000000e+03
1.206000000000000000e+03
9.720000000000000000e+02
1.111000000000000000e+03
1.093000000000000000e+03
1.182000000000000000e+03
1.063000000000000000e+03
1.300000000000000000e+03
1.165000000000000000e+03
1.418000000000000000e+03
1.450000000000000000e+03
1.367000000000000000e+03
1.706000000000000000e+03
1.502000000000000000e+03
1.451000000000000000e+03
1.662000000000000000e+03
1.732000000000000000e+03
1.539000000000000000e+03
1.816000000000000000e+03
1.369000000000000000e+03
1.619000000000000000e+03
1.884000000000000000e+03
1.579000000000000000e+03
1.968000000000000000e+03
2.354000000000000000e+03
2.415000000000000000e+03
2.858000000000000000e+03
2.719000000000000000e+03
3.177000000000000000e+03
2.800000000000000000e+03
2.766000000000000000e+03
2.803000000000000000e+03
3.052000000000000000e+03
2.957000000000000000e+03
3.273000000000000000e+03
2.458000000000000000e+03
2.375000000000000000e+03
2.259000000000000000e+03
1.936000000000000000e+03
1.932000000000000000e+03
1.492000000000000000e+03
1.432000000000000000e+03
1.496000000000000000e+03
1.522000000000000000e+03
1.279000000000000000e+03
1.041000000000000000e+03
1.034000000000000000e+03
9.670000000000000000e+02
9.310000000000000000e+02
8.790000000000000000e+02
7.920000000000000000e+02
8.110000000000000000e+02
6.200000000000000000e+02
5.470000000000000000e+02
4.870000000000000000e+02
4.390000000000000000e+02
4.650000000000000000e+02
4.030000000000000000e+02
3.940000000000000000e+02
4.180000000000000000e+02
2.980000000000000000e+02
2.880000000000000000e+02
3.020000000000000000e+02
2.520000000000000000e+02
2.300000000000000000e+02
1.660000000000000000e+02
1.840000000000000000e+02
1.480000000000000000e+02
1.650000000000000000e+02
1.460000000000000000e+02
1.400000000000000000e+02
1.310000000000000000e+02
1.280000000000000000e+02
1.120000000000000000e+02
1.220000000000000000e+02
1.190000000000000000e+02
7.400000000000000000e+01
1.000000000000000000e+02
1.120000000000000000e+02
7.600000000000000000e+01
1.050000000000000000e+02
1.140000000000000000e+02
1.080000000000000000e+02
6.900000000000000000e+01
8.600000000000000000e+01
6.700000000000000000e+01
7.800000000000000000e+01
6.500000000000000000e+01
1.330000000000000000e+02
1.130000000000000000e+02
7.500000000000000000e+01
1.280000000000000000e+02
8.500000000000000000e+01
1.050000000000000000e+02
1.150000000000000000e+02
1.280000000000000000e+02
1.060000000000000000e+02
1.060000000000000000e+02
1.170000000000000000e+02
