0.000000000000000000e+00
0.000000000000000000e+00
0.000000000000000000e+00
0.000000000000000000e+00
0.000000000000000000e+00
0.000000000000000000e+00
0.000000000000000000e+00
0.000000000000000000e+00
0.000000000000000000e+00
0.000000000000000000e+00
0.000000000000000000e+00
0.000000000000000000e+00
0.000000000000000000e+00
0.000000000000000000e+00
0.000000000000000000e+00
0.000000000000000000e+00
0.000000000000000000e+00
0.000000000000000000e+00
0.000000000000000000e+00
0.000000000000000000e+00
0.000000000000000000e+00
0.000000000000000000e+00
0.000000000000000000e+00
0.000000000000000000e+00
0.000000000000000000e+00
0.000000000000000000e+00
0.000000000000000000e+00
0.000000000000000000e+00
0.000000000000000000e+00
0.000000000000000000e+00
0.000000000000000000e+00
0.000000000000000000e+00
0.000000000000000000e+00
0.000000000000000000e+00
0.000000000000000000e+00
0.000000000000000000e+00
0.000000000000000000e+00
0.000000000000000000e+00
0.000000000000000000e+00
0.000000000000000000e+00
0.000000000000000000e+00
0.000000000000000000e+00
0.000000000000000000e+00
0.000000000000000000e+00
0.000000000000000000e+00
0.000000000000000000e+00
0.000000000000000000e+00
0.000000000000000000e+00
0.000000000000000000e+00
0.000000000000000000e+00
0.000000000000000000e+00
0.000000000000000000e+00
0.000000000000000000e+00
0.000000000000000000e+00
0.000000000000000000e+00
0.000000000000000000e+00
0.000000000000000000e+00
0.000000000000000000e+00
0.000000000000000000e+00
0.000000000000000000e+00
0.000000000000000000e+00
0.000000000000000000e+00
0.000000000000000000e+00
0.000000000000000000e+00
0.000000000000000000e+00
0.000000000000000000e+00
0.000000000000000000e+00
0.000000000000000000e+00
0.000000000000000000e+00
0.000000000000000000e+00
0.000000000000000000e+00
0.000000000000000000e+00
0.000000000000000000e+00
0.000000000000000000e+00
0.000000000000000000e+00
0.000000000000000000e+00
0.000000000000000000e+00
0.000000000000000000e+00
0.000000000000000000e+00
0.000000000000000000e+00
0.000000000000000000e+00
0.000000000000000000e+00
0.000000000000000000e+00
0.000000000000000000e+00
0.000000000000000000e+00
0.000000000000000000e+00
0.000000000000000000e+00
0.000000000000000000e+00
0.000000000000000000e+00
0.000000000000000000e+00
0.000000000000000000e+00
0.000000000000000000e+00
0.000000000000000000e+00
0.000000000000000000e+00
0.000000000000000000e+00
0.000000000000000000e+00
0.000000000000000000e+00
0.000000000000000000e+00
0.000000000000000000e+00
0.000000000000000000e+00
0.000000000000000000e+00
0.000000000000000000e+00
0.000000000000000000e+00
0.000000000000000000e+00
0.000000000000000000e+00
0.000000000000000000e+00
0.000000000000000000e+00
0.000000000000000000e+00
0.000000000000000000e+00
0.000000000000000000e+00
0.000000000000000000e+00
0.000000000000000000e+00
1.000000000000000000e+00
1.000000000000000000e+00
1.000000000000000000e+00
1.000000000000000000e+00
1.000000000000000000e+00
1.000000000000000000e+00
1.000000000000000000e+00
1.000000000000000000e+00
1.000000000000000000e+00
2.000000000000000000e+00
2.000000000000000000e+00
2.000000000000000000e+00
2.000000000000000000e+00
2.000000000000000000e+00
2.000000000000000000e+00
2.000000000000000000e+00
2.000000000000000000e+00
2.000000000000000000e+00
2.000000000000000000e+00
2.000000000000000000e+00
2.000000000000000000e+00
4.000000000000000000e+00
4.000000000000000000e+00
4.000000000000000000e+00
4.000000000000000000e+00
4.000000000000000000e+00
4.000000000000000000e+00
4.000000000000000000e+00
4.000000000000000000e+00
4.000000000000000000e+00
4.000000000000000000e+00
4.000000000000000000e+00
4.000000000000000000e+00
4.000000000000000000e+00
4.000000000000000000e+00
4.000000000000000000e+00
4.000000000000000000e+00
4.000000000000000000e+00
4.000000000000000000e+00
4.000000000000000000e+00
1.200000000000000000e+01
1.700000000000000000e+01
1.700000000000000000e+01
1.700000000000000000e+01
2.400000000000000000e+01
2.400000000000000000e+01
2.700000000000000000e+01
2.700000000000000000e+01
2.700000000000000000e+01
3.500000000000000000e+01
3.500000000000000000e+01
3.500000000000000000e+01
3.500000000000000000e+01
7.900000000000000000e+01
9.100000000000000000e+01
9.100000000000000000e+01
9.100000000000000000e+01
1.340000000000000000e+02
1.840000000000000000e+02
1.840000000000000000e+02
2.330000000000000000e+02
2.450000000000000000e+02
2.560000000000000000e+02
2.560000000000000000e+02
2.560000000000000000e+02
3.110000000000000000e+02
3.590000000000000000e+02
3.590000000000000000e+02
3.590000000000000000e+02
3.590000000000000000e+02
3.590000000000000000e+02
3.590000000000000000e+02
3.590000000000000000e+02
4.190000000000000000e+02
5.050000000000000000e+02
5.050000000000000000e+02
5.050000000000000000e+02
5.760000000000000000e+02
6.040000000000000000e+02
6.040000000000000000e+02
7.020000000000000000e+02
7.180000000000000000e+02
7.180000000000000000e+02
7.260000000000000000e+02
7.260000000000000000e+02
7.420000000000000000e+02
7.420000000000000000e+02
7.420000000000000000e+02
7.420000000000000000e+02
7.810000000000000000e+02
7.810000000000000000e+02
7.980000000000000000e+02
8.840000000000000000e+02
8.840000000000000000e+02
9.030000000000000000e+02
9.030000000000000000e+02
9.460000000000000000e+02
9.460000000000000000e+02
9.460000000000000000e+02
9.960000000000000000e+02
1.015000000000000000e+03
1.015000000000000000e+03
1.015000000000000000e+03
1.015000000000000000e+03
1.049000000000000000e+03
1.051000000000000000e+03
1.051000000000000000e+03
1.051000000000000000e+03
1.051000000000000000e+03
1.085000000000000000e+03
1.085000000000000000e+03
1.085000000000000000e+03
1.085000000000000000e+03
1.085000000000000000e+03
1.148000000000000000e+03
1.148000000000000000e+03
1.148000000000000000e+03
1.148000000000000000e+03
1.148000000000000000e+03
1.164000000000000000e+03
1.164000000000000000e+03
1.245000000000000000e+03
1.245000000000000000e+03
1.245000000000000000e+03
1.245000000000000000e+03
1.327000000000000000e+03
1.327000000000000000e+03
1.327000000000000000e+03
1.390000000000000000e+03
1.390000000000000000e+03
1.424000000000000000e+03
1.424000000000000000e+03
1.424000000000000000e+03
1.507000000000000000e+03
1.554000000000000000e+03
1.558000000000000000e+03
1.558000000000000000e+03
1.558000000000000000e+03
1.565000000000000000e+03
1.576000000000000000e+03
1.595000000000000000e+03
1.639000000000000000e+03
1.680000000000000000e+03
1.680000000000000000e+03
1.683000000000000000e+03
1.683000000000000000e+03
1.683000000000000000e+03
1.767000000000000000e+03
1.786000000000000000e+03
1.800000000000000000e+03
1.800000000000000000e+03
1.805000000000000000e+03
1.805000000000000000e+03
1.822000000000000000e+03
1.833000000000000000e+03
1.833000000000000000e+03
1.833000000000000000e+03
1.833000000000000000e+03
1.833000000000000000e+03
1.833000000000000000e+03
1.918000000000000000e+03
1.918000000000000000e+03
1.923000000000000000e+03
1.934000000000000000e+03
1.940000000000000000e+03
1.940000000000000000e+03
1.943000000000000000e+03
1.947000000000000000e+03
1.947000000000000000e+03
1.947000000000000000e+03
1.953000000000000000e+03
1.953000000000000000e+03
1.953000000000000000e+03
1.961000000000000000e+03
1.961000000000000000e+03
1.963000000000000000e+03
1.963000000000000000e+03
1.967000000000000000e+03
1.967000000000000000e+03
1.967000000000000000e+03
1.967000000000000000e+03
2.026000000000000000e+03
2.026000000000000000e+03
2.026000000000000000e+03
2.041000000000000000e+03
2.041000000000000000e+03
2.041000000000000000e+03
2.041000000000000000e+03
2.052000000000000000e+03
2.058000000000000000e+03
2.065000000000000000e+03
2.066000000000000000e+03
2.085000000000000000e+03
2.086000000000000000e+03
2.086000000000000000e+03
2.092000000000000000e+03
2.092000000000000000e+03
2.109000000000000000e+03
2.109000000000000000e+03
2.109000000000000000e+03
2.109000000000000000e+03
2.109000000000000000e+03
2.137000000000000000e+03
2.142000000000000000e+03
2.145000000000000000e+03
2.150000000000000000e+03
2.150000000000000000e+03
2.150000000000000000e+03
2.150000000000000000e+03
2.150000000000000000e+03
2.164000000000000000e+03
2.178000000000000000e+03
2.214000000000000000e+03
2.250000000000000000e+03
2.250000000000000000e+03
2.277000000000000000e+03
2.307000000000000000e+03
2.365000000000000000e+03
2.400000000000000000e+03
2.546000000000000000e+03
2.546000000000000000e+03
2.546000000000000000e+03
2.546000000000000000e+03
2.546000000000000000e+03
2.725000000000000000e+03
2.725000000000000000e+03
2.725000000000000000e+03
2.725000000000000000e+03
2.725000000000000000e+03
2.956000000000000000e+03
3.005000000000000000e+03
3.094000000000000000e+03
3.094000000000000000e+03
3.206000000000000000e+03
3.206000000000000000e+03
3.206000000000000000e+03
3.206000000000000000e+03
3.206000000000000000e+03
4.137000000000000000e+03
4.351000000000000000e+03
5.170000000000000000e+03
5.203000000000000000e+03
5.937000000000000000e+03
5.937000000000000000e+03
5.937000000000000000e+03
6.241000000000000000e+03
6.356000000000000000e+03
6.371000000000000000e+03
6.371000000000000000e+03
6.371000000000000000e+03
7.018000000000000000e+03
7.018000000000000000e+03
7.035000000000000000e+03
7.504000000000000000e+03
7.555000000000000000e+03
7.656000000000000000e+03
7.656000000000000000e+03
8.044000000000000000e+03
8.047000000000000000e+03
8.047000000000000000e+03
8.278000000000000000e+03
8.610000000000000000e+03
8.649000000000000000e+03
8.664000000000000000e+03
8.900000000000000000e+03
8.900000000000000000e+03
8.969000000000000000e+03
8.969000000000000000e+03
9.216000000000000000e+03
9.380000000000000000e+03
9.380000000000000000e+03
9.380000000000000000e+03
9.718000000000000000e+03
9.804000000000000000e+03
9.819000000000000000e+03
9.852000000000000000e+03
9.852000000000000000e+03
9.965000000000000000e+03
1.025400000000000000e+04
1.035000000000000000e+04
1.037500000000000000e+04
1.045500000000000000e+04
1.045500000000000000e+04
1.046100000000000000e+04
1.046100000000000000e+04
1.046600000000000000e+04
1.046700000000000000e+04
1.046700000000000000e+04
1.046800000000000000e+04
1.049100000000000000e+04
1.049100000000000000e+04
1.049100000000000000e+04
1.049500000000000000e+04
1.049700000000000000e+04
1.052100000000000000e+04
1.052200000000000000e+04
1.052300000000000000e+04
1.052300000000000000e+04
1.052300000000000000e+04
1.052300000000000000e+04
1.052500000000000000e+04
1.052500000000000000e+04
1.052800000000000000e+04
1.052800000000000000e+04
1.053000000000000000e+04
1.053000000000000000e+04
1.053000000000000000e+04
1.053000000000000000e+04
1.053000000000000000e+04
1.053000000000000000e+04
1.053500000000000000e+04
1.053500000000000000e+04
1.053500000000000000e+04
1.053800000000000000e+04
1.068500000000000000e+04
1.068600000000000000e+04
1.068600000000000000e+04
1.068600000000000000e+04
1.068600000000000000e+04
1.068600000000000000e+04
1.068600000000000000e+04
1.068600000000000000e+04
1.070600000000000000e+04
1.070600000000000000e+04
1.070600000000000000e+04
1.070700000000000000e+04
1.070700000000000000e+04
1.070700000000000000e+04
1.070700000000000000e+04
1.070700000000000000e+04
1.070700000000000000e+04
1.070700000000000000e+04
1.070700000000000000e+04
1.070700000000000000e+04
1.070900000000000000e+04
1.070900000000000000e+04
1.070900000000000000e+04
1.070900000000000000e+04
1.070900000000000000e+04
1.070900000000000000e+04
1.070900000000000000e+04
1.072000000000000000e+04
1.072000000000000000e+04
1.072000000000000000e+04
1.072300000000000000e+04
1.072300000000000000e+04
1.072300000000000000e+04
1.072800000000000000e+04
1.072800000000000000e+04
1.072800000000000000e+04
1.073000000000000000e+04
1.073100000000000000e+04
1.073100000000000000e+04
1.073100000000000000e+04
1.073300000000000000e+04
1.073300000000000000e+04
1.073300000000000000e+04
1.074900000000000000e+04
1.074900000000000000e+04
1.076100000000000000e+04
1.076100000000000000e+04
1.077300000000000000e+04
1.077300000000000000e+04
1.077300000000000000e+04
1.077400000000000000e+04
1.077800000000000000e+04
1.077800000000000000e+04
1.078200000000000000e+04
1.079000000000000000e+04
1.079000000000000000e+04
1.079000000000000000e+04
1.080600000000000000e+04
1.080600000000000000e+04
1.080600000000000000e+04
1.081500000000000000e+04
1.082200000000000000e+04
1.082200000000000000e+04
1.082200000000000000e+04
1.082200000000000000e+04
1.082400000000000000e+04
1.082500000000000000e+04
1.082500000000000000e+04
1.083100000000000000e+04
1.083100000000000000e+04
1.083100000000000000e+04
1.083100000000000000e+04
1.083600000000000000e+04
1.083700000000000000e+04
1.083700000000000000e+04
1.083700000000000000e+04
1.083700000000000000e+04
1.083900000000000000e+04
1.083900000000000000e+04
1.084600000000000000e+04
1.085300000000000000e+04
1.085900000000000000e+04
1.092100000000000000e+04
1.092300000000000000e+04
1.092300000000000000e+04
1.095000000000000000e+04
1.095000000000000000e+04
1.101000000000000000e+04
1.108100000000000000e+04
1.108100000000000000e+04
1.110700000000000000e+04
1.112800000000000000e+04
1.116800000000000000e+04
1.116800000000000000e+04
1.116800000000000000e+04
1.123900000000000000e+04
1.123900000000000000e+04
1.123900000000000000e+04
1.134400000000000000e+04
1.134400000000000000e+04
1.141600000000000000e+04
1.154400000000000000e+04
1.156800000000000000e+04
1.156800000000000000e+04
1.156800000000000000e+04
1.163400000000000000e+04
1.163800000000000000e+04
1.164400000000000000e+04
1.164600000000000000e+04
1.190300000000000000e+04
1.190300000000000000e+04
1.190300000000000000e+04
1.190700000000000000e+04
1.215300000000000000e+04
1.215300000000000000e+04
1.239800000000000000e+04
1.239800000000000000e+04
1.239800000000000000e+04
1.239800000000000000e+04
1.239800000000000000e+04
1.263000000000000000e+04
1.267900000000000000e+04
1.267900000000000000e+04
1.278700000000000000e+04
1.288000000000000000e+04
1.288000000000000000e+04
1.288000000000000000e+04
1.288700000000000000e+04
1.290800000000000000e+04
1.290800000000000000e+04
1.290800000000000000e+04
1.360300000000000000e+04
