0.000000000000000000e+00
0.000000000000000000e+00
0.000000000000000000e+00
0.000000000000000000e+00
0.000000000000000000e+00
0.000000000000000000e+00
0.000000000000000000e+00
0.000000000000000000e+00
0.000000000000000000e+00
0.000000000000000000e+00
0.000000000000000000e+00
0.000000000000000000e+00
0.000000000000000000e+00
0.000000000000000000e+00
0.000000000000000000e+00
0.000000000000000000e+00
0.000000000000000000e+00
0.000000000000000000e+00
0.000000000000000000e+00
0.000000000000000000e+00
0.000000000000000000e+00
0.000000000000000000e+00
0.000000000000000000e+00
0.000000000000000000e+00
0.000000000000000000e+00
0.000000000000000000e+00
0.000000000000000000e+00
0.000000000000000000e+00
0.000000000000000000e+00
0.000000000000000000e+00
0.000000000000000000e+00
0.000000000000000000e+00
0.000000000000000000e+00
0.000000000000000000e+00
0.000000000000000000e+00
0.000000000000000000e+00
0.000000000000000000e+00
0.000000000000000000e+00
0.000000000000000000e+00
0.000000000000000000e+00
0.000000000000000000e+00
0.000000000000000000e+00
0.000000000000000000e+00
0.000000000000000000e+00
0.000000000000000000e+00
0.000000000000000000e+00
0.000000000000000000e+00
0.000000000000000000e+00
0.000000000000000000e+00
0.000000000000000000e+00
0.000000000000000000e+00
0.000000000000000000e+00
1.000000000000000000e+00
1.000000000000000000e+00
5.000000000000000000e+00
7.000000000000000000e+00
8.000000000000000000e+00
8.000000000000000000e+00
1.700000000000000000e+01
1.700000000000000000e+01
1.900000000000000000e+01
3.600000000000000000e+01
4.000000000000000000e+01
4.100000000000000000e+01
5.000000000000000000e+01
5.400000000000000000e+01
6.000000000000000000e+01
7.000000000000000000e+01
7.000000000000000000e+01
7.500000000000000000e+01
8.200000000000000000e+01
8.400000000000000000e+01
8.900000000000000000e+01
1.020000000000000000e+02
1.040000000000000000e+02
1.050000000000000000e+02
1.050000000000000000e+02
1.100000000000000000e+02
1.100000000000000000e+02
1.180000000000000000e+02
1.200000000000000000e+02
1.260000000000000000e+02
1.270000000000000000e+02
1.340000000000000000e+02
1.360000000000000000e+02
1.380000000000000000e+02
1.430000000000000000e+02
1.440000000000000000e+02
1.470000000000000000e+02
1.470000000000000000e+02
1.500000000000000000e+02
1.530000000000000000e+02
1.540000000000000000e+02
1.760000000000000000e+02
1.830000000000000000e+02
1.910000000000000000e+02
2.070000000000000000e+02
2.120000000000000000e+02
2.250000000000000000e+02
2.430000000000000000e+02
2.490000000000000000e+02
2.550000000000000000e+02
2.590000000000000000e+02
2.610000000000000000e+02
2.610000000000000000e+02
2.680000000000000000e+02
2.710000000000000000e+02
2.730000000000000000e+02
2.800000000000000000e+02
2.840000000000000000e+02
2.850000000000000000e+02
2.860000000000000000e+02
2.870000000000000000e+02
2.870000000000000000e+02
2.870000000000000000e+02
2.890000000000000000e+02
2.920000000000000000e+02
2.970000000000000000e+02
3.080000000000000000e+02
3.140000000000000000e+02
3.200000000000000000e+02
3.210000000000000000e+02
3.250000000000000000e+02
3.270000000000000000e+02
3.360000000000000000e+02
3.390000000000000000e+02
3.460000000000000000e+02
3.490000000000000000e+02
3.550000000000000000e+02
3.590000000000000000e+02
3.700000000000000000e+02
3.770000000000000000e+02
3.840000000000000000e+02
3.970000000000000000e+02
4.100000000000000000e+02
4.200000000000000000e+02
4.310000000000000000e+02
4.390000000000000000e+02
4.510000000000000000e+02
4.630000000000000000e+02
4.760000000000000000e+02
4.940000000000000000e+02
5.100000000000000000e+02
5.410000000000000000e+02
5.820000000000000000e+02
6.120000000000000000e+02
6.360000000000000000e+02
6.390000000000000000e+02
6.460000000000000000e+02
6.610000000000000000e+02
7.020000000000000000e+02
7.280000000000000000e+02
7.870000000000000000e+02
7.980000000000000000e+02
8.300000000000000000e+02
8.500000000000000000e+02
8.580000000000000000e+02
8.780000000000000000e+02
9.000000000000000000e+02
1.001000000000000000e+03
1.025000000000000000e+03
1.042000000000000000e+03
1.063000000000000000e+03
1.081000000000000000e+03
1.092000000000000000e+03
1.105000000000000000e+03
1.113000000000000000e+03
1.172000000000000000e+03
1.194000000000000000e+03
1.210000000000000000e+03
1.252000000000000000e+03
1.299000000000000000e+03
1.337000000000000000e+03
1.378000000000000000e+03
1.416000000000000000e+03
1.435000000000000000e+03
1.473000000000000000e+03
1.485000000000000000e+03
1.539000000000000000e+03
1.582000000000000000e+03
1.629000000000000000e+03
1.655000000000000000e+03
1.689000000000000000e+03
1.710000000000000000e+03
1.729000000000000000e+03
1.752000000000000000e+03
1.821000000000000000e+03
1.879000000000000000e+03
1.926000000000000000e+03
1.963000000000000000e+03
1.994000000000000000e+03
2.022000000000000000e+03
2.042000000000000000e+03
2.062000000000000000e+03
2.092000000000000000e+03
2.099000000000000000e+03
2.104000000000000000e+03
2.111000000000000000e+03
2.128000000000000000e+03
2.134000000000000000e+03
2.140000000000000000e+03
2.152000000000000000e+03
2.171000000000000000e+03
2.189000000000000000e+03
2.200000000000000000e+03
2.293000000000000000e+03
2.352000000000000000e+03
2.453000000000000000e+03
2.540000000000000000e+03
2.577000000000000000e+03
2.644000000000000000e+03
2.717000000000000000e+03
2.780000000000000000e+03
2.889000000000000000e+03
3.089000000000000000e+03
3.306000000000000000e+03
3.537000000000000000e+03
3.625000000000000000e+03
3.672000000000000000e+03
3.742000000000000000e+03
3.843000000000000000e+03
4.020000000000000000e+03
4.063000000000000000e+03
4.142000000000000000e+03
4.218000000000000000e+03
4.255000000000000000e+03
4.304000000000000000e+03
4.349000000000000000e+03
4.374000000000000000e+03
4.409000000000000000e+03
4.439000000000000000e+03
4.460000000000000000e+03
4.479000000000000000e+03
4.534000000000000000e+03
4.565000000000000000e+03
4.591000000000000000e+03
4.602000000000000000e+03
4.624000000000000000e+03
4.634000000000000000e+03
4.653000000000000000e+03
4.671000000000000000e+03
4.689000000000000000e+03
4.711000000000000000e+03
4.722000000000000000e+03
4.738000000000000000e+03
4.779000000000000000e+03
4.789000000000000000e+03
4.798000000000000000e+03
4.811000000000000000e+03
4.820000000000000000e+03
4.832000000000000000e+03
4.836000000000000000e+03
4.840000000000000000e+03
4.843000000000000000e+03
4.847000000000000000e+03
4.852000000000000000e+03
4.866000000000000000e+03
4.867000000000000000e+03
4.873000000000000000e+03
4.883000000000000000e+03
4.885000000000000000e+03
4.890000000000000000e+03
4.892000000000000000e+03
4.896000000000000000e+03
4.905000000000000000e+03
4.908000000000000000e+03
4.940000000000000000e+03
4.953000000000000000e+03
4.965000000000000000e+03
4.971000000000000000e+03
4.974000000000000000e+03
4.992000000000000000e+03
4.996000000000000000e+03
5.012000000000000000e+03
5.017000000000000000e+03
5.052000000000000000e+03
5.060000000000000000e+03
5.066000000000000000e+03
5.073000000000000000e+03
5.084000000000000000e+03
5.129000000000000000e+03
5.131000000000000000e+03
5.134000000000000000e+03
5.137000000000000000e+03
5.146000000000000000e+03
5.155000000000000000e+03
5.162000000000000000e+03
5.174000000000000000e+03
5.192000000000000000e+03
5.208000000000000000e+03
5.213000000000000000e+03
5.222000000000000000e+03
5.242000000000000000e+03
5.262000000000000000e+03
5.312000000000000000e+03
5.319000000000000000e+03
5.362000000000000000e+03
5.394000000000000000e+03
5.455000000000000000e+03
5.491000000000000000e+03
5.507000000000000000e+03
5.543000000000000000e+03
5.572000000000000000e+03
5.586000000000000000e+03
5.620000000000000000e+03
5.665000000000000000e+03
5.726000000000000000e+03
5.750000000000000000e+03
5.779000000000000000e+03
5.851000000000000000e+03
5.872000000000000000e+03
5.891000000000000000e+03
5.919000000000000000e+03
5.934000000000000000e+03
5.948000000000000000e+03
5.994000000000000000e+03
6.011000000000000000e+03
6.043000000000000000e+03
6.084000000000000000e+03
6.129000000000000000e+03
6.191000000000000000e+03
6.237000000000000000e+03
6.278000000000000000e+03
6.349000000000000000e+03
6.428000000000000000e+03
6.528000000000000000e+03
6.659000000000000000e+03
6.747000000000000000e+03
6.832000000000000000e+03
6.954000000000000000e+03
7.032000000000000000e+03
7.105000000000000000e+03
7.232000000000000000e+03
7.293000000000000000e+03
7.402000000000000000e+03
7.511000000000000000e+03
7.598000000000000000e+03
7.670000000000000000e+03
7.743000000000000000e+03
7.817000000000000000e+03
7.970000000000000000e+03
8.021000000000000000e+03
8.128000000000000000e+03
8.250000000000000000e+03
8.383000000000000000e+03
8.460000000000000000e+03
8.567000000000000000e+03
8.676000000000000000e+03
8.848000000000000000e+03
8.955000000000000000e+03
9.058000000000000000e+03
9.225000000000000000e+03
9.368000000000000000e+03
9.461000000000000000e+03
9.630000000000000000e+03
9.784000000000000000e+03
9.950000000000000000e+03
1.012200000000000000e+04
1.031600000000000000e+04
1.057300000000000000e+04
1.085000000000000000e+04
1.103200000000000000e+04
1.125900000000000000e+04
1.154800000000000000e+04
1.186000000000000000e+04
1.217000000000000000e+04
1.244300000000000000e+04
1.264700000000000000e+04
1.297500000000000000e+04
1.331100000000000000e+04
1.388500000000000000e+04
1.416600000000000000e+04
1.452900000000000000e+04
1.478400000000000000e+04
1.511800000000000000e+04
1.530400000000000000e+04
1.545900000000000000e+04
1.568800000000000000e+04
1.583400000000000000e+04
1.598800000000000000e+04
1.618600000000000000e+04
1.633700000000000000e+04
1.645100000000000000e+04
1.662100000000000000e+04
1.681100000000000000e+04
1.694100000000000000e+04
1.706800000000000000e+04
1.720000000000000000e+04
1.726700000000000000e+04
1.734300000000000000e+04
1.748400000000000000e+04
1.759400000000000000e+04
1.771600000000000000e+04
1.783500000000000000e+04
1.792900000000000000e+04
1.798800000000000000e+04
1.805300000000000000e+04
1.819900000000000000e+04
1.832500000000000000e+04
1.844300000000000000e+04
1.855300000000000000e+04
1.868900000000000000e+04
1.879000000000000000e+04
1.885000000000000000e+04
1.898600000000000000e+04
1.911100000000000000e+04
1.919800000000000000e+04
1.933400000000000000e+04
1.942600000000000000e+04
1.950900000000000000e+04
1.955100000000000000e+04
1.965900000000000000e+04
1.977900000000000000e+04
1.984600000000000000e+04
1.994500000000000000e+04
2.005700000000000000e+04
2.014300000000000000e+04
2.018600000000000000e+04
2.030200000000000000e+04
2.041200000000000000e+04
2.048000000000000000e+04
2.055100000000000000e+04
2.068100000000000000e+04
2.076100000000000000e+04
2.082800000000000000e+04
2.089600000000000000e+04
2.097500000000000000e+04
2.110600000000000000e+04
2.121000000000000000e+04
2.130900000000000000e+04
2.137000000000000000e+04
2.141900000000000000e+04
2.149000000000000000e+04
2.164500000000000000e+04
2.178300000000000000e+04
2.191800000000000000e+04
2.216700000000000000e+04
2.224300000000000000e+04
2.248200000000000000e+04
2.268400000000000000e+04
2.286200000000000000e+04
2.304100000000000000e+04
2.315200000000000000e+04
2.326000000000000000e+04
2.334300000000000000e+04
2.342600000000000000e+04
2.353500000000000000e+04
2.360300000000000000e+04
2.367200000000000000e+04
2.374400000000000000e+04
2.381200000000000000e+04
2.386600000000000000e+04
2.388800000000000000e+04
2.393400000000000000e+04
2.400500000000000000e+04
2.411200000000000000e+04
2.426200000000000000e+04
2.445900000000000000e+04
2.453500000000000000e+04
2.459300000000000000e+04
2.467700000000000000e+04
2.481400000000000000e+04
2.488800000000000000e+04
2.499500000000000000e+04
2.511600000000000000e+04
2.522500000000000000e+04
2.525300000000000000e+04
2.531100000000000000e+04
2.535100000000000000e+04
2.542100000000000000e+04
2.548600000000000000e+04
2.553900000000000000e+04
2.558600000000000000e+04
2.565200000000000000e+04
2.571400000000000000e+04
2.577300000000000000e+04
2.584600000000000000e+04
2.593400000000000000e+04
2.603300000000000000e+04
2.609900000000000000e+04
2.614100000000000000e+04
2.621500000000000000e+04
2.634400000000000000e+04
2.642400000000000000e+04
2.652900000000000000e+04
2.660100000000000000e+04
2.665800000000000000e+04
2.668800000000000000e+04
2.673000000000000000e+04
2.678000000000000000e+04
2.681700000000000000e+04
2.684300000000000000e+04
2.687800000000000000e+04
2.689200000000000000e+04
2.691800000000000000e+04
2.696300000000000000e+04
2.702300000000000000e+04
2.706400000000000000e+04
2.711900000000000000e+04
2.716200000000000000e+04
2.721100000000000000e+04
2.724500000000000000e+04
2.730700000000000000e+04
2.743400000000000000e+04
2.754800000000000000e+04
2.766000000000000000e+04
2.786200000000000000e+04
2.814600000000000000e+04
2.837300000000000000e+04
2.861400000000000000e+04
2.891200000000000000e+04
2.917500000000000000e+04
2.959700000000000000e+04
3.004800000000000000e+04
3.051700000000000000e+04
3.081300000000000000e+04
3.143500000000000000e+04
3.229600000000000000e+04
3.326000000000000000e+04
3.414300000000000000e+04
3.501800000000000000e+04
3.588600000000000000e+04
3.662700000000000000e+04
3.738400000000000000e+04
3.819800000000000000e+04
3.904700000000000000e+04
3.991400000000000000e+04
4.079800000000000000e+04
4.169600000000000000e+04
4.258500000000000000e+04
4.339600000000000000e+04
4.427900000000000000e+04
4.503900000000000000e+04
4.595000000000000000e+04
4.683700000000000000e+04
4.766700000000000000e+04
4.824400000000000000e+04
4.901600000000000000e+04
4.980800000000000000e+04
5.074200000000000000e+04
5.162500000000000000e+04
5.255200000000000000e+04
5.454900000000000000e+04
5.732200000000000000e+04
5.823500000000000000e+04
5.914100000000000000e+04
6.006600000000000000e+04
6.137500000000000000e+04
6.232800000000000000e+04
6.232800000000000000e+04
6.294600000000000000e+04
6.601800000000000000e+04
6.698700000000000000e+04
6.790200000000000000e+04
6.886700000000000000e+04
6.983800000000000000e+04
7.069800000000000000e+04
7.134600000000000000e+04
