0.000000000000000000e+00
0.000000000000000000e+00
0.000000000000000000e+00
0.000000000000000000e+00
0.000000000000000000e+00
0.000000000000000000e+00
0.000000000000000000e+00
0.000000000000000000e+00
0.000000000000000000e+00
0.000000000000000000e+00
0.000000000000000000e+00
0.000000000000000000e+00
0.000000000000000000e+00
0.000000000000000000e+00
0.000000000000000000e+00
0.000000000000000000e+00
0.000000000000000000e+00
0.000000000000000000e+00
0.000000000000000000e+00
0.000000000000000000e+00
0.000000000000000000e+00
0.000000000000000000e+00
0.000000000000000000e+00
0.000000000000000000e+00
0.000000000000000000e+00
0.000000000000000000e+00
0.000000000000000000e+00
0.000000000000000000e+00
0.000000000000000000e+00
0.000000000000000000e+00
0.000000000000000000e+00
0.000000000000000000e+00
0.000000000000000000e+00
0.000000000000000000e+00
2.000000000000000000e+00
2.000000000000000000e+00
3.000000000000000000e+00
3.000000000000000000e+00
9.000000000000000000e+00
1.400000000000000000e+01
1.800000000000000000e+01
2.100000000000000000e+01
2.900000000000000000e+01
4.100000000000000000e+01
5.500000000000000000e+01
7.900000000000000000e+01
1.040000000000000000e+02
1.310000000000000000e+02
1.820000000000000000e+02
2.460000000000000000e+02
3.020000000000000000e+02
5.040000000000000000e+02
6.550000000000000000e+02
8.600000000000000000e+02
1.018000000000000000e+03
1.332000000000000000e+03
1.646000000000000000e+03
2.013000000000000000e+03
2.388000000000000000e+03
2.814000000000000000e+03
3.582000000000000000e+03
4.474000000000000000e+03
5.283000000000000000e+03
5.588000000000000000e+03
6.909000000000000000e+03
7.657000000000000000e+03
8.271000000000000000e+03
8.788000000000000000e+03
9.618000000000000000e+03
1.018000000000000000e+04
1.071100000000000000e+04
1.112900000000000000e+04
1.152400000000000000e+04
1.178100000000000000e+04
1.205100000000000000e+04
1.229700000000000000e+04
1.263900000000000000e+04
1.294200000000000000e+04
1.324400000000000000e+04
1.355500000000000000e+04
1.380600000000000000e+04
1.394500000000000000e+04
1.404100000000000000e+04
1.422600000000000000e+04
1.433600000000000000e+04
1.447600000000000000e+04
1.459500000000000000e+04
1.467100000000000000e+04
1.474900000000000000e+04
1.479500000000000000e+04
1.487300000000000000e+04
1.492500000000000000e+04
1.500200000000000000e+04
1.507100000000000000e+04
1.514800000000000000e+04
1.522500000000000000e+04
1.527400000000000000e+04
1.535700000000000000e+04
1.540200000000000000e+04
1.545200000000000000e+04
1.553100000000000000e+04
1.555800000000000000e+04
1.559700000000000000e+04
1.562100000000000000e+04
1.565000000000000000e+04
1.568400000000000000e+04
1.575200000000000000e+04
1.577400000000000000e+04
1.583300000000000000e+04
1.587100000000000000e+04
1.588200000000000000e+04
1.596100000000000000e+04
1.599700000000000000e+04
1.605800000000000000e+04
1.610900000000000000e+04
1.620100000000000000e+04
1.624200000000000000e+04
1.626900000000000000e+04
1.632100000000000000e+04
1.635300000000000000e+04
1.640400000000000000e+04
1.643600000000000000e+04
1.648600000000000000e+04
1.650300000000000000e+04
1.653900000000000000e+04
1.655700000000000000e+04
1.659100000000000000e+04
1.662800000000000000e+04
1.665500000000000000e+04
1.668500000000000000e+04
1.673100000000000000e+04
1.673300000000000000e+04
1.675900000000000000e+04
1.677100000000000000e+04
1.680500000000000000e+04
1.684300000000000000e+04
1.689800000000000000e+04
1.690200000000000000e+04
1.696800000000000000e+04
1.697900000000000000e+04
1.700500000000000000e+04
1.703400000000000000e+04
1.706400000000000000e+04
1.707800000000000000e+04
1.710900000000000000e+04
1.713500000000000000e+04
1.718900000000000000e+04
1.720300000000000000e+04
1.722300000000000000e+04
1.727100000000000000e+04
1.732300000000000000e+04
1.734100000000000000e+04
1.738000000000000000e+04
1.740800000000000000e+04
1.744900000000000000e+04
1.747700000000000000e+04
1.752200000000000000e+04
1.758000000000000000e+04
1.765400000000000000e+04
1.772300000000000000e+04
1.776600000000000000e+04
1.787300000000000000e+04
1.794100000000000000e+04
1.805000000000000000e+04
1.816500000000000000e+04
1.828000000000000000e+04
1.836500000000000000e+04
1.842100000000000000e+04
1.851300000000000000e+04
1.861500000000000000e+04
1.870900000000000000e+04
1.878300000000000000e+04
1.889700000000000000e+04
1.894800000000000000e+04
1.902100000000000000e+04
1.915400000000000000e+04
1.927000000000000000e+04
1.943900000000000000e+04
1.957300000000000000e+04
1.965500000000000000e+04
1.974300000000000000e+04
1.982700000000000000e+04
1.992900000000000000e+04
2.009900000000000000e+04
2.021400000000000000e+04
2.033800000000000000e+04
2.047200000000000000e+04
2.055800000000000000e+04
2.067700000000000000e+04
2.085000000000000000e+04
2.095500000000000000e+04
2.113000000000000000e+04
2.121200000000000000e+04
2.130400000000000000e+04
2.138500000000000000e+04
2.148100000000000000e+04
2.156600000000000000e+04
2.169600000000000000e+04
2.183700000000000000e+04
2.191900000000000000e+04
2.203300000000000000e+04
2.210600000000000000e+04
2.224500000000000000e+04
2.243900000000000000e+04
2.259400000000000000e+04
2.287600000000000000e+04
2.317900000000000000e+04
2.337000000000000000e+04
2.353400000000000000e+04
2.382900000000000000e+04
2.408400000000000000e+04
2.443100000000000000e+04
2.476200000000000000e+04
2.506200000000000000e+04
2.525300000000000000e+04
2.549500000000000000e+04
2.570600000000000000e+04
2.603300000000000000e+04
2.636100000000000000e+04
2.659000000000000000e+04
2.698500000000000000e+04
2.716600000000000000e+04
2.743800000000000000e+04
2.764200000000000000e+04
2.796900000000000000e+04
2.837200000000000000e+04
2.872900000000000000e+04
2.908700000000000000e+04
2.927100000000000000e+04
2.956100000000000000e+04
3.008100000000000000e+04
3.058300000000000000e+04
3.124700000000000000e+04
3.182700000000000000e+04
3.269600000000000000e+04
3.315900000000000000e+04
3.354100000000000000e+04
3.430500000000000000e+04
3.507300000000000000e+04
3.585300000000000000e+04
3.666100000000000000e+04
3.747400000000000000e+04
3.809500000000000000e+04
3.865800000000000000e+04
3.930300000000000000e+04
3.998400000000000000e+04
4.081600000000000000e+04
4.150000000000000000e+04
4.221400000000000000e+04
4.287600000000000000e+04
4.343200000000000000e+04
4.404100000000000000e+04
4.481300000000000000e+04
4.568600000000000000e+04
4.637400000000000000e+04
4.743200000000000000e+04
4.814600000000000000e+04
4.889600000000000000e+04
4.981900000000000000e+04
5.084800000000000000e+04
5.205700000000000000e+04
5.318800000000000000e+04
5.442300000000000000e+04
5.531900000000000000e+04
5.629800000000000000e+04
5.732600000000000000e+04
5.867200000000000000e+04
6.022400000000000000e+04
6.138700000000000000e+04
6.313400000000000000e+04
6.480600000000000000e+04
6.592700000000000000e+04
6.745100000000000000e+04
6.940900000000000000e+04
7.184400000000000000e+04
7.441500000000000000e+04
7.802900000000000000e+04
8.081100000000000000e+04
8.326700000000000000e+04
8.610200000000000000e+04
8.949600000000000000e+04
9.394900000000000000e+04
9.957600000000000000e+04
1.049250000000000000e+05
1.098810000000000000e+05
1.140160000000000000e+05
1.181980000000000000e+05
1.250990000000000000e+05
1.325150000000000000e+05
1.389790000000000000e+05
1.472200000000000000e+05
1.531530000000000000e+05
1.587460000000000000e+05
1.648660000000000000e+05
1.723800000000000000e+05
1.816420000000000000e+05
1.912280000000000000e+05
1.982910000000000000e+05
2.039560000000000000e+05
2.086130000000000000e+05
2.145970000000000000e+05
2.216880000000000000e+05
2.286830000000000000e+05
2.353510000000000000e+05
2.419620000000000000e+05
2.471880000000000000e+05
2.503330000000000000e+05
2.547100000000000000e+05
2.605120000000000000e+05
2.660380000000000000e+05
2.709920000000000000e+05
2.756610000000000000e+05
2.797080000000000000e+05
2.824560000000000000e+05
2.854890000000000000e+05
2.894610000000000000e+05
2.934300000000000000e+05
2.972450000000000000e+05
3.006890000000000000e+05
3.034300000000000000e+05
3.056930000000000000e+05
3.080700000000000000e+05
3.110020000000000000e+05
3.136880000000000000e+05
3.165810000000000000e+05
3.198220000000000000e+05
3.224630000000000000e+05
3.250510000000000000e+05
3.276790000000000000e+05
3.303430000000000000e+05
3.328280000000000000e+05
3.349130000000000000e+05
3.372090000000000000e+05
3.388540000000000000e+05
3.403730000000000000e+05
3.422260000000000000e+05
3.443570000000000000e+05
3.472040000000000000e+05
3.490550000000000000e+05
3.504840000000000000e+05
3.518920000000000000e+05
3.534840000000000000e+05
3.553520000000000000e+05
3.579020000000000000e+05
3.608150000000000000e+05
3.629110000000000000e+05
3.643020000000000000e+05
3.657680000000000000e+05
3.674100000000000000e+05
3.697210000000000000e+05
3.721900000000000000e+05
3.747300000000000000e+05
3.767930000000000000e+05
3.790710000000000000e+05
3.807220000000000000e+05
3.822580000000000000e+05
3.838330000000000000e+05
3.857500000000000000e+05
3.892600000000000000e+05
3.907880000000000000e+05
3.925110000000000000e+05
3.937780000000000000e+05
3.949390000000000000e+05
3.964250000000000000e+05
3.980960000000000000e+05
3.997980000000000000e+05
4.018860000000000000e+05
4.035120000000000000e+05
4.047140000000000000e+05
4.057230000000000000e+05
4.071400000000000000e+05
4.087810000000000000e+05
4.102300000000000000e+05
4.117300000000000000e+05
4.132080000000000000e+05
4.143980000000000000e+05
4.155220000000000000e+05
4.167630000000000000e+05
4.182830000000000000e+05
4.198010000000000000e+05
4.211890000000000000e+05
4.225220000000000000e+05
4.238390000000000000e+05
4.248960000000000000e+05
4.260930000000000000e+05
4.275620000000000000e+05
4.291390000000000000e+05
4.308700000000000000e+05
4.323030000000000000e+05
4.334870000000000000e+05
4.347120000000000000e+05
4.361390000000000000e+05
4.378740000000000000e+05
4.398410000000000000e+05
4.416590000000000000e+05
4.435360000000000000e+05
4.453740000000000000e+05
4.466440000000000000e+05
4.483710000000000000e+05
4.503760000000000000e+05
4.527670000000000000e+05
4.548600000000000000e+05
4.573170000000000000e+05
4.594400000000000000e+05
4.608490000000000000e+05
4.627690000000000000e+05
4.653220000000000000e+05
4.676460000000000000e+05
4.703140000000000000e+05
4.728710000000000000e+05
4.750700000000000000e+05
4.769800000000000000e+05
4.793910000000000000e+05
4.819190000000000000e+05
4.849160000000000000e+05
4.880420000000000000e+05
4.910650000000000000e+05
4.935680000000000000e+05
4.954640000000000000e+05
4.978890000000000000e+05
5.012240000000000000e+05
5.045810000000000000e+05
5.080960000000000000e+05
5.114400000000000000e+05
5.141530000000000000e+05
5.165650000000000000e+05
5.199800000000000000e+05
5.232690000000000000e+05
5.263930000000000000e+05
5.302880000000000000e+05
5.337860000000000000e+05
5.364650000000000000e+05
5.395410000000000000e+05
5.425420000000000000e+05
5.462290000000000000e+05
5.495920000000000000e+05
5.527290000000000000e+05
5.560120000000000000e+05
5.587550000000000000e+05
5.609720000000000000e+05
5.629070000000000000e+05
5.660080000000000000e+05
5.689140000000000000e+05
5.716160000000000000e+05
5.747550000000000000e+05
5.770070000000000000e+05
5.789500000000000000e+05
5.812630000000000000e+05
5.842050000000000000e+05
5.868830000000000000e+05
5.892990000000000000e+05
5.913470000000000000e+05
5.934230000000000000e+05
5.955400000000000000e+05
5.975660000000000000e+05
6.000890000000000000e+05
6.024940000000000000e+05
6.048230000000000000e+05
6.069540000000000000e+05
6.089790000000000000e+05
6.105450000000000000e+05
6.121700000000000000e+05
6.145100000000000000e+05
6.167390000000000000e+05
6.188700000000000000e+05
6.204850000000000000e+05
6.221100000000000000e+05
6.232010000000000000e+05
6.245950000000000000e+05
6.262390000000000000e+05
6.274840000000000000e+05
6.288170000000000000e+05
6.300500000000000000e+05
6.310760000000000000e+05
6.318960000000000000e+05
6.327660000000000000e+05
6.339600000000000000e+05
6.348930000000000000e+05
6.357800000000000000e+05
6.364240000000000000e+05
6.370970000000000000e+05
6.375730000000000000e+05
6.381550000000000000e+05
6.390540000000000000e+05
6.396160000000000000e+05
6.402930000000000000e+05
6.408760000000000000e+05
6.413800000000000000e+05
6.417400000000000000e+05
6.421380000000000000e+05
6.425830000000000000e+05
6.431680000000000000e+05
6.437090000000000000e+05
6.442070000000000000e+05
6.445860000000000000e+05
6.448150000000000000e+05
6.451520000000000000e+05
6.455520000000000000e+05
6.458340000000000000e+05
6.461670000000000000e+05
6.464380000000000000e+05
6.468000000000000000e+05
6.470790000000000000e+05
6.473220000000000000e+05
6.476880000000000000e+05
6.479710000000000000e+05
6.481870000000000000e+05
6.483870000000000000e+05
6.486200000000000000e+05
6.487320000000000000e+05
6.488490000000000000e+05
6.490020000000000000e+05
6.491810000000000000e+05
6.493090000000000000e+05
6.494450000000000000e+05
6.495760000000000000e+05
6.496700000000000000e+05
6.497280000000000000e+05
6.498450000000000000e+05
6.499220000000000000e+05
6.500160000000000000e+05
6.501920000000000000e+05
6.502610000000000000e+05
6.503240000000000000e+05
6.503530000000000000e+05
6.504120000000000000e+05
6.504740000000000000e+05
6.505690000000000000e+05
6.506620000000000000e+05
6.507370000000000000e+05
6.508170000000000000e+05
6.509010000000000000e+05
6.510080000000000000e+05
6.511280000000000000e+05
6.512910000000000000e+05
6.514530000000000000e+05
6.516120000000000000e+05
6.518040000000000000e+05
6.520220000000000000e+05
6.523540000000000000e+05
6.526600000000000000e+05
6.530010000000000000e+05
6.534120000000000000e+05
6.537350000000000000e+05
6.539980000000000000e+05
6.543140000000000000e+05
6.547450000000000000e+05
6.551970000000000000e+05
6.555890000000000000e+05
6.559380000000000000e+05
6.562700000000000000e+05
6.565820000000000000e+05
6.569490000000000000e+05
6.575010000000000000e+05
6.580040000000000000e+05
6.585180000000000000e+05
6.590560000000000000e+05
6.595080000000000000e+05
