0.000000000000000000e+00
0.000000000000000000e+00
0.000000000000000000e+00
0.000000000000000000e+00
0.000000000000000000e+00
0.000000000000000000e+00
0.000000000000000000e+00
0.000000000000000000e+00
0.000000000000000000e+00
0.000000000000000000e+00
0.000000000000000000e+00
0.000000000000000000e+00
0.000000000000000000e+00
0.000000000000000000e+00
0.000000000000000000e+00
0.000000000000000000e+00
0.000000000000000000e+00
0.000000000000000000e+00
0.000000000000000000e+00
0.000000000000000000e+00
0.000000000000000000e+00
0.000000000000000000e+00
0.000000000000000000e+00
0.000000000000000000e+00
0.000000000000000000e+00
0.000000000000000000e+00
0.000000000000000000e+00
0.000000000000000000e+00
0.000000000000000000e+00
0.000000000000000000e+00
0.000000000000000000e+00
0.000000000000000000e+00
0.000000000000000000e+00
0.000000000000000000e+00
2.000000000000000000e+00
0.000000000000000000e+00
1.000000000000000000e+00
0.000000000000000000e+00
6.000000000000000000e+00
5.000000000000000000e+00
4.000000000000000000e+00
3.000000000000000000e+00
8.000000000000000000e+00
1.200000000000000000e+01
1.400000000000000000e+01
2.400000000000000000e+01
2.500000000000000000e+01
2.700000000000000000e+01
5.100000000000000000e+01
6.400000000000000000e+01
5.600000000000000000e+01
2.020000000000000000e+02
1.510000000000000000e+02
2.050000000000000000e+02
1.580000000000000000e+02
3.140000000000000000e+02
3.140000000000000000e+02
3.670000000000000000e+02
3.750000000000000000e+02
4.260000000000000000e+02
7.680000000000000000e+02
8.920000000000000000e+02
8.090000000000000000e+02
3.050000000000000000e+02
1.321000000000000000e+03
7.480000000000000000e+02
6.140000000000000000e+02
5.170000000000000000e+02
8.300000000000000000e+02
5.620000000000000000e+02
5.310000000000000000e+02
4.180000000000000000e+02
3.950000000000000000e+02
2.570000000000000000e+02
2.700000000000000000e+02
2.460000000000000000e+02
3.420000000000000000e+02
3.030000000000000000e+02
3.020000000000000000e+02
3.110000000000000000e+02
2.510000000000000000e+02
1.390000000000000000e+02
9.600000000000000000e+01
1.850000000000000000e+02
1.100000000000000000e+02
1.400000000000000000e+02
1.190000000000000000e+02
7.600000000000000000e+01
7.800000000000000000e+01
4.600000000000000000e+01
7.800000000000000000e+01
5.200000000000000000e+01
7.700000000000000000e+01
6.900000000000000000e+01
7.700000000000000000e+01
7.700000000000000000e+01
4.900000000000000000e+01
8.300000000000000000e+01
4.500000000000000000e+01
5.000000000000000000e+01
7.900000000000000000e+01
2.700000000000000000e+01
3.900000000000000000e+01
2.400000000000000000e+01
2.900000000000000000e+01
3.400000000000000000e+01
6.800000000000000000e+01
2.200000000000000000e+01
5.900000000000000000e+01
3.800000000000000000e+01
1.100000000000000000e+01
7.900000000000000000e+01
3.600000000000000000e+01
6.100000000000000000e+01
5.100000000000000000e+01
9.200000000000000000e+01
4.100000000000000000e+01
2.700000000000000000e+01
5.200000000000000000e+01
3.200000000000000000e+01
5.100000000000000000e+01
3.200000000000000000e+01
5.000000000000000000e+01
1.700000000000000000e+01
3.600000000000000000e+01
1.800000000000000000e+01
3.400000000000000000e+01
3.700000000000000000e+01
2.700000000000000000e+01
3.000000000000000000e+01
4.600000000000000000e+01
2.000000000000000000e+00
2.600000000000000000e+01
1.200000000000000000e+01
3.400000000000000000e+01
3.800000000000000000e+01
5.500000000000000000e+01
4.000000000000000000e+00
6.600000000000000000e+01
1.100000000000000000e+01
2.600000000000000000e+01
2.900000000000000000e+01
3.000000000000000000e+01
1.400000000000000000e+01
3.100000000000000000e+01
2.600000000000000000e+01
5.400000000000000000e+01
1.400000000000000000e+01
2.000000000000000000e+01
4.800000000000000000e+01
5.200000000000000000e+01
1.800000000000000000e+01
3.900000000000000000e+01
2.800000000000000000e+01
4.100000000000000000e+01
2.800000000000000000e+01
4.500000000000000000e+01
5.800000000000000000e+01
7.400000000000000000e+01
6.900000000000000000e+01
4.300000000000000000e+01
1.070000000000000000e+02
6.800000000000000000e+01
1.090000000000000000e+02
1.150000000000000000e+02
1.150000000000000000e+02
8.500000000000000000e+01
5.600000000000000000e+01
9.200000000000000000e+01
1.020000000000000000e+02
9.400000000000000000e+01
7.400000000000000000e+01
1.140000000000000000e+02
5.100000000000000000e+01
7.300000000000000000e+01
1.330000000000000000e+02
1.160000000000000000e+02
1.690000000000000000e+02
1.340000000000000000e+02
8.200000000000000000e+01
8.800000000000000000e+01
8.400000000000000000e+01
1.020000000000000000e+02
1.700000000000000000e+02
1.150000000000000000e+02
1.240000000000000000e+02
1.340000000000000000e+02
8.600000000000000000e+01
1.190000000000000000e+02
1.730000000000000000e+02
1.050000000000000000e+02
1.750000000000000000e+02
8.200000000000000000e+01
9.200000000000000000e+01
8.100000000000000000e+01
9.600000000000000000e+01
8.500000000000000000e+01
1.300000000000000000e+02
1.410000000000000000e+02
8.200000000000000000e+01
1.140000000000000000e+02
7.300000000000000000e+01
1.390000000000000000e+02
1.940000000000000000e+02
1.550000000000000000e+02
2.820000000000000000e+02
3.030000000000000000e+02
1.910000000000000000e+02
1.640000000000000000e+02
2.950000000000000000e+02
2.550000000000000000e+02
3.470000000000000000e+02
3.310000000000000000e+02
3.000000000000000000e+02
1.910000000000000000e+02
2.420000000000000000e+02
2.110000000000000000e+02
3.270000000000000000e+02
3.280000000000000000e+02
2.290000000000000000e+02
3.950000000000000000e+02
1.810000000000000000e+02
2.720000000000000000e+02
2.040000000000000000e+02
3.270000000000000000e+02
4.030000000000000000e+02
3.570000000000000000e+02
3.580000000000000000e+02
1.840000000000000000e+02
2.900000000000000000e+02
5.200000000000000000e+02
5.020000000000000000e+02
6.640000000000000000e+02
5.800000000000000000e+02
8.690000000000000000e+02
4.630000000000000000e+02
3.820000000000000000e+02
7.640000000000000000e+02
7.680000000000000000e+02
7.800000000000000000e+02
8.080000000000000000e+02
8.130000000000000000e+02
6.210000000000000000e+02
5.630000000000000000e+02
6.450000000000000000e+02
6.810000000000000000e+02
8.320000000000000000e+02
6.840000000000000000e+02
7.140000000000000000e+02
6.620000000000000000e+02
5.560000000000000000e+02
6.090000000000000000e+02
7.720000000000000000e+02
8.730000000000000000e+02
6.880000000000000000e+02
1.058000000000000000e+03
7.140000000000000000e+02
7.500000000000000000e+02
9.230000000000000000e+02
1.029000000000000000e+03
1.209000000000000000e+03
1.131000000000000000e+03
1.235000000000000000e+03
8.960000000000000000e+02
9.790000000000000000e+02
1.028000000000000000e+03
1.346000000000000000e+03
1.552000000000000000e+03
1.163000000000000000e+03
1.747000000000000000e+03
1.672000000000000000e+03
1.121000000000000000e+03
1.524000000000000000e+03
1.958000000000000000e+03
2.435000000000000000e+03
2.571000000000000000e+03
3.614000000000000000e+03
2.782000000000000000e+03
2.456000000000000000e+03
2.835000000000000000e+03
3.394000000000000000e+03
4.453000000000000000e+03
5.627000000000000000e+03
5.349000000000000000e+03
4.956000000000000000e+03
4.135000000000000000e+03
4.182000000000000000e+03
6.901000000000000000e+03
7.416000000000000000e+03
6.464000000000000000e+03
8.241000000000000000e+03
5.933000000000000000e+03
5.593000000000000000e+03
6.120000000000000000e+03
7.514000000000000000e+03
9.262000000000000000e+03
9.586000000000000000e+03
7.063000000000000000e+03
5.665000000000000000e+03
4.657000000000000000e+03
5.984000000000000000e+03
7.091000000000000000e+03
6.995000000000000000e+03
6.668000000000000000e+03
6.611000000000000000e+03
5.226000000000000000e+03
3.145000000000000000e+03
4.377000000000000000e+03
5.802000000000000000e+03
5.526000000000000000e+03
4.954000000000000000e+03
4.669000000000000000e+03
4.047000000000000000e+03
2.748000000000000000e+03
3.033000000000000000e+03
3.972000000000000000e+03
3.969000000000000000e+03
3.815000000000000000e+03
3.444000000000000000e+03
2.741000000000000000e+03
2.263000000000000000e+03
2.377000000000000000e+03
2.932000000000000000e+03
2.686000000000000000e+03
2.893000000000000000e+03
3.241000000000000000e+03
2.641000000000000000e+03
2.588000000000000000e+03
2.628000000000000000e+03
2.664000000000000000e+03
2.485000000000000000e+03
2.085000000000000000e+03
2.296000000000000000e+03
1.645000000000000000e+03
1.519000000000000000e+03
1.853000000000000000e+03
2.131000000000000000e+03
2.847000000000000000e+03
1.851000000000000000e+03
1.429000000000000000e+03
1.408000000000000000e+03
1.592000000000000000e+03
1.868000000000000000e+03
2.550000000000000000e+03
2.913000000000000000e+03
2.096000000000000000e+03
1.391000000000000000e+03
1.466000000000000000e+03
1.642000000000000000e+03
2.311000000000000000e+03
2.469000000000000000e+03
2.540000000000000000e+03
2.063000000000000000e+03
2.278000000000000000e+03
1.651000000000000000e+03
1.536000000000000000e+03
1.575000000000000000e+03
1.917000000000000000e+03
3.510000000000000000e+03
1.528000000000000000e+03
1.723000000000000000e+03
1.267000000000000000e+03
1.161000000000000000e+03
1.486000000000000000e+03
1.671000000000000000e+03
1.702000000000000000e+03
2.088000000000000000e+03
1.626000000000000000e+03
1.202000000000000000e+03
1.009000000000000000e+03
1.417000000000000000e+03
1.641000000000000000e+03
1.449000000000000000e+03
1.500000000000000000e+03
1.478000000000000000e+03
1.190000000000000000e+03
1.124000000000000000e+03
1.241000000000000000e+03
1.520000000000000000e+03
1.518000000000000000e+03
1.388000000000000000e+03
1.333000000000000000e+03
1.317000000000000000e+03
1.057000000000000000e+03
1.197000000000000000e+03
1.469000000000000000e+03
1.577000000000000000e+03
1.731000000000000000e+03
1.433000000000000000e+03
1.184000000000000000e+03
1.225000000000000000e+03
1.427000000000000000e+03
1.735000000000000000e+03
1.967000000000000000e+03
1.818000000000000000e+03
1.877000000000000000e+03
1.838000000000000000e+03
1.270000000000000000e+03
1.727000000000000000e+03
2.005000000000000000e+03
2.391000000000000000e+03
2.093000000000000000e+03
2.457000000000000000e+03
2.123000000000000000e+03
1.409000000000000000e+03
1.920000000000000000e+03
2.553000000000000000e+03
2.324000000000000000e+03
2.668000000000000000e+03
2.557000000000000000e+03
2.199000000000000000e+03
1.910000000000000000e+03
2.411000000000000000e+03
2.528000000000000000e+03
2.997000000000000000e+03
3.126000000000000000e+03
3.023000000000000000e+03
2.503000000000000000e+03
1.896000000000000000e+03
2.425000000000000000e+03
3.335000000000000000e+03
3.357000000000000000e+03
3.515000000000000000e+03
3.344000000000000000e+03
2.713000000000000000e+03
2.412000000000000000e+03
3.415000000000000000e+03
3.289000000000000000e+03
3.124000000000000000e+03
3.895000000000000000e+03
3.498000000000000000e+03
2.679000000000000000e+03
3.076000000000000000e+03
3.001000000000000000e+03
3.687000000000000000e+03
3.363000000000000000e+03
3.137000000000000000e+03
3.283000000000000000e+03
2.743000000000000000e+03
2.217000000000000000e+03
1.935000000000000000e+03
3.101000000000000000e+03
2.906000000000000000e+03
2.702000000000000000e+03
3.139000000000000000e+03
2.252000000000000000e+03
1.943000000000000000e+03
2.313000000000000000e+03
2.942000000000000000e+03
2.678000000000000000e+03
2.416000000000000000e+03
2.048000000000000000e+03
2.076000000000000000e+03
2.117000000000000000e+03
2.026000000000000000e+03
2.523000000000000000e+03
2.405000000000000000e+03
2.329000000000000000e+03
2.131000000000000000e+03
2.025000000000000000e+03
1.566000000000000000e+03
1.625000000000000000e+03
2.340000000000000000e+03
2.229000000000000000e+03
2.131000000000000000e+03
1.615000000000000000e+03
1.625000000000000000e+03
1.091000000000000000e+03
1.394000000000000000e+03
1.644000000000000000e+03
1.245000000000000000e+03
1.333000000000000000e+03
1.233000000000000000e+03
1.026000000000000000e+03
8.200000000000000000e+02
8.700000000000000000e+02
1.194000000000000000e+03
9.330000000000000000e+02
8.870000000000000000e+02
6.440000000000000000e+02
6.730000000000000000e+02
4.760000000000000000e+02
5.820000000000000000e+02
8.990000000000000000e+02
5.620000000000000000e+02
6.770000000000000000e+02
5.830000000000000000e+02
5.040000000000000000e+02
3.600000000000000000e+02
3.980000000000000000e+02
4.450000000000000000e+02
5.850000000000000000e+02
5.410000000000000000e+02
4.980000000000000000e+02
3.790000000000000000e+02
2.290000000000000000e+02
3.370000000000000000e+02
4.000000000000000000e+02
2.820000000000000000e+02
3.330000000000000000e+02
2.710000000000000000e+02
3.620000000000000000e+02
2.790000000000000000e+02
2.430000000000000000e+02
3.660000000000000000e+02
2.830000000000000000e+02
2.160000000000000000e+02
2.000000000000000000e+02
2.330000000000000000e+02
1.120000000000000000e+02
1.170000000000000000e+02
1.530000000000000000e+02
1.790000000000000000e+02
1.280000000000000000e+02
1.360000000000000000e+02
1.310000000000000000e+02
9.400000000000000000e+01
5.800000000000000000e+01
1.170000000000000000e+02
7.700000000000000000e+01
9.400000000000000000e+01
1.760000000000000000e+02
6.900000000000000000e+01
6.300000000000000000e+01
2.900000000000000000e+01
5.900000000000000000e+01
6.200000000000000000e+01
9.500000000000000000e+01
9.300000000000000000e+01
7.500000000000000000e+01
8.000000000000000000e+01
8.400000000000000000e+01
1.070000000000000000e+02
1.200000000000000000e+02
1.630000000000000000e+02
1.620000000000000000e+02
1.590000000000000000e+02
1.920000000000000000e+02
2.180000000000000000e+02
3.320000000000000000e+02
3.060000000000000000e+02
3.410000000000000000e+02
4.110000000000000000e+02
3.230000000000000000e+02
2.630000000000000000e+02
3.160000000000000000e+02
4.310000000000000000e+02
4.520000000000000000e+02
3.920000000000000000e+02
3.490000000000000000e+02
3.320000000000000000e+02
3.120000000000000000e+02
3.670000000000000000e+02
5.520000000000000000e+02
5.030000000000000000e+02
5.140000000000000000e+02
5.380000000000000000e+02
4.520000000000000000e+02
