0.000000000000000000e+00
0.000000000000000000e+00
0.000000000000000000e+00
0.000000000000000000e+00
0.000000000000000000e+00
0.000000000000000000e+00
0.000000000000000000e+00
0.000000000000000000e+00
0.000000000000000000e+00
0.000000000000000000e+00
0.000000000000000000e+00
0.000000000000000000e+00
0.000000000000000000e+00
0.000000000000000000e+00
0.000000000000000000e+00
0.000000000000000000e+00
0.000000000000000000e+00
0.000000000000000000e+00
0.000000000000000000e+00
0.000000000000000000e+00
0.000000000000000000e+00
0.000000000000000000e+00
0.000000000000000000e+00
0.000000000000000000e+00
0.000000000000000000e+00
0.000000000000000000e+00
0.000000000000000000e+00
0.000000000000000000e+00
0.000000000000000000e+00
0.000000000000000000e+00
0.000000000000000000e+00
0.000000000000000000e+00
0.000000000000000000e+00
0.000000000000000000e+00
0.000000000000000000e+00
0.000000000000000000e+00
0.000000000000000000e+00
0.000000000000000000e+00
0.000000000000000000e+00
0.000000000000000000e+00
0.000000000000000000e+00
0.000000000000000000e+00
0.000000000000000000e+00
0.000000000000000000e+00
0.000000000000000000e+00
0.000000000000000000e+00
0.000000000000000000e+00
0.000000000000000000e+00
0.000000000000000000e+00
0.000000000000000000e+00
0.000000000000000000e+00
0.000000000000000000e+00
1.000000000000000000e+00
1.000000000000000000e+00
1.000000000000000000e+00
1.000000000000000000e+00
1.000000000000000000e+00
1.000000000000000000e+00
1.000000000000000000e+00
1.000000000000000000e+00
1.000000000000000000e+00
1.000000000000000000e+00
1.000000000000000000e+00
1.000000000000000000e+00
1.000000000000000000e+00
1.000000000000000000e+00
1.000000000000000000e+00
1.000000000000000000e+00
1.000000000000000000e+00
1.000000000000000000e+00
1.000000000000000000e+00
2.000000000000000000e+00
3.000000000000000000e+00
7.000000000000000000e+00
7.000000000000000000e+00
7.000000000000000000e+00
8.000000000000000000e+00
8.000000000000000000e+00
1.200000000000000000e+01
1.200000000000000000e+01
1.200000000000000000e+01
1.200000000000000000e+01
1.200000000000000000e+01
1.200000000000000000e+01
1.200000000000000000e+01
1.200000000000000000e+01
1.200000000000000000e+01
1.200000000000000000e+01
1.200000000000000000e+01
1.200000000000000000e+01
1.200000000000000000e+01
1.300000000000000000e+01
1.300000000000000000e+01
1.400000000000000000e+01
1.400000000000000000e+01
1.400000000000000000e+01
1.500000000000000000e+01
1.500000000000000000e+01
1.600000000000000000e+01
1.600000000000000000e+01
1.600000000000000000e+01
1.600000000000000000e+01
1.600000000000000000e+01
1.700000000000000000e+01
1.700000000000000000e+01
1.700000000000000000e+01
1.700000000000000000e+01
1.700000000000000000e+01
1.700000000000000000e+01
1.700000000000000000e+01
1.700000000000000000e+01
1.700000000000000000e+01
1.700000000000000000e+01
1.700000000000000000e+01
1.700000000000000000e+01
1.700000000000000000e+01
1.700000000000000000e+01
1.700000000000000000e+01
1.700000000000000000e+01
1.800000000000000000e+01
1.800000000000000000e+01
1.800000000000000000e+01
1.800000000000000000e+01
1.800000000000000000e+01
1.800000000000000000e+01
1.800000000000000000e+01
1.800000000000000000e+01
2.500000000000000000e+01
2.600000000000000000e+01
2.600000000000000000e+01
2.600000000000000000e+01
2.600000000000000000e+01
2.600000000000000000e+01
2.600000000000000000e+01
2.600000000000000000e+01
2.600000000000000000e+01
2.600000000000000000e+01
2.700000000000000000e+01
2.700000000000000000e+01
2.700000000000000000e+01
2.700000000000000000e+01
2.700000000000000000e+01
2.700000000000000000e+01
2.700000000000000000e+01
2.700000000000000000e+01
2.700000000000000000e+01
2.900000000000000000e+01
2.900000000000000000e+01
2.900000000000000000e+01
2.900000000000000000e+01
2.900000000000000000e+01
2.900000000000000000e+01
2.900000000000000000e+01
2.900000000000000000e+01
2.900000000000000000e+01
2.900000000000000000e+01
2.900000000000000000e+01
2.900000000000000000e+01
2.900000000000000000e+01
2.900000000000000000e+01
2.900000000000000000e+01
2.900000000000000000e+01
2.900000000000000000e+01
2.900000000000000000e+01
2.900000000000000000e+01
2.900000000000000000e+01
2.900000000000000000e+01
2.900000000000000000e+01
2.900000000000000000e+01
2.900000000000000000e+01
2.900000000000000000e+01
2.900000000000000000e+01
3.500000000000000000e+01
3.500000000000000000e+01
3.500000000000000000e+01
3.500000000000000000e+01
3.500000000000000000e+01
3.500000000000000000e+01
3.800000000000000000e+01
4.400000000000000000e+01
5.000000000000000000e+01
5.000000000000000000e+01
5.200000000000000000e+01
5.200000000000000000e+01
5.200000000000000000e+01
5.200000000000000000e+01
5.200000000000000000e+01
5.200000000000000000e+01
5.200000000000000000e+01
5.200000000000000000e+01
5.200000000000000000e+01
5.400000000000000000e+01
5.400000000000000000e+01
5.500000000000000000e+01
5.500000000000000000e+01
5.500000000000000000e+01
5.600000000000000000e+01
5.600000000000000000e+01
5.600000000000000000e+01
5.600000000000000000e+01
5.700000000000000000e+01
5.700000000000000000e+01
5.700000000000000000e+01
5.700000000000000000e+01
5.700000000000000000e+01
5.700000000000000000e+01
5.700000000000000000e+01
5.700000000000000000e+01
5.800000000000000000e+01
5.800000000000000000e+01
5.800000000000000000e+01
5.800000000000000000e+01
5.800000000000000000e+01
5.800000000000000000e+01
5.800000000000000000e+01
5.800000000000000000e+01
5.800000000000000000e+01
5.800000000000000000e+01
6.000000000000000000e+01
6.000000000000000000e+01
6.000000000000000000e+01
6.000000000000000000e+01
6.000000000000000000e+01
6.100000000000000000e+01
6.100000000000000000e+01
6.100000000000000000e+01
6.100000000000000000e+01
6.100000000000000000e+01
6.100000000000000000e+01
6.200000000000000000e+01
6.200000000000000000e+01
6.200000000000000000e+01
6.200000000000000000e+01
6.400000000000000000e+01
6.400000000000000000e+01
6.400000000000000000e+01
6.400000000000000000e+01
6.400000000000000000e+01
6.400000000000000000e+01
6.400000000000000000e+01
6.400000000000000000e+01
6.400000000000000000e+01
6.400000000000000000e+01
6.400000000000000000e+01
6.400000000000000000e+01
6.400000000000000000e+01
6.400000000000000000e+01
6.400000000000000000e+01
6.400000000000000000e+01
6.400000000000000000e+01
6.400000000000000000e+01
6.400000000000000000e+01
6.400000000000000000e+01
6.400000000000000000e+01
6.400000000000000000e+01
6.400000000000000000e+01
6.400000000000000000e+01
6.400000000000000000e+01
6.400000000000000000e+01
6.400000000000000000e+01
6.400000000000000000e+01
6.400000000000000000e+01
6.400000000000000000e+01
6.400000000000000000e+01
6.400000000000000000e+01
6.400000000000000000e+01
6.400000000000000000e+01
6.400000000000000000e+01
6.500000000000000000e+01
6.700000000000000000e+01
6.700000000000000000e+01
6.700000000000000000e+01
6.800000000000000000e+01
6.800000000000000000e+01
6.800000000000000000e+01
7.300000000000000000e+01
7.300000000000000000e+01
7.300000000000000000e+01
7.300000000000000000e+01
7.400000000000000000e+01
7.400000000000000000e+01
7.400000000000000000e+01
7.400000000000000000e+01
7.400000000000000000e+01
7.500000000000000000e+01
7.500000000000000000e+01
7.500000000000000000e+01
7.500000000000000000e+01
7.600000000000000000e+01
7.600000000000000000e+01
7.600000000000000000e+01
7.600000000000000000e+01
7.600000000000000000e+01
7.600000000000000000e+01
7.700000000000000000e+01
7.700000000000000000e+01
7.800000000000000000e+01
7.800000000000000000e+01
7.800000000000000000e+01
7.800000000000000000e+01
8.300000000000000000e+01
8.300000000000000000e+01
8.400000000000000000e+01
8.400000000000000000e+01
8.400000000000000000e+01
8.400000000000000000e+01
8.400000000000000000e+01
8.400000000000000000e+01
8.400000000000000000e+01
8.400000000000000000e+01
8.500000000000000000e+01
8.500000000000000000e+01
8.500000000000000000e+01
8.500000000000000000e+01
8.500000000000000000e+01
8.500000000000000000e+01
8.700000000000000000e+01
8.700000000000000000e+01
8.700000000000000000e+01
8.700000000000000000e+01
8.700000000000000000e+01
8.700000000000000000e+01
9.000000000000000000e+01
9.100000000000000000e+01
9.400000000000000000e+01
9.400000000000000000e+01
9.800000000000000000e+01
9.800000000000000000e+01
9.800000000000000000e+01
1.000000000000000000e+02
1.000000000000000000e+02
1.000000000000000000e+02
1.000000000000000000e+02
1.040000000000000000e+02
1.040000000000000000e+02
1.070000000000000000e+02
1.080000000000000000e+02
1.080000000000000000e+02
1.080000000000000000e+02
1.090000000000000000e+02
1.090000000000000000e+02
1.090000000000000000e+02
1.130000000000000000e+02
1.150000000000000000e+02
1.210000000000000000e+02
1.210000000000000000e+02
1.220000000000000000e+02
1.240000000000000000e+02
1.240000000000000000e+02
1.330000000000000000e+02
1.490000000000000000e+02
1.490000000000000000e+02
1.490000000000000000e+02
2.250000000000000000e+02
2.490000000000000000e+02
2.490000000000000000e+02
2.840000000000000000e+02
2.840000000000000000e+02
3.400000000000000000e+02
4.500000000000000000e+02
4.500000000000000000e+02
4.780000000000000000e+02
4.940000000000000000e+02
6.020000000000000000e+02
6.020000000000000000e+02
6.900000000000000000e+02
6.900000000000000000e+02
7.200000000000000000e+02
7.380000000000000000e+02
7.460000000000000000e+02
7.460000000000000000e+02
8.270000000000000000e+02
8.270000000000000000e+02
8.960000000000000000e+02
8.960000000000000000e+02
9.010000000000000000e+02
9.010000000000000000e+02
1.059000000000000000e+03
1.059000000000000000e+03
1.067000000000000000e+03
1.170000000000000000e+03
1.202000000000000000e+03
1.269000000000000000e+03
1.283000000000000000e+03
1.283000000000000000e+03
1.340000000000000000e+03
1.370000000000000000e+03
1.370000000000000000e+03
1.418000000000000000e+03
1.418000000000000000e+03
1.453000000000000000e+03
1.457000000000000000e+03
1.462000000000000000e+03
1.462000000000000000e+03
1.494000000000000000e+03
1.498000000000000000e+03
1.503000000000000000e+03
1.503000000000000000e+03
1.511000000000000000e+03
1.519000000000000000e+03
1.519000000000000000e+03
1.519000000000000000e+03
1.556000000000000000e+03
1.556000000000000000e+03
1.628000000000000000e+03
1.628000000000000000e+03
1.645000000000000000e+03
1.645000000000000000e+03
1.645000000000000000e+03
1.645000000000000000e+03
1.663000000000000000e+03
1.663000000000000000e+03
1.663000000000000000e+03
1.670000000000000000e+03
1.674000000000000000e+03
1.674000000000000000e+03
1.680000000000000000e+03
1.680000000000000000e+03
1.680000000000000000e+03
1.681000000000000000e+03
1.681000000000000000e+03
1.684000000000000000e+03
1.692000000000000000e+03
1.696000000000000000e+03
1.696000000000000000e+03
1.696000000000000000e+03
1.696000000000000000e+03
1.703000000000000000e+03
1.715000000000000000e+03
1.721000000000000000e+03
1.723000000000000000e+03
1.738000000000000000e+03
1.739000000000000000e+03
1.739000000000000000e+03
1.748000000000000000e+03
1.750000000000000000e+03
1.754000000000000000e+03
1.755000000000000000e+03
1.758000000000000000e+03
1.764000000000000000e+03
1.765000000000000000e+03
1.766000000000000000e+03
1.774000000000000000e+03
1.789000000000000000e+03
1.790000000000000000e+03
1.792000000000000000e+03
1.806000000000000000e+03
1.806000000000000000e+03
1.812000000000000000e+03
1.818000000000000000e+03
1.819000000000000000e+03
1.819000000000000000e+03
1.819000000000000000e+03
1.819000000000000000e+03
1.819000000000000000e+03
1.827000000000000000e+03
1.827000000000000000e+03
1.827000000000000000e+03
1.830000000000000000e+03
1.830000000000000000e+03
1.839000000000000000e+03
1.844000000000000000e+03
1.850000000000000000e+03
1.855000000000000000e+03
1.864000000000000000e+03
1.864000000000000000e+03
1.882000000000000000e+03
1.882000000000000000e+03
1.882000000000000000e+03
1.882000000000000000e+03
1.889000000000000000e+03
1.895000000000000000e+03
1.912000000000000000e+03
1.912000000000000000e+03
1.922000000000000000e+03
1.922000000000000000e+03
1.926000000000000000e+03
1.928000000000000000e+03
1.932000000000000000e+03
1.932000000000000000e+03
1.937000000000000000e+03
1.937000000000000000e+03
1.940000000000000000e+03
1.949000000000000000e+03
1.954000000000000000e+03
1.962000000000000000e+03
1.973000000000000000e+03
1.973000000000000000e+03
1.978000000000000000e+03
1.989000000000000000e+03
2.006000000000000000e+03
2.006000000000000000e+03
2.014000000000000000e+03
2.027000000000000000e+03
2.027000000000000000e+03
2.035000000000000000e+03
2.044000000000000000e+03
2.044000000000000000e+03
2.044000000000000000e+03
2.065000000000000000e+03
2.068000000000000000e+03
2.076000000000000000e+03
2.076000000000000000e+03
2.092000000000000000e+03
2.092000000000000000e+03
2.132000000000000000e+03
2.132000000000000000e+03
2.147000000000000000e+03
2.156000000000000000e+03
2.156000000000000000e+03
2.158000000000000000e+03
2.172000000000000000e+03
2.178000000000000000e+03
2.183000000000000000e+03
2.192000000000000000e+03
2.195000000000000000e+03
2.196000000000000000e+03
2.207000000000000000e+03
2.207000000000000000e+03
2.216000000000000000e+03
2.216000000000000000e+03
2.218000000000000000e+03
2.219000000000000000e+03
2.219000000000000000e+03
2.225000000000000000e+03
2.225000000000000000e+03
2.227000000000000000e+03
2.229000000000000000e+03
2.229000000000000000e+03
2.233000000000000000e+03
2.238000000000000000e+03
2.240000000000000000e+03
2.240000000000000000e+03
2.240000000000000000e+03
2.241000000000000000e+03
2.241000000000000000e+03
2.242000000000000000e+03
2.245000000000000000e+03
2.245000000000000000e+03
2.249000000000000000e+03
2.258000000000000000e+03
2.258000000000000000e+03
2.260000000000000000e+03
2.260000000000000000e+03
2.263000000000000000e+03
2.263000000000000000e+03
2.266000000000000000e+03
2.271000000000000000e+03
2.271000000000000000e+03
2.271000000000000000e+03
2.271000000000000000e+03
2.271000000000000000e+03
2.280000000000000000e+03
2.288000000000000000e+03
2.288000000000000000e+03
2.291000000000000000e+03
2.291000000000000000e+03
2.291000000000000000e+03
