0.000000000000000000e+00
0.000000000000000000e+00
0.000000000000000000e+00
0.000000000000000000e+00
0.000000000000000000e+00
0.000000000000000000e+00
0.000000000000000000e+00
0.000000000000000000e+00
0.000000000000000000e+00
0.000000000000000000e+00
0.000000000000000000e+00
0.000000000000000000e+00
0.000000000000000000e+00
0.000000000000000000e+00
0.000000000000000000e+00
0.000000000000000000e+00
0.000000000000000000e+00
0.000000000000000000e+00
0.000000000000000000e+00
0.000000000000000000e+00
0.000000000000000000e+00
0.000000000000000000e+00
0.000000000000000000e+00
0.000000000000000000e+00
0.000000000000000000e+00
0.000000000000000000e+00
0.000000000000000000e+00
0.000000000000000000e+00
0.000000000000000000e+00
0.000000000000000000e+00
0.000000000000000000e+00
0.000000000000000000e+00
0.000000000000000000e+00
0.000000000000000000e+00
0.000000000000000000e+00
0.000000000000000000e+00
0.000000000000000000e+00
0.000000000000000000e+00
0.000000000000000000e+00
0.000000000000000000e+00
2.000000000000000000e+00
2.000000000000000000e+00
5.000000000000000000e+00
8.000000000000000000e+00
1.300000000000000000e+01
2.000000000000000000e+01
3.000000000000000000e+01
3.000000000000000000e+01
4.100000000000000000e+01
5.900000000000000000e+01
5.900000000000000000e+01
1.120000000000000000e+02
1.690000000000000000e+02
2.450000000000000000e+02
3.310000000000000000e+02
4.480000000000000000e+02
4.480000000000000000e+02
7.850000000000000000e+02
1.020000000000000000e+03
1.280000000000000000e+03
1.600000000000000000e+03
2.060000000000000000e+03
2.362000000000000000e+03
2.995000000000000000e+03
3.544000000000000000e+03
4.268000000000000000e+03
5.170000000000000000e+03
5.962000000000000000e+03
6.408000000000000000e+03
7.443000000000000000e+03
8.251000000000000000e+03
9.034000000000000000e+03
9.886000000000000000e+03
1.052400000000000000e+04
1.127800000000000000e+04
1.173000000000000000e+04
1.244200000000000000e+04
1.314100000000000000e+04
1.395600000000000000e+04
1.547200000000000000e+04
1.598700000000000000e+04
1.658500000000000000e+04
1.693400000000000000e+04
1.744800000000000000e+04
1.809100000000000000e+04
1.884100000000000000e+04
1.902200000000000000e+04
1.968500000000000000e+04
2.020600000000000000e+04
2.086300000000000000e+04
2.137900000000000000e+04
2.198200000000000000e+04
2.235300000000000000e+04
2.279700000000000000e+04
2.339200000000000000e+04
2.386400000000000000e+04
2.402700000000000000e+04
2.432200000000000000e+04
2.450500000000000000e+04
2.504500000000000000e+04
2.535100000000000000e+04
2.519000000000000000e+04
2.528200000000000000e+04
2.552400000000000000e+04
2.570200000000000000e+04
2.618200000000000000e+04
2.671500000000000000e+04
2.726800000000000000e+04
2.740600000000000000e+04
2.758100000000000000e+04
2.767900000000000000e+04
2.791300000000000000e+04
2.813200000000000000e+04
2.831900000000000000e+04
2.858300000000000000e+04
2.881000000000000000e+04
2.903600000000000000e+04
2.920900000000000000e+04
2.943200000000000000e+04
2.966000000000000000e+04
2.991200000000000000e+04
3.020000000000000000e+04
3.047100000000000000e+04
3.062300000000000000e+04
3.078800000000000000e+04
3.100700000000000000e+04
3.129200000000000000e+04
3.159600000000000000e+04
3.194600000000000000e+04
3.220300000000000000e+04
3.250000000000000000e+04
3.270000000000000000e+04
3.289500000000000000e+04
3.326100000000000000e+04
3.359200000000000000e+04
3.396900000000000000e+04
3.435100000000000000e+04
3.469300000000000000e+04
3.488500000000000000e+04
3.530600000000000000e+04
3.560000000000000000e+04
3.591000000000000000e+04
3.618000000000000000e+04
3.646300000000000000e+04
3.669000000000000000e+04
3.703600000000000000e+04
3.733600000000000000e+04
3.767200000000000000e+04
3.808900000000000000e+04
3.846400000000000000e+04
3.884100000000000000e+04
3.913300000000000000e+04
3.939200000000000000e+04
3.973700000000000000e+04
4.010400000000000000e+04
4.041500000000000000e+04
4.086600000000000000e+04
4.118900000000000000e+04
4.164600000000000000e+04
4.191200000000000000e+04
4.214100000000000000e+04
4.245400000000000000e+04
4.278200000000000000e+04
4.315600000000000000e+04
4.356900000000000000e+04
4.389700000000000000e+04
4.412900000000000000e+04
4.441600000000000000e+04
4.485900000000000000e+04
4.527700000000000000e+04
4.567900000000000000e+04
4.622100000000000000e+04
4.651200000000000000e+04
4.681800000000000000e+04
4.705100000000000000e+04
4.742600000000000000e+04
4.776500000000000000e+04
4.807700000000000000e+04
4.839000000000000000e+04
4.863600000000000000e+04
4.877100000000000000e+04
4.889800000000000000e+04
4.915000000000000000e+04
4.937900000000000000e+04
4.969200000000000000e+04
4.995500000000000000e+04
5.016400000000000000e+04
5.029900000000000000e+04
5.041000000000000000e+04
5.061300000000000000e+04
5.086800000000000000e+04
5.107200000000000000e+04
5.131000000000000000e+04
5.146300000000000000e+04
5.156900000000000000e+04
5.168100000000000000e+04
5.184800000000000000e+04
5.206100000000000000e+04
5.235100000000000000e+04
5.253700000000000000e+04
5.266800000000000000e+04
5.282500000000000000e+04
5.294500000000000000e+04
5.322300000000000000e+04
5.354800000000000000e+04
5.378300000000000000e+04
5.398100000000000000e+04
5.410200000000000000e+04
5.423400000000000000e+04
5.444800000000000000e+04
5.470100000000000000e+04
5.499200000000000000e+04
5.521100000000000000e+04
5.545200000000000000e+04
5.559700000000000000e+04
5.572000000000000000e+04
5.591200000000000000e+04
5.627400000000000000e+04
5.667300000000000000e+04
5.707400000000000000e+04
5.744800000000000000e+04
5.776800000000000000e+04
5.801200000000000000e+04
5.824300000000000000e+04
5.863300000000000000e+04
5.905100000000000000e+04
5.945700000000000000e+04
5.994300000000000000e+04
6.025800000000000000e+04
6.050700000000000000e+04
6.089500000000000000e+04
6.154100000000000000e+04
6.212600000000000000e+04
6.281300000000000000e+04
6.331000000000000000e+04
6.398300000000000000e+04
6.459600000000000000e+04
6.502100000000000000e+04
6.562600000000000000e+04
6.639600000000000000e+04
6.717600000000000000e+04
6.802500000000000000e+04
6.857700000000000000e+04
6.920000000000000000e+04
6.966300000000000000e+04
7.046500000000000000e+04
7.115600000000000000e+04
7.205500000000000000e+04
7.293900000000000000e+04
7.360400000000000000e+04
7.402900000000000000e+04
7.471700000000000000e+04
7.554200000000000000e+04
7.639600000000000000e+04
7.728400000000000000e+04
7.824700000000000000e+04
7.915100000000000000e+04
7.988500000000000000e+04
8.031200000000000000e+04
8.125600000000000000e+04
8.253400000000000000e+04
8.392800000000000000e+04
8.557400000000000000e+04
8.666400000000000000e+04
8.791300000000000000e+04
8.912100000000000000e+04
9.119300000000000000e+04
9.329400000000000000e+04
9.590200000000000000e+04
9.805500000000000000e+04
9.991100000000000000e+04
1.018600000000000000e+05
1.037360000000000000e+05
1.062710000000000000e+05
1.095410000000000000e+05
1.124400000000000000e+05
1.161090000000000000e+05
1.186860000000000000e+05
1.211330000000000000e+05
1.244320000000000000e+05
1.283920000000000000e+05
1.326160000000000000e+05
1.372720000000000000e+05
1.412790000000000000e+05
1.443410000000000000e+05
1.468470000000000000e+05
1.494430000000000000e+05
1.569400000000000000e+05
1.613500000000000000e+05
1.669000000000000000e+05
1.735400000000000000e+05
1.793240000000000000e+05
1.834200000000000000e+05
1.872370000000000000e+05
1.921720000000000000e+05
1.980110000000000000e+05
2.046640000000000000e+05
2.112660000000000000e+05
2.173010000000000000e+05
2.256720000000000000e+05
2.301240000000000000e+05
2.360150000000000000e+05
2.430090000000000000e+05
2.494980000000000000e+05
2.559700000000000000e+05
2.607580000000000000e+05
2.648020000000000000e+05
2.687210000000000000e+05
2.740110000000000000e+05
2.803940000000000000e+05
2.858380000000000000e+05
2.907060000000000000e+05
2.947990000000000000e+05
2.980610000000000000e+05
3.004620000000000000e+05
3.038460000000000000e+05
3.076180000000000000e+05
3.125530000000000000e+05
3.186400000000000000e+05
3.224740000000000000e+05
3.250710000000000000e+05
3.279760000000000000e+05
3.320730000000000000e+05
3.352070000000000000e+05
3.402870000000000000e+05
3.447000000000000000e+05
3.487440000000000000e+05
3.509380000000000000e+05
3.535760000000000000e+05
3.582960000000000000e+05
3.626160000000000000e+05
3.669520000000000000e+05
3.707870000000000000e+05
3.741210000000000000e+05
3.762200000000000000e+05
3.786560000000000000e+05
3.832580000000000000e+05
3.876360000000000000e+05
3.917820000000000000e+05
3.929960000000000000e+05
3.945730000000000000e+05
3.966660000000000000e+05
4.000020000000000000e+05
4.060510000000000000e+05
4.136780000000000000e+05
4.206290000000000000e+05
4.238700000000000000e+05
4.272540000000000000e+05
4.316230000000000000e+05
4.365790000000000000e+05
4.466060000000000000e+05
4.565330000000000000e+05
4.667090000000000000e+05
4.761870000000000000e+05
4.836890000000000000e+05
4.892930000000000000e+05
4.965520000000000000e+05
5.071080000000000000e+05
5.178060000000000000e+05
5.284690000000000000e+05
5.394160000000000000e+05
5.498010000000000000e+05
5.565030000000000000e+05
5.669580000000000000e+05
5.816050000000000000e+05
5.951490000000000000e+05
6.091360000000000000e+05
6.244690000000000000e+05
6.361900000000000000e+05
6.431130000000000000e+05
6.538780000000000000e+05
6.689510000000000000e+05
6.853830000000000000e+05
6.985830000000000000e+05
7.110180000000000000e+05
7.205160000000000000e+05
7.263210000000000000e+05
7.318610000000000000e+05
7.409440000000000000e+05
7.488580000000000000e+05
7.557740000000000000e+05
7.619060000000000000e+05
7.654140000000000000e+05
7.679190000000000000e+05
7.705020000000000000e+05
7.748890000000000000e+05
7.783690000000000000e+05
7.812230000000000000e+05
7.840790000000000000e+05
7.857560000000000000e+05
7.870590000000000000e+05
7.885610000000000000e+05
7.908850000000000000e+05
7.928290000000000000e+05
7.947690000000000000e+05
7.963390000000000000e+05
7.975250000000000000e+05
7.980740000000000000e+05
7.991060000000000000e+05
8.005860000000000000e+05
8.017460000000000000e+05
8.027730000000000000e+05
8.038440000000000000e+05
8.045620000000000000e+05
8.049560000000000000e+05
8.056470000000000000e+05
8.066260000000000000e+05
8.074560000000000000e+05
8.084050000000000000e+05
8.094120000000000000e+05
8.100940000000000000e+05
8.104590000000000000e+05
8.113060000000000000e+05
8.119480000000000000e+05
8.125750000000000000e+05
8.131520000000000000e+05
8.137160000000000000e+05
8.142570000000000000e+05
8.145130000000000000e+05
8.148970000000000000e+05
8.155700000000000000e+05
8.160550000000000000e+05
8.166230000000000000e+05
8.170800000000000000e+05
8.175300000000000000e+05
8.177780000000000000e+05
8.182120000000000000e+05
8.187870000000000000e+05
8.192100000000000000e+05
8.196980000000000000e+05
8.200420000000000000e+05
8.204070000000000000e+05
8.207160000000000000e+05
8.211040000000000000e+05
8.217220000000000000e+05
8.223140000000000000e+05
8.228620000000000000e+05
8.231420000000000000e+05
8.233350000000000000e+05
8.234940000000000000e+05
8.243680000000000000e+05
8.250310000000000000e+05
8.256330000000000000e+05
8.263270000000000000e+05
8.269280000000000000e+05
8.274940000000000000e+05
8.277650000000000000e+05
8.281730000000000000e+05
8.288570000000000000e+05
8.293580000000000000e+05
8.299110000000000000e+05
8.305600000000000000e+05
8.310010000000000000e+05
8.312210000000000000e+05
8.316450000000000000e+05
8.322550000000000000e+05
8.328910000000000000e+05
8.333970000000000000e+05
8.339640000000000000e+05
8.344420000000000000e+05
8.346380000000000000e+05
8.349910000000000000e+05
8.355630000000000000e+05
8.360330000000000000e+05
8.364930000000000000e+05
8.369470000000000000e+05
8.372770000000000000e+05
8.374570000000000000e+05
8.377150000000000000e+05
8.381020000000000000e+05
8.384750000000000000e+05
8.388520000000000000e+05
8.392580000000000000e+05
8.395820000000000000e+05
8.397400000000000000e+05
8.400080000000000000e+05
8.404930000000000000e+05
8.409290000000000000e+05
8.413790000000000000e+05
8.418480000000000000e+05
8.421820000000000000e+05
8.423810000000000000e+05
8.427670000000000000e+05
8.432780000000000000e+05
8.437290000000000000e+05
8.442880000000000000e+05
8.448110000000000000e+05
8.452240000000000000e+05
8.454650000000000000e+05
8.458400000000000000e+05
8.464340000000000000e+05
8.470060000000000000e+05
8.476040000000000000e+05
8.482130000000000000e+05
8.486580000000000000e+05
8.490930000000000000e+05
8.495380000000000000e+05
8.502620000000000000e+05
8.510310000000000000e+05
8.514610000000000000e+05
8.520340000000000000e+05
8.526460000000000000e+05
8.530340000000000000e+05
8.536320000000000000e+05
8.545220000000000000e+05
8.554320000000000000e+05
8.559510000000000000e+05
8.567400000000000000e+05
8.574470000000000000e+05
8.580720000000000000e+05
8.590450000000000000e+05
8.603950000000000000e+05
8.616280000000000000e+05
8.629260000000000000e+05
8.641090000000000000e+05
8.650500000000000000e+05
8.658060000000000000e+05
8.668260000000000000e+05
8.683230000000000000e+05
8.698790000000000000e+05
8.714830000000000000e+05
8.730510000000000000e+05
8.745470000000000000e+05
8.754490000000000000e+05
8.771950000000000000e+05
8.795570000000000000e+05
8.820060000000000000e+05
8.844420000000000000e+05
8.870470000000000000e+05
8.890880000000000000e+05
8.905710000000000000e+05
8.927410000000000000e+05
8.960260000000000000e+05
8.992950000000000000e+05
9.024890000000000000e+05
9.056510000000000000e+05
9.079740000000000000e+05
9.097560000000000000e+05
9.124060000000000000e+05
9.165590000000000000e+05
9.202000000000000000e+05
9.237470000000000000e+05
9.274240000000000000e+05
9.306850000000000000e+05
9.325400000000000000e+05
9.352460000000000000e+05
9.396220000000000000e+05
9.432440000000000000e+05
9.470380000000000000e+05
9.504340000000000000e+05
9.530590000000000000e+05
9.546690000000000000e+05
9.569850000000000000e+05
9.604370000000000000e+05
9.634460000000000000e+05
9.660410000000000000e+05
9.686310000000000000e+05
9.709370000000000000e+05
