0.000000000000000000e+00
0.000000000000000000e+00
0.000000000000000000e+00
0.000000000000000000e+00
0.000000000000000000e+00
0.000000000000000000e+00
0.000000000000000000e+00
0.000000000000000000e+00
0.000000000000000000e+00
0.000000000000000000e+00
0.000000000000000000e+00
0.000000000000000000e+00
0.000000000000000000e+00
0.000000000000000000e+00
0.000000000000000000e+00
0.000000000000000000e+00
0.000000000000000000e+00
0.000000000000000000e+00
0.000000000000000000e+00
0.000000000000000000e+00
0.000000000000000000e+00
0.000000000000000000e+00
0.000000000000000000e+00
0.000000000000000000e+00
0.000000000000000000e+00
0.000000000000000000e+00
0.000000000000000000e+00
0.000000000000000000e+00
0.000000000000000000e+00
0.000000000000000000e+00
0.000000000000000000e+00
0.000000000000000000e+00
0.000000000000000000e+00
0.000000000000000000e+00
0.000000000000000000e+00
0.000000000000000000e+00
0.000000000000000000e+00
0.000000000000000000e+00
0.000000000000000000e+00
0.000000000000000000e+00
2.000000000000000000e+00
0.000000000000000000e+00
3.000000000000000000e+00
3.000000000000000000e+00
5.000000000000000000e+00
7.000000000000000000e+00
1.000000000000000000e+01
0.000000000000000000e+00
1.100000000000000000e+01
1.800000000000000000e+01
0.000000000000000000e+00
5.300000000000000000e+01
5.700000000000000000e+01
7.600000000000000000e+01
8.600000000000000000e+01
1.170000000000000000e+02
0.000000000000000000e+00
3.370000000000000000e+02
2.350000000000000000e+02
2.600000000000000000e+02
3.200000000000000000e+02
4.600000000000000000e+02
3.020000000000000000e+02
6.330000000000000000e+02
5.490000000000000000e+02
7.240000000000000000e+02
9.020000000000000000e+02
7.920000000000000000e+02
4.460000000000000000e+02
1.035000000000000000e+03
8.080000000000000000e+02
7.830000000000000000e+02
8.520000000000000000e+02
6.380000000000000000e+02
7.540000000000000000e+02
4.520000000000000000e+02
7.120000000000000000e+02
6.990000000000000000e+02
8.150000000000000000e+02
1.516000000000000000e+03
5.150000000000000000e+02
5.980000000000000000e+02
3.490000000000000000e+02
5.140000000000000000e+02
6.430000000000000000e+02
7.500000000000000000e+02
1.810000000000000000e+02
6.630000000000000000e+02
5.210000000000000000e+02
6.570000000000000000e+02
5.160000000000000000e+02
6.030000000000000000e+02
3.710000000000000000e+02
4.440000000000000000e+02
5.950000000000000000e+02
4.720000000000000000e+02
1.630000000000000000e+02
2.950000000000000000e+02
1.830000000000000000e+02
5.400000000000000000e+02
3.060000000000000000e+02
-1.610000000000000000e+02
9.200000000000000000e+01
2.420000000000000000e+02
1.780000000000000000e+02
4.800000000000000000e+02
5.330000000000000000e+02
5.530000000000000000e+02
1.380000000000000000e+02
1.750000000000000000e+02
9.800000000000000000e+01
2.340000000000000000e+02
2.190000000000000000e+02
1.870000000000000000e+02
2.640000000000000000e+02
2.270000000000000000e+02
2.260000000000000000e+02
1.730000000000000000e+02
2.230000000000000000e+02
2.280000000000000000e+02
2.520000000000000000e+02
2.880000000000000000e+02
2.710000000000000000e+02
1.520000000000000000e+02
1.650000000000000000e+02
2.190000000000000000e+02
2.850000000000000000e+02
3.040000000000000000e+02
3.500000000000000000e+02
2.570000000000000000e+02
2.970000000000000000e+02
2.000000000000000000e+02
1.950000000000000000e+02
3.660000000000000000e+02
3.310000000000000000e+02
3.770000000000000000e+02
3.820000000000000000e+02
3.420000000000000000e+02
1.920000000000000000e+02
4.210000000000000000e+02
2.940000000000000000e+02
3.100000000000000000e+02
2.700000000000000000e+02
2.830000000000000000e+02
2.270000000000000000e+02
3.460000000000000000e+02
3.000000000000000000e+02
3.360000000000000000e+02
4.170000000000000000e+02
3.750000000000000000e+02
3.770000000000000000e+02
2.920000000000000000e+02
2.590000000000000000e+02
3.450000000000000000e+02
3.670000000000000000e+02
3.110000000000000000e+02
4.510000000000000000e+02
3.230000000000000000e+02
4.570000000000000000e+02
2.660000000000000000e+02
2.290000000000000000e+02
3.130000000000000000e+02
3.280000000000000000e+02
3.740000000000000000e+02
4.130000000000000000e+02
3.280000000000000000e+02
2.320000000000000000e+02
2.870000000000000000e+02
4.430000000000000000e+02
4.180000000000000000e+02
4.020000000000000000e+02
5.420000000000000000e+02
2.910000000000000000e+02
3.060000000000000000e+02
2.330000000000000000e+02
3.750000000000000000e+02
3.390000000000000000e+02
3.120000000000000000e+02
3.130000000000000000e+02
2.460000000000000000e+02
1.350000000000000000e+02
1.270000000000000000e+02
2.520000000000000000e+02
2.290000000000000000e+02
3.130000000000000000e+02
2.630000000000000000e+02
2.090000000000000000e+02
1.350000000000000000e+02
1.110000000000000000e+02
2.030000000000000000e+02
2.550000000000000000e+02
2.040000000000000000e+02
2.380000000000000000e+02
1.530000000000000000e+02
1.060000000000000000e+02
1.120000000000000000e+02
1.670000000000000000e+02
2.130000000000000000e+02
2.900000000000000000e+02
1.860000000000000000e+02
1.310000000000000000e+02
1.570000000000000000e+02
1.200000000000000000e+02
2.780000000000000000e+02
3.250000000000000000e+02
2.350000000000000000e+02
1.980000000000000000e+02
1.210000000000000000e+02
1.320000000000000000e+02
2.140000000000000000e+02
2.530000000000000000e+02
2.910000000000000000e+02
2.190000000000000000e+02
2.410000000000000000e+02
1.450000000000000000e+02
1.230000000000000000e+02
1.920000000000000000e+02
3.620000000000000000e+02
3.990000000000000000e+02
4.010000000000000000e+02
3.740000000000000000e+02
3.200000000000000000e+02
2.440000000000000000e+02
2.310000000000000000e+02
3.900000000000000000e+02
4.180000000000000000e+02
4.060000000000000000e+02
4.860000000000000000e+02
3.150000000000000000e+02
2.490000000000000000e+02
3.880000000000000000e+02
6.460000000000000000e+02
5.850000000000000000e+02
6.870000000000000000e+02
4.970000000000000000e+02
6.730000000000000000e+02
6.130000000000000000e+02
4.250000000000000000e+02
6.050000000000000000e+02
7.700000000000000000e+02
7.800000000000000000e+02
8.490000000000000000e+02
5.520000000000000000e+02
6.230000000000000000e+02
4.630000000000000000e+02
8.020000000000000000e+02
6.910000000000000000e+02
8.990000000000000000e+02
8.840000000000000000e+02
6.650000000000000000e+02
4.250000000000000000e+02
6.880000000000000000e+02
8.250000000000000000e+02
8.540000000000000000e+02
8.880000000000000000e+02
9.630000000000000000e+02
9.040000000000000000e+02
7.340000000000000000e+02
4.270000000000000000e+02
9.440000000000000000e+02
1.278000000000000000e+03
1.394000000000000000e+03
1.646000000000000000e+03
1.090000000000000000e+03
1.249000000000000000e+03
1.208000000000000000e+03
2.072000000000000000e+03
2.101000000000000000e+03
2.608000000000000000e+03
2.153000000000000000e+03
1.856000000000000000e+03
1.949000000000000000e+03
1.876000000000000000e+03
2.535000000000000000e+03
3.270000000000000000e+03
2.899000000000000000e+03
3.669000000000000000e+03
2.577000000000000000e+03
2.447000000000000000e+03
3.299000000000000000e+03
3.960000000000000000e+03
4.224000000000000000e+03
4.656000000000000000e+03
4.007000000000000000e+03
3.062000000000000000e+03
2.506000000000000000e+03
2.596000000000000000e+03
7.497000000000000000e+03
4.410000000000000000e+03
5.550000000000000000e+03
6.640000000000000000e+03
5.784000000000000000e+03
4.096000000000000000e+03
3.817000000000000000e+03
4.935000000000000000e+03
5.839000000000000000e+03
6.653000000000000000e+03
6.602000000000000000e+03
6.035000000000000000e+03
8.371000000000000000e+03
4.452000000000000000e+03
5.891000000000000000e+03
6.994000000000000000e+03
6.489000000000000000e+03
6.472000000000000000e+03
4.788000000000000000e+03
4.044000000000000000e+03
3.919000000000000000e+03
5.290000000000000000e+03
6.383000000000000000e+03
5.444000000000000000e+03
4.868000000000000000e+03
4.093000000000000000e+03
3.262000000000000000e+03
2.401000000000000000e+03
3.384000000000000000e+03
3.772000000000000000e+03
4.935000000000000000e+03
6.087000000000000000e+03
3.834000000000000000e+03
2.597000000000000000e+03
2.905000000000000000e+03
4.097000000000000000e+03
3.134000000000000000e+03
5.080000000000000000e+03
4.413000000000000000e+03
4.044000000000000000e+03
2.194000000000000000e+03
2.638000000000000000e+03
4.720000000000000000e+03
4.320000000000000000e+03
4.336000000000000000e+03
3.835000000000000000e+03
3.334000000000000000e+03
2.099000000000000000e+03
2.436000000000000000e+03
4.602000000000000000e+03
4.378000000000000000e+03
4.146000000000000000e+03
1.214000000000000000e+03
1.577000000000000000e+03
2.093000000000000000e+03
3.336000000000000000e+03
6.049000000000000000e+03
7.627000000000000000e+03
6.951000000000000000e+03
3.241000000000000000e+03
3.384000000000000000e+03
4.369000000000000000e+03
4.956000000000000000e+03
1.002700000000000000e+04
9.927000000000000000e+03
1.017600000000000000e+04
9.478000000000000000e+03
7.502000000000000000e+03
5.604000000000000000e+03
7.259000000000000000e+03
1.055600000000000000e+04
1.069800000000000000e+04
1.066300000000000000e+04
1.094700000000000000e+04
1.038500000000000000e+04
6.702000000000000000e+03
1.045500000000000000e+04
1.464700000000000000e+04
1.354400000000000000e+04
1.398700000000000000e+04
1.533300000000000000e+04
1.172100000000000000e+04
6.923000000000000000e+03
1.076500000000000000e+04
1.507300000000000000e+04
1.643200000000000000e+04
1.320000000000000000e+04
1.243500000000000000e+04
9.498000000000000000e+03
5.805000000000000000e+03
5.540000000000000000e+03
9.083000000000000000e+03
7.914000000000000000e+03
6.916000000000000000e+03
6.132000000000000000e+03
3.508000000000000000e+03
2.505000000000000000e+03
2.583000000000000000e+03
4.387000000000000000e+03
3.480000000000000000e+03
2.854000000000000000e+03
2.856000000000000000e+03
1.677000000000000000e+03
1.303000000000000000e+03
1.502000000000000000e+03
2.324000000000000000e+03
1.944000000000000000e+03
1.940000000000000000e+03
1.570000000000000000e+03
1.186000000000000000e+03
5.490000000000000000e+02
1.032000000000000000e+03
1.480000000000000000e+03
1.160000000000000000e+03
1.027000000000000000e+03
1.071000000000000000e+03
7.180000000000000000e+02
3.940000000000000000e+02
6.910000000000000000e+02
9.790000000000000000e+02
8.300000000000000000e+02
9.490000000000000000e+02
1.007000000000000000e+03
6.820000000000000000e+02
3.650000000000000000e+02
8.470000000000000000e+02
6.420000000000000000e+02
6.270000000000000000e+02
5.770000000000000000e+02
5.640000000000000000e+02
5.410000000000000000e+02
2.560000000000000000e+02
3.840000000000000000e+02
6.730000000000000000e+02
4.850000000000000000e+02
5.680000000000000000e+02
4.570000000000000000e+02
4.500000000000000000e+02
2.480000000000000000e+02
4.340000000000000000e+02
5.750000000000000000e+02
4.230000000000000000e+02
4.880000000000000000e+02
3.440000000000000000e+02
3.650000000000000000e+02
3.090000000000000000e+02
3.880000000000000000e+02
6.180000000000000000e+02
5.920000000000000000e+02
5.480000000000000000e+02
2.800000000000000000e+02
1.930000000000000000e+02
1.590000000000000000e+02
8.740000000000000000e+02
6.630000000000000000e+02
6.020000000000000000e+02
6.940000000000000000e+02
6.010000000000000000e+02
5.660000000000000000e+02
2.710000000000000000e+02
4.080000000000000000e+02
6.840000000000000000e+02
5.010000000000000000e+02
5.530000000000000000e+02
6.490000000000000000e+02
4.410000000000000000e+02
2.200000000000000000e+02
4.240000000000000000e+02
6.100000000000000000e+02
6.360000000000000000e+02
5.060000000000000000e+02
5.670000000000000000e+02
4.780000000000000000e+02
1.960000000000000000e+02
3.530000000000000000e+02
5.720000000000000000e+02
4.700000000000000000e+02
4.600000000000000000e+02
4.540000000000000000e+02
3.300000000000000000e+02
1.800000000000000000e+02
2.580000000000000000e+02
3.870000000000000000e+02
3.730000000000000000e+02
3.770000000000000000e+02
4.060000000000000000e+02
3.240000000000000000e+02
1.580000000000000000e+02
2.680000000000000000e+02
4.850000000000000000e+02
4.360000000000000000e+02
4.500000000000000000e+02
4.690000000000000000e+02
3.340000000000000000e+02
1.990000000000000000e+02
3.860000000000000000e+02
5.110000000000000000e+02
4.510000000000000000e+02
5.590000000000000000e+02
5.230000000000000000e+02
4.130000000000000000e+02
2.410000000000000000e+02
3.750000000000000000e+02
5.940000000000000000e+02
5.720000000000000000e+02
5.980000000000000000e+02
6.090000000000000000e+02
4.450000000000000000e+02
4.350000000000000000e+02
4.450000000000000000e+02
7.240000000000000000e+02
7.690000000000000000e+02
4.300000000000000000e+02
5.730000000000000000e+02
6.120000000000000000e+02
3.880000000000000000e+02
5.980000000000000000e+02
8.900000000000000000e+02
9.100000000000000000e+02
5.190000000000000000e+02
7.890000000000000000e+02
7.070000000000000000e+02
6.250000000000000000e+02
9.730000000000000000e+02
1.350000000000000000e+03
1.233000000000000000e+03
1.298000000000000000e+03
1.183000000000000000e+03
9.410000000000000000e+02
7.560000000000000000e+02
1.020000000000000000e+03
1.497000000000000000e+03
1.556000000000000000e+03
1.604000000000000000e+03
1.568000000000000000e+03
1.496000000000000000e+03
9.020000000000000000e+02
1.746000000000000000e+03
2.362000000000000000e+03
2.449000000000000000e+03
2.436000000000000000e+03
2.605000000000000000e+03
2.041000000000000000e+03
1.483000000000000000e+03
2.170000000000000000e+03
3.285000000000000000e+03
3.269000000000000000e+03
3.194000000000000000e+03
3.162000000000000000e+03
2.323000000000000000e+03
1.782000000000000000e+03
2.650000000000000000e+03
4.153000000000000000e+03
3.641000000000000000e+03
3.547000000000000000e+03
3.677000000000000000e+03
3.261000000000000000e+03
1.855000000000000000e+03
2.706000000000000000e+03
4.376000000000000000e+03
3.622000000000000000e+03
3.794000000000000000e+03
3.396000000000000000e+03
2.625000000000000000e+03
1.610000000000000000e+03
2.316000000000000000e+03
3.452000000000000000e+03
3.009000000000000000e+03
2.595000000000000000e+03
2.590000000000000000e+03
2.306000000000000000e+03
