0.000000000000000000e+00
0.000000000000000000e+00
0.000000000000000000e+00
1.000000000000000000e+00
1.000000000000000000e+00
1.000000000000000000e+00
1.000000000000000000e+00
1.000000000000000000e+00
1.000000000000000000e+00
1.000000000000000000e+00
1.000000000000000000e+00
1.000000000000000000e+00
1.000000000000000000e+00
1.000000000000000000e+00
1.000000000000000000e+00
1.000000000000000000e+00
1.000000000000000000e+00
1.000000000000000000e+00
1.000000000000000000e+00
1.000000000000000000e+00
1.000000000000000000e+00
1.000000000000000000e+00
1.000000000000000000e+00
1.000000000000000000e+00
1.000000000000000000e+00
1.000000000000000000e+00
1.000000000000000000e+00
1.000000000000000000e+00
1.000000000000000000e+00
1.000000000000000000e+00
1.000000000000000000e+00
1.000000000000000000e+00
1.000000000000000000e+00
1.000000000000000000e+00
1.000000000000000000e+00
1.000000000000000000e+00
1.000000000000000000e+00
1.000000000000000000e+00
1.000000000000000000e+00
1.000000000000000000e+00
1.000000000000000000e+00
1.000000000000000000e+00
1.000000000000000000e+00
1.000000000000000000e+00
1.000000000000000000e+00
1.000000000000000000e+00
1.000000000000000000e+00
1.000000000000000000e+00
1.000000000000000000e+00
1.000000000000000000e+00
1.000000000000000000e+00
1.000000000000000000e+00
1.000000000000000000e+00
1.000000000000000000e+00
1.000000000000000000e+00
1.000000000000000000e+00
1.000000000000000000e+00
1.000000000000000000e+00
1.000000000000000000e+00
1.000000000000000000e+00
1.000000000000000000e+00
2.000000000000000000e+00
2.000000000000000000e+00
3.000000000000000000e+00
3.000000000000000000e+00
4.000000000000000000e+00
5.000000000000000000e+00
5.000000000000000000e+00
5.000000000000000000e+00
5.000000000000000000e+00
5.000000000000000000e+00
6.000000000000000000e+00
6.000000000000000000e+00
9.000000000000000000e+00
9.000000000000000000e+00
9.000000000000000000e+00
9.000000000000000000e+00
9.000000000000000000e+00
9.000000000000000000e+00
9.000000000000000000e+00
9.000000000000000000e+00
1.200000000000000000e+01
1.400000000000000000e+01
1.600000000000000000e+01
1.600000000000000000e+01
1.600000000000000000e+01
3.000000000000000000e+01
3.100000000000000000e+01
3.100000000000000000e+01
3.100000000000000000e+01
4.300000000000000000e+01
4.500000000000000000e+01
4.800000000000000000e+01
4.900000000000000000e+01
4.900000000000000000e+01
5.200000000000000000e+01
5.200000000000000000e+01
5.400000000000000000e+01
5.700000000000000000e+01
5.700000000000000000e+01
5.900000000000000000e+01
5.900000000000000000e+01
7.500000000000000000e+01
7.500000000000000000e+01
8.200000000000000000e+01
9.900000000000000000e+01
1.010000000000000000e+02
1.020000000000000000e+02
1.100000000000000000e+02
1.100000000000000000e+02
1.340000000000000000e+02
2.170000000000000000e+02
2.500000000000000000e+02
2.490000000000000000e+02
2.670000000000000000e+02
2.910000000000000000e+02
2.950000000000000000e+02
3.750000000000000000e+02
4.020000000000000000e+02
4.270000000000000000e+02
4.570000000000000000e+02
5.160000000000000000e+02
5.840000000000000000e+02
6.030000000000000000e+02
6.820000000000000000e+02
7.720000000000000000e+02
8.860000000000000000e+02
1.042000000000000000e+03
1.212000000000000000e+03
1.401000000000000000e+03
1.572000000000000000e+03
1.811000000000000000e+03
2.099000000000000000e+03
2.300000000000000000e+03
2.634000000000000000e+03
2.912000000000000000e+03
3.235000000000000000e+03
3.448000000000000000e+03
3.762000000000000000e+03
4.086000000000000000e+03
4.364000000000000000e+03
4.614000000000000000e+03
5.062000000000000000e+03
5.335000000000000000e+03
5.760000000000000000e+03
6.211000000000000000e+03
6.591000000000000000e+03
7.177000000000000000e+03
7.848000000000000000e+03
8.274000000000000000e+03
8.605000000000000000e+03
9.026000000000000000e+03
9.561000000000000000e+03
1.009900000000000000e+04
1.072800000000000000e+04
1.116200000000000000e+04
1.175500000000000000e+04
1.230900000000000000e+04
1.277200000000000000e+04
1.324800000000000000e+04
1.356400000000000000e+04
1.404600000000000000e+04
1.451900000000000000e+04
1.525900000000000000e+04
1.549100000000000000e+04
1.578400000000000000e+04
1.596400000000000000e+04
1.616800000000000000e+04
1.642300000000000000e+04
1.653100000000000000e+04
1.664900000000000000e+04
1.671900000000000000e+04
1.680100000000000000e+04
1.694500000000000000e+04
1.706100000000000000e+04
1.717700000000000000e+04
1.734400000000000000e+04
1.744500000000000000e+04
1.750200000000000000e+04
1.765800000000000000e+04
1.784400000000000000e+04
1.799400000000000000e+04
1.809400000000000000e+04
1.824100000000000000e+04
1.837400000000000000e+04
1.848300000000000000e+04
1.861300000000000000e+04
1.875200000000000000e+04
1.906300000000000000e+04
1.927300000000000000e+04
1.954700000000000000e+04
1.977100000000000000e+04
2.008600000000000000e+04
2.033200000000000000e+04
2.075000000000000000e+04
2.100900000000000000e+04
2.139000000000000000e+04
2.175000000000000000e+04
2.221400000000000000e+04
2.259200000000000000e+04
2.297200000000000000e+04
2.331000000000000000e+04
2.394800000000000000e+04
2.443200000000000000e+04
2.495700000000000000e+04
2.555100000000000000e+04
2.601900000000000000e+04
2.666000000000000000e+04
2.724100000000000000e+04
2.825700000000000000e+04
2.893800000000000000e+04
2.964500000000000000e+04
3.048300000000000000e+04
3.111700000000000000e+04
3.193500000000000000e+04
3.267800000000000000e+04
3.353300000000000000e+04
3.441800000000000000e+04
3.552900000000000000e+04
3.645600000000000000e+04
3.734000000000000000e+04
3.856100000000000000e+04
3.946000000000000000e+04
4.052900000000000000e+04
4.164900000000000000e+04
4.287700000000000000e+04
4.423600000000000000e+04
4.527700000000000000e+04
4.625700000000000000e+04
4.723600000000000000e+04
4.813800000000000000e+04
4.921900000000000000e+04
5.046500000000000000e+04
5.191900000000000000e+04
5.312000000000000000e+04
5.415900000000000000e+04
5.532900000000000000e+04
5.678800000000000000e+04
5.832700000000000000e+04
5.957300000000000000e+04
6.159300000000000000e+04
6.279700000000000000e+04
6.412200000000000000e+04
6.527600000000000000e+04
6.663200000000000000e+04
6.780400000000000000e+04
6.930100000000000000e+04
7.061400000000000000e+04
7.182100000000000000e+04
7.339400000000000000e+04
7.474500000000000000e+04
7.625800000000000000e+04
7.781700000000000000e+04
7.972800000000000000e+04
8.245000000000000000e+04
8.457000000000000000e+04
8.682300000000000000e+04
8.926300000000000000e+04
9.081400000000000000e+04
9.425300000000000000e+04
9.861700000000000000e+04
1.006760000000000000e+05
1.056840000000000000e+05
1.077550000000000000e+05
1.118020000000000000e+05
1.153580000000000000e+05
1.179960000000000000e+05
1.217450000000000000e+05
1.261370000000000000e+05
1.293040000000000000e+05
1.322460000000000000e+05
1.360360000000000000e+05
1.391290000000000000e+05
1.448720000000000000e+05
1.485090000000000000e+05
1.530080000000000000e+05
1.552330000000000000e+05
1.580890000000000000e+05
1.598300000000000000e+05
1.604000000000000000e+05
1.623540000000000000e+05
1.647180000000000000e+05
1.682350000000000000e+05
1.707430000000000000e+05
1.735670000000000000e+05
1.765000000000000000e+05
1.796140000000000000e+05
1.829230000000000000e+05
1.859740000000000000e+05
1.888830000000000000e+05
1.916360000000000000e+05
1.944530000000000000e+05
1.970240000000000000e+05
1.997600000000000000e+05
2.023290000000000000e+05
2.042420000000000000e+05
2.063530000000000000e+05
2.082990000000000000e+05
2.097760000000000000e+05
2.109730000000000000e+05
2.114750000000000000e+05
2.129170000000000000e+05
2.150200000000000000e+05
2.169650000000000000e+05
2.186390000000000000e+05
2.203080000000000000e+05
2.222880000000000000e+05
2.240780000000000000e+05
2.260260000000000000e+05
2.276400000000000000e+05
2.293430000000000000e+05
2.307230000000000000e+05
2.319780000000000000e+05
2.334520000000000000e+05
2.334520000000000000e+05
2.362460000000000000e+05
2.375890000000000000e+05
2.388610000000000000e+05
2.398850000000000000e+05
2.409810000000000000e+05
2.419950000000000000e+05
2.433770000000000000e+05
2.444330000000000000e+05
2.456500000000000000e+05
2.466940000000000000e+05
2.475930000000000000e+05
2.484230000000000000e+05
2.492440000000000000e+05
2.501800000000000000e+05
2.509160000000000000e+05
2.516920000000000000e+05
2.524740000000000000e+05
2.531840000000000000e+05
2.537720000000000000e+05
2.545140000000000000e+05
2.552360000000000000e+05
2.559790000000000000e+05
2.565920000000000000e+05
2.572000000000000000e+05
2.577000000000000000e+05
2.581810000000000000e+05
2.588400000000000000e+05
2.595480000000000000e+05
2.600590000000000000e+05
2.605930000000000000e+05
2.610190000000000000e+05
2.614380000000000000e+05
2.618590000000000000e+05
2.622620000000000000e+05
2.627840000000000000e+05
2.631930000000000000e+05
2.636050000000000000e+05
2.641590000000000000e+05
2.645210000000000000e+05
2.647800000000000000e+05
2.652680000000000000e+05
2.656980000000000000e+05
2.661430000000000000e+05
2.665460000000000000e+05
2.668160000000000000e+05
2.670560000000000000e+05
2.673220000000000000e+05
2.676440000000000000e+05
2.679920000000000000e+05
2.683100000000000000e+05
2.686460000000000000e+05
2.689480000000000000e+05
2.691800000000000000e+05
2.694500000000000000e+05
2.697890000000000000e+05
2.700920000000000000e+05
2.703750000000000000e+05
2.705880000000000000e+05
2.707450000000000000e+05
2.708540000000000000e+05
2.709590000000000000e+05
2.711180000000000000e+05
2.712890000000000000e+05
2.714310000000000000e+05
2.716020000000000000e+05
2.717070000000000000e+05
2.718060000000000000e+05
2.719250000000000000e+05
2.720550000000000000e+05
2.722150000000000000e+05
2.723490000000000000e+05
2.724300000000000000e+05
2.725570000000000000e+05
2.726140000000000000e+05
2.727180000000000000e+05
2.728400000000000000e+05
2.729450000000000000e+05
2.730700000000000000e+05
2.731660000000000000e+05
2.732630000000000000e+05
2.733510000000000000e+05
2.734310000000000000e+05
2.735560000000000000e+05
2.736660000000000000e+05
2.737600000000000000e+05
2.738720000000000000e+05
2.739840000000000000e+05
2.740650000000000000e+05
2.741430000000000000e+05
2.742160000000000000e+05
2.742940000000000000e+05
2.743810000000000000e+05
2.744880000000000000e+05
2.746080000000000000e+05
2.746550000000000000e+05
2.747210000000000000e+05
2.748100000000000000e+05
2.748690000000000000e+05
2.749730000000000000e+05
2.750700000000000000e+05
2.751180000000000000e+05
2.751780000000000000e+05
2.752310000000000000e+05
2.753100000000000000e+05
2.754240000000000000e+05
2.755180000000000000e+05
2.756250000000000000e+05
2.757500000000000000e+05
2.758290000000000000e+05
2.759060000000000000e+05
2.760560000000000000e+05
2.762440000000000000e+05
2.763890000000000000e+05
2.765090000000000000e+05
2.766650000000000000e+05
2.767500000000000000e+05
2.768390000000000000e+05
2.769800000000000000e+05
2.771470000000000000e+05
2.773090000000000000e+05
2.774610000000000000e+05
2.776400000000000000e+05
2.777680000000000000e+05
2.779440000000000000e+05
2.782100000000000000e+05
2.784700000000000000e+05
2.787680000000000000e+05
2.791000000000000000e+05
2.793880000000000000e+05
2.797250000000000000e+05
2.800280000000000000e+05
2.805240000000000000e+05
2.809840000000000000e+05
2.815640000000000000e+05
2.820540000000000000e+05
2.828900000000000000e+05
2.836580000000000000e+05
2.846730000000000000e+05
2.859000000000000000e+05
2.875670000000000000e+05
2.897870000000000000e+05
2.921520000000000000e+05
2.946010000000000000e+05
2.970870000000000000e+05
3.001190000000000000e+05
3.035610000000000000e+05
3.079250000000000000e+05
3.126990000000000000e+05
3.175300000000000000e+05
3.231870000000000000e+05
3.288930000000000000e+05
3.360300000000000000e+05
3.434180000000000000e+05
3.510050000000000000e+05
3.596100000000000000e+05
3.685800000000000000e+05
3.776030000000000000e+05
3.858900000000000000e+05
3.946670000000000000e+05
4.037940000000000000e+05
4.131110000000000000e+05
4.223490000000000000e+05
4.311910000000000000e+05
4.396580000000000000e+05
4.477040000000000000e+05
4.550200000000000000e+05
4.642180000000000000e+05
4.723540000000000000e+05
4.804180000000000000e+05
4.886450000000000000e+05
4.970520000000000000e+05
5.056430000000000000e+05
5.132410000000000000e+05
5.204610000000000000e+05
5.288480000000000000e+05
5.355250000000000000e+05
5.422560000000000000e+05
5.491110000000000000e+05
5.534220000000000000e+05
5.571240000000000000e+05
5.613020000000000000e+05
5.665870000000000000e+05
5.711110000000000000e+05
5.769360000000000000e+05
5.815600000000000000e+05
5.851000000000000000e+05
5.881240000000000000e+05
5.914940000000000000e+05
5.953640000000000000e+05
5.988130000000000000e+05
6.016870000000000000e+05
6.043960000000000000e+05
6.067780000000000000e+05
6.084720000000000000e+05
6.105210000000000000e+05
6.122020000000000000e+05
6.142160000000000000e+05
6.159840000000000000e+05
6.179470000000000000e+05
6.196350000000000000e+05
6.210560000000000000e+05
6.226400000000000000e+05
6.263430000000000000e+05
6.278540000000000000e+05
6.294310000000000000e+05
6.311520000000000000e+05
6.323260000000000000e+05
6.336790000000000000e+05
6.351880000000000000e+05
6.369160000000000000e+05
6.388050000000000000e+05
6.406620000000000000e+05
6.420530000000000000e+05
6.435800000000000000e+05
6.446220000000000000e+05
6.463670000000000000e+05
6.480850000000000000e+05
6.501620000000000000e+05
6.513800000000000000e+05
6.528590000000000000e+05
6.542120000000000000e+05
6.554490000000000000e+05
6.571390000000000000e+05
6.587780000000000000e+05
6.607880000000000000e+05
6.625700000000000000e+05
6.645760000000000000e+05
6.658860000000000000e+05
6.671090000000000000e+05
6.687510000000000000e+05
6.709530000000000000e+05
6.728710000000000000e+05
6.747260000000000000e+05
6.767080000000000000e+05
6.790170000000000000e+05
6.805560000000000000e+05
6.829470000000000000e+05
6.856730000000000000e+05
6.883070000000000000e+05
6.906420000000000000e+05
6.931090000000000000e+05
6.953890000000000000e+05
6.973700000000000000e+05
