0.000000000000000000e+00
0.000000000000000000e+00
0.000000000000000000e+00
1.000000000000000000e+00
0.000000000000000000e+00
0.000000000000000000e+00
0.000000000000000000e+00
0.000000000000000000e+00
0.000000000000000000e+00
0.000000000000000000e+00
0.000000000000000000e+00
0.000000000000000000e+00
0.000000000000000000e+00
0.000000000000000000e+00
0.000000000000000000e+00
0.000000000000000000e+00
0.000000000000000000e+00
0.000000000000000000e+00
0.000000000000000000e+00
0.000000000000000000e+00
0.000000000000000000e+00
0.000000000000000000e+00
0.000000000000000000e+00
0.000000000000000000e+00
0.000000000000000000e+00
0.000000000000000000e+00
0.000000000000000000e+00
0.000000000000000000e+00
0.000000000000000000e+00
0.000000000000000000e+00
0.000000000000000000e+00
0.000000000000000000e+00
0.000000000000000000e+00
0.000000000000000000e+00
0.000000000000000000e+00
0.000000000000000000e+00
0.000000000000000000e+00
0.000000000000000000e+00
0.000000000000000000e+00
0.000000000000000000e+00
0.000000000000000000e+00
0.000000000000000000e+00
0.000000000000000000e+00
0.000000000000000000e+00
0.000000000000000000e+00
0.000000000000000000e+00
0.000000000000000000e+00
0.000000000000000000e+00
0.000000000000000000e+00
0.000000000000000000e+00
0.000000000000000000e+00
0.000000000000000000e+00
0.000000000000000000e+00
0.000000000000000000e+00
0.000000000000000000e+00
0.000000000000000000e+00
0.000000000000000000e+00
0.000000000000000000e+00
0.000000000000000000e+00
0.000000000000000000e+00
0.000000000000000000e+00
1.000000000000000000e+00
0.000000000000000000e+00
1.000000000000000000e+00
0.000000000000000000e+00
1.000000000000000000e+00
1.000000000000000000e+00
0.000000000000000000e+00
0.000000000000000000e+00
0.000000000000000000e+00
0.000000000000000000e+00
1.000000000000000000e+00
0.000000000000000000e+00
3.000000000000000000e+00
0.000000000000000000e+00
0.000000000000000000e+00
0.000000000000000000e+00
0.000000000000000000e+00
0.000000000000000000e+00
0.000000000000000000e+00
0.000000000000000000e+00
3.000000000000000000e+00
2.000000000000000000e+00
2.000000000000000000e+00
0.000000000000000000e+00
0.000000000000000000e+00
1.400000000000000000e+01
1.000000000000000000e+00
0.000000000000000000e+00
0.000000000000000000e+00
1.200000000000000000e+01
2.000000000000000000e+00
3.000000000000000000e+00
1.000000000000000000e+00
0.000000000000000000e+00
3.000000000000000000e+00
0.000000000000000000e+00
2.000000000000000000e+00
3.000000000000000000e+00
0.000000000000000000e+00
2.000000000000000000e+00
0.000000000000000000e+00
1.600000000000000000e+01
0.000000000000000000e+00
7.000000000000000000e+00
1.700000000000000000e+01
2.000000000000000000e+00
1.000000000000000000e+00
8.000000000000000000e+00
0.000000000000000000e+00
2.400000000000000000e+01
8.300000000000000000e+01
3.300000000000000000e+01
-1.000000000000000000e+00
1.800000000000000000e+01
2.400000000000000000e+01
4.000000000000000000e+00
8.000000000000000000e+01
2.700000000000000000e+01
2.500000000000000000e+01
3.000000000000000000e+01
5.900000000000000000e+01
6.800000000000000000e+01
1.900000000000000000e+01
7.900000000000000000e+01
9.000000000000000000e+01
1.140000000000000000e+02
1.560000000000000000e+02
1.700000000000000000e+02
1.890000000000000000e+02
1.710000000000000000e+02
2.390000000000000000e+02
2.880000000000000000e+02
2.010000000000000000e+02
3.340000000000000000e+02
2.780000000000000000e+02
3.230000000000000000e+02
2.130000000000000000e+02
3.140000000000000000e+02
3.240000000000000000e+02
2.780000000000000000e+02
2.500000000000000000e+02
4.480000000000000000e+02
2.730000000000000000e+02
4.250000000000000000e+02
4.510000000000000000e+02
3.800000000000000000e+02
5.860000000000000000e+02
6.710000000000000000e+02
4.260000000000000000e+02
3.310000000000000000e+02
4.210000000000000000e+02
5.350000000000000000e+02
5.380000000000000000e+02
6.290000000000000000e+02
4.340000000000000000e+02
5.930000000000000000e+02
5.540000000000000000e+02
4.630000000000000000e+02
4.760000000000000000e+02
3.160000000000000000e+02
4.820000000000000000e+02
4.730000000000000000e+02
7.400000000000000000e+02
2.320000000000000000e+02
2.930000000000000000e+02
1.800000000000000000e+02
2.040000000000000000e+02
2.550000000000000000e+02
1.080000000000000000e+02
1.180000000000000000e+02
7.000000000000000000e+01
8.200000000000000000e+01
1.440000000000000000e+02
1.160000000000000000e+02
1.160000000000000000e+02
1.670000000000000000e+02
1.010000000000000000e+02
5.700000000000000000e+01
1.560000000000000000e+02
1.860000000000000000e+02
1.500000000000000000e+02
1.000000000000000000e+02
1.470000000000000000e+02
1.330000000000000000e+02
1.090000000000000000e+02
1.300000000000000000e+02
1.390000000000000000e+02
3.110000000000000000e+02
2.100000000000000000e+02
2.740000000000000000e+02
2.240000000000000000e+02
3.150000000000000000e+02
2.460000000000000000e+02
4.180000000000000000e+02
2.590000000000000000e+02
3.810000000000000000e+02
3.600000000000000000e+02
4.640000000000000000e+02
3.780000000000000000e+02
3.800000000000000000e+02
3.380000000000000000e+02
6.380000000000000000e+02
4.840000000000000000e+02
5.250000000000000000e+02
5.940000000000000000e+02
4.680000000000000000e+02
6.410000000000000000e+02
5.810000000000000000e+02
1.016000000000000000e+03
6.810000000000000000e+02
7.070000000000000000e+02
8.380000000000000000e+02
6.340000000000000000e+02
8.180000000000000000e+02
7.430000000000000000e+02
8.550000000000000000e+02
8.850000000000000000e+02
1.111000000000000000e+03
9.270000000000000000e+02
8.840000000000000000e+02
1.221000000000000000e+03
8.990000000000000000e+02
1.069000000000000000e+03
1.120000000000000000e+03
1.228000000000000000e+03
1.359000000000000000e+03
1.041000000000000000e+03
9.800000000000000000e+02
9.790000000000000000e+02
9.020000000000000000e+02
1.081000000000000000e+03
1.246000000000000000e+03
1.454000000000000000e+03
1.201000000000000000e+03
1.039000000000000000e+03
1.170000000000000000e+03
1.459000000000000000e+03
1.539000000000000000e+03
1.246000000000000000e+03
2.020000000000000000e+03
1.204000000000000000e+03
1.325000000000000000e+03
1.154000000000000000e+03
1.356000000000000000e+03
1.172000000000000000e+03
1.497000000000000000e+03
1.313000000000000000e+03
1.207000000000000000e+03
1.573000000000000000e+03
1.351000000000000000e+03
1.513000000000000000e+03
1.559000000000000000e+03
1.911000000000000000e+03
2.722000000000000000e+03
2.120000000000000000e+03
2.253000000000000000e+03
2.440000000000000000e+03
1.551000000000000000e+03
3.439000000000000000e+03
4.364000000000000000e+03
2.059000000000000000e+03
5.008000000000000000e+03
2.071000000000000000e+03
4.047000000000000000e+03
3.556000000000000000e+03
2.638000000000000000e+03
3.749000000000000000e+03
4.392000000000000000e+03
3.167000000000000000e+03
2.942000000000000000e+03
3.790000000000000000e+03
3.093000000000000000e+03
5.743000000000000000e+03
3.637000000000000000e+03
4.499000000000000000e+03
2.225000000000000000e+03
2.856000000000000000e+03
1.741000000000000000e+03
5.700000000000000000e+02
1.954000000000000000e+03
2.364000000000000000e+03
3.517000000000000000e+03
2.508000000000000000e+03
2.824000000000000000e+03
2.933000000000000000e+03
3.114000000000000000e+03
3.309000000000000000e+03
3.051000000000000000e+03
2.909000000000000000e+03
2.753000000000000000e+03
2.817000000000000000e+03
2.571000000000000000e+03
2.736000000000000000e+03
2.569000000000000000e+03
1.913000000000000000e+03
2.111000000000000000e+03
1.946000000000000000e+03
1.477000000000000000e+03
1.197000000000000000e+03
5.020000000000000000e+02
1.442000000000000000e+03
2.103000000000000000e+03
1.945000000000000000e+03
1.674000000000000000e+03
1.669000000000000000e+03
1.980000000000000000e+03
1.790000000000000000e+03
1.948000000000000000e+03
1.614000000000000000e+03
1.703000000000000000e+03
1.380000000000000000e+03
1.255000000000000000e+03
1.474000000000000000e+03
0.000000000000000000e+00
2.794000000000000000e+03
1.343000000000000000e+03
1.272000000000000000e+03
1.024000000000000000e+03
1.096000000000000000e+03
1.014000000000000000e+03
1.382000000000000000e+03
1.056000000000000000e+03
1.217000000000000000e+03
1.044000000000000000e+03
8.990000000000000000e+02
8.300000000000000000e+02
8.210000000000000000e+02
9.360000000000000000e+02
7.360000000000000000e+02
7.760000000000000000e+02
7.820000000000000000e+02
7.100000000000000000e+02
5.880000000000000000e+02
7.420000000000000000e+02
7.220000000000000000e+02
7.430000000000000000e+02
6.130000000000000000e+02
6.080000000000000000e+02
5.000000000000000000e+02
4.810000000000000000e+02
6.590000000000000000e+02
7.080000000000000000e+02
5.110000000000000000e+02
5.340000000000000000e+02
4.260000000000000000e+02
4.190000000000000000e+02
4.210000000000000000e+02
4.030000000000000000e+02
5.220000000000000000e+02
4.090000000000000000e+02
4.120000000000000000e+02
5.540000000000000000e+02
3.620000000000000000e+02
2.590000000000000000e+02
4.880000000000000000e+02
4.300000000000000000e+02
4.450000000000000000e+02
4.030000000000000000e+02
2.700000000000000000e+02
2.400000000000000000e+02
2.660000000000000000e+02
3.220000000000000000e+02
3.480000000000000000e+02
3.180000000000000000e+02
3.360000000000000000e+02
3.020000000000000000e+02
2.320000000000000000e+02
2.700000000000000000e+02
3.390000000000000000e+02
3.030000000000000000e+02
2.830000000000000000e+02
2.130000000000000000e+02
1.570000000000000000e+02
1.090000000000000000e+02
1.050000000000000000e+02
1.590000000000000000e+02
1.710000000000000000e+02
1.420000000000000000e+02
1.710000000000000000e+02
1.050000000000000000e+02
9.900000000000000000e+01
1.190000000000000000e+02
1.300000000000000000e+02
1.600000000000000000e+02
1.340000000000000000e+02
8.100000000000000000e+01
1.270000000000000000e+02
5.700000000000000000e+01
1.040000000000000000e+02
1.220000000000000000e+02
1.050000000000000000e+02
1.250000000000000000e+02
9.600000000000000000e+01
9.700000000000000000e+01
8.800000000000000000e+01
8.000000000000000000e+01
1.250000000000000000e+02
1.100000000000000000e+02
9.400000000000000000e+01
1.120000000000000000e+02
1.120000000000000000e+02
8.100000000000000000e+01
7.800000000000000000e+01
7.300000000000000000e+01
7.800000000000000000e+01
8.700000000000000000e+01
1.070000000000000000e+02
1.200000000000000000e+02
4.700000000000000000e+01
6.600000000000000000e+01
8.900000000000000000e+01
5.900000000000000000e+01
1.040000000000000000e+02
9.700000000000000000e+01
4.800000000000000000e+01
6.000000000000000000e+01
5.300000000000000000e+01
7.900000000000000000e+01
1.140000000000000000e+02
9.400000000000000000e+01
1.070000000000000000e+02
1.250000000000000000e+02
7.900000000000000000e+01
7.700000000000000000e+01
1.500000000000000000e+02
1.880000000000000000e+02
1.450000000000000000e+02
1.200000000000000000e+02
1.560000000000000000e+02
8.500000000000000000e+01
8.900000000000000000e+01
1.410000000000000000e+02
1.670000000000000000e+02
1.620000000000000000e+02
1.520000000000000000e+02
1.790000000000000000e+02
1.280000000000000000e+02
1.760000000000000000e+02
2.660000000000000000e+02
2.600000000000000000e+02
2.980000000000000000e+02
3.320000000000000000e+02
2.880000000000000000e+02
3.370000000000000000e+02
3.030000000000000000e+02
4.960000000000000000e+02
4.600000000000000000e+02
5.800000000000000000e+02
4.900000000000000000e+02
8.360000000000000000e+02
7.680000000000000000e+02
1.015000000000000000e+03
1.227000000000000000e+03
1.667000000000000000e+03
2.220000000000000000e+03
2.365000000000000000e+03
2.449000000000000000e+03
2.486000000000000000e+03
3.032000000000000000e+03
3.442000000000000000e+03
4.364000000000000000e+03
4.774000000000000000e+03
4.831000000000000000e+03
5.657000000000000000e+03
5.706000000000000000e+03
7.137000000000000000e+03
7.388000000000000000e+03
7.587000000000000000e+03
8.605000000000000000e+03
8.970000000000000000e+03
9.023000000000000000e+03
8.287000000000000000e+03
8.777000000000000000e+03
9.127000000000000000e+03
9.317000000000000000e+03
9.238000000000000000e+03
8.842000000000000000e+03
8.467000000000000000e+03
8.046000000000000000e+03
7.316000000000000000e+03
9.198000000000000000e+03
8.136000000000000000e+03
8.064000000000000000e+03
8.227000000000000000e+03
8.407000000000000000e+03
8.591000000000000000e+03
7.598000000000000000e+03
7.220000000000000000e+03
8.387000000000000000e+03
6.677000000000000000e+03
6.731000000000000000e+03
6.855000000000000000e+03
4.311000000000000000e+03
3.702000000000000000e+03
4.178000000000000000e+03
5.285000000000000000e+03
4.524000000000000000e+03
5.825000000000000000e+03
4.624000000000000000e+03
3.540000000000000000e+03
3.024000000000000000e+03
3.370000000000000000e+03
3.870000000000000000e+03
3.449000000000000000e+03
2.874000000000000000e+03
2.709000000000000000e+03
2.382000000000000000e+03
1.694000000000000000e+03
2.049000000000000000e+03
1.681000000000000000e+03
2.014000000000000000e+03
1.768000000000000000e+03
1.963000000000000000e+03
1.688000000000000000e+03
1.421000000000000000e+03
1.584000000000000000e+03
3.703000000000000000e+03
1.511000000000000000e+03
1.577000000000000000e+03
1.721000000000000000e+03
1.174000000000000000e+03
1.353000000000000000e+03
1.509000000000000000e+03
1.728000000000000000e+03
1.889000000000000000e+03
1.857000000000000000e+03
1.391000000000000000e+03
1.527000000000000000e+03
1.042000000000000000e+03
1.745000000000000000e+03
1.718000000000000000e+03
2.077000000000000000e+03
1.218000000000000000e+03
1.479000000000000000e+03
1.353000000000000000e+03
1.237000000000000000e+03
1.690000000000000000e+03
1.639000000000000000e+03
2.010000000000000000e+03
1.782000000000000000e+03
2.006000000000000000e+03
1.310000000000000000e+03
1.223000000000000000e+03
1.642000000000000000e+03
2.202000000000000000e+03
1.918000000000000000e+03
1.855000000000000000e+03
1.982000000000000000e+03
2.309000000000000000e+03
1.539000000000000000e+03
2.391000000000000000e+03
2.726000000000000000e+03
2.634000000000000000e+03
2.335000000000000000e+03
2.467000000000000000e+03
2.280000000000000000e+03
1.981000000000000000e+03
