0.000000000000000000e+00
0.000000000000000000e+00
0.000000000000000000e+00
0.000000000000000000e+00
0.000000000000000000e+00
0.000000000000000000e+00
0.000000000000000000e+00
0.000000000000000000e+00
0.000000000000000000e+00
0.000000000000000000e+00
0.000000000000000000e+00
0.000000000000000000e+00
0.000000000000000000e+00
0.000000000000000000e+00
0.000000000000000000e+00
0.000000000000000000e+00
0.000000000000000000e+00
0.000000000000000000e+00
0.000000000000000000e+00
0.000000000000000000e+00
0.000000000000000000e+00
0.000000000000000000e+00
0.000000000000000000e+00
0.000000000000000000e+00
0.000000000000000000e+00
0.000000000000000000e+00
0.000000000000000000e+00
0.000000000000000000e+00
0.000000000000000000e+00
0.000000000000000000e+00
0.000000000000000000e+00
0.000000000000000000e+00
0.000000000000000000e+00
0.000000000000000000e+00
0.000000000000000000e+00
0.000000000000000000e+00
0.000000000000000000e+00
0.000000000000000000e+00
0.000000000000000000e+00
0.000000000000000000e+00
0.000000000000000000e+00
0.000000000000000000e+00
0.000000000000000000e+00
4.000000000000000000e+00
7.000000000000000000e+00
1.600000000000000000e+01
1.600000000000000000e+01
1.900000000000000000e+01
2.600000000000000000e+01
3.000000000000000000e+01
3.000000000000000000e+01
3.100000000000000000e+01
3.500000000000000000e+01
3.800000000000000000e+01
3.800000000000000000e+01
3.900000000000000000e+01
4.100000000000000000e+01
4.400000000000000000e+01
4.700000000000000000e+01
4.800000000000000000e+01
5.200000000000000000e+01
5.900000000000000000e+01
5.900000000000000000e+01
5.900000000000000000e+01
8.400000000000000000e+01
9.100000000000000000e+01
9.800000000000000000e+01
1.090000000000000000e+02
1.160000000000000000e+02
1.190000000000000000e+02
1.340000000000000000e+02
1.610000000000000000e+02
1.940000000000000000e+02
2.170000000000000000e+02
2.370000000000000000e+02
2.540000000000000000e+02
2.610000000000000000e+02
2.630000000000000000e+02
2.630000000000000000e+02
2.670000000000000000e+02
2.680000000000000000e+02
2.710000000000000000e+02
2.730000000000000000e+02
2.840000000000000000e+02
2.910000000000000000e+02
2.940000000000000000e+02
3.070000000000000000e+02
3.130000000000000000e+02
3.190000000000000000e+02
3.290000000000000000e+02
3.290000000000000000e+02
3.350000000000000000e+02
3.360000000000000000e+02
3.400000000000000000e+02
3.420000000000000000e+02
3.420000000000000000e+02
3.420000000000000000e+02
3.430000000000000000e+02
3.440000000000000000e+02
3.440000000000000000e+02
3.530000000000000000e+02
3.530000000000000000e+02
3.530000000000000000e+02
3.620000000000000000e+02
3.710000000000000000e+02
3.740000000000000000e+02
3.750000000000000000e+02
3.750000000000000000e+02
3.750000000000000000e+02
3.750000000000000000e+02
3.750000000000000000e+02
3.750000000000000000e+02
3.750000000000000000e+02
3.750000000000000000e+02
3.750000000000000000e+02
3.760000000000000000e+02
3.810000000000000000e+02
3.880000000000000000e+02
3.910000000000000000e+02
3.980000000000000000e+02
4.230000000000000000e+02
4.230000000000000000e+02
4.230000000000000000e+02
4.230000000000000000e+02
4.230000000000000000e+02
4.290000000000000000e+02
4.340000000000000000e+02
4.460000000000000000e+02
4.460000000000000000e+02
4.470000000000000000e+02
4.480000000000000000e+02
4.490000000000000000e+02
4.510000000000000000e+02
4.570000000000000000e+02
4.640000000000000000e+02
4.640000000000000000e+02
4.640000000000000000e+02
4.720000000000000000e+02
4.730000000000000000e+02
4.810000000000000000e+02
4.850000000000000000e+02
4.870000000000000000e+02
4.890000000000000000e+02
4.890000000000000000e+02
4.920000000000000000e+02
5.050000000000000000e+02
5.140000000000000000e+02
5.550000000000000000e+02
6.000000000000000000e+02
6.750000000000000000e+02
7.840000000000000000e+02
8.330000000000000000e+02
1.001000000000000000e+03
1.169000000000000000e+03
1.328000000000000000e+03
1.382000000000000000e+03
1.557000000000000000e+03
1.815000000000000000e+03
1.990000000000000000e+03
2.185000000000000000e+03
2.428000000000000000e+03
2.758000000000000000e+03
3.080000000000000000e+03
3.334000000000000000e+03
3.835000000000000000e+03
4.277000000000000000e+03
4.341000000000000000e+03
4.647000000000000000e+03
5.029000000000000000e+03
5.220000000000000000e+03
5.551000000000000000e+03
5.931000000000000000e+03
6.230000000000000000e+03
6.566000000000000000e+03
6.764000000000000000e+03
7.064000000000000000e+03
7.412000000000000000e+03
7.764000000000000000e+03
8.204000000000000000e+03
8.549000000000000000e+03
8.916000000000000000e+03
9.228000000000000000e+03
9.398000000000000000e+03
9.744000000000000000e+03
1.009300000000000000e+04
1.030600000000000000e+04
1.046900000000000000e+04
1.062100000000000000e+04
1.093800000000000000e+04
1.128400000000000000e+04
1.154800000000000000e+04
1.183700000000000000e+04
1.216000000000000000e+04
1.229700000000000000e+04
1.254100000000000000e+04
1.277000000000000000e+04
1.306500000000000000e+04
1.339800000000000000e+04
1.372200000000000000e+04
1.392800000000000000e+04
1.420800000000000000e+04
1.451000000000000000e+04
1.487500000000000000e+04
1.518400000000000000e+04
1.549100000000000000e+04
1.583400000000000000e+04
1.615300000000000000e+04
1.653400000000000000e+04
1.684400000000000000e+04
1.730600000000000000e+04
1.760600000000000000e+04
1.798900000000000000e+04
1.831300000000000000e+04
1.847600000000000000e+04
1.880200000000000000e+04
1.921300000000000000e+04
1.967800000000000000e+04
2.015500000000000000e+04
2.067700000000000000e+04
2.125100000000000000e+04
2.166800000000000000e+04
2.220400000000000000e+04
2.272900000000000000e+04
2.328100000000000000e+04
2.387500000000000000e+04
2.447100000000000000e+04
2.514200000000000000e+04
2.557500000000000000e+04
2.612700000000000000e+04
2.677900000000000000e+04
2.736300000000000000e+04
2.791900000000000000e+04
2.866400000000000000e+04
2.925600000000000000e+04
2.990600000000000000e+04
3.057400000000000000e+04
3.136200000000000000e+04
3.225000000000000000e+04
3.300600000000000000e+04
3.384300000000000000e+04
3.440100000000000000e+04
3.500300000000000000e+04
3.568600000000000000e+04
3.615100000000000000e+04
3.658000000000000000e+04
3.708300000000000000e+04
3.759100000000000000e+04
3.796300000000000000e+04
3.825300000000000000e+04
3.870300000000000000e+04
3.912100000000000000e+04
3.954100000000000000e+04
3.989900000000000000e+04
4.032200000000000000e+04
4.076600000000000000e+04
4.107800000000000000e+04
4.149800000000000000e+04
4.195700000000000000e+04
4.243200000000000000e+04
4.284000000000000000e+04
4.325600000000000000e+04
4.366400000000000000e+04
4.394500000000000000e+04
4.429900000000000000e+04
4.468400000000000000e+04
4.520000000000000000e+04
4.565800000000000000e+04
4.610000000000000000e+04
4.643400000000000000e+04
4.674600000000000000e+04
4.713500000000000000e+04
4.761600000000000000e+04
4.812900000000000000e+04
4.862800000000000000e+04
4.913400000000000000e+04
4.957900000000000000e+04
4.998900000000000000e+04
5.044200000000000000e+04
5.095200000000000000e+04
5.152800000000000000e+04
5.194800000000000000e+04
5.257100000000000000e+04
5.307500000000000000e+04
5.352000000000000000e+04
5.406000000000000000e+04
5.477500000000000000e+04
5.540800000000000000e+04
5.609000000000000000e+04
5.667200000000000000e+04
5.722600000000000000e+04
5.765700000000000000e+04
5.815800000000000000e+04
5.883800000000000000e+04
5.942200000000000000e+04
6.006500000000000000e+04
6.078400000000000000e+04
6.151400000000000000e+04
6.216700000000000000e+04
6.303100000000000000e+04
6.386700000000000000e+04
6.493500000000000000e+04
6.618600000000000000e+04
6.729600000000000000e+04
6.876800000000000000e+04
7.025400000000000000e+04
7.164400000000000000e+04
7.319600000000000000e+04
7.500700000000000000e+04
7.672700000000000000e+04
7.849300000000000000e+04
8.042900000000000000e+04
8.189000000000000000e+04
8.358500000000000000e+04
8.564700000000000000e+04
8.800400000000000000e+04
9.019200000000000000e+04
9.270800000000000000e+04
9.467600000000000000e+04
9.609800000000000000e+04
9.803800000000000000e+04
9.975800000000000000e+04
1.011090000000000000e+05
1.029920000000000000e+05
1.048790000000000000e+05
1.066220000000000000e+05
1.080990000000000000e+05
1.097380000000000000e+05
1.111020000000000000e+05
1.134090000000000000e+05
1.156060000000000000e+05
1.177550000000000000e+05
1.196120000000000000e+05
1.212160000000000000e+05
1.226430000000000000e+05
1.239450000000000000e+05
1.255060000000000000e+05
1.273760000000000000e+05
1.290800000000000000e+05
1.305980000000000000e+05
1.319040000000000000e+05
1.330930000000000000e+05
1.343100000000000000e+05
1.354590000000000000e+05
1.367360000000000000e+05
1.380040000000000000e+05
1.392230000000000000e+05
1.402870000000000000e+05
1.412190000000000000e+05
1.422280000000000000e+05
1.431690000000000000e+05
1.442570000000000000e+05
1.452520000000000000e+05
1.460740000000000000e+05
1.467010000000000000e+05
1.474000000000000000e+05
1.481710000000000000e+05
1.489680000000000000e+05
1.497690000000000000e+05
1.505050000000000000e+05
1.511420000000000000e+05
1.515690000000000000e+05
1.520310000000000000e+05
1.525550000000000000e+05
1.530930000000000000e+05
1.535900000000000000e+05
1.540630000000000000e+05
1.545570000000000000e+05
1.550060000000000000e+05
1.554140000000000000e+05
1.558840000000000000e+05
1.563930000000000000e+05
1.569960000000000000e+05
1.575930000000000000e+05
1.581680000000000000e+05
1.585590000000000000e+05
1.589620000000000000e+05
1.594430000000000000e+05
1.599560000000000000e+05
1.604260000000000000e+05
1.610870000000000000e+05
1.615590000000000000e+05
1.620290000000000000e+05
1.626010000000000000e+05
1.632130000000000000e+05
1.639750000000000000e+05
1.647360000000000000e+05
1.655350000000000000e+05
1.662000000000000000e+05
1.668000000000000000e+05
1.676040000000000000e+05
1.684440000000000000e+05
1.694870000000000000e+05
1.705270000000000000e+05
1.711540000000000000e+05
1.717170000000000000e+05
1.723150000000000000e+05
1.736350000000000000e+05
1.749690000000000000e+05
1.763770000000000000e+05
1.777680000000000000e+05
1.792930000000000000e+05
1.808480000000000000e+05
1.819090000000000000e+05
1.836120000000000000e+05
1.853360000000000000e+05
1.873090000000000000e+05
1.893260000000000000e+05
1.912030000000000000e+05
1.930290000000000000e+05
1.945480000000000000e+05
1.968120000000000000e+05
1.985540000000000000e+05
2.003820000000000000e+05
2.023780000000000000e+05
2.036690000000000000e+05
2.056520000000000000e+05
2.074360000000000000e+05
2.093040000000000000e+05
2.116020000000000000e+05
2.137910000000000000e+05
2.159840000000000000e+05
2.180610000000000000e+05
2.199120000000000000e+05
2.213910000000000000e+05
2.236380000000000000e+05
2.259760000000000000e+05
2.280440000000000000e+05
2.300760000000000000e+05
2.320380000000000000e+05
2.335490000000000000e+05
2.347480000000000000e+05
2.364620000000000000e+05
2.382480000000000000e+05
2.400650000000000000e+05
2.423530000000000000e+05
2.446450000000000000e+05
2.468930000000000000e+05
2.484820000000000000e+05
2.512880000000000000e+05
2.539220000000000000e+05
2.564610000000000000e+05
2.591330000000000000e+05
2.620170000000000000e+05
2.643950000000000000e+05
2.658970000000000000e+05
2.681320000000000000e+05
2.708560000000000000e+05
2.727670000000000000e+05
2.746900000000000000e+05
2.764070000000000000e+05
2.781350000000000000e+05
2.797530000000000000e+05
2.807410000000000000e+05
2.822700000000000000e+05
2.842800000000000000e+05
2.860280000000000000e+05
2.876800000000000000e+05
2.891200000000000000e+05
2.902590000000000000e+05
2.909720000000000000e+05
2.920520000000000000e+05
2.934660000000000000e+05
2.945500000000000000e+05
2.956010000000000000e+05
2.964620000000000000e+05
2.964620000000000000e+05
2.976380000000000000e+05
2.982030000000000000e+05
2.989210000000000000e+05
2.997360000000000000e+05
3.003870000000000000e+05
3.009460000000000000e+05
3.014370000000000000e+05
3.017510000000000000e+05
3.022490000000000000e+05
3.027770000000000000e+05
3.032700000000000000e+05
3.032700000000000000e+05
3.032700000000000000e+05
3.036580000000000000e+05
3.038270000000000000e+05
3.040740000000000000e+05
3.040740000000000000e+05
3.045320000000000000e+05
3.045320000000000000e+05
3.049680000000000000e+05
3.052010000000000000e+05
3.052010000000000000e+05
3.057770000000000000e+05
3.063340000000000000e+05
3.067950000000000000e+05
3.067950000000000000e+05
3.075690000000000000e+05
3.078380000000000000e+05
3.080480000000000000e+05
3.083500000000000000e+05
3.087320000000000000e+05
3.090360000000000000e+05
3.093330000000000000e+05
3.096440000000000000e+05
3.098530000000000000e+05
3.100260000000000000e+05
3.100260000000000000e+05
3.105440000000000000e+05
3.105440000000000000e+05
3.110180000000000000e+05
3.110180000000000000e+05
3.110180000000000000e+05
3.115340000000000000e+05
3.116900000000000000e+05
3.119480000000000000e+05
3.121640000000000000e+05
3.123340000000000000e+05
3.124990000000000000e+05
3.126050000000000000e+05
3.126730000000000000e+05
3.128110000000000000e+05
3.130150000000000000e+05
3.130150000000000000e+05
3.130150000000000000e+05
3.135200000000000000e+05
3.135200000000000000e+05
3.137210000000000000e+05
3.138510000000000000e+05
3.138510000000000000e+05
3.141670000000000000e+05
3.142880000000000000e+05
3.144090000000000000e+05
3.144920000000000000e+05
3.145690000000000000e+05
3.145690000000000000e+05
3.147800000000000000e+05
3.148690000000000000e+05
3.148690000000000000e+05
3.150470000000000000e+05
3.151070000000000000e+05
3.151600000000000000e+05
3.152240000000000000e+05
3.152240000000000000e+05
3.154090000000000000e+05
3.155040000000000000e+05
3.155040000000000000e+05
3.156410000000000000e+05
3.156410000000000000e+05
3.157610000000000000e+05
3.157610000000000000e+05
3.158760000000000000e+05
3.158760000000000000e+05
3.159680000000000000e+05
3.159680000000000000e+05
3.160880000000000000e+05
3.160880000000000000e+05
3.161890000000000000e+05
3.163280000000000000e+05
3.164870000000000000e+05
3.166030000000000000e+05
3.167380000000000000e+05
3.168610000000000000e+05
