0.000000000000000000e+00
0.000000000000000000e+00
0.000000000000000000e+00
0.000000000000000000e+00
0.000000000000000000e+00
0.000000000000000000e+00
0.000000000000000000e+00
0.000000000000000000e+00
0.000000000000000000e+00
0.000000000000000000e+00
0.000000000000000000e+00
0.000000000000000000e+00
0.000000000000000000e+00
0.000000000000000000e+00
0.000000000000000000e+00
0.000000000000000000e+00
0.000000000000000000e+00
0.000000000000000000e+00
0.000000000000000000e+00
0.000000000000000000e+00
0.000000000000000000e+00
0.000000000000000000e+00
0.000000000000000000e+00
0.000000000000000000e+00
0.000000000000000000e+00
0.000000000000000000e+00
0.000000000000000000e+00
0.000000000000000000e+00
0.000000000000000000e+00
0.000000000000000000e+00
0.000000000000000000e+00
0.000000000000000000e+00
0.000000000000000000e+00
0.000000000000000000e+00
0.000000000000000000e+00
0.000000000000000000e+00
0.000000000000000000e+00
0.000000000000000000e+00
0.000000000000000000e+00
0.000000000000000000e+00
0.000000000000000000e+00
0.000000000000000000e+00
0.000000000000000000e+00
4.000000000000000000e+00
3.000000000000000000e+00
9.000000000000000000e+00
0.000000000000000000e+00
3.000000000000000000e+00
7.000000000000000000e+00
4.000000000000000000e+00
0.000000000000000000e+00
1.000000000000000000e+00
4.000000000000000000e+00
3.000000000000000000e+00
0.000000000000000000e+00
1.000000000000000000e+00
2.000000000000000000e+00
3.000000000000000000e+00
3.000000000000000000e+00
1.000000000000000000e+00
4.000000000000000000e+00
7.000000000000000000e+00
0.000000000000000000e+00
0.000000000000000000e+00
2.500000000000000000e+01
7.000000000000000000e+00
7.000000000000000000e+00
1.100000000000000000e+01
7.000000000000000000e+00
3.000000000000000000e+00
1.500000000000000000e+01
2.700000000000000000e+01
3.300000000000000000e+01
2.300000000000000000e+01
2.000000000000000000e+01
1.700000000000000000e+01
7.000000000000000000e+00
2.000000000000000000e+00
0.000000000000000000e+00
4.000000000000000000e+00
1.000000000000000000e+00
3.000000000000000000e+00
2.000000000000000000e+00
1.100000000000000000e+01
7.000000000000000000e+00
3.000000000000000000e+00
1.300000000000000000e+01
6.000000000000000000e+00
6.000000000000000000e+00
1.000000000000000000e+01
0.000000000000000000e+00
6.000000000000000000e+00
1.000000000000000000e+00
4.000000000000000000e+00
2.000000000000000000e+00
0.000000000000000000e+00
0.000000000000000000e+00
1.000000000000000000e+00
1.000000000000000000e+00
0.000000000000000000e+00
9.000000000000000000e+00
0.000000000000000000e+00
0.000000000000000000e+00
9.000000000000000000e+00
9.000000000000000000e+00
3.000000000000000000e+00
1.000000000000000000e+00
0.000000000000000000e+00
0.000000000000000000e+00
0.000000000000000000e+00
0.000000000000000000e+00
0.000000000000000000e+00
0.000000000000000000e+00
0.000000000000000000e+00
0.000000000000000000e+00
1.000000000000000000e+00
5.000000000000000000e+00
7.000000000000000000e+00
3.000000000000000000e+00
7.000000000000000000e+00
2.500000000000000000e+01
0.000000000000000000e+00
0.000000000000000000e+00
0.000000000000000000e+00
0.000000000000000000e+00
6.000000000000000000e+00
5.000000000000000000e+00
1.200000000000000000e+01
0.000000000000000000e+00
1.000000000000000000e+00
1.000000000000000000e+00
1.000000000000000000e+00
2.000000000000000000e+00
6.000000000000000000e+00
7.000000000000000000e+00
0.000000000000000000e+00
0.000000000000000000e+00
8.000000000000000000e+00
1.000000000000000000e+00
8.000000000000000000e+00
4.000000000000000000e+00
2.000000000000000000e+00
2.000000000000000000e+00
0.000000000000000000e+00
3.000000000000000000e+00
1.300000000000000000e+01
9.000000000000000000e+00
4.100000000000000000e+01
4.500000000000000000e+01
7.500000000000000000e+01
1.090000000000000000e+02
4.900000000000000000e+01
1.680000000000000000e+02
1.680000000000000000e+02
1.590000000000000000e+02
5.400000000000000000e+01
1.750000000000000000e+02
2.580000000000000000e+02
1.750000000000000000e+02
1.950000000000000000e+02
2.430000000000000000e+02
3.300000000000000000e+02
3.220000000000000000e+02
2.540000000000000000e+02
5.010000000000000000e+02
4.420000000000000000e+02
6.400000000000000000e+01
3.060000000000000000e+02
3.820000000000000000e+02
1.910000000000000000e+02
3.310000000000000000e+02
3.800000000000000000e+02
2.990000000000000000e+02
3.360000000000000000e+02
1.980000000000000000e+02
3.000000000000000000e+02
3.480000000000000000e+02
3.520000000000000000e+02
4.400000000000000000e+02
3.450000000000000000e+02
3.670000000000000000e+02
3.120000000000000000e+02
1.700000000000000000e+02
3.460000000000000000e+02
3.490000000000000000e+02
2.130000000000000000e+02
1.630000000000000000e+02
1.520000000000000000e+02
3.170000000000000000e+02
3.460000000000000000e+02
2.640000000000000000e+02
2.890000000000000000e+02
3.230000000000000000e+02
1.370000000000000000e+02
2.440000000000000000e+02
2.290000000000000000e+02
2.950000000000000000e+02
3.330000000000000000e+02
3.240000000000000000e+02
2.060000000000000000e+02
2.800000000000000000e+02
3.020000000000000000e+02
3.650000000000000000e+02
3.090000000000000000e+02
3.070000000000000000e+02
3.430000000000000000e+02
3.190000000000000000e+02
3.810000000000000000e+02
3.100000000000000000e+02
4.620000000000000000e+02
3.000000000000000000e+02
3.830000000000000000e+02
3.240000000000000000e+02
1.630000000000000000e+02
3.260000000000000000e+02
4.110000000000000000e+02
4.650000000000000000e+02
4.770000000000000000e+02
5.220000000000000000e+02
5.740000000000000000e+02
4.170000000000000000e+02
5.360000000000000000e+02
5.250000000000000000e+02
5.520000000000000000e+02
5.940000000000000000e+02
5.960000000000000000e+02
6.710000000000000000e+02
4.330000000000000000e+02
5.520000000000000000e+02
6.520000000000000000e+02
5.840000000000000000e+02
5.560000000000000000e+02
7.450000000000000000e+02
5.920000000000000000e+02
6.500000000000000000e+02
6.680000000000000000e+02
7.880000000000000000e+02
8.880000000000000000e+02
7.560000000000000000e+02
8.370000000000000000e+02
5.580000000000000000e+02
6.020000000000000000e+02
6.830000000000000000e+02
4.650000000000000000e+02
4.290000000000000000e+02
5.030000000000000000e+02
5.080000000000000000e+02
3.720000000000000000e+02
2.900000000000000000e+02
4.500000000000000000e+02
4.180000000000000000e+02
4.200000000000000000e+02
3.580000000000000000e+02
4.230000000000000000e+02
4.440000000000000000e+02
3.120000000000000000e+02
4.200000000000000000e+02
4.590000000000000000e+02
4.750000000000000000e+02
4.080000000000000000e+02
4.160000000000000000e+02
4.080000000000000000e+02
2.810000000000000000e+02
3.540000000000000000e+02
3.850000000000000000e+02
5.160000000000000000e+02
4.580000000000000000e+02
4.420000000000000000e+02
3.340000000000000000e+02
3.120000000000000000e+02
3.890000000000000000e+02
4.810000000000000000e+02
5.130000000000000000e+02
4.990000000000000000e+02
5.060000000000000000e+02
4.450000000000000000e+02
4.100000000000000000e+02
4.530000000000000000e+02
5.100000000000000000e+02
5.760000000000000000e+02
4.200000000000000000e+02
6.230000000000000000e+02
5.040000000000000000e+02
4.450000000000000000e+02
5.400000000000000000e+02
7.150000000000000000e+02
6.330000000000000000e+02
6.820000000000000000e+02
5.820000000000000000e+02
5.540000000000000000e+02
4.310000000000000000e+02
5.010000000000000000e+02
6.800000000000000000e+02
5.840000000000000000e+02
6.430000000000000000e+02
7.190000000000000000e+02
7.300000000000000000e+02
6.530000000000000000e+02
8.640000000000000000e+02
8.360000000000000000e+02
1.068000000000000000e+03
1.251000000000000000e+03
1.110000000000000000e+03
1.472000000000000000e+03
1.486000000000000000e+03
1.390000000000000000e+03
1.552000000000000000e+03
1.811000000000000000e+03
1.720000000000000000e+03
1.766000000000000000e+03
1.936000000000000000e+03
1.461000000000000000e+03
1.695000000000000000e+03
2.062000000000000000e+03
2.357000000000000000e+03
2.188000000000000000e+03
2.516000000000000000e+03
1.968000000000000000e+03
1.422000000000000000e+03
1.940000000000000000e+03
1.720000000000000000e+03
1.351000000000000000e+03
1.883000000000000000e+03
1.887000000000000000e+03
1.743000000000000000e+03
1.477000000000000000e+03
1.639000000000000000e+03
1.364000000000000000e+03
2.307000000000000000e+03
2.197000000000000000e+03
2.149000000000000000e+03
1.857000000000000000e+03
1.604000000000000000e+03
1.427000000000000000e+03
1.302000000000000000e+03
1.561000000000000000e+03
1.870000000000000000e+03
1.704000000000000000e+03
1.518000000000000000e+03
1.306000000000000000e+03
1.189000000000000000e+03
1.217000000000000000e+03
1.149000000000000000e+03
1.277000000000000000e+03
1.268000000000000000e+03
1.219000000000000000e+03
1.064000000000000000e+03
9.320000000000000000e+02
1.009000000000000000e+03
9.410000000000000000e+02
1.088000000000000000e+03
9.950000000000000000e+02
8.220000000000000000e+02
6.270000000000000000e+02
6.990000000000000000e+02
7.710000000000000000e+02
7.970000000000000000e+02
8.010000000000000000e+02
7.360000000000000000e+02
6.370000000000000000e+02
4.270000000000000000e+02
4.620000000000000000e+02
5.240000000000000000e+02
5.380000000000000000e+02
4.970000000000000000e+02
4.730000000000000000e+02
4.940000000000000000e+02
4.490000000000000000e+02
4.080000000000000000e+02
4.700000000000000000e+02
5.090000000000000000e+02
6.030000000000000000e+02
5.970000000000000000e+02
5.750000000000000000e+02
3.910000000000000000e+02
4.030000000000000000e+02
4.810000000000000000e+02
5.130000000000000000e+02
4.700000000000000000e+02
6.610000000000000000e+02
4.720000000000000000e+02
4.700000000000000000e+02
5.720000000000000000e+02
6.120000000000000000e+02
7.620000000000000000e+02
7.610000000000000000e+02
7.990000000000000000e+02
6.650000000000000000e+02
6.000000000000000000e+02
8.040000000000000000e+02
8.400000000000000000e+02
1.043000000000000000e+03
1.040000000000000000e+03
6.270000000000000000e+02
5.630000000000000000e+02
5.980000000000000000e+02
1.320000000000000000e+03
1.334000000000000000e+03
1.408000000000000000e+03
1.391000000000000000e+03
1.525000000000000000e+03
1.555000000000000000e+03
1.061000000000000000e+03
1.703000000000000000e+03
1.724000000000000000e+03
1.973000000000000000e+03
2.017000000000000000e+03
1.877000000000000000e+03
1.826000000000000000e+03
1.519000000000000000e+03
2.264000000000000000e+03
1.742000000000000000e+03
1.828000000000000000e+03
1.996000000000000000e+03
1.291000000000000000e+03
1.983000000000000000e+03
1.784000000000000000e+03
1.868000000000000000e+03
2.298000000000000000e+03
2.189000000000000000e+03
2.193000000000000000e+03
2.077000000000000000e+03
1.851000000000000000e+03
1.479000000000000000e+03
2.247000000000000000e+03
2.338000000000000000e+03
2.068000000000000000e+03
2.032000000000000000e+03
1.962000000000000000e+03
1.511000000000000000e+03
1.199000000000000000e+03
1.714000000000000000e+03
1.786000000000000000e+03
1.817000000000000000e+03
2.288000000000000000e+03
2.292000000000000000e+03
2.248000000000000000e+03
1.589000000000000000e+03
2.806000000000000000e+03
2.634000000000000000e+03
2.539000000000000000e+03
2.672000000000000000e+03
2.884000000000000000e+03
2.378000000000000000e+03
1.502000000000000000e+03
2.235000000000000000e+03
2.724000000000000000e+03
1.911000000000000000e+03
1.923000000000000000e+03
1.717000000000000000e+03
1.728000000000000000e+03
1.618000000000000000e+03
9.880000000000000000e+02
1.529000000000000000e+03
2.010000000000000000e+03
1.748000000000000000e+03
1.652000000000000000e+03
1.440000000000000000e+03
1.139000000000000000e+03
7.130000000000000000e+02
1.080000000000000000e+03
1.414000000000000000e+03
1.084000000000000000e+03
1.051000000000000000e+03
8.610000000000000000e+02
0.000000000000000000e+00
1.176000000000000000e+03
5.650000000000000000e+02
7.180000000000000000e+02
8.150000000000000000e+02
6.510000000000000000e+02
5.590000000000000000e+02
4.910000000000000000e+02
3.140000000000000000e+02
4.980000000000000000e+02
5.280000000000000000e+02
4.930000000000000000e+02
0.000000000000000000e+00
0.000000000000000000e+00
3.880000000000000000e+02
1.690000000000000000e+02
2.470000000000000000e+02
0.000000000000000000e+00
4.580000000000000000e+02
0.000000000000000000e+00
4.360000000000000000e+02
2.330000000000000000e+02
0.000000000000000000e+00
5.760000000000000000e+02
5.570000000000000000e+02
4.610000000000000000e+02
0.000000000000000000e+00
7.740000000000000000e+02
2.690000000000000000e+02
2.100000000000000000e+02
3.020000000000000000e+02
3.820000000000000000e+02
3.040000000000000000e+02
2.970000000000000000e+02
3.110000000000000000e+02
2.090000000000000000e+02
1.730000000000000000e+02
0.000000000000000000e+00
5.180000000000000000e+02
0.000000000000000000e+00
4.740000000000000000e+02
0.000000000000000000e+00
0.000000000000000000e+00
5.160000000000000000e+02
1.560000000000000000e+02
2.580000000000000000e+02
2.160000000000000000e+02
1.700000000000000000e+02
1.650000000000000000e+02
1.060000000000000000e+02
6.800000000000000000e+01
1.380000000000000000e+02
2.040000000000000000e+02
0.000000000000000000e+00
0.000000000000000000e+00
5.050000000000000000e+02
0.000000000000000000e+00
2.010000000000000000e+02
1.300000000000000000e+02
0.000000000000000000e+00
3.160000000000000000e+02
1.210000000000000000e+02
1.210000000000000000e+02
8.300000000000000000e+01
7.700000000000000000e+01
0.000000000000000000e+00
2.110000000000000000e+02
8.900000000000000000e+01
0.000000000000000000e+00
1.780000000000000000e+02
6.000000000000000000e+01
5.300000000000000000e+01
6.400000000000000000e+01
0.000000000000000000e+00
1.850000000000000000e+02
9.500000000000000000e+01
0.000000000000000000e+00
1.370000000000000000e+02
0.000000000000000000e+00
1.200000000000000000e+02
0.000000000000000000e+00
1.150000000000000000e+02
0.000000000000000000e+00
9.200000000000000000e+01
0.000000000000000000e+00
1.200000000000000000e+02
0.000000000000000000e+00
1.010000000000000000e+02
1.390000000000000000e+02
1.590000000000000000e+02
1.160000000000000000e+02
1.350000000000000000e+02
1.230000000000000000e+02
