0.000000000000000000e+00
0.000000000000000000e+00
0.000000000000000000e+00
0.000000000000000000e+00
0.000000000000000000e+00
0.000000000000000000e+00
0.000000000000000000e+00
0.000000000000000000e+00
0.000000000000000000e+00
0.000000000000000000e+00
0.000000000000000000e+00
0.000000000000000000e+00
0.000000000000000000e+00
0.000000000000000000e+00
0.000000000000000000e+00
0.000000000000000000e+00
0.000000000000000000e+00
0.000000000000000000e+00
0.000000000000000000e+00
0.000000000000000000e+00
0.000000000000000000e+00
0.000000000000000000e+00
0.000000000000000000e+00
0.000000000000000000e+00
0.000000000000000000e+00
0.000000000000000000e+00
0.000000000000000000e+00
0.000000000000000000e+00
0.000000000000000000e+00
0.000000000000000000e+00
0.000000000000000000e+00
0.000000000000000000e+00
0.000000000000000000e+00
0.000000000000000000e+00
0.000000000000000000e+00
1.000000000000000000e+00
1.000000000000000000e+00
1.000000000000000000e+00
2.000000000000000000e+00
2.000000000000000000e+00
2.000000000000000000e+00
2.000000000000000000e+00
4.000000000000000000e+00
4.000000000000000000e+00
1.300000000000000000e+01
1.300000000000000000e+01
2.000000000000000000e+01
2.500000000000000000e+01
3.100000000000000000e+01
3.800000000000000000e+01
5.200000000000000000e+01
1.510000000000000000e+02
1.510000000000000000e+02
1.620000000000000000e+02
2.000000000000000000e+02
3.210000000000000000e+02
3.720000000000000000e+02
6.210000000000000000e+02
7.930000000000000000e+02
1.021000000000000000e+03
1.546000000000000000e+03
1.924000000000000000e+03
2.247000000000000000e+03
2.554000000000000000e+03
2.985000000000000000e+03
3.417000000000000000e+03
3.904000000000000000e+03
4.256000000000000000e+03
4.579000000000000000e+03
5.717000000000000000e+03
6.836000000000000000e+03
8.044000000000000000e+03
9.056000000000000000e+03
1.036000000000000000e+04
1.113000000000000000e+04
1.216100000000000000e+04
1.403400000000000000e+04
1.617000000000000000e+04
1.809200000000000000e+04
1.963800000000000000e+04
2.072700000000000000e+04
2.219200000000000000e+04
2.343000000000000000e+04
2.526200000000000000e+04
2.832000000000000000e+04
3.042500000000000000e+04
3.368200000000000000e+04
3.665800000000000000e+04
3.865400000000000000e+04
4.074300000000000000e+04
4.307900000000000000e+04
4.575700000000000000e+04
5.003600000000000000e+04
5.404300000000000000e+04
5.932400000000000000e+04
6.310000000000000000e+04
6.744600000000000000e+04
7.323500000000000000e+04
7.968500000000000000e+04
8.718700000000000000e+04
9.220200000000000000e+04
9.710000000000000000e+04
1.018260000000000000e+05
1.086200000000000000e+05
1.154550000000000000e+05
1.266110000000000000e+05
1.357730000000000000e+05
1.468940000000000000e+05
1.560610000000000000e+05
1.626990000000000000e+05
1.695940000000000000e+05
1.782140000000000000e+05
1.901370000000000000e+05
2.031650000000000000e+05
2.202910000000000000e+05
2.335110000000000000e+05
2.410800000000000000e+05
2.553680000000000000e+05
2.718850000000000000e+05
2.915790000000000000e+05
3.100870000000000000e+05
3.308900000000000000e+05
3.473980000000000000e+05
3.632110000000000000e+05
3.748980000000000000e+05
3.912220000000000000e+05
4.118210000000000000e+05
4.382380000000000000e+05
4.651660000000000000e+05
4.984400000000000000e+05
5.148490000000000000e+05
5.264470000000000000e+05
5.553830000000000000e+05
5.840160000000000000e+05
6.149410000000000000e+05
6.457710000000000000e+05
6.728460000000000000e+05
6.917580000000000000e+05
7.074120000000000000e+05
7.395030000000000000e+05
7.724160000000000000e+05
8.028280000000000000e+05
8.288100000000000000e+05
8.505140000000000000e+05
8.676240000000000000e+05
8.882710000000000000e+05
9.231890000000000000e+05
9.553770000000000000e+05
9.781420000000000000e+05
1.032913000000000000e+06
1.067579000000000000e+06
1.083341000000000000e+06
1.106470000000000000e+06
1.145906000000000000e+06
1.188631000000000000e+06
1.228114000000000000e+06
1.274974000000000000e+06
1.313667000000000000e+06
1.344143000000000000e+06
1.368195000000000000e+06
1.402041000000000000e+06
1.448753000000000000e+06
1.496858000000000000e+06
1.539081000000000000e+06
1.577004000000000000e+06
1.603055000000000000e+06
1.623284000000000000e+06
1.668589000000000000e+06
1.713160000000000000e+06
1.755779000000000000e+06
1.800827000000000000e+06
1.839850000000000000e+06
1.864681000000000000e+06
1.884967000000000000e+06
1.926824000000000000e+06
1.966748000000000000e+06
2.012151000000000000e+06
2.046328000000000000e+06
2.074860000000000000e+06
2.098389000000000000e+06
2.118646000000000000e+06
2.159654000000000000e+06
2.227514000000000000e+06
2.287475000000000000e+06
2.343366000000000000e+06
2.394513000000000000e+06
2.419091000000000000e+06
2.442375000000000000e+06
2.483191000000000000e+06
2.552265000000000000e+06
2.610102000000000000e+06
2.662485000000000000e+06
2.707877000000000000e+06
2.733677000000000000e+06
2.750318000000000000e+06
2.801921000000000000e+06
2.859073000000000000e+06
2.912212000000000000e+06
2.962442000000000000e+06
3.012412000000000000e+06
3.035422000000000000e+06
3.057470000000000000e+06
3.109630000000000000e+06
3.164785000000000000e+06
3.224876000000000000e+06
3.275520000000000000e+06
3.317096000000000000e+06
3.340197000000000000e+06
3.359570000000000000e+06
3.407354000000000000e+06
3.456652000000000000e+06
3.501975000000000000e+06
3.532330000000000000e+06
3.582362000000000000e+06
3.605783000000000000e+06
3.622861000000000000e+06
3.669995000000000000e+06
3.717156000000000000e+06
3.761391000000000000e+06
3.804803000000000000e+06
3.846153000000000000e+06
3.862311000000000000e+06
3.908272000000000000e+06
3.950931000000000000e+06
3.997865000000000000e+06
4.041638000000000000e+06
4.091801000000000000e+06
4.123000000000000000e+06
4.137521000000000000e+06
4.147794000000000000e+06
4.162073000000000000e+06
4.197889000000000000e+06
4.238446000000000000e+06
4.282164000000000000e+06
4.315687000000000000e+06
4.330455000000000000e+06
4.345610000000000000e+06
4.382263000000000000e+06
4.419083000000000000e+06
4.455386000000000000e+06
4.495183000000000000e+06
4.528240000000000000e+06
4.544629000000000000e+06
4.558040000000000000e+06
4.591364000000000000e+06
4.591364000000000000e+06
4.657702000000000000e+06
4.689613000000000000e+06
4.717991000000000000e+06
4.732309000000000000e+06
4.745464000000000000e+06
4.777522000000000000e+06
4.810935000000000000e+06
4.847092000000000000e+06
4.847092000000000000e+06
4.906833000000000000e+06
4.915289000000000000e+06
4.927235000000000000e+06
4.969141000000000000e+06
5.000694000000000000e+06
5.028444000000000000e+06
5.055888000000000000e+06
5.082637000000000000e+06
5.094979000000000000e+06
5.103408000000000000e+06
5.113628000000000000e+06
5.140863000000000000e+06
5.169386000000000000e+06
5.200300000000000000e+06
5.224362000000000000e+06
5.224362000000000000e+06
5.250727000000000000e+06
5.273954000000000000e+06
5.298772000000000000e+06
5.323630000000000000e+06
5.353656000000000000e+06
5.380635000000000000e+06
5.394128000000000000e+06
5.409854000000000000e+06
5.439641000000000000e+06
5.468270000000000000e+06
5.494376000000000000e+06
5.516658000000000000e+06
5.535605000000000000e+06
5.545705000000000000e+06
5.554206000000000000e+06
5.566049000000000000e+06
5.590025000000000000e+06
5.590025000000000000e+06
5.631181000000000000e+06
5.653561000000000000e+06
5.664115000000000000e+06
5.675032000000000000e+06
5.699005000000000000e+06
5.747660000000000000e+06
5.781582000000000000e+06
5.810652000000000000e+06
5.848959000000000000e+06
5.863093000000000000e+06
5.876464000000000000e+06
5.911758000000000000e+06
5.945849000000000000e+06
5.981767000000000000e+06
6.020164000000000000e+06
6.052786000000000000e+06
6.071401000000000000e+06
6.087608000000000000e+06
6.118708000000000000e+06
6.166606000000000000e+06
6.204220000000000000e+06
6.238350000000000000e+06
6.290272000000000000e+06
6.314740000000000000e+06
6.335878000000000000e+06
6.386787000000000000e+06
6.436650000000000000e+06
6.487084000000000000e+06
6.533968000000000000e+06
6.577177000000000000e+06
6.603540000000000000e+06
6.623911000000000000e+06
6.674999000000000000e+06
6.728452000000000000e+06
6.781799000000000000e+06
6.836227000000000000e+06
6.880127000000000000e+06
6.901952000000000000e+06
6.927145000000000000e+06
6.970034000000000000e+06
7.040608000000000000e+06
7.110434000000000000e+06
7.162978000000000000e+06
7.213155000000000000e+06
7.238600000000000000e+06
7.263619000000000000e+06
7.318821000000000000e+06
7.365517000000000000e+06
7.423945000000000000e+06
7.448560000000000000e+06
7.465806000000000000e+06
7.484285000000000000e+06
7.504833000000000000e+06
7.563551000000000000e+06
7.619200000000000000e+06
7.675973000000000000e+06
7.700578000000000000e+06
7.716405000000000000e+06
7.733746000000000000e+06
7.753752000000000000e+06
7.810400000000000000e+06
7.873830000000000000e+06
7.961673000000000000e+06
8.013708000000000000e+06
8.075998000000000000e+06
8.105790000000000000e+06
8.131612000000000000e+06
8.195637000000000000e+06
8.256536000000000000e+06
8.324294000000000000e+06
8.393492000000000000e+06
8.455059000000000000e+06
8.488099000000000000e+06
8.511770000000000000e+06
8.573864000000000000e+06
8.638249000000000000e+06
8.697368000000000000e+06
8.753920000000000000e+06
8.816254000000000000e+06
8.844577000000000000e+06
8.871393000000000000e+06
8.933356000000000000e+06
8.996876000000000000e+06
9.058687000000000000e+06
9.118513000000000000e+06
9.176975000000000000e+06
9.204731000000000000e+06
9.229322000000000000e+06
9.283418000000000000e+06
9.339420000000000000e+06
9.396293000000000000e+06
9.447165000000000000e+06
9.447165000000000000e+06
9.524640000000000000e+06
9.524640000000000000e+06
9.599565000000000000e+06
9.659167000000000000e+06
9.713909000000000000e+06
9.765455000000000000e+06
9.809754000000000000e+06
9.834513000000000000e+06
9.866710000000000000e+06
9.921981000000000000e+06
9.978747000000000000e+06
1.003062600000000000e+07
1.008420800000000000e+07
1.013914800000000000e+07
1.016817400000000000e+07
1.019516000000000000e+07
1.025787500000000000e+07
1.032446300000000000e+07
1.039046100000000000e+07
1.045563000000000000e+07
1.051723200000000000e+07
1.055125900000000000e+07
1.058700100000000000e+07
1.064692600000000000e+07
1.071863000000000000e+07
1.079373200000000000e+07
1.086922700000000000e+07
1.093883600000000000e+07
1.101934400000000000e+07
1.105166500000000000e+07
1.112242900000000000e+07
1.120230500000000000e+07
1.127771700000000000e+07
1.136338000000000000e+07
1.143955800000000000e+07
1.148337000000000000e+07
1.151960900000000000e+07
1.160353500000000000e+07
1.169383800000000000e+07
1.178082000000000000e+07
1.187139000000000000e+07
1.195045900000000000e+07
1.199823300000000000e+07
1.204752600000000000e+07
1.213001900000000000e+07
1.222001100000000000e+07
1.232016900000000000e+07
1.240441400000000000e+07
1.249036200000000000e+07
1.253468800000000000e+07
1.257361500000000000e+07
1.265810900000000000e+07
1.274874700000000000e+07
1.283984400000000000e+07
1.291008200000000000e+07
1.295359700000000000e+07
1.298495600000000000e+07
1.301360100000000000e+07
1.310058000000000000e+07
1.319320500000000000e+07
1.327985700000000000e+07
1.337317400000000000e+07
1.344500600000000000e+07
1.348202300000000000e+07
1.351780800000000000e+07
1.359999400000000000e+07
1.367350700000000000e+07
1.374668100000000000e+07
1.383245500000000000e+07
1.390009100000000000e+07
1.394307100000000000e+07
1.397369500000000000e+07
1.404307600000000000e+07
1.412279500000000000e+07
1.416797300000000000e+07
1.423707800000000000e+07
1.430821500000000000e+07
1.434078700000000000e+07
1.436942300000000000e+07
1.444156300000000000e+07
1.452128900000000000e+07
1.459067800000000000e+07
1.465901100000000000e+07
1.472597500000000000e+07
1.475491000000000000e+07
1.477952900000000000e+07
1.485688800000000000e+07
1.493018300000000000e+07
1.500356300000000000e+07
1.508244900000000000e+07
1.514587900000000000e+07
1.518479000000000000e+07
1.520999000000000000e+07
1.528270500000000000e+07
1.535939700000000000e+07
1.543398900000000000e+07
1.551952500000000000e+07
1.558653400000000000e+07
1.562724300000000000e+07
1.565739100000000000e+07
1.573283600000000000e+07
1.581205500000000000e+07
1.589409400000000000e+07
1.597094900000000000e+07
1.604743900000000000e+07
1.608325800000000000e+07
1.612075600000000000e+07
1.619420900000000000e+07
1.627469500000000000e+07
1.634216200000000000e+07
1.639193000000000000e+07
1.647160000000000000e+07
1.651512000000000000e+07
1.654555400000000000e+07
1.662448000000000000e+07
1.672008100000000000e+07
1.680347200000000000e+07
1.684140800000000000e+07
1.690742500000000000e+07
1.694706200000000000e+07
1.698421800000000000e+07
1.703712900000000000e+07
1.712287700000000000e+07
1.721096900000000000e+07
1.729611800000000000e+07
1.737481800000000000e+07
1.741276600000000000e+07
1.745261200000000000e+07
1.753322100000000000e+07
1.762858800000000000e+07
1.770263000000000000e+07
1.780146200000000000e+07
1.788375000000000000e+07
1.792792800000000000e+07
1.796683100000000000e+07
1.805465300000000000e+07
1.816988100000000000e+07
1.824348300000000000e+07
1.832276000000000000e+07
1.838689400000000000e+07
1.842059800000000000e+07
1.844840200000000000e+07
1.851330500000000000e+07
1.855714100000000000e+07
1.862230400000000000e+07
1.868746900000000000e+07
1.874202500000000000e+07
1.876980800000000000e+07
1.879251100000000000e+07
1.885501500000000000e+07
1.890903700000000000e+07
1.896276200000000000e+07
1.902049900000000000e+07
1.906900300000000000e+07
1.908994000000000000e+07
1.910697100000000000e+07
1.915199300000000000e+07
1.920972900000000000e+07
1.926251800000000000e+07
1.930810900000000000e+07
1.934244800000000000e+07
1.937657400000000000e+07
1.939184500000000000e+07
1.941943700000000000e+07
1.947395400000000000e+07
1.952371100000000000e+07
1.963244300000000000e+07
1.967053400000000000e+07
1.968866300000000000e+07
1.970766200000000000e+07
1.974907300000000000e+07
1.979708600000000000e+07
1.983936900000000000e+07
1.988027300000000000e+07
1.991785500000000000e+07
1.993835800000000000e+07
