0.000000000000000000e+00
0.000000000000000000e+00
0.000000000000000000e+00
0.000000000000000000e+00
0.000000000000000000e+00
0.000000000000000000e+00
0.000000000000000000e+00
0.000000000000000000e+00
0.000000000000000000e+00
0.000000000000000000e+00
0.000000000000000000e+00
0.000000000000000000e+00
0.000000000000000000e+00
0.000000000000000000e+00
0.000000000000000000e+00
0.000000000000000000e+00
0.000000000000000000e+00
0.000000000000000000e+00
0.000000000000000000e+00
0.000000000000000000e+00
0.000000000000000000e+00
0.000000000000000000e+00
0.000000000000000000e+00
0.000000000000000000e+00
0.000000000000000000e+00
0.000000000000000000e+00
0.000000000000000000e+00
0.000000000000000000e+00
0.000000000000000000e+00
0.000000000000000000e+00
0.000000000000000000e+00
0.000000000000000000e+00
0.000000000000000000e+00
0.000000000000000000e+00
0.000000000000000000e+00
1.000000000000000000e+00
0.000000000000000000e+00
0.000000000000000000e+00
1.000000000000000000e+00
0.000000000000000000e+00
0.000000000000000000e+00
0.000000000000000000e+00
2.000000000000000000e+00
0.000000000000000000e+00
9.000000000000000000e+00
0.000000000000000000e+00
7.000000000000000000e+00
5.000000000000000000e+00
6.000000000000000000e+00
7.000000000000000000e+00
1.400000000000000000e+01
9.900000000000000000e+01
0.000000000000000000e+00
1.100000000000000000e+01
3.800000000000000000e+01
1.210000000000000000e+02
5.100000000000000000e+01
2.490000000000000000e+02
1.720000000000000000e+02
2.280000000000000000e+02
5.250000000000000000e+02
3.780000000000000000e+02
3.230000000000000000e+02
3.070000000000000000e+02
4.310000000000000000e+02
4.320000000000000000e+02
4.870000000000000000e+02
3.520000000000000000e+02
3.230000000000000000e+02
1.138000000000000000e+03
1.119000000000000000e+03
1.208000000000000000e+03
1.012000000000000000e+03
1.304000000000000000e+03
7.700000000000000000e+02
1.031000000000000000e+03
1.873000000000000000e+03
2.136000000000000000e+03
1.922000000000000000e+03
1.546000000000000000e+03
1.089000000000000000e+03
1.465000000000000000e+03
1.238000000000000000e+03
1.832000000000000000e+03
3.058000000000000000e+03
2.105000000000000000e+03
3.257000000000000000e+03
2.976000000000000000e+03
1.996000000000000000e+03
2.089000000000000000e+03
2.336000000000000000e+03
2.678000000000000000e+03
4.279000000000000000e+03
4.007000000000000000e+03
5.281000000000000000e+03
3.776000000000000000e+03
4.346000000000000000e+03
5.789000000000000000e+03
6.450000000000000000e+03
7.502000000000000000e+03
5.015000000000000000e+03
4.898000000000000000e+03
4.726000000000000000e+03
6.794000000000000000e+03
6.835000000000000000e+03
1.115600000000000000e+04
9.162000000000000000e+03
1.112100000000000000e+04
9.167000000000000000e+03
6.638000000000000000e+03
6.895000000000000000e+03
8.620000000000000000e+03
1.192300000000000000e+04
1.302800000000000000e+04
1.712600000000000000e+04
1.322000000000000000e+04
7.569000000000000000e+03
1.428800000000000000e+04
1.651700000000000000e+04
1.969400000000000000e+04
1.850800000000000000e+04
2.080300000000000000e+04
1.650800000000000000e+04
1.581300000000000000e+04
1.168700000000000000e+04
1.632400000000000000e+04
2.059900000000000000e+04
2.641700000000000000e+04
2.692800000000000000e+04
3.327400000000000000e+04
1.640900000000000000e+04
1.159800000000000000e+04
2.893600000000000000e+04
2.863300000000000000e+04
3.092500000000000000e+04
3.083000000000000000e+04
2.707500000000000000e+04
1.891200000000000000e+04
1.565400000000000000e+04
3.209100000000000000e+04
3.291300000000000000e+04
3.041200000000000000e+04
2.598200000000000000e+04
2.170400000000000000e+04
1.711000000000000000e+04
2.064700000000000000e+04
3.491800000000000000e+04
3.218800000000000000e+04
2.276500000000000000e+04
5.477100000000000000e+04
3.466600000000000000e+04
1.576200000000000000e+04
2.312900000000000000e+04
3.943600000000000000e+04
4.272500000000000000e+04
3.948300000000000000e+04
4.686000000000000000e+04
3.869300000000000000e+04
3.047600000000000000e+04
2.405200000000000000e+04
3.384600000000000000e+04
4.671200000000000000e+04
4.810500000000000000e+04
4.222300000000000000e+04
3.792300000000000000e+04
2.605100000000000000e+04
2.022900000000000000e+04
4.530500000000000000e+04
4.457100000000000000e+04
4.261900000000000000e+04
4.504800000000000000e+04
3.902300000000000000e+04
2.483100000000000000e+04
2.028600000000000000e+04
4.185700000000000000e+04
3.992400000000000000e+04
4.540300000000000000e+04
3.417700000000000000e+04
2.853200000000000000e+04
2.352900000000000000e+04
2.025700000000000000e+04
4.100800000000000000e+04
6.786000000000000000e+04
5.996100000000000000e+04
5.589100000000000000e+04
5.114700000000000000e+04
2.457800000000000000e+04
2.328400000000000000e+04
4.081600000000000000e+04
6.907400000000000000e+04
5.783700000000000000e+04
5.238300000000000000e+04
4.539200000000000000e+04
2.580000000000000000e+04
1.664100000000000000e+04
5.160300000000000000e+04
5.715200000000000000e+04
5.313900000000000000e+04
5.023000000000000000e+04
4.997000000000000000e+04
2.301000000000000000e+04
2.204800000000000000e+04
5.216000000000000000e+04
5.515500000000000000e+04
6.009100000000000000e+04
5.064400000000000000e+04
4.157600000000000000e+04
2.310100000000000000e+04
1.937300000000000000e+04
4.778400000000000000e+04
4.929800000000000000e+04
4.532300000000000000e+04
3.035500000000000000e+04
5.003200000000000000e+04
2.342100000000000000e+04
1.707800000000000000e+04
4.713400000000000000e+04
4.716100000000000000e+04
4.423500000000000000e+04
4.341200000000000000e+04
4.135000000000000000e+04
1.615800000000000000e+04
4.596100000000000000e+04
4.265900000000000000e+04
4.693400000000000000e+04
4.377300000000000000e+04
5.016300000000000000e+04
3.119900000000000000e+04
1.452100000000000000e+04
1.027300000000000000e+04
1.427900000000000000e+04
3.581600000000000000e+04
4.055700000000000000e+04
4.371800000000000000e+04
3.352300000000000000e+04
1.476800000000000000e+04
1.515500000000000000e+04
3.665300000000000000e+04
3.682000000000000000e+04
3.630300000000000000e+04
3.979700000000000000e+04
3.305700000000000000e+04
1.638900000000000000e+04
1.341100000000000000e+04
3.332400000000000000e+04
0.000000000000000000e+00
6.633800000000000000e+04
3.191100000000000000e+04
2.837800000000000000e+04
1.431800000000000000e+04
1.315500000000000000e+04
3.205800000000000000e+04
3.341300000000000000e+04
3.615700000000000000e+04
0.000000000000000000e+00
5.974100000000000000e+04
8.456000000000000000e+03
1.194600000000000000e+04
4.190600000000000000e+04
3.155300000000000000e+04
2.775000000000000000e+04
2.744400000000000000e+04
2.674900000000000000e+04
1.234200000000000000e+04
8.429000000000000000e+03
1.022000000000000000e+04
2.723500000000000000e+04
2.852300000000000000e+04
3.091400000000000000e+04
2.406200000000000000e+04
0.000000000000000000e+00
2.636500000000000000e+04
2.322700000000000000e+04
2.481800000000000000e+04
2.485800000000000000e+04
3.002600000000000000e+04
2.697900000000000000e+04
1.349300000000000000e+04
1.572600000000000000e+04
2.978700000000000000e+04
2.862900000000000000e+04
2.610600000000000000e+04
2.228200000000000000e+04
1.894700000000000000e+04
1.010000000000000000e+04
8.501000000000000000e+03
1.184300000000000000e+04
2.397600000000000000e+04
0.000000000000000000e+00
4.115600000000000000e+04
2.238000000000000000e+04
1.055400000000000000e+04
1.091700000000000000e+04
2.397300000000000000e+04
4.865500000000000000e+04
3.392200000000000000e+04
2.907000000000000000e+04
3.830700000000000000e+04
1.413400000000000000e+04
1.337100000000000000e+04
3.529400000000000000e+04
3.409100000000000000e+04
3.591800000000000000e+04
3.839700000000000000e+04
3.262200000000000000e+04
1.861500000000000000e+04
1.620700000000000000e+04
3.110000000000000000e+04
4.789800000000000000e+04
3.761400000000000000e+04
3.413000000000000000e+04
5.192200000000000000e+04
2.446800000000000000e+04
2.113800000000000000e+04
5.090900000000000000e+04
4.986300000000000000e+04
5.043400000000000000e+04
4.688400000000000000e+04
4.320900000000000000e+04
2.636300000000000000e+04
2.037100000000000000e+04
5.108800000000000000e+04
5.345300000000000000e+04
5.334700000000000000e+04
5.442800000000000000e+04
4.390000000000000000e+04
2.182500000000000000e+04
2.519300000000000000e+04
4.288900000000000000e+04
7.057400000000000000e+04
6.982600000000000000e+04
5.254400000000000000e+04
5.017700000000000000e+04
2.544500000000000000e+04
2.501900000000000000e+04
5.520200000000000000e+04
4.669600000000000000e+04
5.842800000000000000e+04
2.461500000000000000e+04
1.724600000000000000e+04
1.847900000000000000e+04
2.054800000000000000e+04
5.871800000000000000e+04
5.564900000000000000e+04
5.677300000000000000e+04
2.460500000000000000e+04
1.582700000000000000e+04
1.734100000000000000e+04
2.000600000000000000e+04
5.664800000000000000e+04
6.343000000000000000e+04
8.784300000000000000e+04
5.203500000000000000e+04
6.229000000000000000e+04
2.979200000000000000e+04
2.582200000000000000e+04
6.402500000000000000e+04
6.089900000000000000e+04
6.775800000000000000e+04
6.919800000000000000e+04
6.156700000000000000e+04
3.304000000000000000e+04
2.367100000000000000e+04
6.209400000000000000e+04
6.438500000000000000e+04
5.911900000000000000e+04
5.655200000000000000e+04
6.233400000000000000e+04
2.832300000000000000e+04
2.681600000000000000e+04
6.196300000000000000e+04
6.352000000000000000e+04
6.181100000000000000e+04
5.982600000000000000e+04
5.846200000000000000e+04
2.775600000000000000e+04
2.459100000000000000e+04
5.409600000000000000e+04
5.600200000000000000e+04
5.687300000000000000e+04
5.087200000000000000e+04
0.000000000000000000e+00
7.747500000000000000e+04
0.000000000000000000e+00
7.492500000000000000e+04
5.960200000000000000e+04
5.474200000000000000e+04
5.154600000000000000e+04
4.429900000000000000e+04
2.475900000000000000e+04
3.219700000000000000e+04
5.527100000000000000e+04
5.676600000000000000e+04
5.187900000000000000e+04
5.358200000000000000e+04
5.494000000000000000e+04
2.902600000000000000e+04
2.698600000000000000e+04
6.271500000000000000e+04
6.658800000000000000e+04
6.599800000000000000e+04
6.516900000000000000e+04
6.160200000000000000e+04
3.402700000000000000e+04
3.574200000000000000e+04
5.992500000000000000e+04
7.170400000000000000e+04
7.510200000000000000e+04
7.549500000000000000e+04
6.960900000000000000e+04
8.050800000000000000e+04
3.232100000000000000e+04
7.076400000000000000e+04
7.987600000000000000e+04
7.541200000000000000e+04
8.566300000000000000e+04
7.617800000000000000e+04
4.381200000000000000e+04
3.623900000000000000e+04
8.392600000000000000e+04
9.030300000000000000e+04
8.698200000000000000e+04
9.057000000000000000e+04
7.906900000000000000e+04
4.777400000000000000e+04
4.929300000000000000e+04
8.249300000000000000e+04
8.999200000000000000e+04
1.001580000000000000e+05
8.424500000000000000e+04
8.594800000000000000e+04
4.432600000000000000e+04
3.892700000000000000e+04
8.449400000000000000e+04
9.063800000000000000e+04
9.109700000000000000e+04
7.023800000000000000e+04
4.351500000000000000e+04
3.135900000000000000e+04
2.864500000000000000e+04
8.697900000000000000e+04
9.262500000000000000e+04
8.665200000000000000e+04
9.331700000000000000e+04
7.183200000000000000e+04
3.701700000000000000e+04
3.578500000000000000e+04
8.218600000000000000e+04
7.351300000000000000e+04
7.317400000000000000e+04
8.577400000000000000e+04
6.763600000000000000e+04
4.298000000000000000e+04
3.062400000000000000e+04
6.938100000000000000e+04
7.971900000000000000e+04
4.517800000000000000e+04
6.910500000000000000e+04
7.113700000000000000e+04
3.257200000000000000e+04
2.863600000000000000e+04
7.214000000000000000e+04
7.972600000000000000e+04
6.938900000000000000e+04
6.833300000000000000e+04
6.696400000000000000e+04
2.893500000000000000e+04
2.461900000000000000e+04
7.735900000000000000e+04
7.329500000000000000e+04
7.338000000000000000e+04
7.888600000000000000e+04
6.343000000000000000e+04
3.891100000000000000e+04
2.520000000000000000e+04
7.271500000000000000e+04
7.669200000000000000e+04
7.459200000000000000e+04
8.553600000000000000e+04
6.700900000000000000e+04
4.070900000000000000e+04
3.014800000000000000e+04
7.544500000000000000e+04
7.921900000000000000e+04
8.203900000000000000e+04
7.685500000000000000e+04
7.649000000000000000e+04
3.581900000000000000e+04
3.749800000000000000e+04
7.345300000000000000e+04
8.048600000000000000e+04
6.746700000000000000e+04
4.976800000000000000e+04
7.967000000000000000e+04
4.352000000000000000e+04
3.043400000000000000e+04
7.892600000000000000e+04
9.560100000000000000e+04
8.339100000000000000e+04
3.793600000000000000e+04
6.601700000000000000e+04
3.963700000000000000e+04
3.715600000000000000e+04
5.291100000000000000e+04
8.574800000000000000e+04
8.809200000000000000e+04
8.514900000000000000e+04
7.870000000000000000e+04
3.794800000000000000e+04
3.984600000000000000e+04
8.060900000000000000e+04
9.536700000000000000e+04
7.404200000000000000e+04
9.883200000000000000e+04
8.228800000000000000e+04
4.417800000000000000e+04
3.890300000000000000e+04
8.782200000000000000e+04
1.152280000000000000e+05
7.360200000000000000e+04
7.927700000000000000e+04
6.413400000000000000e+04
3.370400000000000000e+04
2.780400000000000000e+04
6.490300000000000000e+04
4.383600000000000000e+04
6.516300000000000000e+04
6.516500000000000000e+04
5.455600000000000000e+04
2.778300000000000000e+04
2.270300000000000000e+04
6.250400000000000000e+04
5.402200000000000000e+04
5.372500000000000000e+04
5.773700000000000000e+04
4.850400000000000000e+04
2.093700000000000000e+04
1.703100000000000000e+04
4.502200000000000000e+04
5.773600000000000000e+04
5.278900000000000000e+04
4.559100000000000000e+04
3.433900000000000000e+04
3.412600000000000000e+04
1.527100000000000000e+04
2.759200000000000000e+04
5.451700000000000000e+04
4.975700000000000000e+04
1.087320000000000000e+05
3.809100000000000000e+04
1.812900000000000000e+04
1.899900000000000000e+04
4.141100000000000000e+04
4.801300000000000000e+04
4.228300000000000000e+04
4.090400000000000000e+04
3.758200000000000000e+04
2.050300000000000000e+04
