0.000000000000000000e+00
0.000000000000000000e+00
0.000000000000000000e+00
0.000000000000000000e+00
0.000000000000000000e+00
0.000000000000000000e+00
0.000000000000000000e+00
0.000000000000000000e+00
0.000000000000000000e+00
0.000000000000000000e+00
0.000000000000000000e+00
0.000000000000000000e+00
0.000000000000000000e+00
0.000000000000000000e+00
0.000000000000000000e+00
0.000000000000000000e+00
0.000000000000000000e+00
0.000000000000000000e+00
0.000000000000000000e+00
0.000000000000000000e+00
0.000000000000000000e+00
0.000000000000000000e+00
0.000000000000000000e+00
0.000000000000000000e+00
0.000000000000000000e+00
0.000000000000000000e+00
0.000000000000000000e+00
0.000000000000000000e+00
0.000000000000000000e+00
0.000000000000000000e+00
0.000000000000000000e+00
0.000000000000000000e+00
0.000000000000000000e+00
1.000000000000000000e+00
1.000000000000000000e+00
1.000000000000000000e+00
1.000000000000000000e+00
1.000000000000000000e+00
1.000000000000000000e+00
1.000000000000000000e+00
1.000000000000000000e+00
2.000000000000000000e+00
4.000000000000000000e+00
4.000000000000000000e+00
4.000000000000000000e+00
4.000000000000000000e+00
5.000000000000000000e+00
7.000000000000000000e+00
8.000000000000000000e+00
1.100000000000000000e+01
1.200000000000000000e+01
1.300000000000000000e+01
1.500000000000000000e+01
1.600000000000000000e+01
1.800000000000000000e+01
2.000000000000000000e+01
2.400000000000000000e+01
2.500000000000000000e+01
2.900000000000000000e+01
3.000000000000000000e+01
3.400000000000000000e+01
4.100000000000000000e+01
4.300000000000000000e+01
7.600000000000000000e+01
8.000000000000000000e+01
9.100000000000000000e+01
1.070000000000000000e+02
1.180000000000000000e+02
1.460000000000000000e+02
1.750000000000000000e+02
1.970000000000000000e+02
2.400000000000000000e+02
2.750000000000000000e+02
3.000000000000000000e+02
3.380000000000000000e+02
3.680000000000000000e+02
4.240000000000000000e+02
4.450000000000000000e+02
4.850000000000000000e+02
5.320000000000000000e+02
5.560000000000000000e+02
6.080000000000000000e+02
6.660000000000000000e+02
7.150000000000000000e+02
7.850000000000000000e+02
8.410000000000000000e+02
9.070000000000000000e+02
9.340000000000000000e+02
9.970000000000000000e+02
1.027000000000000000e+03
1.093000000000000000e+03
1.177000000000000000e+03
1.236000000000000000e+03
1.331000000000000000e+03
1.464000000000000000e+03
1.532000000000000000e+03
1.704000000000000000e+03
1.830000000000000000e+03
1.940000000000000000e+03
2.127000000000000000e+03
2.291000000000000000e+03
2.470000000000000000e+03
2.705000000000000000e+03
2.895000000000000000e+03
3.225000000000000000e+03
3.393000000000000000e+03
3.564000000000000000e+03
3.781000000000000000e+03
4.042000000000000000e+03
4.403000000000000000e+03
4.687000000000000000e+03
4.968000000000000000e+03
5.227000000000000000e+03
5.640000000000000000e+03
6.054000000000000000e+03
6.403000000000000000e+03
6.665000000000000000e+03
7.073000000000000000e+03
7.654000000000000000e+03
8.146000000000000000e+03
8.677000000000000000e+03
9.219000000000000000e+03
1.000100000000000000e+04
1.058500000000000000e+04
1.117600000000000000e+04
1.183400000000000000e+04
1.245900000000000000e+04
1.303900000000000000e+04
1.366200000000000000e+04
1.452800000000000000e+04
1.520800000000000000e+04
1.575300000000000000e+04
1.651200000000000000e+04
1.727000000000000000e+04
1.805700000000000000e+04
1.897200000000000000e+04
1.955400000000000000e+04
2.034500000000000000e+04
2.092000000000000000e+04
2.146200000000000000e+04
2.214600000000000000e+04
2.289400000000000000e+04
2.355000000000000000e+04
2.410600000000000000e+04
2.477000000000000000e+04
2.553100000000000000e+04
2.631400000000000000e+04
2.687800000000000000e+04
2.753600000000000000e+04
2.788200000000000000e+04
2.842800000000000000e+04
2.883700000000000000e+04
2.914700000000000000e+04
2.947100000000000000e+04
2.970500000000000000e+04
3.016500000000000000e+04
3.044100000000000000e+04
3.060600000000000000e+04
3.095700000000000000e+04
3.122800000000000000e+04
3.150700000000000000e+04
3.182600000000000000e+04
3.201200000000000000e+04
3.231400000000000000e+04
3.266200000000000000e+04
3.294100000000000000e+04
3.318000000000000000e+04
3.337400000000000000e+04
3.358400000000000000e+04
3.389800000000000000e+04
3.418400000000000000e+04
3.435600000000000000e+04
3.444100000000000000e+04
3.459500000000000000e+04
3.473000000000000000e+04
3.498400000000000000e+04
3.506000000000000000e+04
3.521900000000000000e+04
3.527900000000000000e+04
3.545300000000000000e+04
3.549300000000000000e+04
3.560500000000000000e+04
3.571700000000000000e+04
3.591800000000000000e+04
3.597800000000000000e+04
3.602600000000000000e+04
3.614700000000000000e+04
3.625300000000000000e+04
3.635800000000000000e+04
3.646300000000000000e+04
3.653200000000000000e+04
3.666500000000000000e+04
3.670000000000000000e+04
3.670100000000000000e+04
3.673700000000000000e+04
3.677300000000000000e+04
3.682000000000000000e+04
3.692800000000000000e+04
3.700600000000000000e+04
3.704600000000000000e+04
3.708300000000000000e+04
3.715300000000000000e+04
3.726000000000000000e+04
3.733600000000000000e+04
3.742200000000000000e+04
3.749700000000000000e+04
3.754200000000000000e+04
3.759000000000000000e+04
3.766700000000000000e+04
3.771000000000000000e+04
3.775000000000000000e+04
3.785200000000000000e+04
3.788500000000000000e+04
3.794400000000000000e+04
3.799000000000000000e+04
3.804500000000000000e+04
3.806100000000000000e+04
3.810300000000000000e+04
3.811900000000000000e+04
3.813000000000000000e+04
3.813300000000000000e+04
3.815500000000000000e+04
3.815900000000000000e+04
3.819300000000000000e+04
3.824300000000000000e+04
3.828800000000000000e+04
3.830400000000000000e+04
3.832400000000000000e+04
3.839800000000000000e+04
3.849400000000000000e+04
3.852000000000000000e+04
3.854400000000000000e+04
3.857200000000000000e+04
3.860600000000000000e+04
3.864100000000000000e+04
3.871600000000000000e+04
3.877200000000000000e+04
3.881500000000000000e+04
3.885500000000000000e+04
3.887200000000000000e+04
3.889700000000000000e+04
3.891900000000000000e+04
3.904400000000000000e+04
3.907400000000000000e+04
3.909600000000000000e+04
3.914500000000000000e+04
3.917000000000000000e+04
3.918600000000000000e+04
3.919200000000000000e+04
3.922700000000000000e+04
3.923900000000000000e+04
3.925400000000000000e+04
3.926800000000000000e+04
3.928500000000000000e+04
3.929000000000000000e+04
3.929700000000000000e+04
3.934100000000000000e+04
3.942200000000000000e+04
3.948600000000000000e+04
3.954800000000000000e+04
3.961600000000000000e+04
3.969300000000000000e+04
3.970300000000000000e+04
3.979900000000000000e+04
3.987000000000000000e+04
3.992800000000000000e+04
3.999400000000000000e+04
4.002600000000000000e+04
4.008800000000000000e+04
4.014100000000000000e+04
4.020000000000000000e+04
4.028700000000000000e+04
4.036900000000000000e+04
4.051000000000000000e+04
4.062600000000000000e+04
4.068700000000000000e+04
4.076800000000000000e+04
4.083300000000000000e+04
4.093700000000000000e+04
4.103200000000000000e+04
4.114500000000000000e+04
4.126800000000000000e+04
4.133400000000000000e+04
4.142500000000000000e+04
4.150100000000000000e+04
4.163300000000000000e+04
4.172800000000000000e+04
4.181400000000000000e+04
4.193500000000000000e+04
4.197500000000000000e+04
4.203300000000000000e+04
4.215900000000000000e+04
4.229700000000000000e+04
4.246300000000000000e+04
4.260900000000000000e+04
4.279500000000000000e+04
4.296900000000000000e+04
4.303500000000000000e+04
4.324000000000000000e+04
4.346800000000000000e+04
4.368100000000000000e+04
4.392400000000000000e+04
4.417700000000000000e+04
4.436300000000000000e+04
4.450300000000000000e+04
4.470600000000000000e+04
4.498800000000000000e+04
4.517400000000000000e+04
4.538400000000000000e+04
4.560000000000000000e+04
4.572300000000000000e+04
4.584400000000000000e+04
4.611600000000000000e+04
4.627400000000000000e+04
4.651600000000000000e+04
4.671800000000000000e+04
4.683700000000000000e+04
4.683700000000000000e+04
4.707200000000000000e+04
4.730600000000000000e+04
4.751600000000000000e+04
4.771600000000000000e+04
4.785100000000000000e+04
4.805300000000000000e+04
4.811600000000000000e+04
4.822900000000000000e+04
4.852700000000000000e+04
4.871800000000000000e+04
4.895200000000000000e+04
4.916100000000000000e+04
4.937800000000000000e+04
4.962100000000000000e+04
4.968100000000000000e+04
4.981700000000000000e+04
5.001300000000000000e+04
5.019000000000000000e+04
5.043300000000000000e+04
5.065500000000000000e+04
5.081000000000000000e+04
5.088600000000000000e+04
5.103900000000000000e+04
5.128000000000000000e+04
5.135000000000000000e+04
5.140500000000000000e+04
5.152600000000000000e+04
5.152600000000000000e+04
5.152600000000000000e+04
5.152600000000000000e+04
5.301100000000000000e+04
5.310500000000000000e+04
5.310500000000000000e+04
5.320700000000000000e+04
5.333200000000000000e+04
5.340000000000000000e+04
5.348900000000000000e+04
5.353800000000000000e+04
5.358400000000000000e+04
5.358400000000000000e+04
5.377500000000000000e+04
5.383100000000000000e+04
5.393800000000000000e+04
5.398400000000000000e+04
5.406200000000000000e+04
5.414100000000000000e+04
5.427800000000000000e+04
5.440300000000000000e+04
5.448300000000000000e+04
5.455900000000000000e+04
5.459500000000000000e+04
5.467200000000000000e+04
5.475000000000000000e+04
5.485400000000000000e+04
5.489100000000000000e+04
5.493900000000000000e+04
5.500800000000000000e+04
5.502300000000000000e+04
5.505900000000000000e+04
5.512100000000000000e+04
5.517400000000000000e+04
5.523100000000000000e+04
5.526500000000000000e+04
5.533000000000000000e+04
5.533500000000000000e+04
5.535900000000000000e+04
5.538400000000000000e+04
5.540200000000000000e+04
5.542000000000000000e+04
5.544500000000000000e+04
5.547300000000000000e+04
5.549200000000000000e+04
5.551400000000000000e+04
5.551800000000000000e+04
5.554000000000000000e+04
5.555700000000000000e+04
5.557500000000000000e+04
5.558000000000000000e+04
5.560400000000000000e+04
5.561700000000000000e+04
5.564600000000000000e+04
5.566400000000000000e+04
5.568000000000000000e+04
5.569600000000000000e+04
5.570700000000000000e+04
5.571400000000000000e+04
5.573300000000000000e+04
5.575900000000000000e+04
5.577000000000000000e+04
5.577500000000000000e+04
5.582700000000000000e+04
5.584000000000000000e+04
5.584700000000000000e+04
5.587600000000000000e+04
5.587600000000000000e+04
5.589400000000000000e+04
5.591700000000000000e+04
5.595900000000000000e+04
5.595900000000000000e+04
5.598500000000000000e+04
5.598500000000000000e+04
5.599500000000000000e+04
5.601600000000000000e+04
5.604400000000000000e+04
5.606900000000000000e+04
5.609300000000000000e+04
5.610300000000000000e+04
5.615300000000000000e+04
5.617700000000000000e+04
5.619200000000000000e+04
5.622600000000000000e+04
5.625400000000000000e+04
5.629000000000000000e+04
5.629400000000000000e+04
5.632200000000000000e+04
5.638400000000000000e+04
5.645400000000000000e+04
5.651700000000000000e+04
5.657200000000000000e+04
5.659500000000000000e+04
5.667600000000000000e+04
5.671700000000000000e+04
5.677900000000000000e+04
5.687300000000000000e+04
5.694300000000000000e+04
5.701900000000000000e+04
5.714400000000000000e+04
5.716000000000000000e+04
5.724200000000000000e+04
5.736400000000000000e+04
5.749200000000000000e+04
5.753400000000000000e+04
5.761200000000000000e+04
5.772100000000000000e+04
5.779300000000000000e+04
5.789800000000000000e+04
5.803700000000000000e+04
5.821400000000000000e+04
5.831200000000000000e+04
5.854200000000000000e+04
5.873000000000000000e+04
5.884300000000000000e+04
5.901500000000000000e+04
5.922500000000000000e+04
5.937000000000000000e+04
5.957600000000000000e+04
5.974500000000000000e+04
5.993900000000000000e+04
6.012200000000000000e+04
6.030000000000000000e+04
6.056300000000000000e+04
6.079700000000000000e+04
6.116200000000000000e+04
6.145500000000000000e+04
6.175500000000000000e+04
6.184200000000000000e+04
6.206300000000000000e+04
6.240300000000000000e+04
6.271800000000000000e+04
6.304500000000000000e+04
6.335500000000000000e+04
6.341200000000000000e+04
6.348400000000000000e+04
6.359800000000000000e+04
6.381900000000000000e+04
6.412200000000000000e+04
6.457500000000000000e+04
6.508000000000000000e+04
6.548600000000000000e+04
6.572800000000000000e+04
6.627500000000000000e+04
6.690300000000000000e+04
6.774300000000000000e+04
6.836600000000000000e+04
6.913000000000000000e+04
7.011100000000000000e+04
7.076100000000000000e+04
7.183800000000000000e+04
7.297700000000000000e+04
7.402600000000000000e+04
7.511900000000000000e+04
7.662800000000000000e+04
7.796300000000000000e+04
7.922400000000000000e+04
8.084100000000000000e+04
8.232600000000000000e+04
8.405000000000000000e+04
8.589200000000000000e+04
8.771600000000000000e+04
8.874000000000000000e+04
8.986100000000000000e+04
9.145800000000000000e+04
9.327200000000000000e+04
9.328800000000000000e+04
9.653100000000000000e+04
9.873400000000000000e+04
9.873400000000000000e+04
9.873400000000000000e+04
1.039020000000000000e+05
1.057490000000000000e+05
1.079570000000000000e+05
1.095320000000000000e+05
1.115920000000000000e+05
1.115920000000000000e+05
1.115920000000000000e+05
1.157510000000000000e+05
1.171580000000000000e+05
1.186590000000000000e+05
1.202160000000000000e+05
1.202160000000000000e+05
1.202160000000000000e+05
1.202160000000000000e+05
1.259370000000000000e+05
1.274640000000000000e+05
1.290210000000000000e+05
1.301130000000000000e+05
1.315860000000000000e+05
1.315860000000000000e+05
1.315860000000000000e+05
1.346530000000000000e+05
1.346530000000000000e+05
1.366430000000000000e+05
1.378530000000000000e+05
1.378530000000000000e+05
1.378530000000000000e+05
1.378530000000000000e+05
1.414890000000000000e+05
1.424140000000000000e+05
1.424140000000000000e+05
1.431830000000000000e+05
1.434390000000000000e+05
1.434390000000000000e+05
1.434390000000000000e+05
1.442850000000000000e+05
1.450080000000000000e+05
1.455520000000000000e+05
1.459960000000000000e+05
1.465230000000000000e+05
1.465230000000000000e+05
1.465230000000000000e+05
