0.000000000000000000e+00
0.000000000000000000e+00
0.000000000000000000e+00
0.000000000000000000e+00
0.000000000000000000e+00
0.000000000000000000e+00
0.000000000000000000e+00
0.000000000000000000e+00
0.000000000000000000e+00
0.000000000000000000e+00
0.000000000000000000e+00
0.000000000000000000e+00
0.000000000000000000e+00
0.000000000000000000e+00
0.000000000000000000e+00
0.000000000000000000e+00
0.000000000000000000e+00
0.000000000000000000e+00
0.000000000000000000e+00
0.000000000000000000e+00
0.000000000000000000e+00
0.000000000000000000e+00
0.000000000000000000e+00
0.000000000000000000e+00
0.000000000000000000e+00
0.000000000000000000e+00
0.000000000000000000e+00
0.000000000000000000e+00
0.000000000000000000e+00
0.000000000000000000e+00
0.000000000000000000e+00
0.000000000000000000e+00
0.000000000000000000e+00
0.000000000000000000e+00
1.000000000000000000e+00
2.000000000000000000e+00
0.000000000000000000e+00
2.000000000000000000e+00
1.000000000000000000e+00
1.000000000000000000e+00
0.000000000000000000e+00
2.000000000000000000e+00
1.000000000000000000e+00
0.000000000000000000e+00
1.000000000000000000e+00
1.000000000000000000e+00
0.000000000000000000e+00
0.000000000000000000e+00
2.000000000000000000e+00
5.000000000000000000e+00
0.000000000000000000e+00
1.300000000000000000e+01
6.000000000000000000e+00
1.100000000000000000e+01
8.000000000000000000e+00
8.000000000000000000e+00
1.600000000000000000e+01
2.400000000000000000e+01
2.300000000000000000e+01
7.800000000000000000e+01
4.800000000000000000e+01
6.100000000000000000e+01
6.700000000000000000e+01
6.000000000000000000e+01
5.300000000000000000e+01
9.100000000000000000e+01
7.100000000000000000e+01
5.600000000000000000e+01
7.700000000000000000e+01
7.700000000000000000e+01
9.600000000000000000e+01
4.800000000000000000e+01
6.800000000000000000e+01
4.700000000000000000e+01
5.600000000000000000e+01
4.000000000000000000e+01
6.000000000000000000e+01
6.100000000000000000e+01
6.400000000000000000e+01
8.800000000000000000e+01
3.900000000000000000e+01
6.600000000000000000e+01
5.000000000000000000e+01
5.400000000000000000e+01
3.700000000000000000e+01
5.000000000000000000e+01
2.300000000000000000e+01
1.800000000000000000e+01
3.900000000000000000e+01
1.000000000000000000e+01
2.700000000000000000e+01
4.200000000000000000e+01
3.100000000000000000e+01
2.800000000000000000e+01
7.000000000000000000e+00
1.400000000000000000e+01
9.000000000000000000e+00
8.000000000000000000e+00
1.500000000000000000e+01
1.400000000000000000e+01
9.000000000000000000e+00
3.000000000000000000e+00
8.000000000000000000e+00
5.000000000000000000e+00
1.100000000000000000e+01
7.000000000000000000e+00
6.000000000000000000e+00
3.600000000000000000e+01
1.500000000000000000e+01
1.100000000000000000e+01
9.000000000000000000e+00
1.100000000000000000e+01
6.000000000000000000e+00
8.000000000000000000e+00
1.000000000000000000e+00
2.000000000000000000e+00
2.000000000000000000e+00
2.000000000000000000e+00
4.000000000000000000e+00
2.000000000000000000e+00
3.000000000000000000e+00
6.000000000000000000e+00
0.000000000000000000e+00
1.000000000000000000e+00
0.000000000000000000e+00
0.000000000000000000e+00
0.000000000000000000e+00
1.000000000000000000e+00
0.000000000000000000e+00
1.000000000000000000e+00
0.000000000000000000e+00
0.000000000000000000e+00
0.000000000000000000e+00
0.000000000000000000e+00
1.000000000000000000e+00
0.000000000000000000e+00
0.000000000000000000e+00
0.000000000000000000e+00
0.000000000000000000e+00
0.000000000000000000e+00
2.000000000000000000e+00
0.000000000000000000e+00
0.000000000000000000e+00
2.000000000000000000e+00
1.000000000000000000e+00
2.000000000000000000e+00
1.000000000000000000e+00
3.000000000000000000e+00
1.100000000000000000e+01
1.100000000000000000e+01
1.900000000000000000e+01
1.800000000000000000e+01
1.900000000000000000e+01
3.000000000000000000e+01
2.200000000000000000e+01
9.500000000000000000e+01
5.600000000000000000e+01
8.500000000000000000e+01
6.700000000000000000e+01
3.400000000000000000e+01
5.200000000000000000e+01
5.400000000000000000e+01
8.100000000000000000e+01
9.600000000000000000e+01
8.600000000000000000e+01
5.700000000000000000e+01
6.900000000000000000e+01
5.200000000000000000e+01
5.300000000000000000e+01
9.100000000000000000e+01
1.160000000000000000e+02
1.400000000000000000e+02
5.000000000000000000e+01
5.300000000000000000e+01
5.200000000000000000e+01
1.260000000000000000e+02
8.600000000000000000e+01
9.800000000000000000e+01
1.160000000000000000e+02
9.200000000000000000e+01
2.500000000000000000e+01
5.200000000000000000e+01
1.080000000000000000e+02
1.040000000000000000e+02
8.100000000000000000e+01
7.700000000000000000e+01
6.500000000000000000e+01
2.400000000000000000e+01
4.200000000000000000e+01
7.000000000000000000e+01
7.800000000000000000e+01
6.800000000000000000e+01
8.500000000000000000e+01
3.600000000000000000e+01
3.400000000000000000e+01
2.400000000000000000e+01
5.800000000000000000e+01
2.800000000000000000e+01
6.200000000000000000e+01
7.700000000000000000e+01
6.100000000000000000e+01
4.500000000000000000e+01
9.100000000000000000e+01
1.300000000000000000e+02
1.800000000000000000e+02
2.080000000000000000e+02
1.620000000000000000e+02
1.510000000000000000e+02
8.500000000000000000e+01
1.990000000000000000e+02
2.190000000000000000e+02
2.550000000000000000e+02
2.650000000000000000e+02
3.060000000000000000e+02
2.750000000000000000e+02
1.360000000000000000e+02
2.190000000000000000e+02
3.580000000000000000e+02
3.040000000000000000e+02
3.570000000000000000e+02
3.120000000000000000e+02
2.620000000000000000e+02
1.460000000000000000e+02
1.450000000000000000e+02
3.110000000000000000e+02
3.690000000000000000e+02
3.340000000000000000e+02
3.110000000000000000e+02
2.250000000000000000e+02
1.170000000000000000e+02
2.040000000000000000e+02
3.410000000000000000e+02
2.910000000000000000e+02
1.900000000000000000e+02
2.610000000000000000e+02
1.650000000000000000e+02
6.500000000000000000e+01
1.510000000000000000e+02
2.800000000000000000e+02
2.500000000000000000e+02
2.340000000000000000e+02
2.120000000000000000e+02
1.970000000000000000e+02
7.000000000000000000e+01
1.440000000000000000e+02
2.040000000000000000e+02
2.320000000000000000e+02
2.230000000000000000e+02
2.120000000000000000e+02
1.900000000000000000e+02
4.800000000000000000e+01
1.350000000000000000e+02
2.130000000000000000e+02
2.340000000000000000e+02
3.330000000000000000e+02
2.410000000000000000e+02
2.580000000000000000e+02
1.380000000000000000e+02
2.870000000000000000e+02
3.630000000000000000e+02
5.420000000000000000e+02
4.570000000000000000e+02
4.860000000000000000e+02
5.080000000000000000e+02
1.810000000000000000e+02
3.720000000000000000e+02
7.480000000000000000e+02
7.930000000000000000e+02
1.131000000000000000e+03
1.096000000000000000e+03
8.190000000000000000e+02
3.930000000000000000e+02
8.900000000000000000e+02
1.424000000000000000e+03
1.563000000000000000e+03
1.867000000000000000e+03
2.242000000000000000e+03
2.421000000000000000e+03
8.280000000000000000e+02
1.413000000000000000e+03
2.378000000000000000e+03
2.776000000000000000e+03
2.772000000000000000e+03
2.769000000000000000e+03
2.179000000000000000e+03
1.165000000000000000e+03
1.427000000000000000e+03
2.480000000000000000e+03
2.848000000000000000e+03
2.890000000000000000e+03
2.399000000000000000e+03
2.543000000000000000e+03
1.529000000000000000e+03
1.467000000000000000e+03
2.597000000000000000e+03
3.082000000000000000e+03
3.056000000000000000e+03
2.866000000000000000e+03
2.362000000000000000e+03
1.313000000000000000e+03
1.945000000000000000e+03
3.251000000000000000e+03
3.164000000000000000e+03
2.958000000000000000e+03
3.573000000000000000e+03
3.308000000000000000e+03
1.973000000000000000e+03
2.323000000000000000e+03
3.603000000000000000e+03
4.009000000000000000e+03
4.080000000000000000e+03
3.987000000000000000e+03
2.919000000000000000e+03
1.830000000000000000e+03
2.900000000000000000e+03
3.539000000000000000e+03
4.534000000000000000e+03
3.955000000000000000e+03
4.084000000000000000e+03
2.899000000000000000e+03
1.886000000000000000e+03
2.613000000000000000e+03
4.520000000000000000e+03
4.620000000000000000e+03
4.396000000000000000e+03
4.135000000000000000e+03
3.363000000000000000e+03
1.472000000000000000e+03
2.360000000000000000e+03
3.327000000000000000e+03
3.918000000000000000e+03
3.272000000000000000e+03
2.752000000000000000e+03
1.975000000000000000e+03
7.660000000000000000e+02
1.595000000000000000e+03
2.763000000000000000e+03
2.233000000000000000e+03
1.643000000000000000e+03
3.500000000000000000e+02
6.180000000000000000e+02
3.160000000000000000e+02
1.350000000000000000e+03
1.850000000000000000e+03
2.391000000000000000e+03
1.170000000000000000e+03
2.550000000000000000e+02
6.960000000000000000e+02
3.610000000000000000e+02
1.071000000000000000e+03
1.896000000000000000e+03
5.620000000000000000e+02
1.098000000000000000e+03
1.401000000000000000e+03
6.460000000000000000e+02
2.300000000000000000e+02
7.590000000000000000e+02
1.135000000000000000e+03
9.800000000000000000e+02
7.150000000000000000e+02
7.630000000000000000e+02
3.790000000000000000e+02
1.740000000000000000e+02
5.200000000000000000e+02
9.020000000000000000e+02
7.760000000000000000e+02
6.430000000000000000e+02
5.990000000000000000e+02
3.520000000000000000e+02
1.340000000000000000e+02
4.480000000000000000e+02
8.570000000000000000e+02
6.190000000000000000e+02
5.610000000000000000e+02
5.510000000000000000e+02
3.360000000000000000e+02
9.400000000000000000e+01
3.870000000000000000e+02
7.300000000000000000e+02
5.160000000000000000e+02
5.490000000000000000e+02
4.240000000000000000e+02
2.760000000000000000e+02
7.100000000000000000e+01
2.830000000000000000e+02
5.770000000000000000e+02
3.760000000000000000e+02
3.710000000000000000e+02
3.790000000000000000e+02
1.980000000000000000e+02
6.800000000000000000e+01
2.740000000000000000e+02
5.020000000000000000e+02
3.650000000000000000e+02
3.880000000000000000e+02
4.310000000000000000e+02
2.600000000000000000e+02
7.200000000000000000e+01
3.430000000000000000e+02
6.880000000000000000e+02
5.440000000000000000e+02
5.050000000000000000e+02
5.200000000000000000e+02
3.560000000000000000e+02
9.100000000000000000e+01
3.940000000000000000e+02
7.470000000000000000e+02
6.670000000000000000e+02
5.900000000000000000e+02
6.580000000000000000e+02
3.940000000000000000e+02
9.400000000000000000e+01
4.910000000000000000e+02
9.620000000000000000e+02
7.770000000000000000e+02
8.230000000000000000e+02
8.230000000000000000e+02
5.610000000000000000e+02
1.290000000000000000e+02
6.910000000000000000e+02
1.445000000000000000e+03
1.197000000000000000e+03
1.112000000000000000e+03
1.186000000000000000e+03
8.340000000000000000e+02
1.500000000000000000e+02
9.560000000000000000e+02
1.891000000000000000e+03
1.673000000000000000e+03
1.802000000000000000e+03
1.790000000000000000e+03
1.321000000000000000e+03
3.000000000000000000e+02
1.487000000000000000e+03
2.623000000000000000e+03
2.422000000000000000e+03
2.362000000000000000e+03
2.234000000000000000e+03
1.376000000000000000e+03
1.380000000000000000e+02
7.350000000000000000e+02
1.649000000000000000e+03
3.217000000000000000e+03
2.599000000000000000e+03
2.535000000000000000e+03
1.617000000000000000e+03
4.220000000000000000e+02
1.936000000000000000e+03
3.099000000000000000e+03
2.927000000000000000e+03
2.698000000000000000e+03
2.627000000000000000e+03
1.565000000000000000e+03
4.100000000000000000e+02
2.106000000000000000e+03
3.117000000000000000e+03
2.885000000000000000e+03
2.529000000000000000e+03
2.535000000000000000e+03
1.254000000000000000e+03
4.100000000000000000e+02
1.797000000000000000e+03
2.904000000000000000e+03
2.439000000000000000e+03
2.007000000000000000e+03
2.046000000000000000e+03
9.440000000000000000e+02
3.490000000000000000e+02
1.396000000000000000e+03
2.494000000000000000e+03
1.640000000000000000e+03
1.435000000000000000e+03
1.342000000000000000e+03
6.650000000000000000e+02
2.530000000000000000e+02
8.760000000000000000e+02
1.471000000000000000e+03
1.064000000000000000e+03
9.260000000000000000e+02
8.260000000000000000e+02
4.800000000000000000e+02
1.160000000000000000e+02
4.910000000000000000e+02
1.000000000000000000e+03
6.950000000000000000e+02
5.250000000000000000e+02
5.180000000000000000e+02
2.510000000000000000e+02
7.400000000000000000e+01
3.230000000000000000e+02
5.380000000000000000e+02
3.750000000000000000e+02
3.210000000000000000e+02
3.380000000000000000e+02
1.860000000000000000e+02
4.000000000000000000e+01
2.160000000000000000e+02
4.320000000000000000e+02
2.800000000000000000e+02
8.800000000000000000e+01
2.110000000000000000e+02
1.570000000000000000e+02
4.300000000000000000e+01
1.780000000000000000e+02
2.750000000000000000e+02
1.840000000000000000e+02
1.340000000000000000e+02
1.250000000000000000e+02
5.900000000000000000e+01
1.800000000000000000e+01
9.600000000000000000e+01
1.460000000000000000e+02
9.500000000000000000e+01
1.130000000000000000e+02
8.400000000000000000e+01
5.800000000000000000e+01
1.100000000000000000e+01
7.500000000000000000e+01
4.300000000000000000e+01
1.010000000000000000e+02
1.180000000000000000e+02
8.600000000000000000e+01
4.500000000000000000e+01
1.400000000000000000e+01
7.000000000000000000e+01
1.360000000000000000e+02
1.030000000000000000e+02
9.200000000000000000e+01
1.140000000000000000e+02
5.600000000000000000e+01
9.000000000000000000e+00
9.600000000000000000e+01
1.410000000000000000e+02
1.100000000000000000e+02
8.700000000000000000e+01
8.800000000000000000e+01
5.800000000000000000e+01
1.500000000000000000e+01
8.300000000000000000e+01
1.550000000000000000e+02
1.390000000000000000e+02
1.310000000000000000e+02
1.390000000000000000e+02
1.070000000000000000e+02
1.800000000000000000e+01
1.460000000000000000e+02
1.910000000000000000e+02
1.790000000000000000e+02
1.760000000000000000e+02
1.910000000000000000e+02
1.250000000000000000e+02
2.700000000000000000e+01
1.930000000000000000e+02
1.980000000000000000e+02
1.880000000000000000e+02
1.700000000000000000e+02
2.180000000000000000e+02
1.430000000000000000e+02
