0.000000000000000000e+00
0.000000000000000000e+00
0.000000000000000000e+00
0.000000000000000000e+00
0.000000000000000000e+00
0.000000000000000000e+00
0.000000000000000000e+00
0.000000000000000000e+00
0.000000000000000000e+00
0.000000000000000000e+00
0.000000000000000000e+00
0.000000000000000000e+00
0.000000000000000000e+00
0.000000000000000000e+00
0.000000000000000000e+00
0.000000000000000000e+00
0.000000000000000000e+00
0.000000000000000000e+00
0.000000000000000000e+00
0.000000000000000000e+00
0.000000000000000000e+00
0.000000000000000000e+00
0.000000000000000000e+00
0.000000000000000000e+00
0.000000000000000000e+00
0.000000000000000000e+00
0.000000000000000000e+00
0.000000000000000000e+00
0.000000000000000000e+00
0.000000000000000000e+00
0.000000000000000000e+00
0.000000000000000000e+00
0.000000000000000000e+00
0.000000000000000000e+00
0.000000000000000000e+00
0.000000000000000000e+00
0.000000000000000000e+00
0.000000000000000000e+00
0.000000000000000000e+00
0.000000000000000000e+00
0.000000000000000000e+00
0.000000000000000000e+00
0.000000000000000000e+00
0.000000000000000000e+00
0.000000000000000000e+00
0.000000000000000000e+00
0.000000000000000000e+00
0.000000000000000000e+00
0.000000000000000000e+00
0.000000000000000000e+00
0.000000000000000000e+00
0.000000000000000000e+00
0.000000000000000000e+00
0.000000000000000000e+00
1.000000000000000000e+00
1.000000000000000000e+00
2.000000000000000000e+00
2.000000000000000000e+00
2.000000000000000000e+00
2.000000000000000000e+00
2.000000000000000000e+00
5.000000000000000000e+00
6.000000000000000000e+00
6.000000000000000000e+00
6.000000000000000000e+00
6.000000000000000000e+00
6.000000000000000000e+00
6.000000000000000000e+00
6.000000000000000000e+00
9.000000000000000000e+00
1.300000000000000000e+01
1.300000000000000000e+01
1.600000000000000000e+01
1.600000000000000000e+01
2.200000000000000000e+01
2.600000000000000000e+01
2.600000000000000000e+01
2.600000000000000000e+01
2.600000000000000000e+01
3.500000000000000000e+01
3.500000000000000000e+01
3.500000000000000000e+01
3.500000000000000000e+01
3.500000000000000000e+01
3.500000000000000000e+01
3.500000000000000000e+01
3.500000000000000000e+01
3.500000000000000000e+01
3.500000000000000000e+01
5.400000000000000000e+01
5.400000000000000000e+01
5.400000000000000000e+01
5.400000000000000000e+01
5.400000000000000000e+01
5.400000000000000000e+01
6.400000000000000000e+01
6.400000000000000000e+01
6.400000000000000000e+01
6.400000000000000000e+01
6.400000000000000000e+01
9.000000000000000000e+01
9.000000000000000000e+01
9.000000000000000000e+01
9.600000000000000000e+01
9.600000000000000000e+01
9.600000000000000000e+01
1.400000000000000000e+02
2.420000000000000000e+02
2.840000000000000000e+02
3.190000000000000000e+02
3.190000000000000000e+02
3.270000000000000000e+02
3.270000000000000000e+02
3.390000000000000000e+02
3.390000000000000000e+02
3.390000000000000000e+02
3.390000000000000000e+02
3.390000000000000000e+02
1.300000000000000000e+02
1.300000000000000000e+02
1.350000000000000000e+02
1.350000000000000000e+02
1.350000000000000000e+02
1.910000000000000000e+02
1.910000000000000000e+02
2.080000000000000000e+02
2.100000000000000000e+02
2.100000000000000000e+02
2.240000000000000000e+02
2.240000000000000000e+02
2.320000000000000000e+02
2.430000000000000000e+02
2.440000000000000000e+02
2.440000000000000000e+02
2.610000000000000000e+02
2.610000000000000000e+02
2.610000000000000000e+02
2.610000000000000000e+02
2.880000000000000000e+02
3.050000000000000000e+02
3.050000000000000000e+02
3.050000000000000000e+02
3.880000000000000000e+02
4.120000000000000000e+02
4.420000000000000000e+02
4.830000000000000000e+02
5.320000000000000000e+02
5.720000000000000000e+02
5.970000000000000000e+02
6.500000000000000000e+02
6.500000000000000000e+02
7.650000000000000000e+02
8.070000000000000000e+02
8.500000000000000000e+02
9.020000000000000000e+02
1.017000000000000000e+03
1.053000000000000000e+03
1.124000000000000000e+03
1.149000000000000000e+03
1.187000000000000000e+03
1.199000000000000000e+03
1.199000000000000000e+03
1.199000000000000000e+03
1.199000000000000000e+03
1.199000000000000000e+03
1.199000000000000000e+03
1.199000000000000000e+03
1.199000000000000000e+03
1.199000000000000000e+03
1.285000000000000000e+03
1.285000000000000000e+03
1.378000000000000000e+03
1.378000000000000000e+03
1.378000000000000000e+03
1.378000000000000000e+03
1.378000000000000000e+03
1.463000000000000000e+03
1.602000000000000000e+03
1.602000000000000000e+03
1.602000000000000000e+03
1.602000000000000000e+03
1.602000000000000000e+03
1.690000000000000000e+03
1.694000000000000000e+03
1.694000000000000000e+03
1.694000000000000000e+03
1.770000000000000000e+03
1.770000000000000000e+03
1.770000000000000000e+03
1.805000000000000000e+03
1.805000000000000000e+03
1.805000000000000000e+03
1.805000000000000000e+03
1.805000000000000000e+03
1.805000000000000000e+03
1.914000000000000000e+03
1.936000000000000000e+03
1.936000000000000000e+03
1.936000000000000000e+03
1.936000000000000000e+03
1.936000000000000000e+03
1.936000000000000000e+03
2.001000000000000000e+03
2.014000000000000000e+03
2.014000000000000000e+03
2.014000000000000000e+03
2.063000000000000000e+03
2.063000000000000000e+03
2.063000000000000000e+03
2.063000000000000000e+03
2.095000000000000000e+03
2.095000000000000000e+03
2.095000000000000000e+03
2.115000000000000000e+03
2.115000000000000000e+03
2.115000000000000000e+03
2.115000000000000000e+03
2.145000000000000000e+03
2.145000000000000000e+03
2.145000000000000000e+03
2.145000000000000000e+03
2.145000000000000000e+03
2.145000000000000000e+03
2.145000000000000000e+03
2.194000000000000000e+03
2.194000000000000000e+03
2.194000000000000000e+03
2.213000000000000000e+03
2.213000000000000000e+03
2.213000000000000000e+03
2.213000000000000000e+03
2.242000000000000000e+03
2.242000000000000000e+03
2.242000000000000000e+03
2.242000000000000000e+03
2.267000000000000000e+03
2.267000000000000000e+03
2.267000000000000000e+03
2.280000000000000000e+03
2.280000000000000000e+03
2.280000000000000000e+03
2.280000000000000000e+03
2.280000000000000000e+03
2.294000000000000000e+03
2.294000000000000000e+03
2.325000000000000000e+03
2.325000000000000000e+03
2.325000000000000000e+03
2.325000000000000000e+03
2.340000000000000000e+03
2.340000000000000000e+03
2.340000000000000000e+03
2.357000000000000000e+03
2.357000000000000000e+03
2.357000000000000000e+03
2.357000000000000000e+03
2.357000000000000000e+03
2.357000000000000000e+03
2.357000000000000000e+03
2.411000000000000000e+03
2.411000000000000000e+03
2.411000000000000000e+03
2.411000000000000000e+03
2.411000000000000000e+03
2.411000000000000000e+03
2.411000000000000000e+03
2.478000000000000000e+03
2.496000000000000000e+03
2.496000000000000000e+03
2.496000000000000000e+03
2.496000000000000000e+03
2.496000000000000000e+03
2.496000000000000000e+03
2.557000000000000000e+03
2.557000000000000000e+03
2.557000000000000000e+03
2.557000000000000000e+03
2.557000000000000000e+03
2.557000000000000000e+03
2.557000000000000000e+03
2.643000000000000000e+03
2.643000000000000000e+03
2.643000000000000000e+03
2.643000000000000000e+03
2.683000000000000000e+03
2.683000000000000000e+03
2.683000000000000000e+03
2.745000000000000000e+03
2.745000000000000000e+03
2.745000000000000000e+03
2.745000000000000000e+03
2.745000000000000000e+03
2.781000000000000000e+03
2.781000000000000000e+03
2.844000000000000000e+03
2.844000000000000000e+03
2.844000000000000000e+03
2.844000000000000000e+03
2.844000000000000000e+03
2.884000000000000000e+03
2.884000000000000000e+03
2.916000000000000000e+03
2.916000000000000000e+03
2.916000000000000000e+03
2.916000000000000000e+03
2.916000000000000000e+03
2.916000000000000000e+03
2.916000000000000000e+03
2.974000000000000000e+03
2.974000000000000000e+03
2.974000000000000000e+03
2.974000000000000000e+03
2.974000000000000000e+03
3.015000000000000000e+03
3.015000000000000000e+03
3.055000000000000000e+03
3.055000000000000000e+03
3.055000000000000000e+03
3.055000000000000000e+03
3.055000000000000000e+03
3.073000000000000000e+03
3.073000000000000000e+03
3.090000000000000000e+03
3.090000000000000000e+03
3.090000000000000000e+03
3.090000000000000000e+03
3.090000000000000000e+03
3.090000000000000000e+03
3.090000000000000000e+03
3.152000000000000000e+03
3.152000000000000000e+03
3.152000000000000000e+03
3.152000000000000000e+03
3.167000000000000000e+03
3.167000000000000000e+03
3.167000000000000000e+03
3.205000000000000000e+03
3.205000000000000000e+03
3.205000000000000000e+03
3.205000000000000000e+03
3.205000000000000000e+03
3.205000000000000000e+03
3.205000000000000000e+03
3.251000000000000000e+03
3.251000000000000000e+03
3.251000000000000000e+03
3.251000000000000000e+03
3.251000000000000000e+03
3.251000000000000000e+03
3.304000000000000000e+03
3.304000000000000000e+03
3.304000000000000000e+03
3.304000000000000000e+03
3.304000000000000000e+03
3.304000000000000000e+03
3.363000000000000000e+03
3.363000000000000000e+03
3.413000000000000000e+03
3.413000000000000000e+03
3.413000000000000000e+03
3.413000000000000000e+03
3.413000000000000000e+03
3.413000000000000000e+03
3.413000000000000000e+03
3.557000000000000000e+03
3.582000000000000000e+03
3.643000000000000000e+03
3.643000000000000000e+03
3.643000000000000000e+03
3.643000000000000000e+03
3.643000000000000000e+03
3.786000000000000000e+03
3.786000000000000000e+03
3.786000000000000000e+03
3.786000000000000000e+03
3.893000000000000000e+03
3.893000000000000000e+03
3.893000000000000000e+03
4.119000000000000000e+03
4.119000000000000000e+03
4.193000000000000000e+03
4.193000000000000000e+03
4.193000000000000000e+03
4.193000000000000000e+03
4.193000000000000000e+03
4.560000000000000000e+03
4.560000000000000000e+03
4.560000000000000000e+03
4.560000000000000000e+03
4.560000000000000000e+03
5.039000000000000000e+03
5.039000000000000000e+03
5.143000000000000000e+03
5.143000000000000000e+03
5.143000000000000000e+03
5.143000000000000000e+03
5.434000000000000000e+03
5.434000000000000000e+03
5.434000000000000000e+03
5.434000000000000000e+03
5.434000000000000000e+03
5.434000000000000000e+03
5.434000000000000000e+03
5.434000000000000000e+03
5.434000000000000000e+03
5.434000000000000000e+03
6.071000000000000000e+03
6.071000000000000000e+03
6.071000000000000000e+03
6.071000000000000000e+03
6.071000000000000000e+03
6.338000000000000000e+03
6.338000000000000000e+03
6.501000000000000000e+03
6.501000000000000000e+03
6.501000000000000000e+03
6.501000000000000000e+03
6.501000000000000000e+03
6.501000000000000000e+03
6.501000000000000000e+03
6.501000000000000000e+03
6.501000000000000000e+03
6.818000000000000000e+03
6.818000000000000000e+03
6.818000000000000000e+03
6.818000000000000000e+03
6.818000000000000000e+03
7.100000000000000000e+03
7.100000000000000000e+03
7.100000000000000000e+03
7.100000000000000000e+03
7.100000000000000000e+03
7.100000000000000000e+03
7.100000000000000000e+03
7.100000000000000000e+03
7.313000000000000000e+03
7.313000000000000000e+03
7.313000000000000000e+03
7.313000000000000000e+03
7.313000000000000000e+03
7.313000000000000000e+03
7.313000000000000000e+03
7.515000000000000000e+03
7.515000000000000000e+03
7.515000000000000000e+03
7.515000000000000000e+03
7.515000000000000000e+03
7.515000000000000000e+03
7.611000000000000000e+03
7.611000000000000000e+03
7.611000000000000000e+03
7.611000000000000000e+03
7.611000000000000000e+03
7.611000000000000000e+03
7.720000000000000000e+03
7.720000000000000000e+03
7.720000000000000000e+03
7.720000000000000000e+03
7.720000000000000000e+03
7.720000000000000000e+03
7.720000000000000000e+03
7.720000000000000000e+03
7.821000000000000000e+03
7.821000000000000000e+03
7.821000000000000000e+03
7.821000000000000000e+03
7.821000000000000000e+03
7.884000000000000000e+03
7.884000000000000000e+03
7.884000000000000000e+03
7.884000000000000000e+03
7.884000000000000000e+03
7.884000000000000000e+03
7.884000000000000000e+03
7.884000000000000000e+03
7.995000000000000000e+03
7.995000000000000000e+03
7.995000000000000000e+03
7.995000000000000000e+03
7.995000000000000000e+03
7.995000000000000000e+03
7.995000000000000000e+03
8.025000000000000000e+03
8.025000000000000000e+03
8.025000000000000000e+03
8.025000000000000000e+03
8.025000000000000000e+03
8.025000000000000000e+03
8.025000000000000000e+03
8.025000000000000000e+03
8.058000000000000000e+03
8.058000000000000000e+03
8.058000000000000000e+03
8.058000000000000000e+03
8.058000000000000000e+03
8.058000000000000000e+03
8.058000000000000000e+03
8.082000000000000000e+03
8.082000000000000000e+03
8.082000000000000000e+03
8.082000000000000000e+03
8.082000000000000000e+03
8.082000000000000000e+03
8.082000000000000000e+03
8.109000000000000000e+03
8.109000000000000000e+03
8.109000000000000000e+03
8.109000000000000000e+03
8.109000000000000000e+03
8.109000000000000000e+03
8.140000000000000000e+03
8.140000000000000000e+03
8.140000000000000000e+03
8.140000000000000000e+03
8.140000000000000000e+03
8.140000000000000000e+03
8.140000000000000000e+03
8.170000000000000000e+03
8.170000000000000000e+03
8.170000000000000000e+03
8.170000000000000000e+03
8.170000000000000000e+03
8.170000000000000000e+03
8.170000000000000000e+03
8.199000000000000000e+03
8.199000000000000000e+03
8.199000000000000000e+03
8.199000000000000000e+03
8.199000000000000000e+03
8.199000000000000000e+03
8.199000000000000000e+03
8.199000000000000000e+03
8.227000000000000000e+03
8.227000000000000000e+03
8.227000000000000000e+03
8.227000000000000000e+03
8.227000000000000000e+03
8.227000000000000000e+03
8.227000000000000000e+03
8.244000000000000000e+03
8.244000000000000000e+03
8.244000000000000000e+03
8.244000000000000000e+03
8.244000000000000000e+03
8.244000000000000000e+03
8.244000000000000000e+03
8.244000000000000000e+03
8.324000000000000000e+03
8.324000000000000000e+03
8.324000000000000000e+03
8.324000000000000000e+03
8.324000000000000000e+03
8.324000000000000000e+03
8.394000000000000000e+03
8.394000000000000000e+03
8.394000000000000000e+03
8.394000000000000000e+03
8.394000000000000000e+03
