0.000000000000000000e+00
0.000000000000000000e+00
0.000000000000000000e+00
0.000000000000000000e+00
0.000000000000000000e+00
0.000000000000000000e+00
0.000000000000000000e+00
0.000000000000000000e+00
0.000000000000000000e+00
0.000000000000000000e+00
0.000000000000000000e+00
0.000000000000000000e+00
0.000000000000000000e+00
0.000000000000000000e+00
0.000000000000000000e+00
0.000000000000000000e+00
0.000000000000000000e+00
0.000000000000000000e+00
0.000000000000000000e+00
0.000000000000000000e+00
0.000000000000000000e+00
0.000000000000000000e+00
0.000000000000000000e+00
0.000000000000000000e+00
0.000000000000000000e+00
0.000000000000000000e+00
0.000000000000000000e+00
0.000000000000000000e+00
0.000000000000000000e+00
0.000000000000000000e+00
0.000000000000000000e+00
0.000000000000000000e+00
0.000000000000000000e+00
0.000000000000000000e+00
0.000000000000000000e+00
0.000000000000000000e+00
0.000000000000000000e+00
0.000000000000000000e+00
0.000000000000000000e+00
0.000000000000000000e+00
0.000000000000000000e+00
0.000000000000000000e+00
0.000000000000000000e+00
0.000000000000000000e+00
0.000000000000000000e+00
0.000000000000000000e+00
1.000000000000000000e+00
1.000000000000000000e+00
3.000000000000000000e+00
3.000000000000000000e+00
3.000000000000000000e+00
6.000000000000000000e+00
1.200000000000000000e+01
2.300000000000000000e+01
2.300000000000000000e+01
3.000000000000000000e+01
3.000000000000000000e+01
4.900000000000000000e+01
6.600000000000000000e+01
8.000000000000000000e+01
9.400000000000000000e+01
1.090000000000000000e+02
1.250000000000000000e+02
1.490000000000000000e+02
1.770000000000000000e+02
1.990000000000000000e+02
2.310000000000000000e+02
2.630000000000000000e+02
2.980000000000000000e+02
3.530000000000000000e+02
4.230000000000000000e+02
5.050000000000000000e+02
5.910000000000000000e+02
7.520000000000000000e+02
8.640000000000000000e+02
9.650000000000000000e+02
1.056000000000000000e+03
1.174000000000000000e+03
1.289000000000000000e+03
1.438000000000000000e+03
1.560000000000000000e+03
1.662000000000000000e+03
1.712000000000000000e+03
1.934000000000000000e+03
2.049000000000000000e+03
2.154000000000000000e+03
2.264000000000000000e+03
2.378000000000000000e+03
2.472000000000000000e+03
2.548000000000000000e+03
2.614000000000000000e+03
2.778000000000000000e+03
2.926000000000000000e+03
3.110000000000000000e+03
3.304000000000000000e+03
3.408000000000000000e+03
3.481000000000000000e+03
3.638000000000000000e+03
3.771000000000000000e+03
3.897000000000000000e+03
3.980000000000000000e+03
4.052000000000000000e+03
4.121000000000000000e+03
4.248000000000000000e+03
4.363000000000000000e+03
4.476000000000000000e+03
4.605000000000000000e+03
4.728000000000000000e+03
4.867000000000000000e+03
4.927000000000000000e+03
4.995000000000000000e+03
5.154000000000000000e+03
5.406000000000000000e+03
5.553000000000000000e+03
5.745000000000000000e+03
5.934000000000000000e+03
6.060000000000000000e+03
6.138000000000000000e+03
6.340000000000000000e+03
6.553000000000000000e+03
6.704000000000000000e+03
6.847000000000000000e+03
6.994000000000000000e+03
7.093000000000000000e+03
7.147000000000000000e+03
7.305000000000000000e+03
7.537000000000000000e+03
7.725000000000000000e+03
7.896000000000000000e+03
8.098000000000000000e+03
8.251000000000000000e+03
8.360000000000000000e+03
8.548000000000000000e+03
8.795000000000000000e+03
9.018000000000000000e+03
9.247000000000000000e+03
9.511000000000000000e+03
9.700000000000000000e+03
9.807000000000000000e+03
1.002500000000000000e+04
1.032100000000000000e+04
1.072700000000000000e+04
1.109300000000000000e+04
1.145900000000000000e+04
1.174000000000000000e+04
1.187900000000000000e+04
1.225400000000000000e+04
1.273200000000000000e+04
1.310600000000000000e+04
1.355600000000000000e+04
1.395300000000000000e+04
1.420000000000000000e+04
1.436300000000000000e+04
1.471400000000000000e+04
1.507800000000000000e+04
1.545300000000000000e+04
1.577600000000000000e+04
1.608000000000000000e+04
1.625000000000000000e+04
1.635700000000000000e+04
1.661300000000000000e+04
1.689800000000000000e+04
1.715000000000000000e+04
1.744500000000000000e+04
1.767200000000000000e+04
1.781400000000000000e+04
1.790600000000000000e+04
1.814100000000000000e+04
1.847100000000000000e+04
1.866600000000000000e+04
1.892400000000000000e+04
1.920800000000000000e+04
1.938200000000000000e+04
1.943900000000000000e+04
1.970800000000000000e+04
2.004000000000000000e+04
2.026400000000000000e+04
2.049400000000000000e+04
2.079400000000000000e+04
2.098000000000000000e+04
2.111500000000000000e+04
2.144200000000000000e+04
2.179800000000000000e+04
2.210500000000000000e+04
2.248300000000000000e+04
2.282800000000000000e+04
2.303400000000000000e+04
2.315400000000000000e+04
2.352100000000000000e+04
2.394700000000000000e+04
2.434300000000000000e+04
2.473300000000000000e+04
2.511300000000000000e+04
2.536200000000000000e+04
2.548200000000000000e+04
2.581400000000000000e+04
2.622200000000000000e+04
2.662800000000000000e+04
2.699000000000000000e+04
2.744300000000000000e+04
2.766000000000000000e+04
2.784100000000000000e+04
2.822300000000000000e+04
2.869700000000000000e+04
2.908700000000000000e+04
2.948300000000000000e+04
2.990500000000000000e+04
3.018300000000000000e+04
3.037700000000000000e+04
3.078900000000000000e+04
3.141500000000000000e+04
3.193700000000000000e+04
3.248400000000000000e+04
3.307200000000000000e+04
3.347800000000000000e+04
3.382800000000000000e+04
3.435800000000000000e+04
3.498200000000000000e+04
3.554600000000000000e+04
3.590400000000000000e+04
3.640400000000000000e+04
3.670000000000000000e+04
3.692000000000000000e+04
3.720800000000000000e+04
3.774000000000000000e+04
3.837200000000000000e+04
3.890600000000000000e+04
3.947300000000000000e+04
3.979700000000000000e+04
4.005500000000000000e+04
4.055600000000000000e+04
4.114400000000000000e+04
4.170400000000000000e+04
4.218300000000000000e+04
4.271400000000000000e+04
4.297800000000000000e+04
4.320700000000000000e+04
4.373400000000000000e+04
4.436100000000000000e+04
4.498300000000000000e+04
4.564800000000000000e+04
4.633600000000000000e+04
4.659600000000000000e+04
4.679600000000000000e+04
4.744600000000000000e+04
4.823200000000000000e+04
4.895300000000000000e+04
4.966600000000000000e+04
5.053400000000000000e+04
5.087500000000000000e+04
5.119400000000000000e+04
5.202900000000000000e+04
5.304200000000000000e+04
5.406400000000000000e+04
5.501600000000000000e+04
5.588800000000000000e+04
5.657900000000000000e+04
5.690100000000000000e+04
5.773200000000000000e+04
5.879400000000000000e+04
5.991500000000000000e+04
6.083300000000000000e+04
6.176200000000000000e+04
6.215100000000000000e+04
6.261800000000000000e+04
6.327500000000000000e+04
6.442400000000000000e+04
6.507600000000000000e+04
6.586000000000000000e+04
6.665200000000000000e+04
6.705000000000000000e+04
6.730200000000000000e+04
6.795800000000000000e+04
6.879100000000000000e+04
6.956800000000000000e+04
7.025600000000000000e+04
7.108900000000000000e+04
7.150300000000000000e+04
7.181100000000000000e+04
7.246000000000000000e+04
7.332100000000000000e+04
7.423300000000000000e+04
7.520100000000000000e+04
7.604000000000000000e+04
7.658200000000000000e+04
7.677700000000000000e+04
7.748700000000000000e+04
7.850700000000000000e+04
7.956600000000000000e+04
8.050100000000000000e+04
8.167500000000000000e+04
8.234600000000000000e+04
8.267700000000000000e+04
8.359200000000000000e+04
8.470700000000000000e+04
8.603800000000000000e+04
8.736100000000000000e+04
8.877200000000000000e+04
8.927900000000000000e+04
8.984300000000000000e+04
9.091200000000000000e+04
9.251900000000000000e+04
9.396100000000000000e+04
9.538300000000000000e+04
9.668900000000000000e+04
9.794100000000000000e+04
9.841800000000000000e+04
9.963300000000000000e+04
1.012030000000000000e+05
1.028940000000000000e+05
1.041400000000000000e+05
1.058520000000000000e+05
1.070170000000000000e+05
1.073640000000000000e+05
1.088630000000000000e+05
1.105800000000000000e+05
1.123070000000000000e+05
1.138290000000000000e+05
1.155570000000000000e+05
1.163650000000000000e+05
1.174950000000000000e+05
1.192040000000000000e+05
1.209700000000000000e+05
1.226850000000000000e+05
1.242640000000000000e+05
1.257230000000000000e+05
1.265180000000000000e+05
1.272530000000000000e+05
1.286560000000000000e+05
1.303290000000000000e+05
1.319190000000000000e+05
1.333600000000000000e+05
1.345780000000000000e+05
1.352070000000000000e+05
1.359100000000000000e+05
1.369310000000000000e+05
1.382130000000000000e+05
1.394350000000000000e+05
1.402500000000000000e+05
1.409960000000000000e+05
1.413550000000000000e+05
1.419240000000000000e+05
1.428510000000000000e+05
1.438410000000000000e+05
1.448180000000000000e+05
1.452580000000000000e+05
1.456940000000000000e+05
1.458730000000000000e+05
1.463090000000000000e+05
1.469210000000000000e+05
1.478710000000000000e+05
1.482940000000000000e+05
1.486690000000000000e+05
1.490930000000000000e+05
1.493910000000000000e+05
1.496620000000000000e+05
1.501380000000000000e+05
1.509460000000000000e+05
1.516870000000000000e+05
1.522630000000000000e+05
1.526400000000000000e+05
1.528540000000000000e+05
1.531120000000000000e+05
1.535060000000000000e+05
1.541180000000000000e+05
1.547880000000000000e+05
1.553020000000000000e+05
1.559370000000000000e+05
1.562020000000000000e+05
1.564260000000000000e+05
1.569720000000000000e+05
1.576260000000000000e+05
1.583090000000000000e+05
1.588600000000000000e+05
1.595130000000000000e+05
1.598040000000000000e+05
1.600860000000000000e+05
1.607250000000000000e+05
1.616420000000000000e+05
1.626240000000000000e+05
1.634000000000000000e+05
1.642430000000000000e+05
1.645690000000000000e+05
1.648580000000000000e+05
1.656630000000000000e+05
1.665530000000000000e+05
1.675460000000000000e+05
1.688260000000000000e+05
1.698050000000000000e+05
1.701860000000000000e+05
1.705490000000000000e+05
1.715140000000000000e+05
1.728150000000000000e+05
1.741550000000000000e+05
1.751830000000000000e+05
1.762450000000000000e+05
1.767520000000000000e+05
1.774070000000000000e+05
1.785400000000000000e+05
1.801500000000000000e+05
1.818860000000000000e+05
1.833380000000000000e+05
1.848560000000000000e+05
1.854530000000000000e+05
1.864470000000000000e+05
1.878470000000000000e+05
1.893970000000000000e+05
1.911970000000000000e+05
1.929850000000000000e+05
1.946050000000000000e+05
1.952520000000000000e+05
1.956020000000000000e+05
1.964750000000000000e+05
1.982280000000000000e+05
2.001240000000000000e+05
2.019090000000000000e+05
2.037100000000000000e+05
2.044630000000000000e+05
2.053240000000000000e+05
2.070120000000000000e+05
2.089280000000000000e+05
2.107250000000000000e+05
2.125680000000000000e+05
2.142030000000000000e+05
2.150340000000000000e+05
2.160940000000000000e+05
2.177150000000000000e+05
2.199880000000000000e+05
2.221200000000000000e+05
2.239860000000000000e+05
2.256600000000000000e+05
2.265210000000000000e+05
2.274530000000000000e+05
2.283700000000000000e+05
2.302410000000000000e+05
2.317560000000000000e+05
2.331360000000000000e+05
2.343940000000000000e+05
2.350870000000000000e+05
2.357900000000000000e+05
2.365630000000000000e+05
2.377180000000000000e+05
2.391460000000000000e+05
2.400560000000000000e+05
2.408860000000000000e+05
2.412170000000000000e+05
2.418200000000000000e+05
2.423640000000000000e+05
2.433650000000000000e+05
2.441770000000000000e+05
2.448660000000000000e+05
2.454940000000000000e+05
2.458970000000000000e+05
2.462380000000000000e+05
2.466910000000000000e+05
2.473910000000000000e+05
2.480090000000000000e+05
2.485180000000000000e+05
2.488980000000000000e+05
2.491390000000000000e+05
2.493850000000000000e+05
2.497140000000000000e+05
2.501380000000000000e+05
2.505080000000000000e+05
2.508370000000000000e+05
2.511600000000000000e+05
2.513350000000000000e+05
2.513780000000000000e+05
2.515040000000000000e+05
2.518200000000000000e+05
2.521530000000000000e+05
2.524130000000000000e+05
2.526040000000000000e+05
2.527490000000000000e+05
2.527980000000000000e+05
2.529490000000000000e+05
2.531730000000000000e+05
2.533860000000000000e+05
2.535670000000000000e+05
2.537360000000000000e+05
2.538450000000000000e+05
2.539540000000000000e+05
2.540750000000000000e+05
2.542130000000000000e+05
2.543790000000000000e+05
2.544990000000000000e+05
2.546010000000000000e+05
2.546760000000000000e+05
2.547410000000000000e+05
2.548140000000000000e+05
2.549080000000000000e+05
2.549850000000000000e+05
2.550600000000000000e+05
2.551050000000000000e+05
2.551450000000000000e+05
2.551860000000000000e+05
2.552410000000000000e+05
2.552850000000000000e+05
2.553540000000000000e+05
2.554020000000000000e+05
2.554320000000000000e+05
2.554530000000000000e+05
2.555010000000000000e+05
2.555410000000000000e+05
2.556010000000000000e+05
2.556610000000000000e+05
2.557150000000000000e+05
2.557580000000000000e+05
2.557970000000000000e+05
2.558300000000000000e+05
2.558780000000000000e+05
2.559370000000000000e+05
2.559940000000000000e+05
2.560540000000000000e+05
2.561030000000000000e+05
2.561400000000000000e+05
2.561870000000000000e+05
2.562320000000000000e+05
2.563240000000000000e+05
2.563870000000000000e+05
2.564750000000000000e+05
2.565270000000000000e+05
2.565590000000000000e+05
2.566140000000000000e+05
2.566690000000000000e+05
2.567340000000000000e+05
2.568160000000000000e+05
2.568700000000000000e+05
2.569310000000000000e+05
2.569700000000000000e+05
2.570350000000000000e+05
2.571050000000000000e+05
2.571870000000000000e+05
2.572720000000000000e+05
2.573430000000000000e+05
2.574190000000000000e+05
2.574670000000000000e+05
2.575290000000000000e+05
2.575880000000000000e+05
2.576780000000000000e+05
2.577660000000000000e+05
2.578420000000000000e+05
2.579030000000000000e+05
2.579460000000000000e+05
2.580070000000000000e+05
2.580960000000000000e+05
2.582370000000000000e+05
2.583650000000000000e+05
2.584840000000000000e+05
2.585810000000000000e+05
2.586240000000000000e+05
2.587130000000000000e+05
2.588520000000000000e+05
2.590180000000000000e+05
2.592020000000000000e+05
2.593560000000000000e+05
2.594780000000000000e+05
2.595490000000000000e+05
