0.000000000000000000e+00
0.000000000000000000e+00
0.000000000000000000e+00
0.000000000000000000e+00
0.000000000000000000e+00
0.000000000000000000e+00
0.000000000000000000e+00
0.000000000000000000e+00
0.000000000000000000e+00
0.000000000000000000e+00
0.000000000000000000e+00
0.000000000000000000e+00
0.000000000000000000e+00
0.000000000000000000e+00
0.000000000000000000e+00
0.000000000000000000e+00
0.000000000000000000e+00
0.000000000000000000e+00
0.000000000000000000e+00
0.000000000000000000e+00
0.000000000000000000e+00
0.000000000000000000e+00
0.000000000000000000e+00
0.000000000000000000e+00
0.000000000000000000e+00
0.000000000000000000e+00
0.000000000000000000e+00
0.000000000000000000e+00
0.000000000000000000e+00
0.000000000000000000e+00
0.000000000000000000e+00
0.000000000000000000e+00
0.000000000000000000e+00
0.000000000000000000e+00
0.000000000000000000e+00
0.000000000000000000e+00
0.000000000000000000e+00
1.000000000000000000e+00
4.000000000000000000e+00
5.000000000000000000e+00
5.000000000000000000e+00
5.000000000000000000e+00
5.000000000000000000e+00
5.000000000000000000e+00
6.000000000000000000e+00
6.000000000000000000e+00
7.000000000000000000e+00
7.000000000000000000e+00
7.000000000000000000e+00
8.000000000000000000e+00
1.200000000000000000e+01
2.600000000000000000e+01
4.100000000000000000e+01
5.300000000000000000e+01
8.200000000000000000e+01
9.300000000000000000e+01
1.180000000000000000e+02
1.640000000000000000e+02
2.030000000000000000e+02
2.510000000000000000e+02
3.160000000000000000e+02
3.670000000000000000e+02
4.050000000000000000e+02
4.750000000000000000e+02
5.850000000000000000e+02
7.170000000000000000e+02
8.480000000000000000e+02
9.930000000000000000e+02
1.094000000000000000e+03
1.215000000000000000e+03
1.378000000000000000e+03
1.510000000000000000e+03
1.688000000000000000e+03
1.890000000000000000e+03
2.143000000000000000e+03
2.439000000000000000e+03
2.785000000000000000e+03
3.181000000000000000e+03
3.441000000000000000e+03
3.844000000000000000e+03
4.219000000000000000e+03
4.661000000000000000e+03
5.014000000000000000e+03
5.399000000000000000e+03
5.847000000000000000e+03
6.297000000000000000e+03
6.875000000000000000e+03
7.497000000000000000e+03
8.261000000000000000e+03
8.772000000000000000e+03
9.501000000000000000e+03
1.054400000000000000e+04
1.163300000000000000e+04
1.287200000000000000e+04
1.384200000000000000e+04
1.467700000000000000e+04
1.552900000000000000e+04
1.675200000000000000e+04
1.779900000000000000e+04
1.922400000000000000e+04
2.073900000000000000e+04
2.208800000000000000e+04
2.347100000000000000e+04
2.490500000000000000e+04
2.602500000000000000e+04
2.763400000000000000e+04
2.961600000000000000e+04
3.152200000000000000e+04
3.346000000000000000e+04
3.502200000000000000e+04
3.632700000000000000e+04
3.832400000000000000e+04
4.018600000000000000e+04
4.259500000000000000e+04
4.503200000000000000e+04
4.714400000000000000e+04
4.921900000000000000e+04
5.163300000000000000e+04
5.434600000000000000e+04
5.659400000000000000e+04
5.956700000000000000e+04
6.252700000000000000e+04
6.585600000000000000e+04
6.862000000000000000e+04
7.110500000000000000e+04
7.456000000000000000e+04
7.802300000000000000e+04
8.140000000000000000e+04
8.462700000000000000e+04
8.751200000000000000e+04
9.066400000000000000e+04
9.343500000000000000e+04
9.732600000000000000e+04
1.012380000000000000e+05
1.056800000000000000e+05
1.100260000000000000e+05
1.136190000000000000e+05
1.171030000000000000e+05
1.201020000000000000e+05
1.243010000000000000e+05
1.291840000000000000e+05
1.339740000000000000e+05
1.391960000000000000e+05
1.426900000000000000e+05
1.468370000000000000e+05
1.502640000000000000e+05
1.548630000000000000e+05
1.597930000000000000e+05
1.654550000000000000e+05
1.704850000000000000e+05
1.752020000000000000e+05
1.805450000000000000e+05
1.851220000000000000e+05
1.914100000000000000e+05
1.968470000000000000e+05
2.029510000000000000e+05
2.083920000000000000e+05
2.128020000000000000e+05
2.168520000000000000e+05
2.206570000000000000e+05
2.260890000000000000e+05
2.317700000000000000e+05
2.385110000000000000e+05
2.452510000000000000e+05
2.521650000000000000e+05
2.568480000000000000e+05
2.617500000000000000e+05
2.680080000000000000e+05
2.750030000000000000e+05
2.822830000000000000e+05
2.891740000000000000e+05
2.952680000000000000e+05
2.997500000000000000e+05
3.044350000000000000e+05
3.114860000000000000e+05
3.176350000000000000e+05
3.240410000000000000e+05
3.312980000000000000e+05
3.389130000000000000e+05
3.442240000000000000e+05
3.493960000000000000e+05
3.562550000000000000e+05
3.622740000000000000e+05
3.707120000000000000e+05
3.782850000000000000e+05
3.850360000000000000e+05
3.905160000000000000e+05
3.954890000000000000e+05
4.026970000000000000e+05
4.084490000000000000e+05
4.161790000000000000e+05
4.246370000000000000e+05
4.341930000000000000e+05
4.390460000000000000e+05
4.438130000000000000e+05
4.499610000000000000e+05
4.561000000000000000e+05
4.626900000000000000e+05
4.694070000000000000e+05
4.759020000000000000e+05
4.802780000000000000e+05
4.858360000000000000e+05
4.925220000000000000e+05
4.983800000000000000e+05
5.057510000000000000e+05
5.113690000000000000e+05
5.177140000000000000e+05
5.221620000000000000e+05
5.257330000000000000e+05
5.312390000000000000e+05
5.370310000000000000e+05
5.438060000000000000e+05
5.497340000000000000e+05
5.562160000000000000e+05
5.601640000000000000e+05
5.637050000000000000e+05
5.686210000000000000e+05
5.738880000000000000e+05
5.799140000000000000e+05
5.857380000000000000e+05
5.917120000000000000e+05
5.958410000000000000e+05
5.995600000000000000e+05
6.060360000000000000e+05
6.109570000000000000e+05
6.168940000000000000e+05
6.230900000000000000e+05
6.294090000000000000e+05
6.340230000000000000e+05
6.375090000000000000e+05
6.428600000000000000e+05
6.473210000000000000e+05
6.523640000000000000e+05
6.582990000000000000e+05
6.639730000000000000e+05
6.683810000000000000e+05
6.717160000000000000e+05
6.764870000000000000e+05
6.809310000000000000e+05
6.841130000000000000e+05
6.889540000000000000e+05
6.941210000000000000e+05
6.976630000000000000e+05
7.005800000000000000e+05
7.052630000000000000e+05
7.100490000000000000e+05
7.154570000000000000e+05
7.208580000000000000e+05
7.264310000000000000e+05
7.303170000000000000e+05
7.337170000000000000e+05
7.381630000000000000e+05
7.432160000000000000e+05
7.483150000000000000e+05
7.530900000000000000e+05
7.579530000000000000e+05
7.616650000000000000e+05
7.897800000000000000e+05
7.946080000000000000e+05
7.991880000000000000e+05
8.044880000000000000e+05
8.100200000000000000e+05
8.143280000000000000e+05
8.175030000000000000e+05
8.210450000000000000e+05
8.253400000000000000e+05
8.293960000000000000e+05
8.349100000000000000e+05
8.416610000000000000e+05
8.471080000000000000e+05
8.512270000000000000e+05
8.549260000000000000e+05
8.607140000000000000e+05
8.675590000000000000e+05
8.741710000000000000e+05
8.807750000000000000e+05
8.868000000000000000e+05
8.911600000000000000e+05
8.953260000000000000e+05
9.012680000000000000e+05
9.068630000000000000e+05
9.128110000000000000e+05
9.188110000000000000e+05
9.249620000000000000e+05
9.293920000000000000e+05
9.331550000000000000e+05
9.384050000000000000e+05
9.436300000000000000e+05
9.491970000000000000e+05
9.551280000000000000e+05
9.619380000000000000e+05
9.678250000000000000e+05
9.727850000000000000e+05
9.785310000000000000e+05
9.861770000000000000e+05
9.918350000000000000e+05
9.973930000000000000e+05
1.003253000000000000e+06
1.006522000000000000e+06
1.009396000000000000e+06
1.011153000000000000e+06
1.015071000000000000e+06
1.019543000000000000e+06
1.025969000000000000e+06
1.032688000000000000e+06
1.041875000000000000e+06
1.049358000000000000e+06
1.060152000000000000e+06
1.070487000000000000e+06
1.078594000000000000e+06
1.090675000000000000e+06
1.101403000000000000e+06
1.107071000000000000e+06
1.113543000000000000e+06
1.122362000000000000e+06
1.133613000000000000e+06
1.144643000000000000e+06
1.156770000000000000e+06
1.168395000000000000e+06
1.175850000000000000e+06
1.182249000000000000e+06
1.193255000000000000e+06
1.205229000000000000e+06
1.217126000000000000e+06
1.229379000000000000e+06
1.241436000000000000e+06
1.250044000000000000e+06
1.255974000000000000e+06
1.267202000000000000e+06
1.277499000000000000e+06
1.289298000000000000e+06
1.301546000000000000e+06
1.313675000000000000e+06
1.320545000000000000e+06
1.325915000000000000e+06
1.338426000000000000e+06
1.350079000000000000e+06
1.362564000000000000e+06
1.372243000000000000e+06
1.377217000000000000e+06
1.383434000000000000e+06
1.389430000000000000e+06
1.401529000000000000e+06
1.413935000000000000e+06
1.426094000000000000e+06
1.437185000000000000e+06
1.443544000000000000e+06
1.448755000000000000e+06
1.455219000000000000e+06
1.466490000000000000e+06
1.479835000000000000e+06
1.493569000000000000e+06
1.507931000000000000e+06
1.524036000000000000e+06
1.534039000000000000e+06
1.541633000000000000e+06
1.556028000000000000e+06
1.571901000000000000e+06
1.588369000000000000e+06
1.609735000000000000e+06
1.630258000000000000e+06
1.641428000000000000e+06
1.649502000000000000e+06
1.668396000000000000e+06
1.688944000000000000e+06
1.711283000000000000e+06
1.732290000000000000e+06
1.752347000000000000e+06
1.763219000000000000e+06
1.771740000000000000e+06
1.788905000000000000e+06
1.806849000000000000e+06
1.825519000000000000e+06
1.841893000000000000e+06
1.857230000000000000e+06
1.864260000000000000e+06
1.869708000000000000e+06
1.874092000000000000e+06
1.886245000000000000e+06
1.886245000000000000e+06
1.912871000000000000e+06
1.926080000000000000e+06
1.932145000000000000e+06
1.936013000000000000e+06
1.946751000000000000e+06
1.957889000000000000e+06
1.968566000000000000e+06
1.978954000000000000e+06
1.988695000000000000e+06
1.992794000000000000e+06
1.995892000000000000e+06
2.004575000000000000e+06
2.013563000000000000e+06
2.022662000000000000e+06
2.030491000000000000e+06
2.038276000000000000e+06
2.041380000000000000e+06
2.043632000000000000e+06
2.052266000000000000e+06
2.060908000000000000e+06
2.069370000000000000e+06
2.076882000000000000e+06
2.084128000000000000e+06
2.086938000000000000e+06
2.089281000000000000e+06
2.097194000000000000e+06
2.104987000000000000e+06
2.112508000000000000e+06
2.119305000000000000e+06
2.125866000000000000e+06
2.128600000000000000e+06
2.130477000000000000e+06
2.137884000000000000e+06
2.144486000000000000e+06
2.150955000000000000e+06
2.157771000000000000e+06
2.163875000000000000e+06
2.166290000000000000e+06
2.167729000000000000e+06
2.169007000000000000e+06
2.175462000000000000e+06
2.182188000000000000e+06
2.187910000000000000e+06
2.193639000000000000e+06
2.195772000000000000e+06
2.197160000000000000e+06
2.203041000000000000e+06
2.208755000000000000e+06
2.214542000000000000e+06
2.219845000000000000e+06
2.224904000000000000e+06
2.226550000000000000e+06
2.227843000000000000e+06
2.232910000000000000e+06
2.238887000000000000e+06
2.244268000000000000e+06
2.247357000000000000e+06
2.249195000000000000e+06
2.250458000000000000e+06
2.251705000000000000e+06
2.256509000000000000e+06
2.261879000000000000e+06
2.267019000000000000e+06
2.272064000000000000e+06
2.278420000000000000e+06
2.280213000000000000e+06
2.281840000000000000e+06
2.286352000000000000e+06
2.291246000000000000e+06
2.295435000000000000e+06
2.299939000000000000e+06
2.304096000000000000e+06
2.305602000000000000e+06
2.306910000000000000e+06
2.311172000000000000e+06
2.315811000000000000e+06
2.319519000000000000e+06
2.323430000000000000e+06
2.326738000000000000e+06
2.328391000000000000e+06
2.329534000000000000e+06
2.333126000000000000e+06
2.336944000000000000e+06
2.340934000000000000e+06
2.344755000000000000e+06
2.347780000000000000e+06
2.348873000000000000e+06
2.349900000000000000e+06
2.352964000000000000e+06
2.355985000000000000e+06
2.358831000000000000e+06
2.361874000000000000e+06
2.364617000000000000e+06
2.365792000000000000e+06
2.366496000000000000e+06
2.368393000000000000e+06
2.371483000000000000e+06
2.375115000000000000e+06
2.377995000000000000e+06
2.380690000000000000e+06
2.381923000000000000e+06
2.382745000000000000e+06
2.385512000000000000e+06
2.387512000000000000e+06
2.390140000000000000e+06
2.392744000000000000e+06
2.395330000000000000e+06
2.396604000000000000e+06
2.397307000000000000e+06
2.399790000000000000e+06
2.402722000000000000e+06
2.405772000000000000e+06
2.408778000000000000e+06
2.411503000000000000e+06
2.412810000000000000e+06
2.413742000000000000e+06
2.420659000000000000e+06
2.423928000000000000e+06
2.426822000000000000e+06
2.429631000000000000e+06
2.431702000000000000e+06
2.433681000000000000e+06
2.434562000000000000e+06
2.438011000000000000e+06
2.441866000000000000e+06
2.445538000000000000e+06
2.448820000000000000e+06
2.452469000000000000e+06
2.454176000000000000e+06
2.455351000000000000e+06
2.459601000000000000e+06
2.463390000000000000e+06
2.467643000000000000e+06
2.471741000000000000e+06
2.471741000000000000e+06
2.477283000000000000e+06
2.478551000000000000e+06
2.482784000000000000e+06
2.487747000000000000e+06
2.493087000000000000e+06
2.498357000000000000e+06
2.503408000000000000e+06
2.505792000000000000e+06
2.507453000000000000e+06
2.513164000000000000e+06
2.519269000000000000e+06
2.525350000000000000e+06
2.531192000000000000e+06
2.537457000000000000e+06
2.540068000000000000e+06
2.541873000000000000e+06
2.549862000000000000e+06
2.558369000000000000e+06
2.567821000000000000e+06
2.577140000000000000e+06
2.586721000000000000e+06
2.590500000000000000e+06
2.593574000000000000e+06
2.604711000000000000e+06
2.616827000000000000e+06
2.629648000000000000e+06
2.642068000000000000e+06
2.654699000000000000e+06
2.659137000000000000e+06
2.664444000000000000e+06
2.678297000000000000e+06
2.693495000000000000e+06
2.709739000000000000e+06
2.709739000000000000e+06
2.741983000000000000e+06
2.748518000000000000e+06
2.754438000000000000e+06
2.771846000000000000e+06
2.790874000000000000e+06
2.810097000000000000e+06
2.829443000000000000e+06
2.848252000000000000e+06
2.854992000000000000e+06
