0.000000000000000000e+00
0.000000000000000000e+00
0.000000000000000000e+00
0.000000000000000000e+00
0.000000000000000000e+00
0.000000000000000000e+00
0.000000000000000000e+00
0.000000000000000000e+00
0.000000000000000000e+00
0.000000000000000000e+00
0.000000000000000000e+00
0.000000000000000000e+00
0.000000000000000000e+00
0.000000000000000000e+00
0.000000000000000000e+00
0.000000000000000000e+00
0.000000000000000000e+00
0.000000000000000000e+00
0.000000000000000000e+00
0.000000000000000000e+00
0.000000000000000000e+00
0.000000000000000000e+00
0.000000000000000000e+00
0.000000000000000000e+00
0.000000000000000000e+00
0.000000000000000000e+00
0.000000000000000000e+00
0.000000000000000000e+00
0.000000000000000000e+00
0.000000000000000000e+00
0.000000000000000000e+00
0.000000000000000000e+00
0.000000000000000000e+00
0.000000000000000000e+00
0.000000000000000000e+00
0.000000000000000000e+00
0.000000000000000000e+00
0.000000000000000000e+00
0.000000000000000000e+00
0.000000000000000000e+00
0.000000000000000000e+00
0.000000000000000000e+00
0.000000000000000000e+00
0.000000000000000000e+00
0.000000000000000000e+00
0.000000000000000000e+00
0.000000000000000000e+00
0.000000000000000000e+00
0.000000000000000000e+00
0.000000000000000000e+00
0.000000000000000000e+00
0.000000000000000000e+00
0.000000000000000000e+00
0.000000000000000000e+00
0.000000000000000000e+00
0.000000000000000000e+00
0.000000000000000000e+00
0.000000000000000000e+00
0.000000000000000000e+00
0.000000000000000000e+00
0.000000000000000000e+00
0.000000000000000000e+00
0.000000000000000000e+00
2.000000000000000000e+00
4.000000000000000000e+00
1.100000000000000000e+01
1.800000000000000000e+01
1.800000000000000000e+01
2.500000000000000000e+01
2.800000000000000000e+01
3.100000000000000000e+01
3.600000000000000000e+01
3.900000000000000000e+01
4.100000000000000000e+01
4.500000000000000000e+01
4.700000000000000000e+01
5.600000000000000000e+01
5.900000000000000000e+01
7.400000000000000000e+01
8.700000000000000000e+01
8.700000000000000000e+01
1.050000000000000000e+02
1.230000000000000000e+02
1.440000000000000000e+02
1.480000000000000000e+02
1.710000000000000000e+02
1.710000000000000000e+02
2.160000000000000000e+02
2.240000000000000000e+02
2.460000000000000000e+02
2.580000000000000000e+02
2.930000000000000000e+02
3.090000000000000000e+02
3.250000000000000000e+02
3.700000000000000000e+02
3.890000000000000000e+02
4.080000000000000000e+02
4.240000000000000000e+02
4.820000000000000000e+02
4.900000000000000000e+02
5.080000000000000000e+02
5.440000000000000000e+02
5.630000000000000000e+02
5.800000000000000000e+02
6.120000000000000000e+02
6.310000000000000000e+02
6.500000000000000000e+02
6.680000000000000000e+02
6.920000000000000000e+02
7.040000000000000000e+02
7.120000000000000000e+02
7.300000000000000000e+02
7.580000000000000000e+02
7.790000000000000000e+02
8.060000000000000000e+02
8.350000000000000000e+02
8.600000000000000000e+02
8.740000000000000000e+02
9.010000000000000000e+02
9.310000000000000000e+02
9.470000000000000000e+02
9.690000000000000000e+02
1.015000000000000000e+03
1.030000000000000000e+03
1.059000000000000000e+03
1.077000000000000000e+03
1.116000000000000000e+03
1.194000000000000000e+03
1.226000000000000000e+03
1.250000000000000000e+03
1.265000000000000000e+03
1.315000000000000000e+03
1.351000000000000000e+03
1.386000000000000000e+03
1.461000000000000000e+03
1.485000000000000000e+03
1.523000000000000000e+03
1.533000000000000000e+03
1.547000000000000000e+03
1.586000000000000000e+03
1.667000000000000000e+03
1.722000000000000000e+03
1.752000000000000000e+03
1.776000000000000000e+03
1.809000000000000000e+03
1.860000000000000000e+03
1.885000000000000000e+03
1.890000000000000000e+03
1.906000000000000000e+03
1.923000000000000000e+03
1.933000000000000000e+03
1.933000000000000000e+03
1.961000000000000000e+03
1.978000000000000000e+03
2.005000000000000000e+03
2.039000000000000000e+03
2.060000000000000000e+03
2.118000000000000000e+03
2.147000000000000000e+03
2.173000000000000000e+03
2.181000000000000000e+03
2.202000000000000000e+03
2.260000000000000000e+03
2.285000000000000000e+03
2.303000000000000000e+03
2.330000000000000000e+03
2.331000000000000000e+03
2.348000000000000000e+03
2.358000000000000000e+03
2.370000000000000000e+03
2.404000000000000000e+03
2.406000000000000000e+03
2.411000000000000000e+03
2.412000000000000000e+03
2.423000000000000000e+03
2.433000000000000000e+03
2.440000000000000000e+03
2.467000000000000000e+03
2.472000000000000000e+03
2.475000000000000000e+03
2.475000000000000000e+03
2.477000000000000000e+03
2.494000000000000000e+03
2.494000000000000000e+03
2.503000000000000000e+03
2.503000000000000000e+03
2.510000000000000000e+03
2.513000000000000000e+03
2.520000000000000000e+03
2.521000000000000000e+03
2.522000000000000000e+03
2.535000000000000000e+03
2.535000000000000000e+03
2.541000000000000000e+03
2.543000000000000000e+03
2.543000000000000000e+03
2.546000000000000000e+03
2.552000000000000000e+03
2.561000000000000000e+03
2.565000000000000000e+03
2.567000000000000000e+03
2.573000000000000000e+03
2.577000000000000000e+03
2.582000000000000000e+03
2.597000000000000000e+03
2.597000000000000000e+03
2.614000000000000000e+03
2.640000000000000000e+03
2.640000000000000000e+03
2.666000000000000000e+03
2.667000000000000000e+03
2.667000000000000000e+03
2.688000000000000000e+03
2.699000000000000000e+03
2.705000000000000000e+03
2.708000000000000000e+03
2.713000000000000000e+03
2.717000000000000000e+03
2.730000000000000000e+03
2.736000000000000000e+03
2.757000000000000000e+03
2.773000000000000000e+03
2.776000000000000000e+03
2.777000000000000000e+03
2.802000000000000000e+03
2.807000000000000000e+03
2.814000000000000000e+03
2.833000000000000000e+03
2.842000000000000000e+03
2.870000000000000000e+03
2.882000000000000000e+03
2.898000000000000000e+03
2.909000000000000000e+03
2.912000000000000000e+03
2.916000000000000000e+03
2.924000000000000000e+03
2.935000000000000000e+03
2.940000000000000000e+03
2.966000000000000000e+03
2.966000000000000000e+03
2.991000000000000000e+03
3.006000000000000000e+03
3.013000000000000000e+03
3.024000000000000000e+03
3.030000000000000000e+03
3.034000000000000000e+03
3.041000000000000000e+03
3.064000000000000000e+03
3.080000000000000000e+03
3.086000000000000000e+03
3.090000000000000000e+03
3.101000000000000000e+03
3.118000000000000000e+03
3.131000000000000000e+03
3.156000000000000000e+03
3.170000000000000000e+03
3.184000000000000000e+03
3.189000000000000000e+03
3.195000000000000000e+03
3.210000000000000000e+03
3.235000000000000000e+03
3.248000000000000000e+03
3.273000000000000000e+03
3.286000000000000000e+03
3.296000000000000000e+03
3.297000000000000000e+03
3.352000000000000000e+03
3.368000000000000000e+03
3.378000000000000000e+03
3.379000000000000000e+03
3.388000000000000000e+03
3.407000000000000000e+03
3.411000000000000000e+03
3.428000000000000000e+03
3.440000000000000000e+03
3.444000000000000000e+03
3.472000000000000000e+03
3.490000000000000000e+03
3.499000000000000000e+03
3.515000000000000000e+03
3.530000000000000000e+03
3.537000000000000000e+03
3.545000000000000000e+03
3.554000000000000000e+03
3.565000000000000000e+03
3.573000000000000000e+03
3.584000000000000000e+03
3.609000000000000000e+03
3.633000000000000000e+03
3.657000000000000000e+03
3.676000000000000000e+03
3.706000000000000000e+03
3.712000000000000000e+03
3.745000000000000000e+03
3.753000000000000000e+03
3.792000000000000000e+03
3.806000000000000000e+03
3.868000000000000000e+03
3.900000000000000000e+03
3.948000000000000000e+03
3.980000000000000000e+03
4.033000000000000000e+03
4.093000000000000000e+03
4.169000000000000000e+03
4.206000000000000000e+03
4.255000000000000000e+03
4.326000000000000000e+03
4.417000000000000000e+03
4.461000000000000000e+03
4.505000000000000000e+03
4.567000000000000000e+03
4.659000000000000000e+03
4.688000000000000000e+03
4.710000000000000000e+03
4.762000000000000000e+03
4.837000000000000000e+03
4.880000000000000000e+03
4.938000000000000000e+03
5.062000000000000000e+03
5.135000000000000000e+03
5.290000000000000000e+03
5.442000000000000000e+03
5.469000000000000000e+03
5.576000000000000000e+03
5.649000000000000000e+03
5.721000000000000000e+03
5.814000000000000000e+03
5.836000000000000000e+03
5.878000000000000000e+03
5.969000000000000000e+03
6.049000000000000000e+03
6.120000000000000000e+03
6.164000000000000000e+03
6.191000000000000000e+03
6.232000000000000000e+03
6.291000000000000000e+03
6.347000000000000000e+03
6.441000000000000000e+03
6.488000000000000000e+03
6.574000000000000000e+03
6.629000000000000000e+03
6.703000000000000000e+03
6.796000000000000000e+03
7.029000000000000000e+03
7.090000000000000000e+03
7.203000000000000000e+03
7.226000000000000000e+03
7.253000000000000000e+03
7.260000000000000000e+03
7.349000000000000000e+03
7.395000000000000000e+03
7.427000000000000000e+03
7.512000000000000000e+03
7.565000000000000000e+03
7.600000000000000000e+03
7.664000000000000000e+03
7.687000000000000000e+03
7.738000000000000000e+03
7.759000000000000000e+03
7.800000000000000000e+03
7.823000000000000000e+03
7.839000000000000000e+03
7.855000000000000000e+03
7.880000000000000000e+03
7.897000000000000000e+03
7.911000000000000000e+03
7.937000000000000000e+03
7.965000000000000000e+03
7.983000000000000000e+03
7.995000000000000000e+03
8.006000000000000000e+03
8.037000000000000000e+03
8.056000000000000000e+03
8.063000000000000000e+03
8.069000000000000000e+03
8.091000000000000000e+03
8.100000000000000000e+03
8.111000000000000000e+03
8.119000000000000000e+03
8.130000000000000000e+03
8.145000000000000000e+03
8.160000000000000000e+03
8.176000000000000000e+03
8.181000000000000000e+03
8.192000000000000000e+03
8.203000000000000000e+03
8.218000000000000000e+03
8.222000000000000000e+03
8.226000000000000000e+03
8.229000000000000000e+03
8.235000000000000000e+03
8.241000000000000000e+03
8.256000000000000000e+03
8.256000000000000000e+03
8.260000000000000000e+03
8.292000000000000000e+03
8.299000000000000000e+03
8.306000000000000000e+03
8.324000000000000000e+03
8.332000000000000000e+03
8.349000000000000000e+03
8.358000000000000000e+03
8.365000000000000000e+03
8.376000000000000000e+03
8.390000000000000000e+03
8.420000000000000000e+03
8.446000000000000000e+03
8.470000000000000000e+03
8.509000000000000000e+03
8.560000000000000000e+03
8.580000000000000000e+03
8.613000000000000000e+03
8.613000000000000000e+03
8.710000000000000000e+03
8.782000000000000000e+03
8.813000000000000000e+03
8.862000000000000000e+03
8.913000000000000000e+03
8.933000000000000000e+03
9.018000000000000000e+03
9.066000000000000000e+03
9.118000000000000000e+03
9.191000000000000000e+03
9.270000000000000000e+03
9.330000000000000000e+03
9.380000000000000000e+03
9.474000000000000000e+03
9.577000000000000000e+03
9.647000000000000000e+03
9.719000000000000000e+03
9.773000000000000000e+03
9.871000000000000000e+03
9.921000000000000000e+03
9.998000000000000000e+03
1.004200000000000000e+04
1.019900000000000000e+04
1.028500000000000000e+04
1.043200000000000000e+04
1.058000000000000000e+04
1.062000000000000000e+04
1.075800000000000000e+04
1.084100000000000000e+04
1.125400000000000000e+04
1.139300000000000000e+04
1.170500000000000000e+04
1.184400000000000000e+04
1.200200000000000000e+04
1.217900000000000000e+04
1.246700000000000000e+04
1.270600000000000000e+04
1.283500000000000000e+04
1.298000000000000000e+04
1.307000000000000000e+04
1.314500000000000000e+04
1.324600000000000000e+04
1.333600000000000000e+04
1.342000000000000000e+04
1.350400000000000000e+04
1.356000000000000000e+04
1.362700000000000000e+04
1.365800000000000000e+04
1.372200000000000000e+04
1.378000000000000000e+04
1.381500000000000000e+04
1.385800000000000000e+04
1.389600000000000000e+04
1.391500000000000000e+04
1.393700000000000000e+04
1.396900000000000000e+04
1.399800000000000000e+04
1.402900000000000000e+04
1.405900000000000000e+04
1.408200000000000000e+04
1.410800000000000000e+04
1.411500000000000000e+04
1.413300000000000000e+04
1.414900000000000000e+04
1.414900000000000000e+04
1.416300000000000000e+04
1.417600000000000000e+04
1.419000000000000000e+04
1.419400000000000000e+04
1.420700000000000000e+04
1.422100000000000000e+04
1.422600000000000000e+04
1.423600000000000000e+04
1.424000000000000000e+04
1.424100000000000000e+04
1.424400000000000000e+04
1.425200000000000000e+04
1.425600000000000000e+04
1.425900000000000000e+04
1.426200000000000000e+04
1.426500000000000000e+04
1.426500000000000000e+04
1.426700000000000000e+04
1.427100000000000000e+04
1.428100000000000000e+04
1.428100000000000000e+04
1.428700000000000000e+04
1.429600000000000000e+04
1.429800000000000000e+04
1.430200000000000000e+04
1.432400000000000000e+04
1.432800000000000000e+04
1.432900000000000000e+04
1.433600000000000000e+04
1.434900000000000000e+04
1.435000000000000000e+04
1.435200000000000000e+04
1.435600000000000000e+04
1.435900000000000000e+04
1.436400000000000000e+04
1.437500000000000000e+04
1.438000000000000000e+04
1.438100000000000000e+04
1.438500000000000000e+04
1.438500000000000000e+04
1.439100000000000000e+04
1.439600000000000000e+04
1.440400000000000000e+04
1.441400000000000000e+04
1.441700000000000000e+04
1.441900000000000000e+04
1.442200000000000000e+04
1.442600000000000000e+04
1.442800000000000000e+04
1.443500000000000000e+04
1.443800000000000000e+04
1.444900000000000000e+04
1.445100000000000000e+04
1.445400000000000000e+04
1.445400000000000000e+04
1.445500000000000000e+04
1.445700000000000000e+04
1.446100000000000000e+04
1.446300000000000000e+04
1.447600000000000000e+04
1.448600000000000000e+04
1.449200000000000000e+04
1.449600000000000000e+04
1.450200000000000000e+04
1.450900000000000000e+04
1.451300000000000000e+04
1.451300000000000000e+04
1.452200000000000000e+04
1.452400000000000000e+04
1.452700000000000000e+04
1.453200000000000000e+04
1.454000000000000000e+04
1.454200000000000000e+04
1.454600000000000000e+04
1.455100000000000000e+04
1.456300000000000000e+04
1.456600000000000000e+04
1.457400000000000000e+04
1.458400000000000000e+04
1.458700000000000000e+04
