0.000000000000000000e+00
0.000000000000000000e+00
0.000000000000000000e+00
0.000000000000000000e+00
0.000000000000000000e+00
0.000000000000000000e+00
0.000000000000000000e+00
0.000000000000000000e+00
0.000000000000000000e+00
0.000000000000000000e+00
0.000000000000000000e+00
0.000000000000000000e+00
0.000000000000000000e+00
0.000000000000000000e+00
0.000000000000000000e+00
0.000000000000000000e+00
0.000000000000000000e+00
0.000000000000000000e+00
0.000000000000000000e+00
0.000000000000000000e+00
0.000000000000000000e+00
0.000000000000000000e+00
0.000000000000000000e+00
0.000000000000000000e+00
0.000000000000000000e+00
0.000000000000000000e+00
0.000000000000000000e+00
0.000000000000000000e+00
0.000000000000000000e+00
0.000000000000000000e+00
0.000000000000000000e+00
0.000000000000000000e+00
0.000000000000000000e+00
0.000000000000000000e+00
0.000000000000000000e+00
0.000000000000000000e+00
0.000000000000000000e+00
0.000000000000000000e+00
0.000000000000000000e+00
0.000000000000000000e+00
0.000000000000000000e+00
0.000000000000000000e+00
0.000000000000000000e+00
0.000000000000000000e+00
1.000000000000000000e+00
1.000000000000000000e+00
2.000000000000000000e+00
2.000000000000000000e+00
2.000000000000000000e+00
2.000000000000000000e+00
2.000000000000000000e+00
2.000000000000000000e+00
2.000000000000000000e+00
2.000000000000000000e+00
4.000000000000000000e+00
1.000000000000000000e+01
1.000000000000000000e+01
1.300000000000000000e+01
2.000000000000000000e+01
2.700000000000000000e+01
4.000000000000000000e+01
5.600000000000000000e+01
6.600000000000000000e+01
7.500000000000000000e+01
7.500000000000000000e+01
9.100000000000000000e+01
9.100000000000000000e+01
1.390000000000000000e+02
1.390000000000000000e+02
1.930000000000000000e+02
2.330000000000000000e+02
3.060000000000000000e+02
5.090000000000000000e+02
5.550000000000000000e+02
6.500000000000000000e+02
6.580000000000000000e+02
6.580000000000000000e+02
7.300000000000000000e+02
7.300000000000000000e+02
8.200000000000000000e+02
8.200000000000000000e+02
8.200000000000000000e+02
8.200000000000000000e+02
8.480000000000000000e+02
8.480000000000000000e+02
9.960000000000000000e+02
9.960000000000000000e+02
1.017000000000000000e+03
1.017000000000000000e+03
1.163000000000000000e+03
1.163000000000000000e+03
1.163000000000000000e+03
1.334000000000000000e+03
1.430000000000000000e+03
1.518000000000000000e+03
1.621000000000000000e+03
1.705000000000000000e+03
1.705000000000000000e+03
1.832000000000000000e+03
1.832000000000000000e+03
1.832000000000000000e+03
2.077000000000000000e+03
2.077000000000000000e+03
2.104000000000000000e+03
2.104000000000000000e+03
2.265000000000000000e+03
2.267000000000000000e+03
2.267000000000000000e+03
2.274000000000000000e+03
2.579000000000000000e+03
2.689000000000000000e+03
2.689000000000000000e+03
2.800000000000000000e+03
2.954000000000000000e+03
3.105000000000000000e+03
3.105000000000000000e+03
3.105000000000000000e+03
3.529000000000000000e+03
3.529000000000000000e+03
3.733000000000000000e+03
4.288000000000000000e+03
4.400000000000000000e+03
4.400000000000000000e+03
4.890000000000000000e+03
4.890000000000000000e+03
5.436000000000000000e+03
5.436000000000000000e+03
5.436000000000000000e+03
5.436000000000000000e+03
5.904000000000000000e+03
5.904000000000000000e+03
6.397000000000000000e+03
6.585000000000000000e+03
6.585000000000000000e+03
6.789000000000000000e+03
7.392000000000000000e+03
7.599000000000000000e+03
7.908000000000000000e+03
8.060000000000000000e+03
8.312000000000000000e+03
8.681000000000000000e+03
8.681000000000000000e+03
8.681000000000000000e+03
8.681000000000000000e+03
8.681000000000000000e+03
9.864000000000000000e+03
9.864000000000000000e+03
9.864000000000000000e+03
9.864000000000000000e+03
1.063800000000000000e+04
1.161000000000000000e+04
1.189200000000000000e+04
1.204100000000000000e+04
1.227000000000000000e+04
1.259200000000000000e+04
1.259200000000000000e+04
1.259200000000000000e+04
1.259200000000000000e+04
1.259200000000000000e+04
1.259200000000000000e+04
1.259200000000000000e+04
1.259200000000000000e+04
1.259200000000000000e+04
1.259200000000000000e+04
1.259200000000000000e+04
1.259200000000000000e+04
1.259200000000000000e+04
1.491600000000000000e+04
1.491600000000000000e+04
1.491600000000000000e+04
1.491600000000000000e+04
1.517300000000000000e+04
1.517300000000000000e+04
1.517300000000000000e+04
1.517300000000000000e+04
1.517300000000000000e+04
1.615700000000000000e+04
1.615700000000000000e+04
1.615700000000000000e+04
1.615700000000000000e+04
1.615700000000000000e+04
1.652200000000000000e+04
1.652200000000000000e+04
1.652200000000000000e+04
1.670800000000000000e+04
1.670800000000000000e+04
1.670800000000000000e+04
1.711000000000000000e+04
1.717900000000000000e+04
1.725500000000000000e+04
1.725500000000000000e+04
1.725500000000000000e+04
1.725500000000000000e+04
1.725500000000000000e+04
1.725500000000000000e+04
1.771800000000000000e+04
1.771800000000000000e+04
1.771800000000000000e+04
1.771800000000000000e+04
1.804200000000000000e+04
1.804200000000000000e+04
1.804200000000000000e+04
1.821300000000000000e+04
1.826300000000000000e+04
1.830800000000000000e+04
1.846900000000000000e+04
1.846900000000000000e+04
1.846900000000000000e+04
1.858200000000000000e+04
1.859900000000000000e+04
1.862400000000000000e+04
1.876200000000000000e+04
1.876200000000000000e+04
1.876200000000000000e+04
1.876200000000000000e+04
1.876200000000000000e+04
1.897300000000000000e+04
1.897300000000000000e+04
1.914200000000000000e+04
1.914200000000000000e+04
1.914200000000000000e+04
1.914200000000000000e+04
1.914200000000000000e+04
1.940900000000000000e+04
1.946000000000000000e+04
1.960400000000000000e+04
1.960400000000000000e+04
1.960400000000000000e+04
1.960400000000000000e+04
1.960400000000000000e+04
1.984800000000000000e+04
1.984800000000000000e+04
2.000900000000000000e+04
2.000900000000000000e+04
2.000900000000000000e+04
2.016700000000000000e+04
2.022800000000000000e+04
2.027100000000000000e+04
2.030300000000000000e+04
2.030300000000000000e+04
2.037100000000000000e+04
2.043100000000000000e+04
2.043100000000000000e+04
2.059800000000000000e+04
2.059800000000000000e+04
2.069000000000000000e+04
2.071200000000000000e+04
2.071200000000000000e+04
2.073500000000000000e+04
2.073500000000000000e+04
2.083800000000000000e+04
2.083800000000000000e+04
2.083800000000000000e+04
2.083800000000000000e+04
2.092400000000000000e+04
2.092400000000000000e+04
2.092400000000000000e+04
2.092400000000000000e+04
2.092400000000000000e+04
2.092400000000000000e+04
2.120300000000000000e+04
2.120300000000000000e+04
2.120300000000000000e+04
2.120300000000000000e+04
2.120300000000000000e+04
2.120300000000000000e+04
2.144100000000000000e+04
2.144100000000000000e+04
2.144100000000000000e+04
2.144100000000000000e+04
2.144100000000000000e+04
2.150600000000000000e+04
2.157000000000000000e+04
2.157000000000000000e+04
2.157000000000000000e+04
2.157000000000000000e+04
2.157000000000000000e+04
2.157000000000000000e+04
2.179300000000000000e+04
2.179300000000000000e+04
2.179300000000000000e+04
2.179300000000000000e+04
2.179300000000000000e+04
2.179300000000000000e+04
2.210300000000000000e+04
2.210300000000000000e+04
2.210300000000000000e+04
2.210300000000000000e+04
2.210300000000000000e+04
2.210300000000000000e+04
2.234200000000000000e+04
2.242100000000000000e+04
2.242100000000000000e+04
2.242100000000000000e+04
2.249000000000000000e+04
2.249000000000000000e+04
2.258300000000000000e+04
2.269200000000000000e+04
2.269200000000000000e+04
2.269200000000000000e+04
2.289600000000000000e+04
2.289600000000000000e+04
2.352800000000000000e+04
2.352800000000000000e+04
2.352800000000000000e+04
2.352800000000000000e+04
2.384200000000000000e+04
2.386900000000000000e+04
2.391500000000000000e+04
2.402200000000000000e+04
2.411700000000000000e+04
2.411700000000000000e+04
2.411700000000000000e+04
2.444500000000000000e+04
2.448700000000000000e+04
2.448700000000000000e+04
2.448700000000000000e+04
2.475200000000000000e+04
2.475200000000000000e+04
2.475200000000000000e+04
2.475200000000000000e+04
2.475200000000000000e+04
2.496300000000000000e+04
2.496300000000000000e+04
2.508700000000000000e+04
2.514300000000000000e+04
2.514300000000000000e+04
2.521400000000000000e+04
2.535900000000000000e+04
2.547200000000000000e+04
2.547200000000000000e+04
2.547200000000000000e+04
2.572400000000000000e+04
2.584900000000000000e+04
2.584900000000000000e+04
2.584900000000000000e+04
2.584900000000000000e+04
2.627700000000000000e+04
2.627700000000000000e+04
2.627700000000000000e+04
2.627700000000000000e+04
2.627700000000000000e+04
2.627700000000000000e+04
2.627700000000000000e+04
2.627700000000000000e+04
2.684800000000000000e+04
2.684800000000000000e+04
2.684800000000000000e+04
2.684800000000000000e+04
2.684800000000000000e+04
2.684800000000000000e+04
2.684800000000000000e+04
2.684800000000000000e+04
2.684800000000000000e+04
2.684800000000000000e+04
2.684800000000000000e+04
2.733600000000000000e+04
2.733600000000000000e+04
2.733600000000000000e+04
2.733600000000000000e+04
2.801000000000000000e+04
2.801000000000000000e+04
2.801000000000000000e+04
2.801000000000000000e+04
2.801000000000000000e+04
2.801000000000000000e+04
2.801000000000000000e+04
2.961700000000000000e+04
2.961700000000000000e+04
2.961700000000000000e+04
2.961700000000000000e+04
2.961700000000000000e+04
2.961700000000000000e+04
2.961700000000000000e+04
2.961700000000000000e+04
2.961700000000000000e+04
2.961700000000000000e+04
3.031300000000000000e+04
3.031300000000000000e+04
3.031300000000000000e+04
3.031300000000000000e+04
3.139400000000000000e+04
3.139400000000000000e+04
3.139400000000000000e+04
3.139400000000000000e+04
3.139400000000000000e+04
3.139400000000000000e+04
3.209800000000000000e+04
3.209800000000000000e+04
3.209800000000000000e+04
3.209800000000000000e+04
3.209800000000000000e+04
3.209800000000000000e+04
3.374900000000000000e+04
3.374900000000000000e+04
3.374900000000000000e+04
3.374900000000000000e+04
3.374900000000000000e+04
3.374900000000000000e+04
3.374900000000000000e+04
3.571400000000000000e+04
3.571400000000000000e+04
3.571400000000000000e+04
3.571400000000000000e+04
3.571400000000000000e+04
3.571400000000000000e+04
3.571400000000000000e+04
3.571400000000000000e+04
3.571400000000000000e+04
3.571400000000000000e+04
3.571400000000000000e+04
3.679400000000000000e+04
3.679400000000000000e+04
3.679400000000000000e+04
4.062200000000000000e+04
4.062200000000000000e+04
4.062200000000000000e+04
4.062200000000000000e+04
4.062200000000000000e+04
4.062200000000000000e+04
4.062200000000000000e+04
4.062200000000000000e+04
4.062200000000000000e+04
4.062200000000000000e+04
4.062200000000000000e+04
4.062200000000000000e+04
4.062200000000000000e+04
4.062200000000000000e+04
4.062200000000000000e+04
4.766900000000000000e+04
4.766900000000000000e+04
4.766900000000000000e+04
4.766900000000000000e+04
4.766900000000000000e+04
4.766900000000000000e+04
5.733700000000000000e+04
5.733700000000000000e+04
5.733700000000000000e+04
5.733700000000000000e+04
5.733700000000000000e+04
5.733700000000000000e+04
5.733700000000000000e+04
6.173100000000000000e+04
6.173100000000000000e+04
6.173100000000000000e+04
6.173100000000000000e+04
6.173100000000000000e+04
6.173100000000000000e+04
6.173100000000000000e+04
6.173100000000000000e+04
6.173100000000000000e+04
6.480900000000000000e+04
6.480900000000000000e+04
6.480900000000000000e+04
6.480900000000000000e+04
6.480900000000000000e+04
6.480900000000000000e+04
6.599800000000000000e+04
6.599800000000000000e+04
6.599800000000000000e+04
6.599800000000000000e+04
6.599800000000000000e+04
6.599800000000000000e+04
7.225000000000000000e+04
7.225000000000000000e+04
7.225000000000000000e+04
7.225000000000000000e+04
7.225000000000000000e+04
7.225000000000000000e+04
7.225000000000000000e+04
7.494600000000000000e+04
7.494600000000000000e+04
7.494600000000000000e+04
7.494600000000000000e+04
7.494600000000000000e+04
7.494600000000000000e+04
7.494600000000000000e+04
7.494600000000000000e+04
7.494600000000000000e+04
7.494600000000000000e+04
7.494600000000000000e+04
7.494600000000000000e+04
7.742900000000000000e+04
7.742900000000000000e+04
7.742900000000000000e+04
7.773300000000000000e+04
7.773300000000000000e+04
7.773300000000000000e+04
7.773300000000000000e+04
7.773300000000000000e+04
7.798200000000000000e+04
7.798200000000000000e+04
7.798200000000000000e+04
7.892900000000000000e+04
7.892900000000000000e+04
7.892900000000000000e+04
7.892900000000000000e+04
7.892900000000000000e+04
7.892900000000000000e+04
7.892900000000000000e+04
7.892900000000000000e+04
7.892900000000000000e+04
7.892900000000000000e+04
7.990400000000000000e+04
7.990400000000000000e+04
7.990400000000000000e+04
8.009000000000000000e+04
8.009000000000000000e+04
8.009000000000000000e+04
8.009000000000000000e+04
8.009000000000000000e+04
8.032800000000000000e+04
8.032800000000000000e+04
8.032800000000000000e+04
8.032800000000000000e+04
8.032800000000000000e+04
8.032800000000000000e+04
8.048700000000000000e+04
8.048700000000000000e+04
8.048700000000000000e+04
8.048700000000000000e+04
8.048700000000000000e+04
8.048700000000000000e+04
8.048700000000000000e+04
8.085800000000000000e+04
8.085800000000000000e+04
8.085800000000000000e+04
8.085800000000000000e+04
8.085800000000000000e+04
8.085800000000000000e+04
8.085800000000000000e+04
8.085800000000000000e+04
8.085800000000000000e+04
8.085800000000000000e+04
8.085800000000000000e+04
8.085800000000000000e+04
8.085800000000000000e+04
8.085800000000000000e+04
8.085800000000000000e+04
8.085800000000000000e+04
8.085800000000000000e+04
8.146700000000000000e+04
8.146700000000000000e+04
8.146700000000000000e+04
8.146700000000000000e+04
8.146700000000000000e+04
8.146700000000000000e+04
8.187100000000000000e+04
8.200300000000000000e+04
8.200300000000000000e+04
8.200300000000000000e+04
8.206400000000000000e+04
8.206400000000000000e+04
8.206400000000000000e+04
8.206400000000000000e+04
8.206400000000000000e+04
8.206400000000000000e+04
8.206400000000000000e+04
