0.000000000000000000e+00
0.000000000000000000e+00
0.000000000000000000e+00
0.000000000000000000e+00
0.000000000000000000e+00
0.000000000000000000e+00
0.000000000000000000e+00
0.000000000000000000e+00
0.000000000000000000e+00
0.000000000000000000e+00
0.000000000000000000e+00
0.000000000000000000e+00
0.000000000000000000e+00
0.000000000000000000e+00
0.000000000000000000e+00
0.000000000000000000e+00
0.000000000000000000e+00
0.000000000000000000e+00
0.000000000000000000e+00
0.000000000000000000e+00
0.000000000000000000e+00
0.000000000000000000e+00
0.000000000000000000e+00
0.000000000000000000e+00
0.000000000000000000e+00
0.000000000000000000e+00
0.000000000000000000e+00
0.000000000000000000e+00
0.000000000000000000e+00
0.000000000000000000e+00
0.000000000000000000e+00
0.000000000000000000e+00
0.000000000000000000e+00
0.000000000000000000e+00
0.000000000000000000e+00
0.000000000000000000e+00
0.000000000000000000e+00
0.000000000000000000e+00
1.000000000000000000e+00
1.000000000000000000e+00
1.000000000000000000e+00
1.000000000000000000e+00
1.000000000000000000e+00
1.000000000000000000e+00
1.000000000000000000e+00
1.000000000000000000e+00
1.000000000000000000e+00
1.000000000000000000e+00
1.000000000000000000e+00
1.000000000000000000e+00
2.000000000000000000e+00
2.000000000000000000e+00
2.000000000000000000e+00
2.000000000000000000e+00
7.000000000000000000e+00
7.000000000000000000e+00
7.000000000000000000e+00
7.000000000000000000e+00
1.100000000000000000e+01
1.100000000000000000e+01
2.300000000000000000e+01
2.300000000000000000e+01
2.300000000000000000e+01
3.100000000000000000e+01
3.300000000000000000e+01
4.200000000000000000e+01
4.200000000000000000e+01
4.600000000000000000e+01
4.900000000000000000e+01
5.200000000000000000e+01
5.500000000000000000e+01
6.000000000000000000e+01
6.400000000000000000e+01
6.600000000000000000e+01
7.300000000000000000e+01
7.700000000000000000e+01
7.900000000000000000e+01
8.100000000000000000e+01
8.400000000000000000e+01
9.000000000000000000e+01
9.200000000000000000e+01
9.300000000000000000e+01
9.300000000000000000e+01
9.300000000000000000e+01
9.300000000000000000e+01
9.300000000000000000e+01
9.400000000000000000e+01
9.400000000000000000e+01
9.400000000000000000e+01
9.400000000000000000e+01
9.400000000000000000e+01
9.400000000000000000e+01
9.400000000000000000e+01
9.400000000000000000e+01
9.400000000000000000e+01
9.400000000000000000e+01
9.500000000000000000e+01
9.500000000000000000e+01
9.500000000000000000e+01
9.500000000000000000e+01
9.500000000000000000e+01
9.500000000000000000e+01
9.500000000000000000e+01
9.500000000000000000e+01
9.500000000000000000e+01
9.500000000000000000e+01
9.500000000000000000e+01
9.500000000000000000e+01
9.600000000000000000e+01
9.600000000000000000e+01
9.600000000000000000e+01
9.600000000000000000e+01
9.600000000000000000e+01
9.600000000000000000e+01
9.600000000000000000e+01
9.600000000000000000e+01
9.600000000000000000e+01
9.700000000000000000e+01
9.700000000000000000e+01
9.700000000000000000e+01
9.700000000000000000e+01
9.700000000000000000e+01
9.800000000000000000e+01
9.800000000000000000e+01
9.800000000000000000e+01
9.800000000000000000e+01
9.800000000000000000e+01
9.800000000000000000e+01
9.800000000000000000e+01
9.900000000000000000e+01
9.900000000000000000e+01
9.900000000000000000e+01
9.900000000000000000e+01
9.900000000000000000e+01
9.900000000000000000e+01
9.900000000000000000e+01
9.900000000000000000e+01
9.900000000000000000e+01
9.900000000000000000e+01
9.900000000000000000e+01
9.900000000000000000e+01
9.900000000000000000e+01
9.900000000000000000e+01
9.900000000000000000e+01
9.900000000000000000e+01
9.900000000000000000e+01
9.900000000000000000e+01
9.900000000000000000e+01
9.900000000000000000e+01
9.900000000000000000e+01
9.900000000000000000e+01
1.000000000000000000e+02
1.010000000000000000e+02
1.010000000000000000e+02
1.020000000000000000e+02
1.020000000000000000e+02
1.020000000000000000e+02
1.030000000000000000e+02
1.030000000000000000e+02
1.030000000000000000e+02
1.030000000000000000e+02
1.030000000000000000e+02
1.060000000000000000e+02
1.060000000000000000e+02
1.060000000000000000e+02
1.080000000000000000e+02
1.080000000000000000e+02
1.080000000000000000e+02
1.080000000000000000e+02
1.080000000000000000e+02
1.080000000000000000e+02
1.090000000000000000e+02
1.090000000000000000e+02
1.090000000000000000e+02
1.090000000000000000e+02
1.090000000000000000e+02
1.090000000000000000e+02
1.090000000000000000e+02
1.090000000000000000e+02
1.090000000000000000e+02
1.090000000000000000e+02
1.110000000000000000e+02
1.120000000000000000e+02
1.140000000000000000e+02
1.160000000000000000e+02
1.160000000000000000e+02
1.160000000000000000e+02
1.160000000000000000e+02
1.170000000000000000e+02
1.200000000000000000e+02
1.200000000000000000e+02
1.200000000000000000e+02
1.200000000000000000e+02
1.200000000000000000e+02
1.210000000000000000e+02
1.230000000000000000e+02
1.250000000000000000e+02
1.250000000000000000e+02
1.280000000000000000e+02
1.310000000000000000e+02
1.330000000000000000e+02
1.330000000000000000e+02
1.380000000000000000e+02
1.410000000000000000e+02
1.440000000000000000e+02
1.460000000000000000e+02
1.460000000000000000e+02
1.460000000000000000e+02
1.480000000000000000e+02
1.480000000000000000e+02
1.480000000000000000e+02
1.500000000000000000e+02
1.540000000000000000e+02
1.540000000000000000e+02
1.540000000000000000e+02
1.540000000000000000e+02
1.540000000000000000e+02
1.540000000000000000e+02
1.540000000000000000e+02
1.540000000000000000e+02
1.540000000000000000e+02
1.540000000000000000e+02
1.540000000000000000e+02
1.540000000000000000e+02
1.420000000000000000e+02
1.430000000000000000e+02
1.470000000000000000e+02
1.470000000000000000e+02
1.470000000000000000e+02
1.530000000000000000e+02
1.560000000000000000e+02
1.610000000000000000e+02
1.650000000000000000e+02
1.680000000000000000e+02
1.690000000000000000e+02
1.710000000000000000e+02
1.770000000000000000e+02
1.780000000000000000e+02
1.810000000000000000e+02
1.860000000000000000e+02
1.910000000000000000e+02
1.920000000000000000e+02
1.930000000000000000e+02
1.950000000000000000e+02
1.970000000000000000e+02
1.990000000000000000e+02
2.050000000000000000e+02
2.080000000000000000e+02
2.100000000000000000e+02
2.100000000000000000e+02
2.120000000000000000e+02
2.140000000000000000e+02
2.180000000000000000e+02
2.190000000000000000e+02
2.210000000000000000e+02
2.220000000000000000e+02
2.220000000000000000e+02
2.230000000000000000e+02
2.240000000000000000e+02
2.270000000000000000e+02
2.290000000000000000e+02
2.330000000000000000e+02
2.330000000000000000e+02
2.340000000000000000e+02
2.360000000000000000e+02
2.410000000000000000e+02
2.480000000000000000e+02
2.530000000000000000e+02
2.550000000000000000e+02
2.600000000000000000e+02
2.650000000000000000e+02
2.680000000000000000e+02
2.710000000000000000e+02
2.730000000000000000e+02
2.810000000000000000e+02
2.950000000000000000e+02
2.960000000000000000e+02
3.060000000000000000e+02
3.100000000000000000e+02
3.200000000000000000e+02
3.370000000000000000e+02
3.470000000000000000e+02
3.550000000000000000e+02
3.590000000000000000e+02
3.660000000000000000e+02
3.750000000000000000e+02
3.970000000000000000e+02
4.120000000000000000e+02
4.300000000000000000e+02
4.540000000000000000e+02
4.830000000000000000e+02
4.860000000000000000e+02
4.900000000000000000e+02
5.120000000000000000e+02
5.240000000000000000e+02
5.320000000000000000e+02
5.400000000000000000e+02
5.450000000000000000e+02
5.480000000000000000e+02
5.520000000000000000e+02
5.570000000000000000e+02
5.650000000000000000e+02
5.730000000000000000e+02
5.770000000000000000e+02
5.810000000000000000e+02
5.820000000000000000e+02
5.830000000000000000e+02
5.870000000000000000e+02
5.940000000000000000e+02
6.000000000000000000e+02
6.030000000000000000e+02
6.070000000000000000e+02
6.080000000000000000e+02
6.090000000000000000e+02
6.170000000000000000e+02
6.210000000000000000e+02
6.300000000000000000e+02
6.300000000000000000e+02
6.370000000000000000e+02
6.380000000000000000e+02
6.410000000000000000e+02
6.480000000000000000e+02
6.550000000000000000e+02
6.570000000000000000e+02
6.590000000000000000e+02
6.680000000000000000e+02
6.680000000000000000e+02
6.710000000000000000e+02
6.780000000000000000e+02
6.850000000000000000e+02
7.000000000000000000e+02
7.150000000000000000e+02
7.230000000000000000e+02
7.280000000000000000e+02
7.420000000000000000e+02
7.560000000000000000e+02
7.670000000000000000e+02
7.830000000000000000e+02
7.890000000000000000e+02
7.970000000000000000e+02
7.970000000000000000e+02
8.010000000000000000e+02
8.270000000000000000e+02
8.530000000000000000e+02
8.750000000000000000e+02
8.850000000000000000e+02
9.010000000000000000e+02
9.070000000000000000e+02
9.170000000000000000e+02
9.470000000000000000e+02
9.780000000000000000e+02
1.018000000000000000e+03
1.041000000000000000e+03
1.053000000000000000e+03
1.057000000000000000e+03
1.070000000000000000e+03
1.092000000000000000e+03
1.128000000000000000e+03
1.145000000000000000e+03
1.169000000000000000e+03
1.194000000000000000e+03
1.205000000000000000e+03
1.212000000000000000e+03
1.240000000000000000e+03
1.262000000000000000e+03
1.287000000000000000e+03
1.311000000000000000e+03
1.345000000000000000e+03
1.357000000000000000e+03
1.368000000000000000e+03
1.399000000000000000e+03
1.413000000000000000e+03
1.430000000000000000e+03
1.430000000000000000e+03
1.475000000000000000e+03
1.489000000000000000e+03
1.499000000000000000e+03
1.543000000000000000e+03
1.572000000000000000e+03
1.596000000000000000e+03
1.625000000000000000e+03
1.647000000000000000e+03
1.655000000000000000e+03
1.665000000000000000e+03
1.695000000000000000e+03
1.717000000000000000e+03
1.735000000000000000e+03
1.752000000000000000e+03
1.755000000000000000e+03
1.760000000000000000e+03
1.774000000000000000e+03
1.787000000000000000e+03
1.816000000000000000e+03
1.835000000000000000e+03
1.844000000000000000e+03
1.862000000000000000e+03
1.870000000000000000e+03
1.885000000000000000e+03
1.904000000000000000e+03
1.916000000000000000e+03
1.932000000000000000e+03
1.942000000000000000e+03
1.953000000000000000e+03
1.956000000000000000e+03
1.965000000000000000e+03
1.965000000000000000e+03
1.981000000000000000e+03
1.997000000000000000e+03
2.009000000000000000e+03
2.019000000000000000e+03
2.023000000000000000e+03
2.028000000000000000e+03
2.048000000000000000e+03
2.062000000000000000e+03
2.075000000000000000e+03
2.097000000000000000e+03
2.106000000000000000e+03
2.107000000000000000e+03
2.120000000000000000e+03
2.135000000000000000e+03
2.141000000000000000e+03
2.149000000000000000e+03
2.164000000000000000e+03
2.173000000000000000e+03
2.173000000000000000e+03
2.182000000000000000e+03
2.199000000000000000e+03
2.210000000000000000e+03
2.227000000000000000e+03
2.248000000000000000e+03
2.254000000000000000e+03
2.259000000000000000e+03
2.265000000000000000e+03
2.282000000000000000e+03
2.288000000000000000e+03
2.305000000000000000e+03
2.320000000000000000e+03
2.326000000000000000e+03
2.329000000000000000e+03
2.334000000000000000e+03
2.345000000000000000e+03
2.353000000000000000e+03
2.364000000000000000e+03
2.369000000000000000e+03
2.374000000000000000e+03
2.375000000000000000e+03
2.377000000000000000e+03
2.378000000000000000e+03
2.384000000000000000e+03
2.387000000000000000e+03
2.391000000000000000e+03
2.395000000000000000e+03
2.399000000000000000e+03
2.404000000000000000e+03
2.413000000000000000e+03
2.422000000000000000e+03
2.423000000000000000e+03
2.426000000000000000e+03
2.429000000000000000e+03
2.432000000000000000e+03
2.439000000000000000e+03
2.442000000000000000e+03
2.447000000000000000e+03
2.452000000000000000e+03
2.454000000000000000e+03
2.457000000000000000e+03
2.457000000000000000e+03
2.465000000000000000e+03
2.468000000000000000e+03
2.471000000000000000e+03
2.475000000000000000e+03
2.477000000000000000e+03
2.479000000000000000e+03
2.479000000000000000e+03
2.481000000000000000e+03
2.486000000000000000e+03
2.487000000000000000e+03
2.490000000000000000e+03
2.490000000000000000e+03
2.493000000000000000e+03
2.493000000000000000e+03
2.494000000000000000e+03
2.495000000000000000e+03
2.497000000000000000e+03
2.499000000000000000e+03
2.500000000000000000e+03
2.501000000000000000e+03
2.501000000000000000e+03
2.501000000000000000e+03
2.502000000000000000e+03
2.503000000000000000e+03
2.503000000000000000e+03
2.503000000000000000e+03
2.503000000000000000e+03
2.504000000000000000e+03
2.504000000000000000e+03
2.506000000000000000e+03
2.508000000000000000e+03
2.508000000000000000e+03
2.508000000000000000e+03
2.508000000000000000e+03
2.508000000000000000e+03
2.508000000000000000e+03
2.511000000000000000e+03
2.514000000000000000e+03
2.516000000000000000e+03
2.520000000000000000e+03
2.524000000000000000e+03
2.525000000000000000e+03
2.526000000000000000e+03
2.532000000000000000e+03
2.539000000000000000e+03
2.545000000000000000e+03
2.547000000000000000e+03
2.548000000000000000e+03
2.548000000000000000e+03
2.549000000000000000e+03
2.554000000000000000e+03
2.557000000000000000e+03
2.562000000000000000e+03
2.570000000000000000e+03
2.570000000000000000e+03
2.571000000000000000e+03
2.575000000000000000e+03
2.576000000000000000e+03
2.577000000000000000e+03
2.580000000000000000e+03
2.586000000000000000e+03
2.587000000000000000e+03
2.587000000000000000e+03
2.589000000000000000e+03
2.595000000000000000e+03
2.599000000000000000e+03
2.603000000000000000e+03
2.611000000000000000e+03
2.622000000000000000e+03
2.622000000000000000e+03
2.624000000000000000e+03
2.640000000000000000e+03
2.648000000000000000e+03
2.655000000000000000e+03
2.662000000000000000e+03
2.680000000000000000e+03
2.682000000000000000e+03
2.693000000000000000e+03
2.717000000000000000e+03
2.728000000000000000e+03
2.744000000000000000e+03
2.757000000000000000e+03
2.779000000000000000e+03
2.785000000000000000e+03
2.796000000000000000e+03
2.814000000000000000e+03
2.833000000000000000e+03
2.853000000000000000e+03
2.873000000000000000e+03
2.889000000000000000e+03
2.891000000000000000e+03
