0.000000000000000000e+00
0.000000000000000000e+00
0.000000000000000000e+00
0.000000000000000000e+00
0.000000000000000000e+00
0.000000000000000000e+00
0.000000000000000000e+00
0.000000000000000000e+00
0.000000000000000000e+00
0.000000000000000000e+00
0.000000000000000000e+00
0.000000000000000000e+00
0.000000000000000000e+00
0.000000000000000000e+00
0.000000000000000000e+00
0.000000000000000000e+00
0.000000000000000000e+00
0.000000000000000000e+00
0.000000000000000000e+00
0.000000000000000000e+00
0.000000000000000000e+00
0.000000000000000000e+00
0.000000000000000000e+00
0.000000000000000000e+00
0.000000000000000000e+00
0.000000000000000000e+00
0.000000000000000000e+00
0.000000000000000000e+00
0.000000000000000000e+00
0.000000000000000000e+00
0.000000000000000000e+00
0.000000000000000000e+00
0.000000000000000000e+00
0.000000000000000000e+00
0.000000000000000000e+00
0.000000000000000000e+00
0.000000000000000000e+00
0.000000000000000000e+00
0.000000000000000000e+00
0.000000000000000000e+00
0.000000000000000000e+00
0.000000000000000000e+00
0.000000000000000000e+00
0.000000000000000000e+00
0.000000000000000000e+00
0.000000000000000000e+00
0.000000000000000000e+00
0.000000000000000000e+00
0.000000000000000000e+00
0.000000000000000000e+00
0.000000000000000000e+00
0.000000000000000000e+00
0.000000000000000000e+00
0.000000000000000000e+00
0.000000000000000000e+00
0.000000000000000000e+00
0.000000000000000000e+00
0.000000000000000000e+00
0.000000000000000000e+00
1.000000000000000000e+00
1.000000000000000000e+00
9.000000000000000000e+00
9.000000000000000000e+00
1.400000000000000000e+01
1.400000000000000000e+01
2.300000000000000000e+01
3.000000000000000000e+01
3.300000000000000000e+01
3.300000000000000000e+01
4.400000000000000000e+01
4.400000000000000000e+01
4.500000000000000000e+01
4.800000000000000000e+01
4.800000000000000000e+01
5.200000000000000000e+01
5.200000000000000000e+01
5.200000000000000000e+01
5.300000000000000000e+01
5.300000000000000000e+01
5.300000000000000000e+01
5.300000000000000000e+01
5.400000000000000000e+01
5.400000000000000000e+01
5.500000000000000000e+01
5.500000000000000000e+01
5.500000000000000000e+01
5.600000000000000000e+01
5.500000000000000000e+01
5.500000000000000000e+01
5.600000000000000000e+01
6.100000000000000000e+01
6.300000000000000000e+01
7.400000000000000000e+01
7.500000000000000000e+01
7.500000000000000000e+01
7.900000000000000000e+01
7.900000000000000000e+01
7.900000000000000000e+01
8.100000000000000000e+01
8.300000000000000000e+01
8.500000000000000000e+01
8.800000000000000000e+01
8.900000000000000000e+01
9.700000000000000000e+01
9.800000000000000000e+01
1.000000000000000000e+02
1.010000000000000000e+02
1.010000000000000000e+02
1.160000000000000000e+02
1.210000000000000000e+02
1.210000000000000000e+02
1.290000000000000000e+02
1.390000000000000000e+02
1.600000000000000000e+02
2.030000000000000000e+02
2.270000000000000000e+02
2.270000000000000000e+02
2.480000000000000000e+02
2.600000000000000000e+02
2.640000000000000000e+02
1.600000000000000000e+02
1.750000000000000000e+02
1.980000000000000000e+02
1.980000000000000000e+02
2.220000000000000000e+02
2.530000000000000000e+02
2.810000000000000000e+02
3.170000000000000000e+02
3.290000000000000000e+02
4.130000000000000000e+02
4.170000000000000000e+02
4.570000000000000000e+02
4.890000000000000000e+02
5.070000000000000000e+02
5.220000000000000000e+02
5.570000000000000000e+02
5.930000000000000000e+02
6.160000000000000000e+02
6.460000000000000000e+02
6.570000000000000000e+02
6.650000000000000000e+02
6.790000000000000000e+02
6.860000000000000000e+02
6.940000000000000000e+02
6.960000000000000000e+02
7.050000000000000000e+02
7.240000000000000000e+02
7.320000000000000000e+02
7.410000000000000000e+02
7.550000000000000000e+02
7.630000000000000000e+02
7.700000000000000000e+02
7.740000000000000000e+02
7.970000000000000000e+02
8.050000000000000000e+02
8.210000000000000000e+02
8.330000000000000000e+02
8.480000000000000000e+02
8.590000000000000000e+02
8.700000000000000000e+02
8.890000000000000000e+02
8.930000000000000000e+02
9.020000000000000000e+02
9.110000000000000000e+02
9.270000000000000000e+02
9.390000000000000000e+02
9.530000000000000000e+02
9.710000000000000000e+02
9.770000000000000000e+02
1.000000000000000000e+03
1.006000000000000000e+03
1.013000000000000000e+03
1.025000000000000000e+03
1.029000000000000000e+03
1.040000000000000000e+03
1.043000000000000000e+03
1.051000000000000000e+03
1.056000000000000000e+03
1.062000000000000000e+03
1.065000000000000000e+03
1.069000000000000000e+03
1.072000000000000000e+03
1.075000000000000000e+03
1.079000000000000000e+03
1.089000000000000000e+03
1.103000000000000000e+03
1.115000000000000000e+03
1.128000000000000000e+03
1.135000000000000000e+03
1.140000000000000000e+03
1.147000000000000000e+03
1.154000000000000000e+03
1.176000000000000000e+03
1.182000000000000000e+03
1.195000000000000000e+03
1.203000000000000000e+03
1.213000000000000000e+03
1.223000000000000000e+03
1.254000000000000000e+03
1.267000000000000000e+03
1.283000000000000000e+03
1.297000000000000000e+03
1.313000000000000000e+03
1.332000000000000000e+03
1.353000000000000000e+03
1.385000000000000000e+03
1.434000000000000000e+03
1.500000000000000000e+03
1.560000000000000000e+03
1.603000000000000000e+03
1.656000000000000000e+03
1.750000000000000000e+03
1.848000000000000000e+03
2.166000000000000000e+03
2.263000000000000000e+03
2.362000000000000000e+03
2.426000000000000000e+03
2.524000000000000000e+03
2.679000000000000000e+03
2.756000000000000000e+03
2.847000000000000000e+03
2.928000000000000000e+03
2.972000000000000000e+03
3.037000000000000000e+03
3.112000000000000000e+03
3.288000000000000000e+03
3.353000000000000000e+03
3.539000000000000000e+03
3.667000000000000000e+03
3.776000000000000000e+03
3.900000000000000000e+03
4.101000000000000000e+03
4.291000000000000000e+03
4.377000000000000000e+03
4.703000000000000000e+03
4.799000000000000000e+03
4.978000000000000000e+03
5.123000000000000000e+03
5.266000000000000000e+03
5.380000000000000000e+03
5.594000000000000000e+03
6.017000000000000000e+03
6.287000000000000000e+03
6.468000000000000000e+03
6.712000000000000000e+03
6.879000000000000000e+03
7.064000000000000000e+03
7.218000000000000000e+03
7.364000000000000000e+03
7.530000000000000000e+03
7.777000000000000000e+03
8.017000000000000000e+03
8.129000000000000000e+03
8.287000000000000000e+03
8.491000000000000000e+03
8.662000000000000000e+03
8.808000000000000000e+03
8.965000000000000000e+03
9.082000000000000000e+03
9.260000000000000000e+03
9.442000000000000000e+03
9.538000000000000000e+03
9.701000000000000000e+03
9.801000000000000000e+03
9.864000000000000000e+03
9.945000000000000000e+03
1.006900000000000000e+04
1.011700000000000000e+04
1.033400000000000000e+04
1.045500000000000000e+04
1.059000000000000000e+04
1.069100000000000000e+04
1.078800000000000000e+04
1.093300000000000000e+04
1.104100000000000000e+04
1.116300000000000000e+04
1.129700000000000000e+04
1.144300000000000000e+04
1.155700000000000000e+04
1.162100000000000000e+04
1.176700000000000000e+04
1.220100000000000000e+04
1.241000000000000000e+04
1.249500000000000000e+04
1.274300000000000000e+04
1.297100000000000000e+04
1.309900000000000000e+04
1.335100000000000000e+04
1.356800000000000000e+04
1.385200000000000000e+04
1.406600000000000000e+04
1.440300000000000000e+04
1.457400000000000000e+04
1.470400000000000000e+04
1.499300000000000000e+04
1.521700000000000000e+04
1.540200000000000000e+04
1.578900000000000000e+04
1.602000000000000000e+04
1.625700000000000000e+04
1.656300000000000000e+04
1.690500000000000000e+04
1.714800000000000000e+04
1.743100000000000000e+04
1.766700000000000000e+04
1.796800000000000000e+04
1.816500000000000000e+04
1.840600000000000000e+04
1.889000000000000000e+04
1.911500000000000000e+04
1.958800000000000000e+04
1.994400000000000000e+04
2.014500000000000000e+04
2.045900000000000000e+04
2.103500000000000000e+04
2.140900000000000000e+04
2.161200000000000000e+04
2.189800000000000000e+04
2.218800000000000000e+04
2.249900000000000000e+04
2.320000000000000000e+04
2.320000000000000000e+04
2.505900000000000000e+04
2.573000000000000000e+04
2.636900000000000000e+04
2.707100000000000000e+04
2.753200000000000000e+04
2.776600000000000000e+04
2.816800000000000000e+04
2.873300000000000000e+04
2.936100000000000000e+04
3.007100000000000000e+04
3.070200000000000000e+04
3.118700000000000000e+04
3.138400000000000000e+04
3.191000000000000000e+04
3.239900000000000000e+04
3.291400000000000000e+04
3.336000000000000000e+04
3.356300000000000000e+04
3.381100000000000000e+04
3.397300000000000000e+04
3.428100000000000000e+04
3.467700000000000000e+04
3.521600000000000000e+04
3.551100000000000000e+04
3.571200000000000000e+04
3.592200000000000000e+04
3.605000000000000000e+04
3.640700000000000000e+04
3.670200000000000000e+04
3.707400000000000000e+04
3.729600000000000000e+04
3.755400000000000000e+04
3.774200000000000000e+04
3.780800000000000000e+04
3.794800000000000000e+04
3.808500000000000000e+04
3.808500000000000000e+04
3.808500000000000000e+04
3.808500000000000000e+04
3.808500000000000000e+04
3.808500000000000000e+04
3.853400000000000000e+04
3.862800000000000000e+04
3.880600000000000000e+04
3.893500000000000000e+04
3.904400000000000000e+04
3.914900000000000000e+04
3.918800000000000000e+04
3.926100000000000000e+04
3.931400000000000000e+04
3.942400000000000000e+04
3.949000000000000000e+04
3.953300000000000000e+04
3.957900000000000000e+04
3.960600000000000000e+04
3.965100000000000000e+04
3.968500000000000000e+04
3.973500000000000000e+04
3.978900000000000000e+04
3.982100000000000000e+04
3.984800000000000000e+04
3.986000000000000000e+04
3.988300000000000000e+04
3.991100000000000000e+04
3.994200000000000000e+04
3.997900000000000000e+04
4.001900000000000000e+04
4.001900000000000000e+04
4.005500000000000000e+04
4.006300000000000000e+04
4.010200000000000000e+04
4.015400000000000000e+04
4.016800000000000000e+04
4.019900000000000000e+04
4.021300000000000000e+04
4.022100000000000000e+04
4.024300000000000000e+04
4.026100000000000000e+04
4.030000000000000000e+04
4.032200000000000000e+04
4.033500000000000000e+04
4.035700000000000000e+04
4.036700000000000000e+04
4.039500000000000000e+04
4.040800000000000000e+04
4.042600000000000000e+04
4.045200000000000000e+04
4.045200000000000000e+04
4.046400000000000000e+04
4.047900000000000000e+04
4.049000000000000000e+04
4.052000000000000000e+04
4.053500000000000000e+04
4.054400000000000000e+04
4.054400000000000000e+04
4.058100000000000000e+04
4.059100000000000000e+04
4.059300000000000000e+04
4.060700000000000000e+04
4.062500000000000000e+04
4.065100000000000000e+04
4.065100000000000000e+04
4.067100000000000000e+04
4.068700000000000000e+04
4.071900000000000000e+04
4.071900000000000000e+04
4.073400000000000000e+04
4.075100000000000000e+04
4.076700000000000000e+04
4.079400000000000000e+04
4.082000000000000000e+04
4.083900000000000000e+04
4.086700000000000000e+04
4.088900000000000000e+04
4.092400000000000000e+04
4.096200000000000000e+04
4.096200000000000000e+04
4.101600000000000000e+04
4.102300000000000000e+04
4.104600000000000000e+04
4.106200000000000000e+04
4.108600000000000000e+04
4.111300000000000000e+04
4.114000000000000000e+04
4.117400000000000000e+04
4.120400000000000000e+04
4.123700000000000000e+04
4.126300000000000000e+04
4.131000000000000000e+04
4.134000000000000000e+04
4.137800000000000000e+04
4.139600000000000000e+04
4.142200000000000000e+04
4.147500000000000000e+04
4.152900000000000000e+04
4.157500000000000000e+04
4.157500000000000000e+04
4.165500000000000000e+04
4.171500000000000000e+04
4.173700000000000000e+04
4.176600000000000000e+04
4.179700000000000000e+04
4.186600000000000000e+04
4.190500000000000000e+04
4.190500000000000000e+04
4.197300000000000000e+04
4.203200000000000000e+04
4.210200000000000000e+04
4.215200000000000000e+04
4.222400000000000000e+04
4.230800000000000000e+04
4.235500000000000000e+04
4.238400000000000000e+04
4.242700000000000000e+04
4.248700000000000000e+04
4.257800000000000000e+04
4.267400000000000000e+04
4.267400000000000000e+04
4.277900000000000000e+04
4.285900000000000000e+04
4.293000000000000000e+04
4.309400000000000000e+04
4.322300000000000000e+04
4.337000000000000000e+04
4.350700000000000000e+04
4.373400000000000000e+04
4.391900000000000000e+04
4.407400000000000000e+04
4.428100000000000000e+04
4.459400000000000000e+04
4.523100000000000000e+04
4.593100000000000000e+04
4.662300000000000000e+04
4.714700000000000000e+04
4.776100000000000000e+04
4.867600000000000000e+04
4.975900000000000000e+04
5.100600000000000000e+04
5.167600000000000000e+04
5.293500000000000000e+04
5.396100000000000000e+04
5.466900000000000000e+04
5.551100000000000000e+04
5.694900000000000000e+04
5.851500000000000000e+04
6.025000000000000000e+04
6.197700000000000000e+04
6.309900000000000000e+04
6.452100000000000000e+04
6.563100000000000000e+04
6.721500000000000000e+04
6.877900000000000000e+04
7.017600000000000000e+04
7.154300000000000000e+04
7.267900000000000000e+04
7.340100000000000000e+04
7.426000000000000000e+04
7.553700000000000000e+04
7.656200000000000000e+04
7.750500000000000000e+04
7.839400000000000000e+04
7.908900000000000000e+04
7.943400000000000000e+04
7.997700000000000000e+04
8.103400000000000000e+04
8.208200000000000000e+04
8.285200000000000000e+04
8.363600000000000000e+04
8.411600000000000000e+04
8.455400000000000000e+04
8.497900000000000000e+04
8.558100000000000000e+04
8.614000000000000000e+04
8.675500000000000000e+04
8.727700000000000000e+04
8.775600000000000000e+04
8.819400000000000000e+04
8.867400000000000000e+04
8.908000000000000000e+04
8.951400000000000000e+04
8.997400000000000000e+04
9.039100000000000000e+04
9.065600000000000000e+04
9.091000000000000000e+04
9.116200000000000000e+04
9.135500000000000000e+04
9.171000000000000000e+04
9.211500000000000000e+04
9.249000000000000000e+04
9.272400000000000000e+04
9.279500000000000000e+04
9.312200000000000000e+04
9.328200000000000000e+04
9.367500000000000000e+04
9.392700000000000000e+04
9.419500000000000000e+04
