0.000000000000000000e+00
0.000000000000000000e+00
0.000000000000000000e+00
0.000000000000000000e+00
0.000000000000000000e+00
0.000000000000000000e+00
0.000000000000000000e+00
0.000000000000000000e+00
0.000000000000000000e+00
0.000000000000000000e+00
0.000000000000000000e+00
0.000000000000000000e+00
0.000000000000000000e+00
0.000000000000000000e+00
0.000000000000000000e+00
0.000000000000000000e+00
0.000000000000000000e+00
0.000000000000000000e+00
0.000000000000000000e+00
0.000000000000000000e+00
0.000000000000000000e+00
0.000000000000000000e+00
0.000000000000000000e+00
0.000000000000000000e+00
0.000000000000000000e+00
0.000000000000000000e+00
0.000000000000000000e+00
0.000000000000000000e+00
0.000000000000000000e+00
0.000000000000000000e+00
0.000000000000000000e+00
0.000000000000000000e+00
0.000000000000000000e+00
0.000000000000000000e+00
0.000000000000000000e+00
0.000000000000000000e+00
0.000000000000000000e+00
0.000000000000000000e+00
0.000000000000000000e+00
0.000000000000000000e+00
0.000000000000000000e+00
0.000000000000000000e+00
0.000000000000000000e+00
0.000000000000000000e+00
0.000000000000000000e+00
0.000000000000000000e+00
0.000000000000000000e+00
0.000000000000000000e+00
0.000000000000000000e+00
0.000000000000000000e+00
0.000000000000000000e+00
1.000000000000000000e+00
1.000000000000000000e+00
1.000000000000000000e+00
1.000000000000000000e+00
1.000000000000000000e+00
1.000000000000000000e+00
1.000000000000000000e+00
1.000000000000000000e+00
1.000000000000000000e+00
1.000000000000000000e+00
3.000000000000000000e+00
3.000000000000000000e+00
3.000000000000000000e+00
7.000000000000000000e+00
7.000000000000000000e+00
7.000000000000000000e+00
7.000000000000000000e+00
7.000000000000000000e+00
7.000000000000000000e+00
7.000000000000000000e+00
9.000000000000000000e+00
1.500000000000000000e+01
1.500000000000000000e+01
1.500000000000000000e+01
1.500000000000000000e+01
1.900000000000000000e+01
1.900000000000000000e+01
1.900000000000000000e+01
1.900000000000000000e+01
2.100000000000000000e+01
2.100000000000000000e+01
2.300000000000000000e+01
2.300000000000000000e+01
2.300000000000000000e+01
2.300000000000000000e+01
2.300000000000000000e+01
2.300000000000000000e+01
2.300000000000000000e+01
2.300000000000000000e+01
2.300000000000000000e+01
2.400000000000000000e+01
2.400000000000000000e+01
2.400000000000000000e+01
2.400000000000000000e+01
2.400000000000000000e+01
2.400000000000000000e+01
2.400000000000000000e+01
2.400000000000000000e+01
2.400000000000000000e+01
2.500000000000000000e+01
2.500000000000000000e+01
2.500000000000000000e+01
2.500000000000000000e+01
2.500000000000000000e+01
2.500000000000000000e+01
2.500000000000000000e+01
2.500000000000000000e+01
2.500000000000000000e+01
2.500000000000000000e+01
2.500000000000000000e+01
2.500000000000000000e+01
2.500000000000000000e+01
2.500000000000000000e+01
2.500000000000000000e+01
2.500000000000000000e+01
2.500000000000000000e+01
2.500000000000000000e+01
2.500000000000000000e+01
2.500000000000000000e+01
2.500000000000000000e+01
2.500000000000000000e+01
2.500000000000000000e+01
2.500000000000000000e+01
2.500000000000000000e+01
2.500000000000000000e+01
2.500000000000000000e+01
2.500000000000000000e+01
2.500000000000000000e+01
2.500000000000000000e+01
2.600000000000000000e+01
2.600000000000000000e+01
2.600000000000000000e+01
2.600000000000000000e+01
2.600000000000000000e+01
2.600000000000000000e+01
2.600000000000000000e+01
2.600000000000000000e+01
2.600000000000000000e+01
2.600000000000000000e+01
2.600000000000000000e+01
2.600000000000000000e+01
2.600000000000000000e+01
2.600000000000000000e+01
2.600000000000000000e+01
2.600000000000000000e+01
2.600000000000000000e+01
2.600000000000000000e+01
2.600000000000000000e+01
2.600000000000000000e+01
2.600000000000000000e+01
2.600000000000000000e+01
2.600000000000000000e+01
2.600000000000000000e+01
2.600000000000000000e+01
6.500000000000000000e+01
6.500000000000000000e+01
6.500000000000000000e+01
6.900000000000000000e+01
6.900000000000000000e+01
6.900000000000000000e+01
6.900000000000000000e+01
6.900000000000000000e+01
6.800000000000000000e+01
6.800000000000000000e+01
6.800000000000000000e+01
7.000000000000000000e+01
7.000000000000000000e+01
7.000000000000000000e+01
7.300000000000000000e+01
7.400000000000000000e+01
7.400000000000000000e+01
7.400000000000000000e+01
7.400000000000000000e+01
7.400000000000000000e+01
7.400000000000000000e+01
7.400000000000000000e+01
7.600000000000000000e+01
7.600000000000000000e+01
7.600000000000000000e+01
7.600000000000000000e+01
7.600000000000000000e+01
7.600000000000000000e+01
7.600000000000000000e+01
8.200000000000000000e+01
8.200000000000000000e+01
8.200000000000000000e+01
8.600000000000000000e+01
8.600000000000000000e+01
9.100000000000000000e+01
9.100000000000000000e+01
9.100000000000000000e+01
9.100000000000000000e+01
9.100000000000000000e+01
9.200000000000000000e+01
9.200000000000000000e+01
9.200000000000000000e+01
9.200000000000000000e+01
9.200000000000000000e+01
9.200000000000000000e+01
9.200000000000000000e+01
9.200000000000000000e+01
9.200000000000000000e+01
9.200000000000000000e+01
9.200000000000000000e+01
9.300000000000000000e+01
9.300000000000000000e+01
9.300000000000000000e+01
9.300000000000000000e+01
9.300000000000000000e+01
9.400000000000000000e+01
9.400000000000000000e+01
9.400000000000000000e+01
9.400000000000000000e+01
9.400000000000000000e+01
9.400000000000000000e+01
9.400000000000000000e+01
9.400000000000000000e+01
9.400000000000000000e+01
9.400000000000000000e+01
9.400000000000000000e+01
9.400000000000000000e+01
9.400000000000000000e+01
9.400000000000000000e+01
9.400000000000000000e+01
9.500000000000000000e+01
9.500000000000000000e+01
9.500000000000000000e+01
9.500000000000000000e+01
9.500000000000000000e+01
9.500000000000000000e+01
9.500000000000000000e+01
9.500000000000000000e+01
9.500000000000000000e+01
9.500000000000000000e+01
9.500000000000000000e+01
9.500000000000000000e+01
9.500000000000000000e+01
9.500000000000000000e+01
9.500000000000000000e+01
9.500000000000000000e+01
9.600000000000000000e+01
9.600000000000000000e+01
9.600000000000000000e+01
9.600000000000000000e+01
9.700000000000000000e+01
9.700000000000000000e+01
9.800000000000000000e+01
9.800000000000000000e+01
1.010000000000000000e+02
1.010000000000000000e+02
1.010000000000000000e+02
1.010000000000000000e+02
1.010000000000000000e+02
1.060000000000000000e+02
1.070000000000000000e+02
1.070000000000000000e+02
1.070000000000000000e+02
1.070000000000000000e+02
1.080000000000000000e+02
1.110000000000000000e+02
1.110000000000000000e+02
1.110000000000000000e+02
1.110000000000000000e+02
1.110000000000000000e+02
1.110000000000000000e+02
1.120000000000000000e+02
1.120000000000000000e+02
1.120000000000000000e+02
1.190000000000000000e+02
1.190000000000000000e+02
1.190000000000000000e+02
1.190000000000000000e+02
1.220000000000000000e+02
1.220000000000000000e+02
1.220000000000000000e+02
1.240000000000000000e+02
1.240000000000000000e+02
1.240000000000000000e+02
1.240000000000000000e+02
1.240000000000000000e+02
1.240000000000000000e+02
1.270000000000000000e+02
1.280000000000000000e+02
1.280000000000000000e+02
1.280000000000000000e+02
1.280000000000000000e+02
1.300000000000000000e+02
1.300000000000000000e+02
1.300000000000000000e+02
1.310000000000000000e+02
1.310000000000000000e+02
1.310000000000000000e+02
1.310000000000000000e+02
1.310000000000000000e+02
1.310000000000000000e+02
1.330000000000000000e+02
1.340000000000000000e+02
1.340000000000000000e+02
1.340000000000000000e+02
1.340000000000000000e+02
1.390000000000000000e+02
1.390000000000000000e+02
1.390000000000000000e+02
1.390000000000000000e+02
1.390000000000000000e+02
1.390000000000000000e+02
1.390000000000000000e+02
1.400000000000000000e+02
1.410000000000000000e+02
1.410000000000000000e+02
1.410000000000000000e+02
1.410000000000000000e+02
1.410000000000000000e+02
1.420000000000000000e+02
1.440000000000000000e+02
1.440000000000000000e+02
1.440000000000000000e+02
1.440000000000000000e+02
1.440000000000000000e+02
1.460000000000000000e+02
1.460000000000000000e+02
1.460000000000000000e+02
1.460000000000000000e+02
1.470000000000000000e+02
1.480000000000000000e+02
1.480000000000000000e+02
1.480000000000000000e+02
1.480000000000000000e+02
1.510000000000000000e+02
1.510000000000000000e+02
1.520000000000000000e+02
1.520000000000000000e+02
1.530000000000000000e+02
1.530000000000000000e+02
1.530000000000000000e+02
1.540000000000000000e+02
1.540000000000000000e+02
1.550000000000000000e+02
1.550000000000000000e+02
1.550000000000000000e+02
1.580000000000000000e+02
1.580000000000000000e+02
1.580000000000000000e+02
1.590000000000000000e+02
1.590000000000000000e+02
1.590000000000000000e+02
1.600000000000000000e+02
1.600000000000000000e+02
1.600000000000000000e+02
1.630000000000000000e+02
1.630000000000000000e+02
1.670000000000000000e+02
1.690000000000000000e+02
1.760000000000000000e+02
1.760000000000000000e+02
1.760000000000000000e+02
1.760000000000000000e+02
1.840000000000000000e+02
1.840000000000000000e+02
1.870000000000000000e+02
1.890000000000000000e+02
1.890000000000000000e+02
1.900000000000000000e+02
1.900000000000000000e+02
1.920000000000000000e+02
1.950000000000000000e+02
1.950000000000000000e+02
1.980000000000000000e+02
2.010000000000000000e+02
2.010000000000000000e+02
2.150000000000000000e+02
2.150000000000000000e+02
2.180000000000000000e+02
2.180000000000000000e+02
2.340000000000000000e+02
2.340000000000000000e+02
2.490000000000000000e+02
2.490000000000000000e+02
2.680000000000000000e+02
2.770000000000000000e+02
2.880000000000000000e+02
2.990000000000000000e+02
3.160000000000000000e+02
3.160000000000000000e+02
3.500000000000000000e+02
3.810000000000000000e+02
4.190000000000000000e+02
4.270000000000000000e+02
4.270000000000000000e+02
4.430000000000000000e+02
4.430000000000000000e+02
5.250000000000000000e+02
5.480000000000000000e+02
5.480000000000000000e+02
5.980000000000000000e+02
5.980000000000000000e+02
6.140000000000000000e+02
6.360000000000000000e+02
6.460000000000000000e+02
7.010000000000000000e+02
7.010000000000000000e+02
7.260000000000000000e+02
7.300000000000000000e+02
7.690000000000000000e+02
7.690000000000000000e+02
7.690000000000000000e+02
8.130000000000000000e+02
8.130000000000000000e+02
8.130000000000000000e+02
8.480000000000000000e+02
8.480000000000000000e+02
8.620000000000000000e+02
8.820000000000000000e+02
8.820000000000000000e+02
9.450000000000000000e+02
9.620000000000000000e+02
9.630000000000000000e+02
9.630000000000000000e+02
9.920000000000000000e+02
9.920000000000000000e+02
1.008000000000000000e+03
1.011000000000000000e+03
1.033000000000000000e+03
1.033000000000000000e+03
1.072000000000000000e+03
1.080000000000000000e+03
1.080000000000000000e+03
1.103000000000000000e+03
1.122000000000000000e+03
1.122000000000000000e+03
1.128000000000000000e+03
1.136000000000000000e+03
1.136000000000000000e+03
1.136000000000000000e+03
1.147000000000000000e+03
1.152000000000000000e+03
1.170000000000000000e+03
1.170000000000000000e+03
1.173000000000000000e+03
1.173000000000000000e+03
1.177000000000000000e+03
1.180000000000000000e+03
1.182000000000000000e+03
1.197000000000000000e+03
1.198000000000000000e+03
1.198000000000000000e+03
1.201000000000000000e+03
1.201000000000000000e+03
1.209000000000000000e+03
1.213000000000000000e+03
1.216000000000000000e+03
1.216000000000000000e+03
1.217000000000000000e+03
1.217000000000000000e+03
1.217000000000000000e+03
1.217000000000000000e+03
1.222000000000000000e+03
1.227000000000000000e+03
1.227000000000000000e+03
1.228000000000000000e+03
1.232000000000000000e+03
1.232000000000000000e+03
1.232000000000000000e+03
1.232000000000000000e+03
1.232000000000000000e+03
1.232000000000000000e+03
1.232000000000000000e+03
1.232000000000000000e+03
1.232000000000000000e+03
1.232000000000000000e+03
1.232000000000000000e+03
1.232000000000000000e+03
1.231000000000000000e+03
1.237000000000000000e+03
1.238000000000000000e+03
1.240000000000000000e+03
1.240000000000000000e+03
1.240000000000000000e+03
1.241000000000000000e+03
1.241000000000000000e+03
1.251000000000000000e+03
1.251000000000000000e+03
1.252000000000000000e+03
1.255000000000000000e+03
1.255000000000000000e+03
1.257000000000000000e+03
1.257000000000000000e+03
1.258000000000000000e+03
1.258000000000000000e+03
1.258000000000000000e+03
1.258000000000000000e+03
1.259000000000000000e+03
1.259000000000000000e+03
1.259000000000000000e+03
1.260000000000000000e+03
1.260000000000000000e+03
1.262000000000000000e+03
1.262000000000000000e+03
1.263000000000000000e+03
1.263000000000000000e+03
1.263000000000000000e+03
1.263000000000000000e+03
1.263000000000000000e+03
1.263000000000000000e+03
1.263000000000000000e+03
1.263000000000000000e+03
1.263000000000000000e+03
1.263000000000000000e+03
1.263000000000000000e+03
1.263000000000000000e+03
1.263000000000000000e+03
1.263000000000000000e+03
1.263000000000000000e+03
1.263000000000000000e+03
1.263000000000000000e+03
1.263000000000000000e+03
1.263000000000000000e+03
1.263000000000000000e+03
1.263000000000000000e+03
1.263000000000000000e+03
1.263000000000000000e+03
1.263000000000000000e+03
1.263000000000000000e+03
1.263000000000000000e+03
1.263000000000000000e+03
1.264000000000000000e+03
1.264000000000000000e+03
1.264000000000000000e+03
1.264000000000000000e+03
1.264000000000000000e+03
1.265000000000000000e+03
1.265000000000000000e+03
1.266000000000000000e+03
1.266000000000000000e+03
1.266000000000000000e+03
1.266000000000000000e+03
1.266000000000000000e+03
1.266000000000000000e+03
1.267000000000000000e+03
1.267000000000000000e+03
1.268000000000000000e+03
1.268000000000000000e+03
1.268000000000000000e+03
1.275000000000000000e+03
1.275000000000000000e+03
1.275000000000000000e+03
1.277000000000000000e+03
1.277000000000000000e+03
1.280000000000000000e+03
1.280000000000000000e+03
1.280000000000000000e+03
1.288000000000000000e+03
1.288000000000000000e+03
1.295000000000000000e+03
1.303000000000000000e+03
1.303000000000000000e+03
1.303000000000000000e+03
