0.000000000000000000e+00
0.000000000000000000e+00
0.000000000000000000e+00
0.000000000000000000e+00
0.000000000000000000e+00
0.000000000000000000e+00
0.000000000000000000e+00
0.000000000000000000e+00
0.000000000000000000e+00
0.000000000000000000e+00
0.000000000000000000e+00
0.000000000000000000e+00
0.000000000000000000e+00
0.000000000000000000e+00
0.000000000000000000e+00
0.000000000000000000e+00
0.000000000000000000e+00
0.000000000000000000e+00
0.000000000000000000e+00
0.000000000000000000e+00
0.000000000000000000e+00
0.000000000000000000e+00
0.000000000000000000e+00
0.000000000000000000e+00
0.000000000000000000e+00
0.000000000000000000e+00
0.000000000000000000e+00
0.000000000000000000e+00
0.000000000000000000e+00
0.000000000000000000e+00
0.000000000000000000e+00
0.000000000000000000e+00
0.000000000000000000e+00
0.000000000000000000e+00
0.000000000000000000e+00
0.000000000000000000e+00
0.000000000000000000e+00
0.000000000000000000e+00
0.000000000000000000e+00
0.000000000000000000e+00
0.000000000000000000e+00
1.000000000000000000e+00
1.000000000000000000e+00
1.000000000000000000e+00
2.000000000000000000e+00
8.000000000000000000e+00
1.200000000000000000e+01
1.200000000000000000e+01
1.700000000000000000e+01
1.900000000000000000e+01
1.900000000000000000e+01
3.100000000000000000e+01
3.400000000000000000e+01
4.500000000000000000e+01
5.600000000000000000e+01
6.800000000000000000e+01
7.900000000000000000e+01
9.700000000000000000e+01
1.280000000000000000e+02
1.580000000000000000e+02
2.660000000000000000e+02
3.010000000000000000e+02
3.870000000000000000e+02
3.870000000000000000e+02
5.020000000000000000e+02
5.890000000000000000e+02
6.900000000000000000e+02
7.450000000000000000e+02
8.200000000000000000e+02
1.054000000000000000e+03
1.054000000000000000e+03
1.133000000000000000e+03
1.265000000000000000e+03
1.451000000000000000e+03
1.451000000000000000e+03
1.554000000000000000e+03
1.628000000000000000e+03
1.715000000000000000e+03
1.795000000000000000e+03
1.975000000000000000e+03
1.975000000000000000e+03
2.142000000000000000e+03
2.208000000000000000e+03
2.277000000000000000e+03
2.443000000000000000e+03
2.571000000000000000e+03
2.669000000000000000e+03
2.758000000000000000e+03
2.839000000000000000e+03
2.941000000000000000e+03
3.031000000000000000e+03
3.144000000000000000e+03
3.435000000000000000e+03
3.607000000000000000e+03
3.780000000000000000e+03
3.892000000000000000e+03
4.003000000000000000e+03
4.127000000000000000e+03
4.285000000000000000e+03
4.428000000000000000e+03
4.532000000000000000e+03
4.681000000000000000e+03
4.783000000000000000e+03
4.887000000000000000e+03
5.020000000000000000e+03
5.208000000000000000e+03
5.371000000000000000e+03
5.611000000000000000e+03
5.776000000000000000e+03
6.034000000000000000e+03
6.278000000000000000e+03
6.563000000000000000e+03
6.879000000000000000e+03
7.134000000000000000e+03
7.479000000000000000e+03
7.805000000000000000e+03
8.068000000000000000e+03
8.371000000000000000e+03
8.809000000000000000e+03
9.283000000000000000e+03
9.931000000000000000e+03
1.064900000000000000e+04
1.135300000000000000e+04
1.207600000000000000e+04
1.262800000000000000e+04
1.322800000000000000e+04
1.393300000000000000e+04
1.470200000000000000e+04
1.541900000000000000e+04
1.621400000000000000e+04
1.685100000000000000e+04
1.741500000000000000e+04
1.831900000000000000e+04
1.926800000000000000e+04
2.019700000000000000e+04
2.103700000000000000e+04
2.202000000000000000e+04
2.279400000000000000e+04
2.362000000000000000e+04
2.476100000000000000e+04
2.598700000000000000e+04
2.737300000000000000e+04
2.876400000000000000e+04
3.029500000000000000e+04
3.157700000000000000e+04
3.278500000000000000e+04
3.415900000000000000e+04
3.555200000000000000e+04
3.751000000000000000e+04
3.957000000000000000e+04
4.120400000000000000e+04
4.278500000000000000e+04
4.493100000000000000e+04
4.720300000000000000e+04
4.985100000000000000e+04
5.245700000000000000e+04
5.534300000000000000e+04
5.774400000000000000e+04
5.993300000000000000e+04
6.226800000000000000e+04
6.453000000000000000e+04
6.719700000000000000e+04
6.994100000000000000e+04
7.278600000000000000e+04
7.537600000000000000e+04
7.781500000000000000e+04
8.044700000000000000e+04
8.342600000000000000e+04
8.703000000000000000e+04
9.069300000000000000e+04
9.406000000000000000e+04
9.750900000000000000e+04
1.001660000000000000e+05
1.032650000000000000e+05
1.069100000000000000e+05
1.111460000000000000e+05
1.147830000000000000e+05
1.193010000000000000e+05
1.225240000000000000e+05
1.267550000000000000e+05
1.307740000000000000e+05
1.361180000000000000e+05
1.419000000000000000e+05
1.480270000000000000e+05
1.535200000000000000e+05
1.583340000000000000e+05
1.625260000000000000e+05
1.674160000000000000e+05
1.733550000000000000e+05
1.789960000000000000e+05
1.853730000000000000e+05
1.913020000000000000e+05
1.965430000000000000e+05
2.019190000000000000e+05
2.067430000000000000e+05
2.135350000000000000e+05
2.206820000000000000e+05
2.281950000000000000e+05
2.356770000000000000e+05
2.418110000000000000e+05
2.464990000000000000e+05
2.538680000000000000e+05
2.609110000000000000e+05
2.685740000000000000e+05
2.760720000000000000e+05
2.824370000000000000e+05
2.891000000000000000e+05
2.945690000000000000e+05
2.991260000000000000e+05
3.059660000000000000e+05
3.126590000000000000e+05
3.208840000000000000e+05
3.290430000000000000e+05
3.368020000000000000e+05
3.421540000000000000e+05
3.508670000000000000e+05
3.596380000000000000e+05
3.701880000000000000e+05
3.802920000000000000e+05
3.920090000000000000e+05
4.012390000000000000e+05
4.084260000000000000e+05
4.177350000000000000e+05
4.282390000000000000e+05
4.391720000000000000e+05
4.511980000000000000e+05
4.618820000000000000e+05
4.718060000000000000e+05
4.787920000000000000e+05
4.880070000000000000e+05
5.000340000000000000e+05
5.122930000000000000e+05
5.241980000000000000e+05
5.357050000000000000e+05
5.464810000000000000e+05
5.555370000000000000e+05
5.654460000000000000e+05
5.773380000000000000e+05
5.890120000000000000e+05
6.017130000000000000e+05
6.136580000000000000e+05
6.229340000000000000e+05
6.313650000000000000e+05
6.401470000000000000e+05
6.521740000000000000e+05
6.647990000000000000e+05
6.782660000000000000e+05
6.912350000000000000e+05
7.024840000000000000e+05
7.113250000000000000e+05
7.231320000000000000e+05
7.366090000000000000e+05
7.510010000000000000e+05
7.650020000000000000e+05
7.796890000000000000e+05
7.908180000000000000e+05
7.984860000000000000e+05
8.097280000000000000e+05
8.244680000000000000e+05
8.409150000000000000e+05
8.563690000000000000e+05
8.714680000000000000e+05
8.838820000000000000e+05
8.942060000000000000e+05
9.037300000000000000e+05
9.170350000000000000e+05
9.319670000000000000e+05
9.490630000000000000e+05
9.656090000000000000e+05
9.791190000000000000e+05
9.896800000000000000e+05
1.002662000000000000e+06
1.018999000000000000e+06
1.037325000000000000e+06
1.053650000000000000e+06
1.069368000000000000e+06
1.081336000000000000e+06
1.090589000000000000e+06
1.102301000000000000e+06
1.116609000000000000e+06
1.130533000000000000e+06
1.143800000000000000e+06
1.157179000000000000e+06
1.166924000000000000e+06
1.173533000000000000e+06
1.183131000000000000e+06
1.195276000000000000e+06
1.205928000000000000e+06
1.217028000000000000e+06
1.228814000000000000e+06
1.236851000000000000e+06
1.242182000000000000e+06
1.250499000000000000e+06
1.262476000000000000e+06
1.273356000000000000e+06
1.284519000000000000e+06
1.296378000000000000e+06
1.304846000000000000e+06
1.310491000000000000e+06
1.318384000000000000e+06
1.329005000000000000e+06
1.339337000000000000e+06
1.349434000000000000e+06
1.359042000000000000e+06
1.366182000000000000e+06
1.370366000000000000e+06
1.374631000000000000e+06
1.381795000000000000e+06
1.390388000000000000e+06
1.399431000000000000e+06
1.407277000000000000e+06
1.413375000000000000e+06
1.418807000000000000e+06
1.424533000000000000e+06
1.432570000000000000e+06
1.440103000000000000e+06
1.447732000000000000e+06
1.454631000000000000e+06
1.459832000000000000e+06
1.463110000000000000e+06
1.466309000000000000e+06
1.469919000000000000e+06
1.475222000000000000e+06
1.482216000000000000e+06
1.489328000000000000e+06
1.494602000000000000e+06
1.498160000000000000e+06
1.503222000000000000e+06
1.510203000000000000e+06
1.517046000000000000e+06
1.524372000000000000e+06
1.531374000000000000e+06
1.537169000000000000e+06
1.541285000000000000e+06
1.547138000000000000e+06
1.555279000000000000e+06
1.563865000000000000e+06
1.563865000000000000e+06
1.574554000000000000e+06
1.578267000000000000e+06
1.583297000000000000e+06
1.590513000000000000e+06
1.602163000000000000e+06
1.613928000000000000e+06
1.625514000000000000e+06
1.629594000000000000e+06
1.634834000000000000e+06
1.640718000000000000e+06
1.648940000000000000e+06
1.662730000000000000e+06
1.676171000000000000e+06
1.690006000000000000e+06
1.703352000000000000e+06
1.714409000000000000e+06
1.722217000000000000e+06
1.730921000000000000e+06
1.744704000000000000e+06
1.757429000000000000e+06
1.770715000000000000e+06
1.783047000000000000e+06
1.791979000000000000e+06
1.799243000000000000e+06
1.807428000000000000e+06
1.819569000000000000e+06
1.831681000000000000e+06
1.843077000000000000e+06
1.853830000000000000e+06
1.862192000000000000e+06
1.867223000000000000e+06
1.874801000000000000e+06
1.885210000000000000e+06
1.896053000000000000e+06
1.905524000000000000e+06
1.915362000000000000e+06
1.922264000000000000e+06
1.927239000000000000e+06
1.933853000000000000e+06
1.943548000000000000e+06
1.952744000000000000e+06
1.961635000000000000e+06
1.970009000000000000e+06
1.976689000000000000e+06
1.980347000000000000e+06
1.985501000000000000e+06
1.993295000000000000e+06
2.001034000000000000e+06
2.008345000000000000e+06
2.015496000000000000e+06
2.021553000000000000e+06
2.025798000000000000e+06
2.029057000000000000e+06
2.033060000000000000e+06
2.039124000000000000e+06
2.046795000000000000e+06
2.054681000000000000e+06
2.060625000000000000e+06
2.064334000000000000e+06
2.069751000000000000e+06
2.077228000000000000e+06
2.085411000000000000e+06
2.093645000000000000e+06
2.098728000000000000e+06
2.104197000000000000e+06
2.107365000000000000e+06
2.112023000000000000e+06
2.118676000000000000e+06
2.126531000000000000e+06
2.133963000000000000e+06
2.141854000000000000e+06
2.146714000000000000e+06
2.149636000000000000e+06
2.154694000000000000e+06
2.162001000000000000e+06
2.169694000000000000e+06
2.177898000000000000e+06
2.185747000000000000e+06
2.192025000000000000e+06
2.195722000000000000e+06
2.201886000000000000e+06
2.210121000000000000e+06
2.218425000000000000e+06
2.226753000000000000e+06
2.234913000000000000e+06
2.241739000000000000e+06
2.245771000000000000e+06
2.252172000000000000e+06
2.261577000000000000e+06
2.269877000000000000e+06
2.278115000000000000e+06
2.291051000000000000e+06
2.301389000000000000e+06
2.308597000000000000e+06
2.322611000000000000e+06
2.332765000000000000e+06
2.348821000000000000e+06
2.363251000000000000e+06
2.373153000000000000e+06
2.383537000000000000e+06
2.393492000000000000e+06
2.407159000000000000e+06
2.428029000000000000e+06
2.450068000000000000e+06
2.473751000000000000e+06
2.497881000000000000e+06
2.517300000000000000e+06
2.532562000000000000e+06
2.551999000000000000e+06
2.579000000000000000e+06
2.604157000000000000e+06
2.629156000000000000e+06
2.658628000000000000e+06
2.677747000000000000e+06
2.694014000000000000e+06
2.714475000000000000e+06
2.743620000000000000e+06
2.769552000000000000e+06
2.796768000000000000e+06
2.824652000000000000e+06
2.845872000000000000e+06
2.860884000000000000e+06
2.879677000000000000e+06
2.905172000000000000e+06
2.928890000000000000e+06
2.954943000000000000e+06
2.977363000000000000e+06
2.993865000000000000e+06
3.005259000000000000e+06
3.021179000000000000e+06
3.047417000000000000e+06
3.071496000000000000e+06
3.095582000000000000e+06
3.118134000000000000e+06
3.136158000000000000e+06
3.147740000000000000e+06
3.165121000000000000e+06
3.191097000000000000e+06
3.215572000000000000e+06
3.242103000000000000e+06
3.269466000000000000e+06
3.290935000000000000e+06
3.307285000000000000e+06
3.335965000000000000e+06
3.371508000000000000e+06
3.411160000000000000e+06
3.447044000000000000e+06
3.482512000000000000e+06
3.514683000000000000e+06
3.539484000000000000e+06
3.562135000000000000e+06
3.586736000000000000e+06
3.622135000000000000e+06
3.663215000000000000e+06
3.702422000000000000e+06
3.732263000000000000e+06
3.753609000000000000e+06
3.781784000000000000e+06
3.817139000000000000e+06
3.852156000000000000e+06
3.884447000000000000e+06
3.915397000000000000e+06
3.939024000000000000e+06
3.955439000000000000e+06
3.977634000000000000e+06
4.008771000000000000e+06
4.038528000000000000e+06
4.066156000000000000e+06
4.093090000000000000e+06
4.111147000000000000e+06
4.124190000000000000e+06
4.145482000000000000e+06
4.172742000000000000e+06
4.198620000000000000e+06
4.222400000000000000e+06
4.242763000000000000e+06
4.258394000000000000e+06
4.268789000000000000e+06
4.277395000000000000e+06
4.298782000000000000e+06
4.326101000000000000e+06
4.350564000000000000e+06
4.374587000000000000e+06
4.393142000000000000e+06
4.405247000000000000e+06
4.423636000000000000e+06
4.447701000000000000e+06
4.470374000000000000e+06
4.491551000000000000e+06
4.512439000000000000e+06
4.526473000000000000e+06
4.535473000000000000e+06
4.552750000000000000e+06
4.574340000000000000e+06
4.593763000000000000e+06
4.613019000000000000e+06
4.627537000000000000e+06
4.639098000000000000e+06
4.647948000000000000e+06
4.662937000000000000e+06
4.682960000000000000e+06
4.702657000000000000e+06
4.719952000000000000e+06
4.737213000000000000e+06
4.749443000000000000e+06
4.756378000000000000e+06
4.769142000000000000e+06
4.784219000000000000e+06
4.798851000000000000e+06
4.812351000000000000e+06
4.827973000000000000e+06
4.839109000000000000e+06
4.846615000000000000e+06
4.859170000000000000e+06
4.875927000000000000e+06
4.891810000000000000e+06
4.905925000000000000e+06
4.919408000000000000e+06
4.929764000000000000e+06
4.935847000000000000e+06
