0.000000000000000000e+00
0.000000000000000000e+00
0.000000000000000000e+00
0.000000000000000000e+00
0.000000000000000000e+00
0.000000000000000000e+00
0.000000000000000000e+00
0.000000000000000000e+00
0.000000000000000000e+00
0.000000000000000000e+00
0.000000000000000000e+00
0.000000000000000000e+00
0.000000000000000000e+00
0.000000000000000000e+00
0.000000000000000000e+00
0.000000000000000000e+00
0.000000000000000000e+00
0.000000000000000000e+00
0.000000000000000000e+00
0.000000000000000000e+00
0.000000000000000000e+00
0.000000000000000000e+00
0.000000000000000000e+00
0.000000000000000000e+00
0.000000000000000000e+00
0.000000000000000000e+00
0.000000000000000000e+00
0.000000000000000000e+00
0.000000000000000000e+00
0.000000000000000000e+00
0.000000000000000000e+00
0.000000000000000000e+00
0.000000000000000000e+00
0.000000000000000000e+00
0.000000000000000000e+00
0.000000000000000000e+00
0.000000000000000000e+00
0.000000000000000000e+00
0.000000000000000000e+00
0.000000000000000000e+00
0.000000000000000000e+00
1.000000000000000000e+00
0.000000000000000000e+00
0.000000000000000000e+00
1.000000000000000000e+00
6.000000000000000000e+00
4.000000000000000000e+00
0.000000000000000000e+00
5.000000000000000000e+00
2.000000000000000000e+00
0.000000000000000000e+00
1.200000000000000000e+01
3.000000000000000000e+00
1.100000000000000000e+01
1.100000000000000000e+01
1.200000000000000000e+01
1.100000000000000000e+01
1.800000000000000000e+01
3.100000000000000000e+01
3.000000000000000000e+01
1.080000000000000000e+02
3.500000000000000000e+01
8.600000000000000000e+01
0.000000000000000000e+00
1.150000000000000000e+02
8.700000000000000000e+01
1.010000000000000000e+02
5.500000000000000000e+01
7.500000000000000000e+01
2.340000000000000000e+02
0.000000000000000000e+00
7.900000000000000000e+01
1.320000000000000000e+02
1.860000000000000000e+02
0.000000000000000000e+00
1.030000000000000000e+02
7.400000000000000000e+01
8.700000000000000000e+01
8.000000000000000000e+01
1.800000000000000000e+02
0.000000000000000000e+00
1.670000000000000000e+02
6.600000000000000000e+01
6.900000000000000000e+01
1.660000000000000000e+02
1.280000000000000000e+02
9.800000000000000000e+01
8.900000000000000000e+01
8.100000000000000000e+01
1.020000000000000000e+02
9.000000000000000000e+01
1.130000000000000000e+02
2.910000000000000000e+02
1.720000000000000000e+02
1.730000000000000000e+02
1.120000000000000000e+02
1.110000000000000000e+02
1.240000000000000000e+02
1.580000000000000000e+02
1.430000000000000000e+02
1.040000000000000000e+02
1.490000000000000000e+02
1.020000000000000000e+02
1.040000000000000000e+02
1.330000000000000000e+02
1.880000000000000000e+02
1.630000000000000000e+02
2.400000000000000000e+02
1.650000000000000000e+02
2.580000000000000000e+02
2.440000000000000000e+02
2.850000000000000000e+02
3.160000000000000000e+02
2.550000000000000000e+02
3.450000000000000000e+02
3.260000000000000000e+02
2.630000000000000000e+02
3.030000000000000000e+02
4.380000000000000000e+02
4.740000000000000000e+02
6.480000000000000000e+02
7.180000000000000000e+02
7.040000000000000000e+02
7.230000000000000000e+02
5.520000000000000000e+02
6.000000000000000000e+02
7.050000000000000000e+02
7.690000000000000000e+02
7.170000000000000000e+02
7.950000000000000000e+02
6.370000000000000000e+02
5.640000000000000000e+02
9.040000000000000000e+02
9.490000000000000000e+02
9.290000000000000000e+02
8.400000000000000000e+02
9.830000000000000000e+02
7.740000000000000000e+02
8.260000000000000000e+02
1.141000000000000000e+03
1.226000000000000000e+03
1.386000000000000000e+03
1.391000000000000000e+03
1.531000000000000000e+03
1.282000000000000000e+03
1.208000000000000000e+03
1.374000000000000000e+03
1.393000000000000000e+03
1.958000000000000000e+03
2.060000000000000000e+03
1.634000000000000000e+03
1.581000000000000000e+03
2.146000000000000000e+03
2.272000000000000000e+03
2.648000000000000000e+03
2.606000000000000000e+03
2.886000000000000000e+03
2.401000000000000000e+03
2.189000000000000000e+03
2.335000000000000000e+03
2.262000000000000000e+03
2.667000000000000000e+03
2.744000000000000000e+03
2.845000000000000000e+03
2.590000000000000000e+03
2.439000000000000000e+03
2.632000000000000000e+03
2.979000000000000000e+03
3.604000000000000000e+03
3.663000000000000000e+03
3.367000000000000000e+03
3.449000000000000000e+03
2.657000000000000000e+03
3.099000000000000000e+03
3.645000000000000000e+03
4.236000000000000000e+03
3.637000000000000000e+03
4.518000000000000000e+03
3.223000000000000000e+03
4.231000000000000000e+03
4.019000000000000000e+03
5.344000000000000000e+03
5.782000000000000000e+03
6.127000000000000000e+03
5.493000000000000000e+03
4.814000000000000000e+03
4.192000000000000000e+03
4.890000000000000000e+03
5.939000000000000000e+03
5.641000000000000000e+03
6.377000000000000000e+03
5.929000000000000000e+03
5.241000000000000000e+03
5.376000000000000000e+03
4.824000000000000000e+03
6.792000000000000000e+03
7.147000000000000000e+03
7.513000000000000000e+03
7.482000000000000000e+03
6.134000000000000000e+03
4.688000000000000000e+03
7.369000000000000000e+03
7.043000000000000000e+03
7.663000000000000000e+03
7.498000000000000000e+03
6.365000000000000000e+03
6.663000000000000000e+03
5.469000000000000000e+03
4.557000000000000000e+03
6.840000000000000000e+03
6.693000000000000000e+03
8.225000000000000000e+03
8.159000000000000000e+03
7.759000000000000000e+03
5.352000000000000000e+03
8.713000000000000000e+03
8.771000000000000000e+03
1.055000000000000000e+04
1.010400000000000000e+04
1.171700000000000000e+04
9.230000000000000000e+03
7.187000000000000000e+03
9.309000000000000000e+03
1.050400000000000000e+04
1.093300000000000000e+04
1.202600000000000000e+04
1.068400000000000000e+04
9.924000000000000000e+03
6.986000000000000000e+03
9.215000000000000000e+03
1.202700000000000000e+04
1.225900000000000000e+04
1.190500000000000000e+04
1.150700000000000000e+04
1.077600000000000000e+04
9.056000000000000000e+03
9.909000000000000000e+03
1.189200000000000000e+04
1.167400000000000000e+04
1.270100000000000000e+04
1.194500000000000000e+04
9.276000000000000000e+03
8.431000000000000000e+03
8.782000000000000000e+03
1.202700000000000000e+04
1.262500000000000000e+04
1.346700000000000000e+04
1.296900000000000000e+04
1.124900000000000000e+04
8.841000000000000000e+03
1.180700000000000000e+04
1.347700000000000000e+04
1.439200000000000000e+04
1.400100000000000000e+04
1.468700000000000000e+04
1.112900000000000000e+04
7.668000000000000000e+03
1.124200000000000000e+04
1.474000000000000000e+04
1.644700000000000000e+04
1.545400000000000000e+04
1.509900000000000000e+04
1.241400000000000000e+04
1.032400000000000000e+04
9.524000000000000000e+03
1.330500000000000000e+04
1.493200000000000000e+04
1.709600000000000000e+04
1.654600000000000000e+04
1.351000000000000000e+04
1.056100000000000000e+04
1.298200000000000000e+04
1.633700000000000000e+04
1.832600000000000000e+04
1.632500000000000000e+04
1.571800000000000000e+04
1.196800000000000000e+04
9.253000000000000000e+03
1.171200000000000000e+04
1.430800000000000000e+04
1.392400000000000000e+04
1.326700000000000000e+04
1.337900000000000000e+04
9.745000000000000000e+03
6.609000000000000000e+03
9.598000000000000000e+03
1.214500000000000000e+04
1.065200000000000000e+04
1.110000000000000000e+04
1.178600000000000000e+04
8.037000000000000000e+03
5.331000000000000000e+03
8.317000000000000000e+03
1.197700000000000000e+04
1.088000000000000000e+04
1.116300000000000000e+04
1.185900000000000000e+04
8.468000000000000000e+03
5.645000000000000000e+03
7.893000000000000000e+03
1.062100000000000000e+04
1.033200000000000000e+04
1.009700000000000000e+04
9.608000000000000000e+03
7.140000000000000000e+03
4.184000000000000000e+03
4.265000000000000000e+03
7.164000000000000000e+03
8.593000000000000000e+03
9.043000000000000000e+03
7.846000000000000000e+03
6.098000000000000000e+03
5.432000000000000000e+03
5.726000000000000000e+03
8.037000000000000000e+03
7.533000000000000000e+03
7.629000000000000000e+03
6.899000000000000000e+03
5.201000000000000000e+03
3.278000000000000000e+03
3.199000000000000000e+03
3.610000000000000000e+03
5.303000000000000000e+03
6.994000000000000000e+03
7.112000000000000000e+03
5.274000000000000000e+03
3.558000000000000000e+03
5.062000000000000000e+03
6.981000000000000000e+03
6.843000000000000000e+03
7.326000000000000000e+03
7.002000000000000000e+03
5.795000000000000000e+03
4.116000000000000000e+03
5.853000000000000000e+03
8.141000000000000000e+03
8.586000000000000000e+03
0.000000000000000000e+00
1.068900000000000000e+04
3.713000000000000000e+03
5.030000000000000000e+03
7.216000000000000000e+03
1.165000000000000000e+04
1.176500000000000000e+04
1.158600000000000000e+04
4.080000000000000000e+03
5.240000000000000000e+03
5.884000000000000000e+03
8.222000000000000000e+03
1.379000000000000000e+04
1.344100000000000000e+04
1.383500000000000000e+04
1.334600000000000000e+04
1.105700000000000000e+04
7.808000000000000000e+03
8.704000000000000000e+03
1.378300000000000000e+04
1.272500000000000000e+04
1.328600000000000000e+04
1.233200000000000000e+04
8.932000000000000000e+03
7.264000000000000000e+03
8.185000000000000000e+03
1.214100000000000000e+04
1.211200000000000000e+04
1.139600000000000000e+04
1.075300000000000000e+04
8.362000000000000000e+03
5.031000000000000000e+03
7.578000000000000000e+03
1.040900000000000000e+04
1.084300000000000000e+04
9.471000000000000000e+03
9.838000000000000000e+03
6.902000000000000000e+03
4.975000000000000000e+03
6.614000000000000000e+03
9.695000000000000000e+03
9.196000000000000000e+03
8.891000000000000000e+03
8.374000000000000000e+03
6.680000000000000000e+03
3.658000000000000000e+03
5.154000000000000000e+03
7.794000000000000000e+03
7.739000000000000000e+03
7.311000000000000000e+03
7.151000000000000000e+03
6.057000000000000000e+03
4.245000000000000000e+03
3.259000000000000000e+03
4.003000000000000000e+03
6.064000000000000000e+03
7.671000000000000000e+03
7.886000000000000000e+03
5.944000000000000000e+03
3.709000000000000000e+03
5.417000000000000000e+03
7.477000000000000000e+03
8.183000000000000000e+03
8.234000000000000000e+03
5.083000000000000000e+03
5.469000000000000000e+03
3.168000000000000000e+03
4.658000000000000000e+03
6.653000000000000000e+03
7.855000000000000000e+03
7.432000000000000000e+03
7.891000000000000000e+03
4.860000000000000000e+03
2.922000000000000000e+03
5.058000000000000000e+03
7.307000000000000000e+03
7.693000000000000000e+03
8.204000000000000000e+03
7.849000000000000000e+03
6.278000000000000000e+03
3.697000000000000000e+03
6.164000000000000000e+03
8.235000000000000000e+03
8.304000000000000000e+03
8.328000000000000000e+03
8.160000000000000000e+03
6.826000000000000000e+03
4.032000000000000000e+03
6.401000000000000000e+03
9.405000000000000000e+03
8.300000000000000000e+03
8.238000000000000000e+03
1.293600000000000000e+04
1.033800000000000000e+04
7.208000000000000000e+03
1.401400000000000000e+04
1.015400000000000000e+04
1.605600000000000000e+04
1.443000000000000000e+04
9.902000000000000000e+03
1.038400000000000000e+04
9.955000000000000000e+03
1.366700000000000000e+04
2.087000000000000000e+04
2.203900000000000000e+04
2.368300000000000000e+04
2.413000000000000000e+04
1.941900000000000000e+04
1.526200000000000000e+04
1.943700000000000000e+04
2.700100000000000000e+04
2.515700000000000000e+04
2.499900000000000000e+04
2.947200000000000000e+04
1.911900000000000000e+04
1.626700000000000000e+04
2.046100000000000000e+04
2.914500000000000000e+04
2.593200000000000000e+04
2.721600000000000000e+04
2.788400000000000000e+04
2.122000000000000000e+04
1.501200000000000000e+04
1.879300000000000000e+04
2.549500000000000000e+04
2.371800000000000000e+04
2.605300000000000000e+04
2.242000000000000000e+04
1.650200000000000000e+04
1.139400000000000000e+04
1.592000000000000000e+04
2.623800000000000000e+04
2.407900000000000000e+04
2.408600000000000000e+04
2.255200000000000000e+04
1.802400000000000000e+04
1.158200000000000000e+04
1.738100000000000000e+04
2.597600000000000000e+04
2.447500000000000000e+04
2.653100000000000000e+04
2.736300000000000000e+04
2.146900000000000000e+04
1.635000000000000000e+04
2.868000000000000000e+04
3.554300000000000000e+04
3.965200000000000000e+04
3.588400000000000000e+04
3.546800000000000000e+04
3.217100000000000000e+04
2.480100000000000000e+04
2.265100000000000000e+04
2.460100000000000000e+04
3.539900000000000000e+04
4.108000000000000000e+04
3.920700000000000000e+04
2.984100000000000000e+04
2.134600000000000000e+04
2.817500000000000000e+04
3.535500000000000000e+04
3.501700000000000000e+04
3.229100000000000000e+04
3.095000000000000000e+04
2.362700000000000000e+04
1.641500000000000000e+04
2.219500000000000000e+04
3.113700000000000000e+04
2.975700000000000000e+04
2.762800000000000000e+04
2.693400000000000000e+04
1.805700000000000000e+04
1.304300000000000000e+04
2.129200000000000000e+04
2.726000000000000000e+04
2.587800000000000000e+04
2.378000000000000000e+04
2.036300000000000000e+04
1.563100000000000000e+04
1.039500000000000000e+04
8.606000000000000000e+03
2.138700000000000000e+04
2.731900000000000000e+04
2.446300000000000000e+04
2.402300000000000000e+04
1.855500000000000000e+04
1.210500000000000000e+04
1.838900000000000000e+04
2.406500000000000000e+04
2.267300000000000000e+04
2.117700000000000000e+04
2.088800000000000000e+04
1.403400000000000000e+04
9.000000000000000000e+03
1.727700000000000000e+04
2.159000000000000000e+04
1.942300000000000000e+04
1.925600000000000000e+04
1.451800000000000000e+04
1.156100000000000000e+04
8.850000000000000000e+03
1.498900000000000000e+04
2.002300000000000000e+04
1.969700000000000000e+04
1.729500000000000000e+04
1.726100000000000000e+04
1.223000000000000000e+04
6.935000000000000000e+03
1.276400000000000000e+04
1.507700000000000000e+04
1.463200000000000000e+04
1.350000000000000000e+04
1.562200000000000000e+04
1.113600000000000000e+04
7.506000000000000000e+03
1.255500000000000000e+04
1.675700000000000000e+04
1.588300000000000000e+04
1.411500000000000000e+04
1.348300000000000000e+04
1.035600000000000000e+04
6.083000000000000000e+03
