0.000000000000000000e+00
0.000000000000000000e+00
0.000000000000000000e+00
0.000000000000000000e+00
1.000000000000000000e+00
1.000000000000000000e+00
2.000000000000000000e+00
2.000000000000000000e+00
2.000000000000000000e+00
4.000000000000000000e+00
4.000000000000000000e+00
4.000000000000000000e+00
4.000000000000000000e+00
4.000000000000000000e+00
5.000000000000000000e+00
5.000000000000000000e+00
7.000000000000000000e+00
7.000000000000000000e+00
7.000000000000000000e+00
7.000000000000000000e+00
7.000000000000000000e+00
7.000000000000000000e+00
7.000000000000000000e+00
7.000000000000000000e+00
7.000000000000000000e+00
7.000000000000000000e+00
8.000000000000000000e+00
8.000000000000000000e+00
8.000000000000000000e+00
8.000000000000000000e+00
9.000000000000000000e+00
9.000000000000000000e+00
9.000000000000000000e+00
1.000000000000000000e+01
1.200000000000000000e+01
1.200000000000000000e+01
1.400000000000000000e+01
1.500000000000000000e+01
2.100000000000000000e+01
2.600000000000000000e+01
3.200000000000000000e+01
3.700000000000000000e+01
4.200000000000000000e+01
4.600000000000000000e+01
6.000000000000000000e+01
6.400000000000000000e+01
7.400000000000000000e+01
8.800000000000000000e+01
9.200000000000000000e+01
1.270000000000000000e+02
1.410000000000000000e+02
2.130000000000000000e+02
2.360000000000000000e+02
2.960000000000000000e+02
4.500000000000000000e+02
5.320000000000000000e+02
7.320000000000000000e+02
9.210000000000000000e+02
1.175000000000000000e+03
1.653000000000000000e+03
2.045000000000000000e+03
2.600000000000000000e+03
3.185000000000000000e+03
3.683000000000000000e+03
4.550000000000000000e+03
5.249000000000000000e+03
6.085000000000000000e+03
7.015000000000000000e+03
8.121000000000000000e+03
9.246000000000000000e+03
1.052700000000000000e+04
1.221900000000000000e+04
1.355900000000000000e+04
1.490600000000000000e+04
1.647500000000000000e+04
1.752100000000000000e+04
1.885800000000000000e+04
2.012200000000000000e+04
2.150200000000000000e+04
2.277700000000000000e+04
2.408400000000000000e+04
2.530300000000000000e+04
2.693700000000000000e+04
2.856300000000000000e+04
3.022300000000000000e+04
3.279000000000000000e+04
3.487600000000000000e+04
3.635800000000000000e+04
3.802600000000000000e+04
3.959100000000000000e+04
4.133400000000000000e+04
4.364100000000000000e+04
4.531000000000000000e+04
4.700700000000000000e+04
4.857000000000000000e+04
5.000200000000000000e+04
5.162100000000000000e+04
5.329700000000000000e+04
5.506100000000000000e+04
5.671600000000000000e+04
5.854900000000000000e+04
6.002300000000000000e+04
6.118300000000000000e+04
6.274300000000000000e+04
6.410000000000000000e+04
6.570300000000000000e+04
6.714600000000000000e+04
6.848500000000000000e+04
6.964500000000000000e+04
7.073600000000000000e+04
7.188600000000000000e+04
7.308300000000000000e+04
7.430700000000000000e+04
7.542800000000000000e+04
7.669100000000000000e+04
7.787100000000000000e+04
7.899200000000000000e+04
8.003300000000000000e+04
8.118300000000000000e+04
8.248800000000000000e+04
8.365000000000000000e+04
8.481400000000000000e+04
8.582300000000000000e+04
8.674900000000000000e+04
8.769700000000000000e+04
8.850200000000000000e+04
8.938000000000000000e+04
9.021900000000000000e+04
9.105400000000000000e+04
9.180500000000000000e+04
9.248800000000000000e+04
9.333000000000000000e+04
9.399100000000000000e+04
9.465800000000000000e+04
9.528300000000000000e+04
9.594900000000000000e+04
9.649700000000000000e+04
9.716400000000000000e+04
9.768500000000000000e+04
9.817400000000000000e+04
9.866900000000000000e+04
9.911800000000000000e+04
9.954800000000000000e+04
9.995900000000000000e+04
1.002860000000000000e+05
1.006550000000000000e+05
1.010210000000000000e+05
1.014290000000000000e+05
1.018300000000000000e+05
1.022330000000000000e+05
1.026520000000000000e+05
1.029570000000000000e+05
1.033130000000000000e+05
1.037070000000000000e+05
1.040630000000000000e+05
1.043870000000000000e+05
1.046380000000000000e+05
1.049750000000000000e+05
1.053480000000000000e+05
1.057320000000000000e+05
1.060290000000000000e+05
1.062270000000000000e+05
1.065830000000000000e+05
1.069030000000000000e+05
1.071160000000000000e+05
1.073030000000000000e+05
1.077180000000000000e+05
1.079730000000000000e+05
1.083020000000000000e+05
1.086170000000000000e+05
1.089570000000000000e+05
1.091330000000000000e+05
1.092920000000000000e+05
1.099650000000000000e+05
1.103520000000000000e+05
1.107130000000000000e+05
1.111600000000000000e+05
1.116300000000000000e+05
1.119760000000000000e+05
1.122310000000000000e+05
1.129820000000000000e+05
1.134870000000000000e+05
1.138360000000000000e+05
1.144940000000000000e+05
1.152080000000000000e+05
1.155540000000000000e+05
1.158510000000000000e+05
1.164770000000000000e+05
1.168380000000000000e+05
1.173250000000000000e+05
1.177400000000000000e+05
1.182970000000000000e+05
1.185230000000000000e+05
1.187190000000000000e+05
1.189450000000000000e+05
1.196580000000000000e+05
1.200020000000000000e+05
1.203150000000000000e+05
1.208510000000000000e+05
1.210840000000000000e+05
1.212960000000000000e+05
1.219260000000000000e+05
1.222710000000000000e+05
1.225800000000000000e+05
1.230510000000000000e+05
1.234640000000000000e+05
1.236700000000000000e+05
1.238260000000000000e+05
1.240350000000000000e+05
1.249360000000000000e+05
1.252690000000000000e+05
1.255050000000000000e+05
1.262120000000000000e+05
1.264210000000000000e+05
1.266800000000000000e+05
1.274330000000000000e+05
1.277780000000000000e+05
1.282390000000000000e+05
1.287060000000000000e+05
1.292530000000000000e+05
1.295820000000000000e+05
1.298290000000000000e+05
1.308490000000000000e+05
1.313850000000000000e+05
1.319560000000000000e+05
1.325820000000000000e+05
1.331970000000000000e+05
1.335870000000000000e+05
1.339550000000000000e+05
1.343350000000000000e+05
1.358260000000000000e+05
1.362760000000000000e+05
1.371690000000000000e+05
1.379760000000000000e+05
1.385150000000000000e+05
1.390280000000000000e+05
1.404870000000000000e+05
1.413180000000000000e+05
1.422700000000000000e+05
1.431490000000000000e+05
1.445130000000000000e+05
1.451370000000000000e+05
1.463210000000000000e+05
1.480460000000000000e+05
1.493510000000000000e+05
1.506520000000000000e+05
1.519440000000000000e+05
1.536800000000000000e+05
1.549480000000000000e+05
1.565600000000000000e+05
1.585100000000000000e+05
1.604410000000000000e+05
1.627360000000000000e+05
1.645830000000000000e+05
1.668240000000000000e+05
1.681780000000000000e+05
1.702890000000000000e+05
1.728260000000000000e+05
1.748350000000000000e+05
1.765350000000000000e+05
1.789040000000000000e+05
1.818370000000000000e+05
1.837920000000000000e+05
1.855660000000000000e+05
1.864940000000000000e+05
1.907390000000000000e+05
1.932080000000000000e+05
1.956840000000000000e+05
1.983290000000000000e+05
1.995230000000000000e+05
2.018610000000000000e+05
2.049760000000000000e+05
2.074650000000000000e+05
2.100610000000000000e+05
2.125410000000000000e+05
2.155740000000000000e+05
2.169350000000000000e+05
2.197040000000000000e+05
2.239840000000000000e+05
2.267210000000000000e+05
2.294460000000000000e+05
2.324970000000000000e+05
2.358980000000000000e+05
2.381910000000000000e+05
2.405860000000000000e+05
2.439740000000000000e+05
2.489050000000000000e+05
2.518220000000000000e+05
2.547390000000000000e+05
2.601950000000000000e+05
2.645450000000000000e+05
2.683950000000000000e+05
2.733040000000000000e+05
2.778920000000000000e+05
2.818880000000000000e+05
2.873290000000000000e+05
2.921730000000000000e+05
2.963940000000000000e+05
3.005970000000000000e+05
3.064370000000000000e+05
3.110430000000000000e+05
3.155860000000000000e+05
3.204810000000000000e+05
3.253560000000000000e+05
3.302400000000000000e+05
3.350380000000000000e+05
3.417460000000000000e+05
3.471350000000000000e+05
3.523760000000000000e+05
3.579260000000000000e+05
3.638840000000000000e+05
3.695100000000000000e+05
3.748800000000000000e+05
3.827080000000000000e+05
3.885430000000000000e+05
3.950280000000000000e+05
4.013250000000000000e+05
4.081650000000000000e+05
4.141310000000000000e+05
4.202810000000000000e+05
4.280540000000000000e+05
4.343200000000000000e+05
4.407370000000000000e+05
4.473410000000000000e+05
4.542540000000000000e+05
4.603320000000000000e+05
4.660160000000000000e+05
4.746610000000000000e+05
4.809520000000000000e+05
4.876850000000000000e+05
4.951520000000000000e+05
5.021970000000000000e+05
5.086740000000000000e+05
5.145000000000000000e+05
5.220760000000000000e+05
5.283070000000000000e+05
5.352040000000000000e+05
5.419360000000000000e+05
5.459830000000000000e+05
5.511840000000000000e+05
5.566490000000000000e+05
5.631560000000000000e+05
5.718230000000000000e+05
5.805730000000000000e+05
5.874290000000000000e+05
5.911490000000000000e+05
5.980910000000000000e+05
6.087340000000000000e+05
6.188010000000000000e+05
6.261290000000000000e+05
6.344370000000000000e+05
6.429780000000000000e+05
6.523730000000000000e+05
6.596470000000000000e+05
6.663750000000000000e+05
6.746240000000000000e+05
6.810150000000000000e+05
6.880970000000000000e+05
6.953590000000000000e+05
7.022030000000000000e+05
7.082630000000000000e+05
7.143160000000000000e+05
7.204400000000000000e+05
7.255990000000000000e+05
7.313710000000000000e+05
7.376540000000000000e+05
7.433840000000000000e+05
7.481230000000000000e+05
7.525100000000000000e+05
7.581420000000000000e+05
7.623680000000000000e+05
7.666330000000000000e+05
7.713580000000000000e+05
7.761710000000000000e+05
7.801470000000000000e+05
7.837350000000000000e+05
7.883230000000000000e+05
7.913850000000000000e+05
7.946810000000000000e+05
7.986500000000000000e+05
8.029040000000000000e+05
8.060100000000000000e+05
8.089730000000000000e+05
8.127000000000000000e+05
8.155260000000000000e+05
8.189670000000000000e+05
8.220380000000000000e+05
8.247540000000000000e+05
8.283350000000000000e+05
8.303520000000000000e+05
8.320580000000000000e+05
8.364550000000000000e+05
8.389980000000000000e+05
8.423930000000000000e+05
8.454540000000000000e+05
8.480600000000000000e+05
8.506170000000000000e+05
8.539010000000000000e+05
8.572060000000000000e+05
8.602000000000000000e+05
8.633010000000000000e+05
8.665280000000000000e+05
8.690580000000000000e+05
8.712430000000000000e+05
8.749090000000000000e+05
8.777470000000000000e+05
8.804870000000000000e+05
8.836190000000000000e+05
8.864920000000000000e+05
8.892550000000000000e+05
8.918070000000000000e+05
8.958890000000000000e+05
8.989630000000000000e+05
9.019480000000000000e+05
9.050710000000000000e+05
9.086450000000000000e+05
9.115600000000000000e+05
9.142040000000000000e+05
9.179940000000000000e+05
9.210110000000000000e+05
9.244440000000000000e+05
9.281170000000000000e+05
9.323910000000000000e+05
9.357140000000000000e+05
9.388560000000000000e+05
9.437150000000000000e+05
9.473930000000000000e+05
9.515890000000000000e+05
9.567550000000000000e+05
9.618390000000000000e+05
9.660760000000000000e+05
9.701660000000000000e+05
9.764790000000000000e+05
9.803650000000000000e+05
9.894930000000000000e+05
9.952490000000000000e+05
9.988820000000000000e+05
1.005978000000000000e+06
1.009472000000000000e+06
1.017761000000000000e+06
1.028626000000000000e+06
1.036386000000000000e+06
1.044733000000000000e+06
1.053999000000000000e+06
1.061369000000000000e+06
1.069041000000000000e+06
1.079582000000000000e+06
1.087048000000000000e+06
1.096000000000000000e+06
1.105778000000000000e+06
1.115036000000000000e+06
1.122116000000000000e+06
1.130006000000000000e+06
1.140322000000000000e+06
1.147636000000000000e+06
1.155855000000000000e+06
1.164756000000000000e+06
1.173220000000000000e+06
1.180681000000000000e+06
1.187484000000000000e+06
1.196400000000000000e+06
1.203429000000000000e+06
1.211651000000000000e+06
1.220914000000000000e+06
1.229305000000000000e+06
1.235669000000000000e+06
1.241406000000000000e+06
1.252391000000000000e+06
1.259137000000000000e+06
1.266916000000000000e+06
1.275006000000000000e+06
1.282734000000000000e+06
1.288676000000000000e+06
1.294120000000000000e+06
1.302993000000000000e+06
1.308541000000000000e+06
1.315211000000000000e+06
1.321104000000000000e+06
1.327839000000000000e+06
1.332229000000000000e+06
1.336374000000000000e+06
1.342824000000000000e+06
1.346736000000000000e+06
1.351766000000000000e+06
1.356616000000000000e+06
1.360950000000000000e+06
1.364195000000000000e+06
1.367023000000000000e+06
1.368739000000000000e+06
1.372492000000000000e+06
1.374976000000000000e+06
1.379674000000000000e+06
1.382769000000000000e+06
1.384928000000000000e+06
1.386871000000000000e+06
1.389814000000000000e+06
1.391540000000000000e+06
1.393732000000000000e+06
1.395909000000000000e+06
1.397898000000000000e+06
1.399231000000000000e+06
1.400580000000000000e+06
1.402369000000000000e+06
1.403490000000000000e+06
1.404927000000000000e+06
1.406417000000000000e+06
1.407798000000000000e+06
1.408935000000000000e+06
1.409909000000000000e+06
1.411228000000000000e+06
1.412121000000000000e+06
1.413203000000000000e+06
1.414304000000000000e+06
1.415272000000000000e+06
1.416009000000000000e+06
1.416589000000000000e+06
1.417625000000000000e+06
1.418135000000000000e+06
1.418853000000000000e+06
1.419569000000000000e+06
1.420191000000000000e+06
1.420724000000000000e+06
1.421122000000000000e+06
1.422053000000000000e+06
1.422618000000000000e+06
1.423170000000000000e+06
1.423321000000000000e+06
1.424160000000000000e+06
1.424502000000000000e+06
1.424784000000000000e+06
1.425594000000000000e+06
1.425884000000000000e+06
1.426435000000000000e+06
1.427027000000000000e+06
1.427582000000000000e+06
1.427899000000000000e+06
1.428162000000000000e+06
1.428689000000000000e+06
1.429029000000000000e+06
1.429369000000000000e+06
1.429747000000000000e+06
1.430127000000000000e+06
1.430437000000000000e+06
1.430740000000000000e+06
1.431378000000000000e+06
1.431691000000000000e+06
1.432208000000000000e+06
1.432606000000000000e+06
1.433200000000000000e+06
1.433525000000000000e+06
1.433792000000000000e+06
1.434866000000000000e+06
1.435403000000000000e+06
1.436199000000000000e+06
1.437111000000000000e+06
1.438021000000000000e+06
1.438457000000000000e+06
1.438817000000000000e+06
