0.000000000000000000e+00
0.000000000000000000e+00
0.000000000000000000e+00
0.000000000000000000e+00
1.000000000000000000e+00
0.000000000000000000e+00
1.000000000000000000e+00
0.000000000000000000e+00
0.000000000000000000e+00
2.000000000000000000e+00
0.000000000000000000e+00
0.000000000000000000e+00
0.000000000000000000e+00
0.000000000000000000e+00
1.000000000000000000e+00
0.000000000000000000e+00
2.000000000000000000e+00
0.000000000000000000e+00
0.000000000000000000e+00
0.000000000000000000e+00
0.000000000000000000e+00
0.000000000000000000e+00
0.000000000000000000e+00
0.000000000000000000e+00
0.000000000000000000e+00
0.000000000000000000e+00
1.000000000000000000e+00
0.000000000000000000e+00
0.000000000000000000e+00
0.000000000000000000e+00
1.000000000000000000e+00
0.000000000000000000e+00
0.000000000000000000e+00
1.000000000000000000e+00
2.000000000000000000e+00
0.000000000000000000e+00
2.000000000000000000e+00
1.000000000000000000e+00
6.000000000000000000e+00
5.000000000000000000e+00
6.000000000000000000e+00
5.000000000000000000e+00
5.000000000000000000e+00
4.000000000000000000e+00
1.400000000000000000e+01
4.000000000000000000e+00
1.000000000000000000e+01
1.400000000000000000e+01
4.000000000000000000e+00
3.500000000000000000e+01
1.400000000000000000e+01
7.200000000000000000e+01
2.300000000000000000e+01
6.000000000000000000e+01
1.540000000000000000e+02
8.200000000000000000e+01
2.000000000000000000e+02
1.890000000000000000e+02
2.540000000000000000e+02
4.780000000000000000e+02
3.920000000000000000e+02
5.550000000000000000e+02
5.850000000000000000e+02
4.980000000000000000e+02
8.670000000000000000e+02
6.990000000000000000e+02
8.360000000000000000e+02
9.300000000000000000e+02
1.106000000000000000e+03
1.125000000000000000e+03
1.281000000000000000e+03
1.692000000000000000e+03
1.340000000000000000e+03
1.347000000000000000e+03
1.569000000000000000e+03
1.046000000000000000e+03
1.337000000000000000e+03
1.264000000000000000e+03
1.380000000000000000e+03
1.275000000000000000e+03
1.307000000000000000e+03
1.219000000000000000e+03
1.634000000000000000e+03
1.626000000000000000e+03
1.660000000000000000e+03
2.567000000000000000e+03
2.086000000000000000e+03
1.482000000000000000e+03
1.668000000000000000e+03
1.565000000000000000e+03
1.743000000000000000e+03
2.307000000000000000e+03
1.669000000000000000e+03
1.697000000000000000e+03
1.563000000000000000e+03
1.432000000000000000e+03
1.619000000000000000e+03
1.676000000000000000e+03
1.764000000000000000e+03
1.655000000000000000e+03
1.833000000000000000e+03
1.474000000000000000e+03
1.160000000000000000e+03
1.560000000000000000e+03
1.357000000000000000e+03
1.603000000000000000e+03
1.443000000000000000e+03
1.339000000000000000e+03
1.160000000000000000e+03
1.091000000000000000e+03
1.150000000000000000e+03
1.197000000000000000e+03
1.224000000000000000e+03
1.121000000000000000e+03
1.263000000000000000e+03
1.180000000000000000e+03
1.121000000000000000e+03
1.041000000000000000e+03
1.150000000000000000e+03
1.305000000000000000e+03
1.162000000000000000e+03
1.164000000000000000e+03
1.009000000000000000e+03
9.260000000000000000e+02
9.480000000000000000e+02
8.050000000000000000e+02
8.780000000000000000e+02
8.390000000000000000e+02
8.350000000000000000e+02
7.510000000000000000e+02
6.830000000000000000e+02
8.420000000000000000e+02
6.610000000000000000e+02
6.670000000000000000e+02
6.250000000000000000e+02
6.660000000000000000e+02
5.480000000000000000e+02
6.670000000000000000e+02
5.210000000000000000e+02
4.890000000000000000e+02
4.950000000000000000e+02
4.490000000000000000e+02
4.300000000000000000e+02
4.110000000000000000e+02
3.270000000000000000e+02
3.690000000000000000e+02
3.660000000000000000e+02
4.080000000000000000e+02
4.010000000000000000e+02
4.030000000000000000e+02
4.190000000000000000e+02
3.050000000000000000e+02
3.560000000000000000e+02
3.940000000000000000e+02
3.560000000000000000e+02
3.240000000000000000e+02
2.510000000000000000e+02
3.370000000000000000e+02
3.730000000000000000e+02
3.840000000000000000e+02
2.970000000000000000e+02
1.980000000000000000e+02
3.560000000000000000e+02
3.200000000000000000e+02
2.130000000000000000e+02
1.870000000000000000e+02
4.150000000000000000e+02
2.550000000000000000e+02
3.290000000000000000e+02
3.150000000000000000e+02
3.400000000000000000e+02
1.760000000000000000e+02
1.590000000000000000e+02
6.730000000000000000e+02
3.870000000000000000e+02
3.610000000000000000e+02
4.470000000000000000e+02
4.700000000000000000e+02
3.460000000000000000e+02
2.550000000000000000e+02
7.510000000000000000e+02
5.050000000000000000e+02
3.490000000000000000e+02
6.580000000000000000e+02
7.140000000000000000e+02
3.460000000000000000e+02
2.970000000000000000e+02
6.260000000000000000e+02
3.610000000000000000e+02
4.870000000000000000e+02
4.150000000000000000e+02
5.570000000000000000e+02
2.260000000000000000e+02
1.960000000000000000e+02
2.260000000000000000e+02
7.130000000000000000e+02
3.440000000000000000e+02
3.130000000000000000e+02
5.360000000000000000e+02
2.330000000000000000e+02
2.120000000000000000e+02
6.300000000000000000e+02
3.450000000000000000e+02
3.090000000000000000e+02
4.710000000000000000e+02
4.130000000000000000e+02
2.060000000000000000e+02
1.560000000000000000e+02
2.090000000000000000e+02
9.010000000000000000e+02
3.330000000000000000e+02
2.360000000000000000e+02
7.070000000000000000e+02
2.090000000000000000e+02
2.590000000000000000e+02
7.530000000000000000e+02
3.450000000000000000e+02
4.610000000000000000e+02
4.670000000000000000e+02
5.470000000000000000e+02
3.290000000000000000e+02
2.470000000000000000e+02
1.020000000000000000e+03
5.360000000000000000e+02
5.710000000000000000e+02
6.260000000000000000e+02
6.150000000000000000e+02
3.900000000000000000e+02
3.680000000000000000e+02
3.800000000000000000e+02
1.491000000000000000e+03
4.500000000000000000e+02
8.930000000000000000e+02
8.070000000000000000e+02
5.390000000000000000e+02
5.130000000000000000e+02
1.459000000000000000e+03
8.310000000000000000e+02
9.520000000000000000e+02
8.790000000000000000e+02
1.364000000000000000e+03
6.240000000000000000e+02
1.184000000000000000e+03
1.725000000000000000e+03
1.305000000000000000e+03
1.301000000000000000e+03
1.292000000000000000e+03
1.736000000000000000e+03
1.268000000000000000e+03
1.612000000000000000e+03
1.950000000000000000e+03
1.931000000000000000e+03
2.295000000000000000e+03
1.847000000000000000e+03
2.241000000000000000e+03
1.354000000000000000e+03
2.111000000000000000e+03
2.537000000000000000e+03
2.009000000000000000e+03
1.700000000000000000e+03
2.369000000000000000e+03
2.933000000000000000e+03
1.955000000000000000e+03
1.774000000000000000e+03
9.280000000000000000e+02
4.245000000000000000e+03
2.469000000000000000e+03
2.476000000000000000e+03
2.645000000000000000e+03
1.194000000000000000e+03
2.338000000000000000e+03
3.115000000000000000e+03
2.489000000000000000e+03
2.596000000000000000e+03
2.480000000000000000e+03
3.033000000000000000e+03
1.361000000000000000e+03
2.769000000000000000e+03
4.280000000000000000e+03
2.737000000000000000e+03
2.725000000000000000e+03
3.051000000000000000e+03
3.401000000000000000e+03
2.293000000000000000e+03
2.395000000000000000e+03
3.388000000000000000e+03
4.931000000000000000e+03
2.917000000000000000e+03
2.917000000000000000e+03
5.456000000000000000e+03
4.350000000000000000e+03
3.850000000000000000e+03
4.909000000000000000e+03
4.588000000000000000e+03
3.996000000000000000e+03
5.441000000000000000e+03
4.844000000000000000e+03
4.221000000000000000e+03
4.203000000000000000e+03
5.840000000000000000e+03
4.606000000000000000e+03
4.543000000000000000e+03
4.895000000000000000e+03
4.875000000000000000e+03
4.884000000000000000e+03
4.798000000000000000e+03
6.708000000000000000e+03
5.389000000000000000e+03
5.241000000000000000e+03
5.550000000000000000e+03
5.958000000000000000e+03
5.626000000000000000e+03
5.370000000000000000e+03
7.828000000000000000e+03
5.835000000000000000e+03
6.485000000000000000e+03
6.297000000000000000e+03
6.840000000000000000e+03
5.966000000000000000e+03
6.150000000000000000e+03
7.773000000000000000e+03
6.266000000000000000e+03
6.417000000000000000e+03
6.604000000000000000e+03
6.913000000000000000e+03
6.078000000000000000e+03
5.684000000000000000e+03
8.645000000000000000e+03
6.291000000000000000e+03
6.733000000000000000e+03
7.467000000000000000e+03
7.045000000000000000e+03
6.477000000000000000e+03
5.826000000000000000e+03
7.576000000000000000e+03
6.231000000000000000e+03
6.897000000000000000e+03
6.732000000000000000e+03
4.047000000000000000e+03
5.201000000000000000e+03
5.465000000000000000e+03
6.507000000000000000e+03
8.667000000000000000e+03
8.750000000000000000e+03
6.856000000000000000e+03
3.720000000000000000e+03
6.942000000000000000e+03
1.064300000000000000e+04
1.006700000000000000e+04
7.328000000000000000e+03
8.308000000000000000e+03
8.541000000000000000e+03
9.395000000000000000e+03
7.274000000000000000e+03
6.728000000000000000e+03
8.249000000000000000e+03
6.391000000000000000e+03
7.082000000000000000e+03
7.262000000000000000e+03
6.844000000000000000e+03
6.060000000000000000e+03
6.053000000000000000e+03
6.124000000000000000e+03
5.159000000000000000e+03
5.772000000000000000e+03
6.283000000000000000e+03
5.730000000000000000e+03
4.739000000000000000e+03
4.387000000000000000e+03
5.632000000000000000e+03
4.226000000000000000e+03
4.265000000000000000e+03
4.725000000000000000e+03
4.813000000000000000e+03
3.976000000000000000e+03
3.588000000000000000e+03
4.588000000000000000e+03
3.062000000000000000e+03
3.296000000000000000e+03
3.969000000000000000e+03
4.254000000000000000e+03
3.106000000000000000e+03
2.963000000000000000e+03
3.727000000000000000e+03
2.826000000000000000e+03
3.441000000000000000e+03
3.071000000000000000e+03
2.716000000000000000e+03
3.581000000000000000e+03
2.017000000000000000e+03
1.706000000000000000e+03
4.397000000000000000e+03
2.543000000000000000e+03
3.395000000000000000e+03
3.061000000000000000e+03
2.606000000000000000e+03
2.557000000000000000e+03
3.284000000000000000e+03
3.305000000000000000e+03
2.994000000000000000e+03
3.101000000000000000e+03
3.227000000000000000e+03
2.530000000000000000e+03
2.185000000000000000e+03
3.666000000000000000e+03
2.838000000000000000e+03
2.740000000000000000e+03
3.132000000000000000e+03
2.873000000000000000e+03
2.763000000000000000e+03
2.552000000000000000e+03
4.082000000000000000e+03
3.074000000000000000e+03
2.985000000000000000e+03
3.123000000000000000e+03
3.574000000000000000e+03
2.915000000000000000e+03
2.644000000000000000e+03
3.790000000000000000e+03
3.017000000000000000e+03
3.433000000000000000e+03
3.673000000000000000e+03
4.274000000000000000e+03
3.323000000000000000e+03
3.142000000000000000e+03
4.859000000000000000e+03
3.678000000000000000e+03
4.196000000000000000e+03
5.166000000000000000e+03
5.084000000000000000e+03
4.237000000000000000e+03
4.090000000000000000e+03
6.313000000000000000e+03
3.886000000000000000e+03
9.128000000000000000e+03
5.756000000000000000e+03
3.633000000000000000e+03
7.096000000000000000e+03
3.494000000000000000e+03
8.289000000000000000e+03
1.086500000000000000e+04
7.760000000000000000e+03
8.347000000000000000e+03
9.266000000000000000e+03
7.370000000000000000e+03
7.672000000000000000e+03
1.054100000000000000e+04
7.466000000000000000e+03
8.952000000000000000e+03
9.778000000000000000e+03
9.258000000000000000e+03
7.080000000000000000e+03
7.890000000000000000e+03
1.031600000000000000e+04
7.314000000000000000e+03
8.219000000000000000e+03
8.901000000000000000e+03
8.464000000000000000e+03
7.461000000000000000e+03
6.803000000000000000e+03
8.916000000000000000e+03
7.029000000000000000e+03
8.222000000000000000e+03
9.263000000000000000e+03
8.391000000000000000e+03
6.364000000000000000e+03
5.737000000000000000e+03
1.098500000000000000e+04
6.746000000000000000e+03
7.779000000000000000e+03
8.090000000000000000e+03
7.728000000000000000e+03
5.942000000000000000e+03
5.444000000000000000e+03
8.873000000000000000e+03
5.548000000000000000e+03
6.670000000000000000e+03
5.893000000000000000e+03
6.735000000000000000e+03
4.390000000000000000e+03
4.145000000000000000e+03
6.450000000000000000e+03
3.912000000000000000e+03
5.030000000000000000e+03
4.850000000000000000e+03
4.334000000000000000e+03
3.245000000000000000e+03
2.828000000000000000e+03
1.716000000000000000e+03
3.753000000000000000e+03
2.484000000000000000e+03
4.698000000000000000e+03
3.095000000000000000e+03
2.159000000000000000e+03
1.943000000000000000e+03
2.943000000000000000e+03
1.726000000000000000e+03
2.192000000000000000e+03
2.177000000000000000e+03
1.989000000000000000e+03
1.333000000000000000e+03
1.349000000000000000e+03
1.789000000000000000e+03
1.121000000000000000e+03
1.437000000000000000e+03
1.490000000000000000e+03
1.381000000000000000e+03
1.137000000000000000e+03
9.740000000000000000e+02
1.319000000000000000e+03
8.930000000000000000e+02
1.082000000000000000e+03
1.101000000000000000e+03
9.680000000000000000e+02
7.370000000000000000e+02
5.800000000000000000e+02
1.036000000000000000e+03
5.100000000000000000e+02
7.180000000000000000e+02
7.160000000000000000e+02
6.220000000000000000e+02
5.330000000000000000e+02
3.980000000000000000e+02
9.310000000000000000e+02
5.650000000000000000e+02
5.520000000000000000e+02
1.510000000000000000e+02
8.390000000000000000e+02
3.420000000000000000e+02
2.820000000000000000e+02
8.100000000000000000e+02
2.900000000000000000e+02
5.510000000000000000e+02
5.920000000000000000e+02
5.550000000000000000e+02
3.170000000000000000e+02
2.630000000000000000e+02
5.270000000000000000e+02
3.400000000000000000e+02
3.400000000000000000e+02
3.780000000000000000e+02
3.800000000000000000e+02
3.100000000000000000e+02
3.030000000000000000e+02
6.380000000000000000e+02
3.130000000000000000e+02
5.170000000000000000e+02
3.980000000000000000e+02
5.940000000000000000e+02
3.250000000000000000e+02
2.670000000000000000e+02
1.074000000000000000e+03
5.370000000000000000e+02
7.960000000000000000e+02
9.120000000000000000e+02
9.100000000000000000e+02
4.360000000000000000e+02
3.600000000000000000e+02
