0.000000000000000000e+00
0.000000000000000000e+00
0.000000000000000000e+00
0.000000000000000000e+00
0.000000000000000000e+00
0.000000000000000000e+00
0.000000000000000000e+00
0.000000000000000000e+00
0.000000000000000000e+00
0.000000000000000000e+00
0.000000000000000000e+00
0.000000000000000000e+00
0.000000000000000000e+00
0.000000000000000000e+00
0.000000000000000000e+00
0.000000000000000000e+00
0.000000000000000000e+00
0.000000000000000000e+00
0.000000000000000000e+00
0.000000000000000000e+00
0.000000000000000000e+00
0.000000000000000000e+00
0.000000000000000000e+00
0.000000000000000000e+00
0.000000000000000000e+00
0.000000000000000000e+00
0.000000000000000000e+00
0.000000000000000000e+00
0.000000000000000000e+00
0.000000000000000000e+00
0.000000000000000000e+00
0.000000000000000000e+00
0.000000000000000000e+00
0.000000000000000000e+00
0.000000000000000000e+00
0.000000000000000000e+00
0.000000000000000000e+00
0.000000000000000000e+00
0.000000000000000000e+00
0.000000000000000000e+00
0.000000000000000000e+00
0.000000000000000000e+00
0.000000000000000000e+00
0.000000000000000000e+00
0.000000000000000000e+00
0.000000000000000000e+00
0.000000000000000000e+00
0.000000000000000000e+00
0.000000000000000000e+00
0.000000000000000000e+00
0.000000000000000000e+00
0.000000000000000000e+00
2.000000000000000000e+00
2.000000000000000000e+00
2.000000000000000000e+00
2.000000000000000000e+00
2.000000000000000000e+00
3.000000000000000000e+00
3.000000000000000000e+00
3.000000000000000000e+00
3.000000000000000000e+00
4.000000000000000000e+00
7.000000000000000000e+00
7.000000000000000000e+00
8.000000000000000000e+00
8.000000000000000000e+00
8.000000000000000000e+00
1.100000000000000000e+01
1.100000000000000000e+01
1.100000000000000000e+01
1.400000000000000000e+01
1.400000000000000000e+01
1.400000000000000000e+01
1.400000000000000000e+01
1.600000000000000000e+01
1.600000000000000000e+01
1.600000000000000000e+01
1.600000000000000000e+01
1.600000000000000000e+01
1.600000000000000000e+01
1.600000000000000000e+01
1.600000000000000000e+01
1.600000000000000000e+01
1.600000000000000000e+01
1.600000000000000000e+01
1.600000000000000000e+01
1.600000000000000000e+01
1.600000000000000000e+01
1.600000000000000000e+01
1.600000000000000000e+01
1.600000000000000000e+01
1.600000000000000000e+01
1.600000000000000000e+01
1.600000000000000000e+01
1.600000000000000000e+01
1.600000000000000000e+01
1.600000000000000000e+01
1.600000000000000000e+01
1.600000000000000000e+01
1.600000000000000000e+01
1.600000000000000000e+01
1.600000000000000000e+01
1.600000000000000000e+01
1.600000000000000000e+01
1.600000000000000000e+01
1.600000000000000000e+01
1.600000000000000000e+01
1.600000000000000000e+01
1.600000000000000000e+01
1.600000000000000000e+01
1.600000000000000000e+01
1.600000000000000000e+01
1.600000000000000000e+01
1.600000000000000000e+01
1.600000000000000000e+01
1.600000000000000000e+01
1.600000000000000000e+01
1.600000000000000000e+01
1.600000000000000000e+01
1.600000000000000000e+01
1.800000000000000000e+01
1.900000000000000000e+01
2.000000000000000000e+01
2.100000000000000000e+01
2.100000000000000000e+01
2.100000000000000000e+01
2.200000000000000000e+01
2.200000000000000000e+01
2.300000000000000000e+01
2.300000000000000000e+01
2.400000000000000000e+01
2.500000000000000000e+01
2.500000000000000000e+01
2.500000000000000000e+01
2.500000000000000000e+01
2.500000000000000000e+01
2.900000000000000000e+01
2.900000000000000000e+01
3.100000000000000000e+01
3.100000000000000000e+01
3.100000000000000000e+01
3.100000000000000000e+01
3.100000000000000000e+01
3.200000000000000000e+01
3.200000000000000000e+01
3.200000000000000000e+01
3.400000000000000000e+01
3.600000000000000000e+01
3.900000000000000000e+01
4.500000000000000000e+01
4.600000000000000000e+01
5.500000000000000000e+01
6.300000000000000000e+01
7.200000000000000000e+01
7.600000000000000000e+01
1.020000000000000000e+02
1.210000000000000000e+02
1.360000000000000000e+02
1.830000000000000000e+02
1.960000000000000000e+02
2.050000000000000000e+02
2.850000000000000000e+02
2.930000000000000000e+02
3.500000000000000000e+02
3.750000000000000000e+02
4.120000000000000000e+02
4.850000000000000000e+02
5.390000000000000000e+02
5.930000000000000000e+02
6.150000000000000000e+02
6.680000000000000000e+02
6.680000000000000000e+02
7.850000000000000000e+02
8.610000000000000000e+02
8.640000000000000000e+02
9.600000000000000000e+02
1.032000000000000000e+03
1.078000000000000000e+03
1.203000000000000000e+03
1.247000000000000000e+03
1.344000000000000000e+03
1.366000000000000000e+03
1.402000000000000000e+03
1.522000000000000000e+03
1.618000000000000000e+03
1.687000000000000000e+03
1.775000000000000000e+03
1.843000000000000000e+03
1.917000000000000000e+03
1.986000000000000000e+03
2.052000000000000000e+03
2.129000000000000000e+03
2.224000000000000000e+03
2.294000000000000000e+03
2.406000000000000000e+03
2.470000000000000000e+03
2.540000000000000000e+03
2.652000000000000000e+03
2.802000000000000000e+03
2.802000000000000000e+03
2.949000000000000000e+03
3.101000000000000000e+03
3.229000000000000000e+03
3.406000000000000000e+03
3.544000000000000000e+03
3.726000000000000000e+03
3.907000000000000000e+03
4.154000000000000000e+03
4.344000000000000000e+03
4.464000000000000000e+03
4.665000000000000000e+03
4.912000000000000000e+03
5.227000000000000000e+03
5.538000000000000000e+03
5.854000000000000000e+03
6.030000000000000000e+03
6.160000000000000000e+03
6.431000000000000000e+03
6.712000000000000000e+03
6.906000000000000000e+03
7.116000000000000000e+03
7.365000000000000000e+03
7.550000000000000000e+03
7.692000000000000000e+03
7.844000000000000000e+03
8.082000000000000000e+03
8.323000000000000000e+03
8.514000000000000000e+03
8.685000000000000000e+03
8.810000000000000000e+03
8.928000000000000000e+03
9.108000000000000000e+03
9.256000000000000000e+03
9.437000000000000000e+03
9.604000000000000000e+03
9.719000000000000000e+03
9.818000000000000000e+03
9.901000000000000000e+03
9.964000000000000000e+03
1.007800000000000000e+04
1.020700000000000000e+04
1.029200000000000000e+04
1.037700000000000000e+04
1.052600000000000000e+04
1.060700000000000000e+04
1.066300000000000000e+04
1.074000000000000000e+04
1.083500000000000000e+04
1.091800000000000000e+04
1.103300000000000000e+04
1.112100000000000000e+04
1.114000000000000000e+04
1.126500000000000000e+04
1.137300000000000000e+04
1.148000000000000000e+04
1.157200000000000000e+04
1.162600000000000000e+04
1.165400000000000000e+04
1.167300000000000000e+04
1.171400000000000000e+04
1.178100000000000000e+04
1.182900000000000000e+04
1.189100000000000000e+04
1.193600000000000000e+04
1.198900000000000000e+04
1.200000000000000000e+04
1.206900000000000000e+04
1.210300000000000000e+04
1.221500000000000000e+04
1.226300000000000000e+04
1.229300000000000000e+04
1.232600000000000000e+04
1.236700000000000000e+04
1.240600000000000000e+04
1.246000000000000000e+04
1.250100000000000000e+04
1.257900000000000000e+04
1.266000000000000000e+04
1.267500000000000000e+04
1.272900000000000000e+04
1.280600000000000000e+04
1.285800000000000000e+04
1.290700000000000000e+04
1.293500000000000000e+04
1.298800000000000000e+04
1.301200000000000000e+04
1.303000000000000000e+04
1.304600000000000000e+04
1.309000000000000000e+04
1.314300000000000000e+04
1.317000000000000000e+04
1.321100000000000000e+04
1.324000000000000000e+04
1.325300000000000000e+04
1.329200000000000000e+04
1.334500000000000000e+04
1.337200000000000000e+04
1.344900000000000000e+04
1.350800000000000000e+04
1.355500000000000000e+04
1.356600000000000000e+04
1.361000000000000000e+04
1.366200000000000000e+04
1.371200000000000000e+04
1.381100000000000000e+04
1.386500000000000000e+04
1.389700000000000000e+04
1.393800000000000000e+04
1.400600000000000000e+04
1.415500000000000000e+04
1.420700000000000000e+04
1.428500000000000000e+04
1.434500000000000000e+04
1.438000000000000000e+04
1.441600000000000000e+04
1.447700000000000000e+04
1.459900000000000000e+04
1.480400000000000000e+04
1.495000000000000000e+04
1.507800000000000000e+04
1.521900000000000000e+04
1.529800000000000000e+04
1.547200000000000000e+04
1.577300000000000000e+04
1.609700000000000000e+04
1.626900000000000000e+04
1.653600000000000000e+04
1.672600000000000000e+04
1.691300000000000000e+04
1.727600000000000000e+04
1.760700000000000000e+04
1.804100000000000000e+04
1.843700000000000000e+04
1.871400000000000000e+04
1.929900000000000000e+04
1.962900000000000000e+04
1.998400000000000000e+04
2.057900000000000000e+04
2.126200000000000000e+04
2.139800000000000000e+04
2.192300000000000000e+04
2.228700000000000000e+04
2.285100000000000000e+04
2.333300000000000000e+04
2.394100000000000000e+04
2.454500000000000000e+04
2.465400000000000000e+04
2.511600000000000000e+04
2.538600000000000000e+04
2.588700000000000000e+04
2.631900000000000000e+04
2.668200000000000000e+04
2.725500000000000000e+04
2.772300000000000000e+04
2.825900000000000000e+04
2.860200000000000000e+04
2.887100000000000000e+04
2.918300000000000000e+04
2.957000000000000000e+04
2.988900000000000000e+04
3.019800000000000000e+04
3.036300000000000000e+04
3.075300000000000000e+04
3.099500000000000000e+04
3.125300000000000000e+04
3.151500000000000000e+04
3.184800000000000000e+04
3.221300000000000000e+04
3.242500000000000000e+04
3.265000000000000000e+04
3.295700000000000000e+04
3.326500000000000000e+04
3.345900000000000000e+04
3.369600000000000000e+04
3.383200000000000000e+04
3.394400000000000000e+04
3.416800000000000000e+04
3.427000000000000000e+04
3.437200000000000000e+04
3.451900000000000000e+04
3.461500000000000000e+04
3.484400000000000000e+04
3.497300000000000000e+04
3.507000000000000000e+04
3.520100000000000000e+04
3.524200000000000000e+04
3.535300000000000000e+04
3.555400000000000000e+04
3.579700000000000000e+04
3.595200000000000000e+04
3.622500000000000000e+04
3.636600000000000000e+04
3.644000000000000000e+04
3.668000000000000000e+04
3.699300000000000000e+04
3.729500000000000000e+04
3.748300000000000000e+04
3.774200000000000000e+04
3.789600000000000000e+04
3.797600000000000000e+04
3.820600000000000000e+04
3.842400000000000000e+04
3.864200000000000000e+04
3.884500000000000000e+04
3.903300000000000000e+04
3.918200000000000000e+04
3.929700000000000000e+04
3.946600000000000000e+04
3.967600000000000000e+04
3.987700000000000000e+04
4.003000000000000000e+04
4.018700000000000000e+04
4.033700000000000000e+04
4.045100000000000000e+04
4.063100000000000000e+04
4.081000000000000000e+04
4.102500000000000000e+04
4.120000000000000000e+04
4.142400000000000000e+04
4.146600000000000000e+04
4.154600000000000000e+04
4.168400000000000000e+04
4.196500000000000000e+04
4.220300000000000000e+04
4.247700000000000000e+04
4.265300000000000000e+04
4.277100000000000000e+04
4.286400000000000000e+04
4.301000000000000000e+04
4.317900000000000000e+04
4.349900000000000000e+04
4.363200000000000000e+04
4.392300000000000000e+04
4.405100000000000000e+04
4.413900000000000000e+04
4.437400000000000000e+04
4.458100000000000000e+04
4.468300000000000000e+04
4.479000000000000000e+04
4.488600000000000000e+04
4.500800000000000000e+04
4.503900000000000000e+04
4.505400000000000000e+04
4.519300000000000000e+04
4.532300000000000000e+04
4.552700000000000000e+04
4.578700000000000000e+04
4.594900000000000000e+04
4.605100000000000000e+04
4.618500000000000000e+04
4.633000000000000000e+04
4.651500000000000000e+04
4.665500000000000000e+04
4.677300000000000000e+04
4.687500000000000000e+04
4.695400000000000000e+04
4.717200000000000000e+04
4.738300000000000000e+04
4.767100000000000000e+04
4.777600000000000000e+04
4.794100000000000000e+04
4.801100000000000000e+04
4.817700000000000000e+04
4.817700000000000000e+04
4.835100000000000000e+04
4.865400000000000000e+04
4.865400000000000000e+04
4.865400000000000000e+04
4.865400000000000000e+04
4.932300000000000000e+04
4.946000000000000000e+04
4.955200000000000000e+04
4.989300000000000000e+04
5.007000000000000000e+04
5.020900000000000000e+04
5.030100000000000000e+04
5.051500000000000000e+04
5.073300000000000000e+04
5.073300000000000000e+04
5.094900000000000000e+04
5.121800000000000000e+04
5.139000000000000000e+04
5.163600000000000000e+04
5.182700000000000000e+04
5.182700000000000000e+04
5.243300000000000000e+04
5.271200000000000000e+04
5.294600000000000000e+04
5.320700000000000000e+04
5.343200000000000000e+04
5.360300000000000000e+04
5.390300000000000000e+04
5.426800000000000000e+04
5.465900000000000000e+04
5.514100000000000000e+04
5.554900000000000000e+04
5.581200000000000000e+04
5.626400000000000000e+04
5.698100000000000000e+04
5.757700000000000000e+04
5.805700000000000000e+04
5.870700000000000000e+04
5.909200000000000000e+04
5.981400000000000000e+04
6.032900000000000000e+04
6.137400000000000000e+04
6.280600000000000000e+04
6.420500000000000000e+04
6.508900000000000000e+04
6.581500000000000000e+04
6.702100000000000000e+04
6.909600000000000000e+04
7.011200000000000000e+04
7.176100000000000000e+04
7.176100000000000000e+04
7.316400000000000000e+04
7.576600000000000000e+04
7.576600000000000000e+04
7.733300000000000000e+04
7.872300000000000000e+04
8.127000000000000000e+04
8.369800000000000000e+04
8.470500000000000000e+04
8.664900000000000000e+04
8.664900000000000000e+04
8.991700000000000000e+04
9.120800000000000000e+04
9.286900000000000000e+04
9.404700000000000000e+04
9.570300000000000000e+04
9.708700000000000000e+04
9.852200000000000000e+04
9.980800000000000000e+04
1.010010000000000000e+05
1.023730000000000000e+05
1.040990000000000000e+05
1.055950000000000000e+05
1.068790000000000000e+05
1.080550000000000000e+05
1.087850000000000000e+05
1.093560000000000000e+05
1.103650000000000000e+05
1.114170000000000000e+05
1.121600000000000000e+05
1.128240000000000000e+05
1.134380000000000000e+05
1.139050000000000000e+05
1.144000000000000000e+05
1.150090000000000000e+05
1.157930000000000000e+05
1.166030000000000000e+05
1.169640000000000000e+05
1.172930000000000000e+05
1.175700000000000000e+05
1.178960000000000000e+05
1.184290000000000000e+05
1.189220000000000000e+05
1.192850000000000000e+05
