0.000000000000000000e+00
0.000000000000000000e+00
0.000000000000000000e+00
0.000000000000000000e+00
0.000000000000000000e+00
0.000000000000000000e+00
0.000000000000000000e+00
0.000000000000000000e+00
0.000000000000000000e+00
0.000000000000000000e+00
0.000000000000000000e+00
0.000000000000000000e+00
0.000000000000000000e+00
0.000000000000000000e+00
0.000000000000000000e+00
0.000000000000000000e+00
0.000000000000000000e+00
0.000000000000000000e+00
0.000000000000000000e+00
0.000000000000000000e+00
0.000000000000000000e+00
0.000000000000000000e+00
0.000000000000000000e+00
0.000000000000000000e+00
0.000000000000000000e+00
0.000000000000000000e+00
0.000000000000000000e+00
0.000000000000000000e+00
0.000000000000000000e+00
0.000000000000000000e+00
0.000000000000000000e+00
0.000000000000000000e+00
0.000000000000000000e+00
0.000000000000000000e+00
0.000000000000000000e+00
0.000000000000000000e+00
0.000000000000000000e+00
0.000000000000000000e+00
0.000000000000000000e+00
0.000000000000000000e+00
0.000000000000000000e+00
0.000000000000000000e+00
2.000000000000000000e+00
2.000000000000000000e+00
2.000000000000000000e+00
4.000000000000000000e+00
7.000000000000000000e+00
9.000000000000000000e+00
9.000000000000000000e+00
1.300000000000000000e+01
1.300000000000000000e+01
1.900000000000000000e+01
3.000000000000000000e+01
3.200000000000000000e+01
3.900000000000000000e+01
5.000000000000000000e+01
5.800000000000000000e+01
7.300000000000000000e+01
8.500000000000000000e+01
1.030000000000000000e+02
1.310000000000000000e+02
1.670000000000000000e+02
1.870000000000000000e+02
2.260000000000000000e+02
2.610000000000000000e+02
3.000000000000000000e+02
3.430000000000000000e+02
4.080000000000000000e+02
4.470000000000000000e+02
4.920000000000000000e+02
5.250000000000000000e+02
5.850000000000000000e+02
6.230000000000000000e+02
6.780000000000000000e+02
7.330000000000000000e+02
7.440000000000000000e+02
8.170000000000000000e+02
8.950000000000000000e+02
9.800000000000000000e+02
1.190000000000000000e+03
1.310000000000000000e+03
1.410000000000000000e+03
1.458000000000000000e+03
1.512000000000000000e+03
1.579000000000000000e+03
1.652000000000000000e+03
1.763000000000000000e+03
1.834000000000000000e+03
1.916000000000000000e+03
1.984000000000000000e+03
2.098000000000000000e+03
2.168000000000000000e+03
2.284000000000000000e+03
2.443000000000000000e+03
2.443000000000000000e+03
2.500000000000000000e+03
2.583000000000000000e+03
2.649000000000000000e+03
2.727000000000000000e+03
2.775000000000000000e+03
2.863000000000000000e+03
2.942000000000000000e+03
2.998000000000000000e+03
3.035000000000000000e+03
3.065000000000000000e+03
3.111000000000000000e+03
3.150000000000000000e+03
3.178000000000000000e+03
3.213000000000000000e+03
3.263000000000000000e+03
3.284000000000000000e+03
3.313000000000000000e+03
3.341000000000000000e+03
3.380000000000000000e+03
3.417000000000000000e+03
3.473000000000000000e+03
3.509000000000000000e+03
3.535000000000000000e+03
3.556000000000000000e+03
3.598000000000000000e+03
3.641000000000000000e+03
3.678000000000000000e+03
3.713000000000000000e+03
3.741000000000000000e+03
3.756000000000000000e+03
3.771000000000000000e+03
3.793000000000000000e+03
3.816000000000000000e+03
3.841000000000000000e+03
3.867000000000000000e+03
3.876000000000000000e+03
3.892000000000000000e+03
3.921000000000000000e+03
3.931000000000000000e+03
3.954000000000000000e+03
3.970000000000000000e+03
3.990000000000000000e+03
4.008000000000000000e+03
4.014000000000000000e+03
4.017000000000000000e+03
4.027000000000000000e+03
4.039000000000000000e+03
4.053000000000000000e+03
4.064000000000000000e+03
4.069000000000000000e+03
4.076000000000000000e+03
4.077000000000000000e+03
4.078000000000000000e+03
4.079000000000000000e+03
4.081000000000000000e+03
4.086000000000000000e+03
4.094000000000000000e+03
4.102000000000000000e+03
4.107000000000000000e+03
4.114000000000000000e+03
4.123000000000000000e+03
4.127000000000000000e+03
4.138000000000000000e+03
4.142000000000000000e+03
4.145000000000000000e+03
4.155000000000000000e+03
4.157000000000000000e+03
4.166000000000000000e+03
4.172000000000000000e+03
4.174000000000000000e+03
4.183000000000000000e+03
4.189000000000000000e+03
4.205000000000000000e+03
4.210000000000000000e+03
4.220000000000000000e+03
4.223000000000000000e+03
4.229000000000000000e+03
4.234000000000000000e+03
4.247000000000000000e+03
4.258000000000000000e+03
4.263000000000000000e+03
4.279000000000000000e+03
4.293000000000000000e+03
4.315000000000000000e+03
4.333000000000000000e+03
4.339000000000000000e+03
4.347000000000000000e+03
4.366000000000000000e+03
4.380000000000000000e+03
4.398000000000000000e+03
4.424000000000000000e+03
4.435000000000000000e+03
4.448000000000000000e+03
4.456000000000000000e+03
4.465000000000000000e+03
4.484000000000000000e+03
4.505000000000000000e+03
4.526000000000000000e+03
4.535000000000000000e+03
4.544000000000000000e+03
4.553000000000000000e+03
4.564000000000000000e+03
4.597000000000000000e+03
4.621000000000000000e+03
4.653000000000000000e+03
4.696000000000000000e+03
4.731000000000000000e+03
4.746000000000000000e+03
4.768000000000000000e+03
4.813000000000000000e+03
4.853000000000000000e+03
4.877000000000000000e+03
4.916000000000000000e+03
4.946000000000000000e+03
4.970000000000000000e+03
5.002000000000000000e+03
5.046000000000000000e+03
5.098000000000000000e+03
5.133000000000000000e+03
5.155000000000000000e+03
5.191000000000000000e+03
5.215000000000000000e+03
5.288000000000000000e+03
5.379000000000000000e+03
5.511000000000000000e+03
5.669000000000000000e+03
5.961000000000000000e+03
6.139000000000000000e+03
6.257000000000000000e+03
6.622000000000000000e+03
6.923000000000000000e+03
7.382000000000000000e+03
7.892000000000000000e+03
8.387000000000000000e+03
8.963000000000000000e+03
9.304000000000000000e+03
9.715000000000000000e+03
1.019100000000000000e+04
1.090900000000000000e+04
1.182500000000000000e+04
1.230900000000000000e+04
1.315300000000000000e+04
1.387900000000000000e+04
1.446000000000000000e+04
1.517000000000000000e+04
1.611100000000000000e+04
1.692000000000000000e+04
1.799000000000000000e+04
1.886600000000000000e+04
1.949900000000000000e+04
2.045000000000000000e+04
2.120000000000000000e+04
2.212700000000000000e+04
2.307700000000000000e+04
2.401400000000000000e+04
2.471600000000000000e+04
2.556700000000000000e+04
2.646100000000000000e+04
2.730900000000000000e+04
2.863100000000000000e+04
2.971700000000000000e+04
3.057500000000000000e+04
3.148000000000000000e+04
3.229800000000000000e+04
3.311400000000000000e+04
3.404600000000000000e+04
3.522200000000000000e+04
3.659600000000000000e+04
3.766400000000000000e+04
3.883700000000000000e+04
3.986200000000000000e+04
4.078200000000000000e+04
4.173200000000000000e+04
4.302500000000000000e+04
4.481600000000000000e+04
4.629000000000000000e+04
4.776800000000000000e+04
4.875700000000000000e+04
5.018000000000000000e+04
5.221200000000000000e+04
5.427800000000000000e+04
5.609800000000000000e+04
5.924700000000000000e+04
6.156300000000000000e+04
6.364200000000000000e+04
6.593300000000000000e+04
6.812700000000000000e+04
7.141300000000000000e+04
7.532100000000000000e+04
7.919900000000000000e+04
8.278000000000000000e+04
8.676900000000000000e+04
9.098800000000000000e+04
9.491600000000000000e+04
9.962500000000000000e+04
1.049430000000000000e+05
1.096160000000000000e+05
1.147780000000000000e+05
1.189180000000000000e+05
1.228630000000000000e+05
1.267900000000000000e+05
1.318870000000000000e+05
1.367230000000000000e+05
1.409610000000000000e+05
1.474560000000000000e+05
1.526590000000000000e+05
1.569490000000000000e+05
1.614610000000000000e+05
1.659010000000000000e+05
1.702980000000000000e+05
1.746180000000000000e+05
1.779520000000000000e+05
1.818810000000000000e+05
1.856870000000000000e+05
1.920470000000000000e+05
1.984400000000000000e+05
2.047080000000000000e+05
2.115270000000000000e+05
2.171220000000000000e+05
2.210730000000000000e+05
2.252090000000000000e+05
2.318440000000000000e+05
2.380560000000000000e+05
2.435810000000000000e+05
2.502780000000000000e+05
2.541480000000000000e+05
2.563670000000000000e+05
2.595880000000000000e+05
2.650030000000000000e+05
2.712000000000000000e+05
2.762470000000000000e+05
2.804000000000000000e+05
2.838700000000000000e+05
2.857630000000000000e+05
2.885670000000000000e+05
2.915490000000000000e+05
2.959770000000000000e+05
3.000220000000000000e+05
3.029890000000000000e+05
3.051300000000000000e+05
3.063680000000000000e+05
3.082620000000000000e+05
3.115540000000000000e+05
3.141640000000000000e+05
3.153620000000000000e+05
3.160600000000000000e+05
3.166690000000000000e+05
3.175710000000000000e+05
3.195430000000000000e+05
3.225140000000000000e+05
3.252780000000000000e+05
3.266880000000000000e+05
3.279950000000000000e+05
3.288510000000000000e+05
3.297210000000000000e+05
3.317680000000000000e+05
3.348360000000000000e+05
3.377430000000000000e+05
3.404590000000000000e+05
3.422370000000000000e+05
3.436560000000000000e+05
3.443520000000000000e+05
3.457100000000000000e+05
3.476360000000000000e+05
3.491490000000000000e+05
3.505870000000000000e+05
3.518280000000000000e+05
3.527030000000000000e+05
3.532760000000000000e+05
3.542520000000000000e+05
3.556620000000000000e+05
3.569730000000000000e+05
3.583170000000000000e+05
3.595740000000000000e+05
3.604180000000000000e+05
3.608770000000000000e+05
3.618810000000000000e+05
3.634500000000000000e+05
3.649090000000000000e+05
3.662790000000000000e+05
3.675860000000000000e+05
3.687100000000000000e+05
3.692880000000000000e+05
3.703360000000000000e+05
3.719880000000000000e+05
3.735640000000000000e+05
3.751250000000000000e+05
3.764950000000000000e+05
3.776550000000000000e+05
3.787340000000000000e+05
3.800130000000000000e+05
3.818750000000000000e+05
3.837350000000000000e+05
3.857550000000000000e+05
3.874620000000000000e+05
3.887990000000000000e+05
3.896220000000000000e+05
3.911700000000000000e+05
3.940230000000000000e+05
3.971160000000000000e+05
4.001110000000000000e+05
4.030230000000000000e+05
4.056460000000000000e+05
4.072740000000000000e+05
4.101290000000000000e+05
4.145140000000000000e+05
4.191820000000000000e+05
4.241300000000000000e+05
4.285990000000000000e+05
4.329250000000000000e+05
4.356890000000000000e+05
4.399000000000000000e+05
4.461780000000000000e+05
4.525470000000000000e+05
4.598160000000000000e+05
4.660170000000000000e+05
4.687130000000000000e+05
4.752070000000000000e+05
4.808600000000000000e+05
4.891720000000000000e+05
4.981830000000000000e+05
5.076270000000000000e+05
5.164900000000000000e+05
5.241960000000000000e+05
5.291220000000000000e+05
5.325780000000000000e+05
5.390800000000000000e+05
5.498390000000000000e+05
5.609710000000000000e+05
5.715960000000000000e+05
5.806420000000000000e+05
5.861230000000000000e+05
5.937100000000000000e+05
6.033470000000000000e+05
6.146120000000000000e+05
6.247790000000000000e+05
6.338610000000000000e+05
6.411240000000000000e+05
6.457330000000000000e+05
6.524330000000000000e+05
6.617210000000000000e+05
6.707760000000000000e+05
6.794130000000000000e+05
6.859790000000000000e+05
6.898530000000000000e+05
6.917430000000000000e+05
6.936760000000000000e+05
6.984900000000000000e+05
7.058150000000000000e+05
7.138680000000000000e+05
7.201640000000000000e+05
7.252410000000000000e+05
7.280780000000000000e+05
7.316750000000000000e+05
7.369820000000000000e+05
7.421980000000000000e+05
7.468020000000000000e+05
7.505080000000000000e+05
7.531880000000000000e+05
7.548330000000000000e+05
7.573600000000000000e+05
7.609670000000000000e+05
7.643940000000000000e+05
7.671900000000000000e+05
7.695180000000000000e+05
7.714540000000000000e+05
7.727070000000000000e+05
7.743990000000000000e+05
7.769830000000000000e+05
7.793480000000000000e+05
7.812990000000000000e+05
7.828920000000000000e+05
7.841110000000000000e+05
7.848370000000000000e+05
7.859670000000000000e+05
7.876470000000000000e+05
7.891880000000000000e+05
7.905640000000000000e+05
7.917090000000000000e+05
7.923860000000000000e+05
7.928790000000000000e+05
7.937840000000000000e+05
7.952000000000000000e+05
7.963900000000000000e+05
7.974290000000000000e+05
7.981470000000000000e+05
7.985730000000000000e+05
7.989550000000000000e+05
7.995880000000000000e+05
8.003680000000000000e+05
8.010250000000000000e+05
8.016720000000000000e+05
8.020880000000000000e+05
8.023460000000000000e+05
8.025100000000000000e+05
8.027230000000000000e+05
8.031190000000000000e+05
8.035670000000000000e+05
8.040320000000000000e+05
8.043820000000000000e+05
8.045380000000000000e+05
8.047120000000000000e+05
8.049870000000000000e+05
8.053020000000000000e+05
8.055710000000000000e+05
8.058710000000000000e+05
8.060080000000000000e+05
8.060890000000000000e+05
8.062060000000000000e+05
8.063850000000000000e+05
8.065910000000000000e+05
8.067900000000000000e+05
8.067900000000000000e+05
8.067900000000000000e+05
8.070450000000000000e+05
8.071020000000000000e+05
8.072090000000000000e+05
8.073220000000000000e+05
8.074280000000000000e+05
8.074280000000000000e+05
8.074280000000000000e+05
8.076300000000000000e+05
8.076840000000000000e+05
8.077750000000000000e+05
8.078440000000000000e+05
8.079100000000000000e+05
8.079100000000000000e+05
8.079100000000000000e+05
8.080420000000000000e+05
8.080760000000000000e+05
8.081280000000000000e+05
8.081600000000000000e+05
8.081970000000000000e+05
8.081970000000000000e+05
8.081970000000000000e+05
8.082620000000000000e+05
8.082940000000000000e+05
8.083380000000000000e+05
8.083930000000000000e+05
8.084370000000000000e+05
8.084370000000000000e+05
8.084370000000000000e+05
8.085390000000000000e+05
8.085560000000000000e+05
8.086120000000000000e+05
8.086610000000000000e+05
8.087250000000000000e+05
8.087250000000000000e+05
8.087250000000000000e+05
8.088640000000000000e+05
8.088890000000000000e+05
8.089450000000000000e+05
8.090160000000000000e+05
8.091010000000000000e+05
8.091010000000000000e+05
8.091010000000000000e+05
8.092620000000000000e+05
8.092880000000000000e+05
8.093620000000000000e+05
8.094270000000000000e+05
8.094910000000000000e+05
8.094910000000000000e+05
8.094910000000000000e+05
