0.000000000000000000e+00
0.000000000000000000e+00
0.000000000000000000e+00
0.000000000000000000e+00
0.000000000000000000e+00
0.000000000000000000e+00
0.000000000000000000e+00
0.000000000000000000e+00
0.000000000000000000e+00
0.000000000000000000e+00
0.000000000000000000e+00
0.000000000000000000e+00
0.000000000000000000e+00
0.000000000000000000e+00
0.000000000000000000e+00
0.000000000000000000e+00
0.000000000000000000e+00
0.000000000000000000e+00
0.000000000000000000e+00
0.000000000000000000e+00
0.000000000000000000e+00
0.000000000000000000e+00
0.000000000000000000e+00
0.000000000000000000e+00
0.000000000000000000e+00
0.000000000000000000e+00
0.000000000000000000e+00
0.000000000000000000e+00
0.000000000000000000e+00
0.000000000000000000e+00
0.000000000000000000e+00
0.000000000000000000e+00
0.000000000000000000e+00
0.000000000000000000e+00
0.000000000000000000e+00
0.000000000000000000e+00
0.000000000000000000e+00
0.000000000000000000e+00
0.000000000000000000e+00
0.000000000000000000e+00
0.000000000000000000e+00
0.000000000000000000e+00
2.000000000000000000e+00
0.000000000000000000e+00
0.000000000000000000e+00
2.000000000000000000e+00
3.000000000000000000e+00
2.000000000000000000e+00
0.000000000000000000e+00
4.000000000000000000e+00
0.000000000000000000e+00
6.000000000000000000e+00
1.100000000000000000e+01
2.000000000000000000e+00
7.000000000000000000e+00
1.100000000000000000e+01
8.000000000000000000e+00
1.500000000000000000e+01
1.200000000000000000e+01
1.800000000000000000e+01
2.800000000000000000e+01
3.600000000000000000e+01
2.000000000000000000e+01
3.900000000000000000e+01
3.500000000000000000e+01
3.900000000000000000e+01
4.300000000000000000e+01
6.500000000000000000e+01
3.900000000000000000e+01
4.500000000000000000e+01
3.300000000000000000e+01
6.000000000000000000e+01
3.800000000000000000e+01
5.500000000000000000e+01
5.500000000000000000e+01
1.100000000000000000e+01
7.300000000000000000e+01
7.800000000000000000e+01
8.500000000000000000e+01
2.100000000000000000e+02
1.200000000000000000e+02
1.000000000000000000e+02
4.800000000000000000e+01
5.400000000000000000e+01
6.700000000000000000e+01
7.300000000000000000e+01
1.110000000000000000e+02
7.100000000000000000e+01
8.200000000000000000e+01
6.800000000000000000e+01
1.140000000000000000e+02
7.000000000000000000e+01
1.160000000000000000e+02
1.590000000000000000e+02
0.000000000000000000e+00
5.700000000000000000e+01
8.300000000000000000e+01
6.600000000000000000e+01
7.800000000000000000e+01
4.800000000000000000e+01
8.800000000000000000e+01
7.900000000000000000e+01
5.600000000000000000e+01
3.700000000000000000e+01
3.000000000000000000e+01
4.600000000000000000e+01
3.900000000000000000e+01
2.800000000000000000e+01
3.500000000000000000e+01
5.000000000000000000e+01
2.100000000000000000e+01
2.900000000000000000e+01
2.800000000000000000e+01
3.900000000000000000e+01
3.700000000000000000e+01
5.600000000000000000e+01
3.600000000000000000e+01
2.600000000000000000e+01
2.100000000000000000e+01
4.200000000000000000e+01
4.300000000000000000e+01
3.700000000000000000e+01
3.500000000000000000e+01
2.800000000000000000e+01
1.500000000000000000e+01
1.500000000000000000e+01
2.200000000000000000e+01
2.300000000000000000e+01
2.500000000000000000e+01
2.600000000000000000e+01
9.000000000000000000e+00
1.600000000000000000e+01
2.900000000000000000e+01
1.000000000000000000e+01
2.300000000000000000e+01
1.600000000000000000e+01
2.000000000000000000e+01
1.800000000000000000e+01
6.000000000000000000e+00
3.000000000000000000e+00
1.000000000000000000e+01
1.200000000000000000e+01
1.400000000000000000e+01
1.100000000000000000e+01
5.000000000000000000e+00
7.000000000000000000e+00
1.000000000000000000e+00
1.000000000000000000e+00
1.000000000000000000e+00
2.000000000000000000e+00
5.000000000000000000e+00
8.000000000000000000e+00
8.000000000000000000e+00
5.000000000000000000e+00
7.000000000000000000e+00
9.000000000000000000e+00
4.000000000000000000e+00
1.100000000000000000e+01
4.000000000000000000e+00
3.000000000000000000e+00
1.000000000000000000e+01
2.000000000000000000e+00
9.000000000000000000e+00
6.000000000000000000e+00
2.000000000000000000e+00
9.000000000000000000e+00
6.000000000000000000e+00
1.600000000000000000e+01
5.000000000000000000e+00
1.000000000000000000e+01
3.000000000000000000e+00
6.000000000000000000e+00
5.000000000000000000e+00
1.300000000000000000e+01
1.100000000000000000e+01
5.000000000000000000e+00
1.600000000000000000e+01
1.400000000000000000e+01
2.200000000000000000e+01
1.800000000000000000e+01
6.000000000000000000e+00
8.000000000000000000e+00
1.900000000000000000e+01
1.400000000000000000e+01
1.800000000000000000e+01
2.600000000000000000e+01
1.100000000000000000e+01
1.300000000000000000e+01
8.000000000000000000e+00
9.000000000000000000e+00
1.900000000000000000e+01
2.100000000000000000e+01
2.100000000000000000e+01
9.000000000000000000e+00
9.000000000000000000e+00
9.000000000000000000e+00
1.100000000000000000e+01
3.300000000000000000e+01
2.400000000000000000e+01
3.200000000000000000e+01
4.300000000000000000e+01
3.500000000000000000e+01
1.500000000000000000e+01
2.200000000000000000e+01
4.500000000000000000e+01
4.000000000000000000e+01
2.400000000000000000e+01
3.900000000000000000e+01
3.000000000000000000e+01
2.400000000000000000e+01
3.200000000000000000e+01
4.400000000000000000e+01
5.200000000000000000e+01
3.500000000000000000e+01
2.200000000000000000e+01
3.600000000000000000e+01
2.400000000000000000e+01
7.300000000000000000e+01
9.100000000000000000e+01
1.320000000000000000e+02
1.580000000000000000e+02
2.920000000000000000e+02
1.780000000000000000e+02
1.180000000000000000e+02
3.650000000000000000e+02
3.010000000000000000e+02
4.590000000000000000e+02
5.100000000000000000e+02
4.950000000000000000e+02
5.760000000000000000e+02
3.410000000000000000e+02
4.110000000000000000e+02
4.760000000000000000e+02
7.180000000000000000e+02
9.160000000000000000e+02
4.840000000000000000e+02
8.440000000000000000e+02
7.260000000000000000e+02
5.810000000000000000e+02
7.100000000000000000e+02
9.410000000000000000e+02
8.090000000000000000e+02
1.070000000000000000e+03
8.760000000000000000e+02
6.330000000000000000e+02
9.510000000000000000e+02
7.500000000000000000e+02
9.270000000000000000e+02
9.500000000000000000e+02
9.370000000000000000e+02
7.020000000000000000e+02
8.510000000000000000e+02
8.940000000000000000e+02
8.480000000000000000e+02
1.322000000000000000e+03
1.086000000000000000e+03
8.580000000000000000e+02
9.050000000000000000e+02
8.180000000000000000e+02
8.160000000000000000e+02
9.320000000000000000e+02
1.176000000000000000e+03
1.374000000000000000e+03
1.068000000000000000e+03
1.173000000000000000e+03
1.025000000000000000e+03
9.200000000000000000e+02
9.500000000000000000e+02
1.293000000000000000e+03
1.791000000000000000e+03
1.474000000000000000e+03
1.478000000000000000e+03
9.890000000000000000e+02
1.423000000000000000e+03
2.032000000000000000e+03
2.066000000000000000e+03
1.820000000000000000e+03
3.149000000000000000e+03
2.316000000000000000e+03
2.079000000000000000e+03
2.291000000000000000e+03
2.194000000000000000e+03
3.286000000000000000e+03
3.908000000000000000e+03
3.878000000000000000e+03
3.581000000000000000e+03
3.989000000000000000e+03
4.219000000000000000e+03
3.928000000000000000e+03
4.709000000000000000e+03
5.318000000000000000e+03
4.673000000000000000e+03
5.162000000000000000e+03
4.140000000000000000e+03
3.945000000000000000e+03
3.927000000000000000e+03
5.097000000000000000e+03
4.836000000000000000e+03
4.238000000000000000e+03
6.495000000000000000e+03
5.203000000000000000e+03
4.290000000000000000e+03
4.512000000000000000e+03
4.440000000000000000e+03
4.397000000000000000e+03
4.320000000000000000e+03
3.334000000000000000e+03
3.929000000000000000e+03
3.806000000000000000e+03
6.360000000000000000e+03
6.393000000000000000e+03
6.268000000000000000e+03
6.819000000000000000e+03
5.595000000000000000e+03
3.951000000000000000e+03
4.136000000000000000e+03
6.635000000000000000e+03
6.212000000000000000e+03
5.525000000000000000e+03
6.697000000000000000e+03
3.870000000000000000e+03
2.219000000000000000e+03
3.221000000000000000e+03
5.415000000000000000e+03
6.197000000000000000e+03
5.047000000000000000e+03
4.153000000000000000e+03
3.470000000000000000e+03
1.893000000000000000e+03
2.804000000000000000e+03
2.982000000000000000e+03
4.428000000000000000e+03
4.045000000000000000e+03
2.967000000000000000e+03
2.141000000000000000e+03
1.238000000000000000e+03
1.894000000000000000e+03
3.292000000000000000e+03
2.610000000000000000e+03
1.198000000000000000e+03
6.980000000000000000e+02
6.090000000000000000e+02
9.020000000000000000e+02
1.972000000000000000e+03
2.971000000000000000e+03
2.764000000000000000e+03
1.410000000000000000e+03
1.307000000000000000e+03
8.560000000000000000e+02
8.700000000000000000e+02
2.047000000000000000e+03
3.068000000000000000e+03
2.907000000000000000e+03
2.716000000000000000e+03
1.778000000000000000e+03
1.419000000000000000e+03
6.960000000000000000e+02
1.358000000000000000e+03
1.926000000000000000e+03
1.513000000000000000e+03
1.438000000000000000e+03
1.241000000000000000e+03
8.750000000000000000e+02
5.730000000000000000e+02
9.760000000000000000e+02
1.410000000000000000e+03
1.311000000000000000e+03
1.344000000000000000e+03
1.257000000000000000e+03
8.440000000000000000e+02
4.590000000000000000e+02
1.004000000000000000e+03
1.569000000000000000e+03
1.459000000000000000e+03
1.370000000000000000e+03
1.307000000000000000e+03
1.124000000000000000e+03
5.780000000000000000e+02
1.048000000000000000e+03
1.652000000000000000e+03
1.576000000000000000e+03
1.561000000000000000e+03
1.370000000000000000e+03
1.160000000000000000e+03
1.079000000000000000e+03
1.279000000000000000e+03
1.862000000000000000e+03
1.860000000000000000e+03
2.020000000000000000e+03
1.707000000000000000e+03
1.337000000000000000e+03
8.230000000000000000e+02
1.548000000000000000e+03
2.853000000000000000e+03
3.093000000000000000e+03
2.995000000000000000e+03
2.912000000000000000e+03
2.623000000000000000e+03
1.628000000000000000e+03
2.855000000000000000e+03
4.385000000000000000e+03
4.668000000000000000e+03
4.948000000000000000e+03
4.469000000000000000e+03
4.326000000000000000e+03
2.764000000000000000e+03
4.211000000000000000e+03
6.278000000000000000e+03
6.369000000000000000e+03
7.269000000000000000e+03
6.201000000000000000e+03
2.696000000000000000e+03
6.494000000000000000e+03
5.653000000000000000e+03
8.312000000000000000e+03
9.011000000000000000e+03
9.444000000000000000e+03
8.863000000000000000e+03
7.706000000000000000e+03
4.926000000000000000e+03
3.456000000000000000e+03
6.502000000000000000e+03
1.075900000000000000e+04
1.113200000000000000e+04
1.062500000000000000e+04
9.046000000000000000e+03
5.481000000000000000e+03
7.587000000000000000e+03
9.637000000000000000e+03
1.126500000000000000e+04
1.016700000000000000e+04
9.082000000000000000e+03
7.263000000000000000e+03
4.609000000000000000e+03
6.700000000000000000e+03
9.288000000000000000e+03
9.055000000000000000e+03
8.637000000000000000e+03
6.566000000000000000e+03
3.874000000000000000e+03
1.890000000000000000e+03
1.933000000000000000e+03
4.814000000000000000e+03
7.325000000000000000e+03
8.053000000000000000e+03
6.296000000000000000e+03
5.077000000000000000e+03
2.837000000000000000e+03
3.597000000000000000e+03
5.307000000000000000e+03
5.216000000000000000e+03
4.604000000000000000e+03
3.706000000000000000e+03
2.680000000000000000e+03
1.645000000000000000e+03
2.527000000000000000e+03
3.607000000000000000e+03
3.427000000000000000e+03
2.796000000000000000e+03
2.328000000000000000e+03
1.936000000000000000e+03
1.253000000000000000e+03
1.692000000000000000e+03
2.584000000000000000e+03
2.365000000000000000e+03
1.951000000000000000e+03
1.593000000000000000e+03
1.219000000000000000e+03
7.260000000000000000e+02
1.130000000000000000e+03
1.680000000000000000e+03
1.541000000000000000e+03
1.376000000000000000e+03
1.145000000000000000e+03
6.770000000000000000e+02
4.930000000000000000e+02
9.050000000000000000e+02
1.416000000000000000e+03
1.190000000000000000e+03
1.039000000000000000e+03
7.180000000000000000e+02
4.260000000000000000e+02
3.820000000000000000e+02
6.330000000000000000e+02
7.800000000000000000e+02
6.570000000000000000e+02
6.470000000000000000e+02
4.160000000000000000e+02
2.580000000000000000e+02
1.640000000000000000e+02
2.130000000000000000e+02
3.960000000000000000e+02
4.480000000000000000e+02
4.650000000000000000e+02
3.500000000000000000e+02
1.560000000000000000e+02
1.740000000000000000e+02
2.750000000000000000e+02
3.150000000000000000e+02
2.690000000000000000e+02
3.000000000000000000e+02
1.370000000000000000e+02
8.100000000000000000e+01
1.170000000000000000e+02
1.790000000000000000e+02
2.060000000000000000e+02
1.990000000000000000e+02
0.000000000000000000e+00
0.000000000000000000e+00
2.550000000000000000e+02
5.700000000000000000e+01
1.070000000000000000e+02
1.130000000000000000e+02
1.060000000000000000e+02
0.000000000000000000e+00
0.000000000000000000e+00
2.020000000000000000e+02
5.400000000000000000e+01
9.100000000000000000e+01
6.900000000000000000e+01
6.600000000000000000e+01
0.000000000000000000e+00
0.000000000000000000e+00
1.320000000000000000e+02
3.400000000000000000e+01
5.200000000000000000e+01
3.200000000000000000e+01
3.700000000000000000e+01
0.000000000000000000e+00
0.000000000000000000e+00
6.500000000000000000e+01
3.200000000000000000e+01
4.400000000000000000e+01
5.500000000000000000e+01
4.400000000000000000e+01
0.000000000000000000e+00
0.000000000000000000e+00
1.020000000000000000e+02
1.700000000000000000e+01
5.600000000000000000e+01
4.900000000000000000e+01
6.400000000000000000e+01
0.000000000000000000e+00
0.000000000000000000e+00
1.390000000000000000e+02
2.500000000000000000e+01
5.600000000000000000e+01
7.100000000000000000e+01
8.500000000000000000e+01
0.000000000000000000e+00
0.000000000000000000e+00
1.610000000000000000e+02
2.600000000000000000e+01
7.400000000000000000e+01
6.500000000000000000e+01
6.400000000000000000e+01
0.000000000000000000e+00
0.000000000000000000e+00
