0.000000000000000000e+00
0.000000000000000000e+00
0.000000000000000000e+00
0.000000000000000000e+00
0.000000000000000000e+00
0.000000000000000000e+00
0.000000000000000000e+00
0.000000000000000000e+00
0.000000000000000000e+00
0.000000000000000000e+00
0.000000000000000000e+00
0.000000000000000000e+00
0.000000000000000000e+00
0.000000000000000000e+00
0.000000000000000000e+00
0.000000000000000000e+00
0.000000000000000000e+00
0.000000000000000000e+00
0.000000000000000000e+00
0.000000000000000000e+00
0.000000000000000000e+00
0.000000000000000000e+00
0.000000000000000000e+00
0.000000000000000000e+00
0.000000000000000000e+00
0.000000000000000000e+00
0.000000000000000000e+00
0.000000000000000000e+00
0.000000000000000000e+00
0.000000000000000000e+00
0.000000000000000000e+00
0.000000000000000000e+00
0.000000000000000000e+00
0.000000000000000000e+00
0.000000000000000000e+00
0.000000000000000000e+00
0.000000000000000000e+00
0.000000000000000000e+00
0.000000000000000000e+00
0.000000000000000000e+00
0.000000000000000000e+00
0.000000000000000000e+00
0.000000000000000000e+00
0.000000000000000000e+00
0.000000000000000000e+00
0.000000000000000000e+00
0.000000000000000000e+00
0.000000000000000000e+00
1.000000000000000000e+00
1.000000000000000000e+00
1.000000000000000000e+00
1.000000000000000000e+00
1.000000000000000000e+00
1.000000000000000000e+00
1.000000000000000000e+00
5.000000000000000000e+00
6.000000000000000000e+00
6.000000000000000000e+00
6.000000000000000000e+00
1.000000000000000000e+01
1.000000000000000000e+01
1.000000000000000000e+01
1.000000000000000000e+01
1.000000000000000000e+01
1.100000000000000000e+01
1.100000000000000000e+01
1.200000000000000000e+01
1.200000000000000000e+01
1.200000000000000000e+01
1.200000000000000000e+01
1.400000000000000000e+01
1.400000000000000000e+01
1.400000000000000000e+01
1.400000000000000000e+01
1.400000000000000000e+01
1.500000000000000000e+01
1.500000000000000000e+01
1.600000000000000000e+01
1.600000000000000000e+01
1.600000000000000000e+01
1.600000000000000000e+01
1.600000000000000000e+01
1.700000000000000000e+01
3.000000000000000000e+01
3.000000000000000000e+01
3.100000000000000000e+01
3.100000000000000000e+01
3.100000000000000000e+01
3.200000000000000000e+01
3.300000000000000000e+01
3.400000000000000000e+01
3.500000000000000000e+01
3.600000000000000000e+01
3.700000000000000000e+01
3.700000000000000000e+01
3.800000000000000000e+01
3.800000000000000000e+01
3.800000000000000000e+01
3.800000000000000000e+01
3.800000000000000000e+01
3.800000000000000000e+01
3.900000000000000000e+01
3.900000000000000000e+01
4.000000000000000000e+01
4.100000000000000000e+01
4.100000000000000000e+01
4.100000000000000000e+01
4.200000000000000000e+01
4.200000000000000000e+01
4.200000000000000000e+01
4.200000000000000000e+01
4.200000000000000000e+01
4.200000000000000000e+01
9.800000000000000000e+01
9.800000000000000000e+01
1.350000000000000000e+02
1.360000000000000000e+02
1.400000000000000000e+02
1.400000000000000000e+02
1.400000000000000000e+02
1.400000000000000000e+02
1.410000000000000000e+02
1.410000000000000000e+02
1.410000000000000000e+02
1.410000000000000000e+02
1.410000000000000000e+02
1.480000000000000000e+02
1.610000000000000000e+02
1.790000000000000000e+02
1.790000000000000000e+02
1.790000000000000000e+02
1.850000000000000000e+02
1.850000000000000000e+02
1.850000000000000000e+02
1.860000000000000000e+02
1.910000000000000000e+02
1.930000000000000000e+02
1.930000000000000000e+02
1.940000000000000000e+02
1.940000000000000000e+02
1.940000000000000000e+02
1.970000000000000000e+02
1.970000000000000000e+02
1.970000000000000000e+02
1.970000000000000000e+02
1.970000000000000000e+02
1.970000000000000000e+02
2.010000000000000000e+02
2.040000000000000000e+02
2.040000000000000000e+02
2.060000000000000000e+02
2.130000000000000000e+02
2.150000000000000000e+02
2.150000000000000000e+02
2.160000000000000000e+02
2.190000000000000000e+02
2.190000000000000000e+02
2.190000000000000000e+02
2.200000000000000000e+02
2.200000000000000000e+02
2.200000000000000000e+02
2.200000000000000000e+02
2.200000000000000000e+02
2.200000000000000000e+02
2.200000000000000000e+02
2.200000000000000000e+02
2.250000000000000000e+02
2.270000000000000000e+02
2.270000000000000000e+02
2.270000000000000000e+02
2.270000000000000000e+02
2.300000000000000000e+02
2.300000000000000000e+02
2.430000000000000000e+02
2.610000000000000000e+02
2.610000000000000000e+02
2.620000000000000000e+02
2.870000000000000000e+02
2.870000000000000000e+02
2.870000000000000000e+02
2.870000000000000000e+02
2.870000000000000000e+02
2.870000000000000000e+02
2.880000000000000000e+02
2.880000000000000000e+02
2.880000000000000000e+02
2.880000000000000000e+02
2.890000000000000000e+02
2.910000000000000000e+02
2.910000000000000000e+02
2.910000000000000000e+02
2.910000000000000000e+02
2.930000000000000000e+02
2.930000000000000000e+02
2.930000000000000000e+02
2.930000000000000000e+02
2.930000000000000000e+02
2.930000000000000000e+02
2.930000000000000000e+02
2.930000000000000000e+02
2.930000000000000000e+02
2.930000000000000000e+02
2.930000000000000000e+02
2.970000000000000000e+02
2.970000000000000000e+02
2.980000000000000000e+02
2.980000000000000000e+02
2.980000000000000000e+02
2.980000000000000000e+02
2.980000000000000000e+02
2.980000000000000000e+02
2.980000000000000000e+02
2.980000000000000000e+02
2.980000000000000000e+02
2.980000000000000000e+02
2.980000000000000000e+02
3.000000000000000000e+02
3.010000000000000000e+02
3.010000000000000000e+02
3.010000000000000000e+02
3.010000000000000000e+02
3.010000000000000000e+02
3.040000000000000000e+02
3.060000000000000000e+02
3.060000000000000000e+02
3.100000000000000000e+02
3.100000000000000000e+02
3.100000000000000000e+02
3.100000000000000000e+02
3.100000000000000000e+02
3.100000000000000000e+02
3.100000000000000000e+02
3.110000000000000000e+02
3.110000000000000000e+02
3.110000000000000000e+02
3.110000000000000000e+02
3.110000000000000000e+02
3.110000000000000000e+02
3.110000000000000000e+02
3.110000000000000000e+02
3.110000000000000000e+02
3.120000000000000000e+02
3.120000000000000000e+02
3.130000000000000000e+02
3.130000000000000000e+02
3.130000000000000000e+02
3.130000000000000000e+02
3.130000000000000000e+02
3.130000000000000000e+02
3.130000000000000000e+02
3.130000000000000000e+02
3.130000000000000000e+02
3.130000000000000000e+02
3.130000000000000000e+02
3.130000000000000000e+02
3.130000000000000000e+02
3.140000000000000000e+02
3.150000000000000000e+02
3.150000000000000000e+02
3.150000000000000000e+02
3.150000000000000000e+02
3.150000000000000000e+02
3.150000000000000000e+02
3.180000000000000000e+02
3.200000000000000000e+02
3.200000000000000000e+02
3.200000000000000000e+02
3.200000000000000000e+02
3.200000000000000000e+02
3.200000000000000000e+02
3.240000000000000000e+02
3.260000000000000000e+02
3.270000000000000000e+02
3.280000000000000000e+02
3.280000000000000000e+02
3.280000000000000000e+02
3.380000000000000000e+02
3.390000000000000000e+02
3.400000000000000000e+02
3.400000000000000000e+02
3.400000000000000000e+02
3.400000000000000000e+02
3.460000000000000000e+02
3.460000000000000000e+02
3.490000000000000000e+02
3.500000000000000000e+02
3.520000000000000000e+02
3.530000000000000000e+02
3.560000000000000000e+02
3.570000000000000000e+02
3.570000000000000000e+02
3.620000000000000000e+02
3.680000000000000000e+02
3.820000000000000000e+02
4.060000000000000000e+02
4.120000000000000000e+02
4.160000000000000000e+02
4.280000000000000000e+02
4.310000000000000000e+02
4.340000000000000000e+02
4.550000000000000000e+02
5.050000000000000000e+02
5.550000000000000000e+02
5.780000000000000000e+02
6.080000000000000000e+02
6.400000000000000000e+02
6.720000000000000000e+02
6.990000000000000000e+02
7.120000000000000000e+02
7.380000000000000000e+02
7.600000000000000000e+02
7.840000000000000000e+02
7.910000000000000000e+02
8.010000000000000000e+02
8.120000000000000000e+02
8.190000000000000000e+02
8.310000000000000000e+02
8.420000000000000000e+02
8.490000000000000000e+02
8.870000000000000000e+02
8.880000000000000000e+02
8.930000000000000000e+02
8.980000000000000000e+02
9.050000000000000000e+02
9.060000000000000000e+02
9.070000000000000000e+02
9.120000000000000000e+02
9.170000000000000000e+02
9.180000000000000000e+02
9.230000000000000000e+02
9.410000000000000000e+02
9.530000000000000000e+02
9.610000000000000000e+02
9.930000000000000000e+02
1.006000000000000000e+03
1.063000000000000000e+03
1.069000000000000000e+03
1.075000000000000000e+03
1.082000000000000000e+03
1.121000000000000000e+03
1.137000000000000000e+03
1.175000000000000000e+03
1.195000000000000000e+03
1.215000000000000000e+03
1.220000000000000000e+03
1.242000000000000000e+03
1.263000000000000000e+03
1.286000000000000000e+03
1.308000000000000000e+03
1.308000000000000000e+03
1.308000000000000000e+03
1.395000000000000000e+03
1.408000000000000000e+03
1.429000000000000000e+03
1.442000000000000000e+03
1.456000000000000000e+03
1.469000000000000000e+03
1.479000000000000000e+03
1.491000000000000000e+03
1.512000000000000000e+03
1.517000000000000000e+03
1.526000000000000000e+03
1.536000000000000000e+03
1.568000000000000000e+03
1.584000000000000000e+03
1.592000000000000000e+03
1.611000000000000000e+03
1.627000000000000000e+03
1.643000000000000000e+03
1.656000000000000000e+03
1.667000000000000000e+03
1.692000000000000000e+03
1.710000000000000000e+03
1.742000000000000000e+03
1.779000000000000000e+03
1.814000000000000000e+03
1.832000000000000000e+03
1.859000000000000000e+03
1.890000000000000000e+03
1.928000000000000000e+03
1.989000000000000000e+03
2.023000000000000000e+03
2.073000000000000000e+03
2.120000000000000000e+03
2.174000000000000000e+03
2.207000000000000000e+03
2.247000000000000000e+03
2.293000000000000000e+03
2.351000000000000000e+03
2.383000000000000000e+03
2.416000000000000000e+03
2.444000000000000000e+03
2.493000000000000000e+03
2.551000000000000000e+03
2.586000000000000000e+03
2.638000000000000000e+03
2.693000000000000000e+03
2.723000000000000000e+03
2.755000000000000000e+03
2.801000000000000000e+03
2.831000000000000000e+03
2.866000000000000000e+03
2.907000000000000000e+03
2.952000000000000000e+03
3.000000000000000000e+03
3.032000000000000000e+03
3.076000000000000000e+03
3.153000000000000000e+03
3.161000000000000000e+03
3.228000000000000000e+03
3.336000000000000000e+03
3.372000000000000000e+03
3.481000000000000000e+03
3.481000000000000000e+03
3.664000000000000000e+03
3.833000000000000000e+03
3.961000000000000000e+03
4.083000000000000000e+03
4.210000000000000000e+03
4.340000000000000000e+03
4.498000000000000000e+03
4.658000000000000000e+03
4.806000000000000000e+03
4.806000000000000000e+03
5.186000000000000000e+03
5.392000000000000000e+03
5.610000000000000000e+03
5.895000000000000000e+03
6.332000000000000000e+03
6.693000000000000000e+03
6.693000000000000000e+03
7.589000000000000000e+03
8.070000000000000000e+03
8.447000000000000000e+03
8.841000000000000000e+03
8.841000000000000000e+03
9.598000000000000000e+03
9.598000000000000000e+03
1.082000000000000000e+04
1.165100000000000000e+04
1.165100000000000000e+04
1.222600000000000000e+04
1.349400000000000000e+04
1.418300000000000000e+04
1.418300000000000000e+04
1.501400000000000000e+04
1.660300000000000000e+04
1.782300000000000000e+04
1.856500000000000000e+04
1.856500000000000000e+04
1.967200000000000000e+04
2.199500000000000000e+04
2.288400000000000000e+04
2.419500000000000000e+04
2.536400000000000000e+04
2.536400000000000000e+04
2.669200000000000000e+04
2.921900000000000000e+04
3.048300000000000000e+04
3.133900000000000000e+04
3.133900000000000000e+04
3.243700000000000000e+04
3.360800000000000000e+04
3.597900000000000000e+04
3.728500000000000000e+04
3.728500000000000000e+04
3.938100000000000000e+04
4.039600000000000000e+04
4.152400000000000000e+04
4.152400000000000000e+04
4.320100000000000000e+04
4.401600000000000000e+04
4.482000000000000000e+04
4.545900000000000000e+04
4.593600000000000000e+04
4.644800000000000000e+04
4.703300000000000000e+04
4.754800000000000000e+04
4.810100000000000000e+04
4.864200000000000000e+04
4.917500000000000000e+04
4.952400000000000000e+04
5.009900000000000000e+04
5.061800000000000000e+04
5.124700000000000000e+04
5.193100000000000000e+04
5.247000000000000000e+04
5.310000000000000000e+04
5.373400000000000000e+04
5.441400000000000000e+04
5.506700000000000000e+04
5.585200000000000000e+04
5.662100000000000000e+04
5.662100000000000000e+04
5.751200000000000000e+04
5.843900000000000000e+04
6.037200000000000000e+04
6.037200000000000000e+04
6.258500000000000000e+04
6.397800000000000000e+04
6.397800000000000000e+04
6.644300000000000000e+04
6.771000000000000000e+04
6.771000000000000000e+04
6.902200000000000000e+04
7.048200000000000000e+04
7.210400000000000000e+04
7.389600000000000000e+04
7.608400000000000000e+04
7.834700000000000000e+04
8.312800000000000000e+04
8.577000000000000000e+04
8.851600000000000000e+04
9.115100000000000000e+04
9.115100000000000000e+04
9.355100000000000000e+04
9.805000000000000000e+04
9.805000000000000000e+04
1.026290000000000000e+05
1.049000000000000000e+05
1.072620000000000000e+05
1.096940000000000000e+05
1.115050000000000000e+05
1.115050000000000000e+05
1.132320000000000000e+05
1.154780000000000000e+05
1.203390000000000000e+05
1.203390000000000000e+05
1.252600000000000000e+05
1.268110000000000000e+05
1.268110000000000000e+05
1.304520000000000000e+05
1.304520000000000000e+05
1.342700000000000000e+05
1.342700000000000000e+05
1.377880000000000000e+05
1.377880000000000000e+05
1.405300000000000000e+05
1.416890000000000000e+05
1.431280000000000000e+05
1.444920000000000000e+05
1.457870000000000000e+05
1.472530000000000000e+05
1.484240000000000000e+05
1.484240000000000000e+05
1.497330000000000000e+05
1.525390000000000000e+05
1.525390000000000000e+05
1.537820000000000000e+05
1.552240000000000000e+05
1.579740000000000000e+05
1.579740000000000000e+05
1.603440000000000000e+05
1.615750000000000000e+05
1.615750000000000000e+05
1.628690000000000000e+05
1.641550000000000000e+05
1.641550000000000000e+05
