0.000000000000000000e+00
0.000000000000000000e+00
0.000000000000000000e+00
0.000000000000000000e+00
0.000000000000000000e+00
0.000000000000000000e+00
0.000000000000000000e+00
0.000000000000000000e+00
0.000000000000000000e+00
0.000000000000000000e+00
0.000000000000000000e+00
0.000000000000000000e+00
0.000000000000000000e+00
0.000000000000000000e+00
0.000000000000000000e+00
0.000000000000000000e+00
0.000000000000000000e+00
0.000000000000000000e+00
0.000000000000000000e+00
0.000000000000000000e+00
0.000000000000000000e+00
0.000000000000000000e+00
0.000000000000000000e+00
0.000000000000000000e+00
0.000000000000000000e+00
0.000000000000000000e+00
0.000000000000000000e+00
0.000000000000000000e+00
0.000000000000000000e+00
0.000000000000000000e+00
0.000000000000000000e+00
0.000000000000000000e+00
0.000000000000000000e+00
0.000000000000000000e+00
0.000000000000000000e+00
0.000000000000000000e+00
0.000000000000000000e+00
0.000000000000000000e+00
0.000000000000000000e+00
0.000000000000000000e+00
0.000000000000000000e+00
0.000000000000000000e+00
0.000000000000000000e+00
0.000000000000000000e+00
0.000000000000000000e+00
0.000000000000000000e+00
0.000000000000000000e+00
0.000000000000000000e+00
1.000000000000000000e+00
0.000000000000000000e+00
0.000000000000000000e+00
0.000000000000000000e+00
0.000000000000000000e+00
0.000000000000000000e+00
0.000000000000000000e+00
4.000000000000000000e+00
1.000000000000000000e+00
0.000000000000000000e+00
0.000000000000000000e+00
4.000000000000000000e+00
0.000000000000000000e+00
0.000000000000000000e+00
0.000000000000000000e+00
0.000000000000000000e+00
1.000000000000000000e+00
0.000000000000000000e+00
1.000000000000000000e+00
0.000000000000000000e+00
0.000000000000000000e+00
0.000000000000000000e+00
2.000000000000000000e+00
0.000000000000000000e+00
0.000000000000000000e+00
0.000000000000000000e+00
0.000000000000000000e+00
1.000000000000000000e+00
0.000000000000000000e+00
1.000000000000000000e+00
0.000000000000000000e+00
0.000000000000000000e+00
0.000000000000000000e+00
0.000000000000000000e+00
1.000000000000000000e+00
1.300000000000000000e+01
0.000000000000000000e+00
1.000000000000000000e+00
0.000000000000000000e+00
0.000000000000000000e+00
1.000000000000000000e+00
1.000000000000000000e+00
1.000000000000000000e+00
1.000000000000000000e+00
1.000000000000000000e+00
1.000000000000000000e+00
0.000000000000000000e+00
1.000000000000000000e+00
0.000000000000000000e+00
0.000000000000000000e+00
0.000000000000000000e+00
0.000000000000000000e+00
0.000000000000000000e+00
1.000000000000000000e+00
0.000000000000000000e+00
1.000000000000000000e+00
1.000000000000000000e+00
0.000000000000000000e+00
0.000000000000000000e+00
1.000000000000000000e+00
0.000000000000000000e+00
0.000000000000000000e+00
0.000000000000000000e+00
0.000000000000000000e+00
0.000000000000000000e+00
5.600000000000000000e+01
0.000000000000000000e+00
3.700000000000000000e+01
1.000000000000000000e+00
4.000000000000000000e+00
0.000000000000000000e+00
0.000000000000000000e+00
0.000000000000000000e+00
1.000000000000000000e+00
0.000000000000000000e+00
0.000000000000000000e+00
0.000000000000000000e+00
0.000000000000000000e+00
7.000000000000000000e+00
1.300000000000000000e+01
1.800000000000000000e+01
0.000000000000000000e+00
0.000000000000000000e+00
6.000000000000000000e+00
0.000000000000000000e+00
0.000000000000000000e+00
1.000000000000000000e+00
5.000000000000000000e+00
2.000000000000000000e+00
0.000000000000000000e+00
1.000000000000000000e+00
0.000000000000000000e+00
0.000000000000000000e+00
3.000000000000000000e+00
0.000000000000000000e+00
0.000000000000000000e+00
0.000000000000000000e+00
0.000000000000000000e+00
0.000000000000000000e+00
4.000000000000000000e+00
3.000000000000000000e+00
0.000000000000000000e+00
2.000000000000000000e+00
7.000000000000000000e+00
2.000000000000000000e+00
0.000000000000000000e+00
1.000000000000000000e+00
3.000000000000000000e+00
0.000000000000000000e+00
0.000000000000000000e+00
1.000000000000000000e+00
0.000000000000000000e+00
0.000000000000000000e+00
0.000000000000000000e+00
0.000000000000000000e+00
0.000000000000000000e+00
0.000000000000000000e+00
0.000000000000000000e+00
5.000000000000000000e+00
2.000000000000000000e+00
0.000000000000000000e+00
0.000000000000000000e+00
0.000000000000000000e+00
3.000000000000000000e+00
0.000000000000000000e+00
1.300000000000000000e+01
1.800000000000000000e+01
0.000000000000000000e+00
1.000000000000000000e+00
2.500000000000000000e+01
0.000000000000000000e+00
0.000000000000000000e+00
0.000000000000000000e+00
0.000000000000000000e+00
0.000000000000000000e+00
1.000000000000000000e+00
0.000000000000000000e+00
0.000000000000000000e+00
0.000000000000000000e+00
1.000000000000000000e+00
2.000000000000000000e+00
0.000000000000000000e+00
0.000000000000000000e+00
0.000000000000000000e+00
2.000000000000000000e+00
0.000000000000000000e+00
0.000000000000000000e+00
0.000000000000000000e+00
0.000000000000000000e+00
0.000000000000000000e+00
0.000000000000000000e+00
0.000000000000000000e+00
0.000000000000000000e+00
0.000000000000000000e+00
0.000000000000000000e+00
4.000000000000000000e+00
0.000000000000000000e+00
1.000000000000000000e+00
0.000000000000000000e+00
0.000000000000000000e+00
0.000000000000000000e+00
0.000000000000000000e+00
0.000000000000000000e+00
0.000000000000000000e+00
0.000000000000000000e+00
0.000000000000000000e+00
0.000000000000000000e+00
0.000000000000000000e+00
2.000000000000000000e+00
1.000000000000000000e+00
0.000000000000000000e+00
0.000000000000000000e+00
0.000000000000000000e+00
0.000000000000000000e+00
3.000000000000000000e+00
2.000000000000000000e+00
0.000000000000000000e+00
4.000000000000000000e+00
0.000000000000000000e+00
0.000000000000000000e+00
0.000000000000000000e+00
0.000000000000000000e+00
0.000000000000000000e+00
0.000000000000000000e+00
1.000000000000000000e+00
0.000000000000000000e+00
0.000000000000000000e+00
0.000000000000000000e+00
0.000000000000000000e+00
0.000000000000000000e+00
0.000000000000000000e+00
0.000000000000000000e+00
0.000000000000000000e+00
1.000000000000000000e+00
0.000000000000000000e+00
1.000000000000000000e+00
0.000000000000000000e+00
0.000000000000000000e+00
0.000000000000000000e+00
0.000000000000000000e+00
0.000000000000000000e+00
0.000000000000000000e+00
0.000000000000000000e+00
0.000000000000000000e+00
0.000000000000000000e+00
0.000000000000000000e+00
0.000000000000000000e+00
0.000000000000000000e+00
1.000000000000000000e+00
1.000000000000000000e+00
0.000000000000000000e+00
0.000000000000000000e+00
0.000000000000000000e+00
0.000000000000000000e+00
0.000000000000000000e+00
3.000000000000000000e+00
2.000000000000000000e+00
0.000000000000000000e+00
0.000000000000000000e+00
0.000000000000000000e+00
0.000000000000000000e+00
0.000000000000000000e+00
4.000000000000000000e+00
2.000000000000000000e+00
1.000000000000000000e+00
1.000000000000000000e+00
0.000000000000000000e+00
0.000000000000000000e+00
1.000000000000000000e+01
1.000000000000000000e+00
1.000000000000000000e+00
0.000000000000000000e+00
0.000000000000000000e+00
0.000000000000000000e+00
6.000000000000000000e+00
0.000000000000000000e+00
3.000000000000000000e+00
1.000000000000000000e+00
2.000000000000000000e+00
1.000000000000000000e+00
3.000000000000000000e+00
1.000000000000000000e+00
0.000000000000000000e+00
5.000000000000000000e+00
6.000000000000000000e+00
1.400000000000000000e+01
2.400000000000000000e+01
6.000000000000000000e+00
4.000000000000000000e+00
1.200000000000000000e+01
3.000000000000000000e+00
3.000000000000000000e+00
2.100000000000000000e+01
5.000000000000000000e+01
5.000000000000000000e+01
2.300000000000000000e+01
3.000000000000000000e+01
3.200000000000000000e+01
3.200000000000000000e+01
2.700000000000000000e+01
1.300000000000000000e+01
2.600000000000000000e+01
2.200000000000000000e+01
2.400000000000000000e+01
7.000000000000000000e+00
1.000000000000000000e+01
1.100000000000000000e+01
7.000000000000000000e+00
1.200000000000000000e+01
1.100000000000000000e+01
7.000000000000000000e+00
3.800000000000000000e+01
1.000000000000000000e+00
5.000000000000000000e+00
5.000000000000000000e+00
7.000000000000000000e+00
1.000000000000000000e+00
1.000000000000000000e+00
5.000000000000000000e+00
5.000000000000000000e+00
1.000000000000000000e+00
5.000000000000000000e+00
1.800000000000000000e+01
1.200000000000000000e+01
8.000000000000000000e+00
3.200000000000000000e+01
1.300000000000000000e+01
5.700000000000000000e+01
6.000000000000000000e+00
6.000000000000000000e+00
7.000000000000000000e+00
3.900000000000000000e+01
1.600000000000000000e+01
3.800000000000000000e+01
2.000000000000000000e+01
2.000000000000000000e+01
5.000000000000000000e+00
2.200000000000000000e+01
2.100000000000000000e+01
2.300000000000000000e+01
2.200000000000000000e+01
0.000000000000000000e+00
0.000000000000000000e+00
8.700000000000000000e+01
1.300000000000000000e+01
2.100000000000000000e+01
1.300000000000000000e+01
1.400000000000000000e+01
1.300000000000000000e+01
1.000000000000000000e+01
1.200000000000000000e+01
2.100000000000000000e+01
5.000000000000000000e+00
9.000000000000000000e+00
1.000000000000000000e+01
3.200000000000000000e+01
1.600000000000000000e+01
8.000000000000000000e+00
1.900000000000000000e+01
1.600000000000000000e+01
1.600000000000000000e+01
1.300000000000000000e+01
1.100000000000000000e+01
2.500000000000000000e+01
1.800000000000000000e+01
3.200000000000000000e+01
3.700000000000000000e+01
3.500000000000000000e+01
1.800000000000000000e+01
2.700000000000000000e+01
3.100000000000000000e+01
3.800000000000000000e+01
6.100000000000000000e+01
3.400000000000000000e+01
5.000000000000000000e+01
4.700000000000000000e+01
5.400000000000000000e+01
3.300000000000000000e+01
4.000000000000000000e+01
4.600000000000000000e+01
5.800000000000000000e+01
3.200000000000000000e+01
3.300000000000000000e+01
2.800000000000000000e+01
4.900000000000000000e+01
5.800000000000000000e+01
3.500000000000000000e+01
5.200000000000000000e+01
5.500000000000000000e+01
3.000000000000000000e+01
3.200000000000000000e+01
4.600000000000000000e+01
3.000000000000000000e+01
3.500000000000000000e+01
4.100000000000000000e+01
4.500000000000000000e+01
4.800000000000000000e+01
3.200000000000000000e+01
4.400000000000000000e+01
7.700000000000000000e+01
8.000000000000000000e+00
6.700000000000000000e+01
1.080000000000000000e+02
3.600000000000000000e+01
1.090000000000000000e+02
0.000000000000000000e+00
1.830000000000000000e+02
1.690000000000000000e+02
1.280000000000000000e+02
1.220000000000000000e+02
1.270000000000000000e+02
1.300000000000000000e+02
1.580000000000000000e+02
1.600000000000000000e+02
1.480000000000000000e+02
0.000000000000000000e+00
3.800000000000000000e+02
2.060000000000000000e+02
2.180000000000000000e+02
2.850000000000000000e+02
4.370000000000000000e+02
3.610000000000000000e+02
0.000000000000000000e+00
8.960000000000000000e+02
4.810000000000000000e+02
3.770000000000000000e+02
3.940000000000000000e+02
0.000000000000000000e+00
7.570000000000000000e+02
0.000000000000000000e+00
1.222000000000000000e+03
8.310000000000000000e+02
0.000000000000000000e+00
5.750000000000000000e+02
1.268000000000000000e+03
6.890000000000000000e+02
0.000000000000000000e+00
8.310000000000000000e+02
1.589000000000000000e+03
1.220000000000000000e+03
7.420000000000000000e+02
0.000000000000000000e+00
1.107000000000000000e+03
2.323000000000000000e+03
8.890000000000000000e+02
1.311000000000000000e+03
1.169000000000000000e+03
0.000000000000000000e+00
1.328000000000000000e+03
2.527000000000000000e+03
1.264000000000000000e+03
8.560000000000000000e+02
0.000000000000000000e+00
1.098000000000000000e+03
1.171000000000000000e+03
2.371000000000000000e+03
1.306000000000000000e+03
0.000000000000000000e+00
2.096000000000000000e+03
1.015000000000000000e+03
1.128000000000000000e+03
0.000000000000000000e+00
1.677000000000000000e+03
8.150000000000000000e+02
8.040000000000000000e+02
6.390000000000000000e+02
4.770000000000000000e+02
5.120000000000000000e+02
5.850000000000000000e+02
5.150000000000000000e+02
5.530000000000000000e+02
5.410000000000000000e+02
5.330000000000000000e+02
3.490000000000000000e+02
5.750000000000000000e+02
5.190000000000000000e+02
6.290000000000000000e+02
6.840000000000000000e+02
5.390000000000000000e+02
6.300000000000000000e+02
6.340000000000000000e+02
6.800000000000000000e+02
6.530000000000000000e+02
7.850000000000000000e+02
7.690000000000000000e+02
0.000000000000000000e+00
8.910000000000000000e+02
9.270000000000000000e+02
1.933000000000000000e+03
0.000000000000000000e+00
2.213000000000000000e+03
1.393000000000000000e+03
0.000000000000000000e+00
2.465000000000000000e+03
1.267000000000000000e+03
0.000000000000000000e+00
1.312000000000000000e+03
1.460000000000000000e+03
1.622000000000000000e+03
1.792000000000000000e+03
2.188000000000000000e+03
2.263000000000000000e+03
4.781000000000000000e+03
2.642000000000000000e+03
2.746000000000000000e+03
2.635000000000000000e+03
0.000000000000000000e+00
2.400000000000000000e+03
4.499000000000000000e+03
0.000000000000000000e+00
4.579000000000000000e+03
2.271000000000000000e+03
2.362000000000000000e+03
2.432000000000000000e+03
1.811000000000000000e+03
0.000000000000000000e+00
1.727000000000000000e+03
2.246000000000000000e+03
4.861000000000000000e+03
0.000000000000000000e+00
4.921000000000000000e+03
1.551000000000000000e+03
0.000000000000000000e+00
3.641000000000000000e+03
0.000000000000000000e+00
3.818000000000000000e+03
0.000000000000000000e+00
3.518000000000000000e+03
0.000000000000000000e+00
2.742000000000000000e+03
1.159000000000000000e+03
1.439000000000000000e+03
1.364000000000000000e+03
1.295000000000000000e+03
1.466000000000000000e+03
1.171000000000000000e+03
0.000000000000000000e+00
1.309000000000000000e+03
2.806000000000000000e+03
0.000000000000000000e+00
1.243000000000000000e+03
1.442000000000000000e+03
2.750000000000000000e+03
0.000000000000000000e+00
2.370000000000000000e+03
1.231000000000000000e+03
0.000000000000000000e+00
1.294000000000000000e+03
1.286000000000000000e+03
0.000000000000000000e+00
