0.000000000000000000e+00
0.000000000000000000e+00
0.000000000000000000e+00
0.000000000000000000e+00
0.000000000000000000e+00
0.000000000000000000e+00
0.000000000000000000e+00
0.000000000000000000e+00
0.000000000000000000e+00
0.000000000000000000e+00
0.000000000000000000e+00
0.000000000000000000e+00
0.000000000000000000e+00
0.000000000000000000e+00
0.000000000000000000e+00
0.000000000000000000e+00
0.000000000000000000e+00
0.000000000000000000e+00
0.000000000000000000e+00
0.000000000000000000e+00
0.000000000000000000e+00
0.000000000000000000e+00
0.000000000000000000e+00
0.000000000000000000e+00
0.000000000000000000e+00
0.000000000000000000e+00
0.000000000000000000e+00
0.000000000000000000e+00
0.000000000000000000e+00
0.000000000000000000e+00
0.000000000000000000e+00
0.000000000000000000e+00
0.000000000000000000e+00
0.000000000000000000e+00
0.000000000000000000e+00
0.000000000000000000e+00
0.000000000000000000e+00
0.000000000000000000e+00
0.000000000000000000e+00
0.000000000000000000e+00
0.000000000000000000e+00
0.000000000000000000e+00
0.000000000000000000e+00
0.000000000000000000e+00
0.000000000000000000e+00
0.000000000000000000e+00
3.000000000000000000e+00
3.000000000000000000e+00
3.000000000000000000e+00
3.000000000000000000e+00
3.000000000000000000e+00
3.000000000000000000e+00
3.000000000000000000e+00
5.000000000000000000e+00
8.000000000000000000e+00
1.000000000000000000e+01
1.400000000000000000e+01
1.700000000000000000e+01
2.000000000000000000e+01
2.500000000000000000e+01
2.700000000000000000e+01
3.300000000000000000e+01
3.900000000000000000e+01
3.900000000000000000e+01
4.400000000000000000e+01
4.800000000000000000e+01
4.800000000000000000e+01
4.800000000000000000e+01
4.900000000000000000e+01
5.100000000000000000e+01
5.400000000000000000e+01
5.600000000000000000e+01
6.100000000000000000e+01
7.000000000000000000e+01
8.800000000000000000e+01
1.230000000000000000e+02
1.640000000000000000e+02
2.180000000000000000e+02
3.300000000000000000e+02
4.240000000000000000e+02
4.820000000000000000e+02
6.210000000000000000e+02
8.030000000000000000e+02
1.012000000000000000e+03
1.231000000000000000e+03
1.572000000000000000e+03
1.838000000000000000e+03
2.144000000000000000e+03
2.456000000000000000e+03
2.948000000000000000e+03
3.382000000000000000e+03
3.772000000000000000e+03
4.186000000000000000e+03
4.689000000000000000e+03
4.998000000000000000e+03
5.416000000000000000e+03
5.913000000000000000e+03
6.462000000000000000e+03
7.103000000000000000e+03
7.667000000000000000e+03
8.238000000000000000e+03
8.790000000000000000e+03
9.455000000000000000e+03
1.014300000000000000e+04
1.092900000000000000e+04
1.171900000000000000e+04
1.242500000000000000e+04
1.313400000000000000e+04
1.377000000000000000e+04
1.465700000000000000e+04
1.569100000000000000e+04
1.666000000000000000e+04
1.782200000000000000e+04
1.886300000000000000e+04
2.006500000000000000e+04
2.099500000000000000e+04
2.226800000000000000e+04
2.387000000000000000e+04
2.512100000000000000e+04
2.673800000000000000e+04
2.851100000000000000e+04
3.020500000000000000e+04
3.207800000000000000e+04
3.361000000000000000e+04
3.558500000000000000e+04
3.675100000000000000e+04
3.829200000000000000e+04
4.032100000000000000e+04
4.284400000000000000e+04
4.460800000000000000e+04
4.715300000000000000e+04
4.953400000000000000e+04
5.244500000000000000e+04
5.514000000000000000e+04
5.756300000000000000e+04
6.039100000000000000e+04
6.302600000000000000e+04
6.576900000000000000e+04
6.850400000000000000e+04
7.167500000000000000e+04
7.486500000000000000e+04
7.805200000000000000e+04
8.152300000000000000e+04
8.437900000000000000e+04
8.752000000000000000e+04
9.061900000000000000e+04
9.448100000000000000e+04
9.848900000000000000e+04
1.022920000000000000e+05
1.055350000000000000e+05
1.087750000000000000e+05
1.123060000000000000e+05
1.157860000000000000e+05
1.191980000000000000e+05
1.226600000000000000e+05
1.266060000000000000e+05
1.304740000000000000e+05
1.339780000000000000e+05
1.377870000000000000e+05
1.418010000000000000e+05
1.454830000000000000e+05
1.492580000000000000e+05
1.532770000000000000e+05
1.563910000000000000e+05
1.596790000000000000e+05
1.624170000000000000e+05
1.656180000000000000e+05
1.686450000000000000e+05
1.721340000000000000e+05
1.754940000000000000e+05
1.784430000000000000e+05
1.811290000000000000e+05
1.837950000000000000e+05
1.868940000000000000e+05
1.900570000000000000e+05
1.935900000000000000e+05
1.963230000000000000e+05
1.993570000000000000e+05
2.020660000000000000e+05
2.045250000000000000e+05
2.074530000000000000e+05
2.105100000000000000e+05
2.132540000000000000e+05
2.161100000000000000e+05
2.186580000000000000e+05
2.211780000000000000e+05
2.234530000000000000e+05
2.262250000000000000e+05
2.291850000000000000e+05
2.321940000000000000e+05
2.348890000000000000e+05
2.376610000000000000e+05
2.398600000000000000e+05
2.407460000000000000e+05
2.421020000000000000e+05
2.440200000000000000e+05
2.466740000000000000e+05
2.496510000000000000e+05
2.525020000000000000e+05
2.551130000000000000e+05
2.576000000000000000e+05
2.605070000000000000e+05
2.635030000000000000e+05
2.664980000000000000e+05
2.691150000000000000e+05
2.718810000000000000e+05
2.745250000000000000e+05
2.765490000000000000e+05
2.791440000000000000e+05
2.823440000000000000e+05
2.850910000000000000e+05
2.879590000000000000e+05
2.903600000000000000e+05
2.926250000000000000e+05
2.945980000000000000e+05
2.970830000000000000e+05
2.996280000000000000e+05
3.021470000000000000e+05
3.045830000000000000e+05
3.067940000000000000e+05
3.089250000000000000e+05
3.108220000000000000e+05
3.129960000000000000e+05
3.149460000000000000e+05
3.175280000000000000e+05
3.196860000000000000e+05
3.216150000000000000e+05
3.235650000000000000e+05
3.251570000000000000e+05
3.273590000000000000e+05
3.292510000000000000e+05
3.310780000000000000e+05
3.329700000000000000e+05
3.347620000000000000e+05
3.360440000000000000e+05
3.375200000000000000e+05
3.393320000000000000e+05
3.410560000000000000e+05
3.426710000000000000e+05
3.442640000000000000e+05
3.458050000000000000e+05
3.473720000000000000e+05
3.489180000000000000e+05
3.506210000000000000e+05
3.521780000000000000e+05
3.538440000000000000e+05
3.553840000000000000e+05
3.567670000000000000e+05
3.578730000000000000e+05
3.591480000000000000e+05
3.605550000000000000e+05
3.620430000000000000e+05
3.634790000000000000e+05
3.649870000000000000e+05
3.663830000000000000e+05
3.675650000000000000e+05
3.686900000000000000e+05
3.701320000000000000e+05
3.716310000000000000e+05
3.731510000000000000e+05
3.745920000000000000e+05
3.758700000000000000e+05
3.770730000000000000e+05
3.782660000000000000e+05
3.797380000000000000e+05
3.812750000000000000e+05
3.829590000000000000e+05
3.845590000000000000e+05
3.860860000000000000e+05
3.872950000000000000e+05
3.885690000000000000e+05
3.902060000000000000e+05
3.915860000000000000e+05
3.931310000000000000e+05
3.948270000000000000e+05
3.964130000000000000e+05
3.975070000000000000e+05
3.988150000000000000e+05
4.002510000000000000e+05
4.015860000000000000e+05
4.030790000000000000e+05
4.047600000000000000e+05
4.063640000000000000e+05
4.076840000000000000e+05
4.092520000000000000e+05
4.109880000000000000e+05
4.126470000000000000e+05
4.141640000000000000e+05
4.160060000000000000e+05
4.174750000000000000e+05
4.187640000000000000e+05
4.202380000000000000e+05
4.219210000000000000e+05
4.236200000000000000e+05
4.253530000000000000e+05
4.271980000000000000e+05
4.289650000000000000e+05
4.304960000000000000e+05
4.323330000000000000e+05
4.344720000000000000e+05
4.366840000000000000e+05
4.387950000000000000e+05
4.411590000000000000e+05
4.434340000000000000e+05
4.452810000000000000e+05
4.473410000000000000e+05
4.497600000000000000e+05
4.519900000000000000e+05
4.541460000000000000e+05
4.564380000000000000e+05
4.587110000000000000e+05
4.606190000000000000e+05
4.624070000000000000e+05
4.649320000000000000e+05
4.672250000000000000e+05
4.694230000000000000e+05
4.717390000000000000e+05
4.739910000000000000e+05
4.757890000000000000e+05
4.775450000000000000e+05
4.797430000000000000e+05
4.819450000000000000e+05
4.841040000000000000e+05
4.859650000000000000e+05
4.878490000000000000e+05
4.891780000000000000e+05
4.905330000000000000e+05
4.923320000000000000e+05
4.942090000000000000e+05
4.958410000000000000e+05
4.969750000000000000e+05
4.982930000000000000e+05
4.995600000000000000e+05
5.007130000000000000e+05
5.021830000000000000e+05
5.035010000000000000e+05
5.048680000000000000e+05
5.061020000000000000e+05
5.072650000000000000e+05
5.080990000000000000e+05
5.091480000000000000e+05
5.100800000000000000e+05
5.112610000000000000e+05
5.124960000000000000e+05
5.135100000000000000e+05
5.145000000000000000e+05
5.151840000000000000e+05
5.160190000000000000e+05
5.169290000000000000e+05
5.179200000000000000e+05
5.188980000000000000e+05
5.199050000000000000e+05
5.206900000000000000e+05
5.213820000000000000e+05
5.224530000000000000e+05
5.233020000000000000e+05
5.240200000000000000e+05
5.249100000000000000e+05
5.257230000000000000e+05
5.264850000000000000e+05
5.270630000000000000e+05
5.276320000000000000e+05
5.283290000000000000e+05
5.290310000000000000e+05
5.296870000000000000e+05
5.302710000000000000e+05
5.308900000000000000e+05
5.313260000000000000e+05
5.317990000000000000e+05
5.324010000000000000e+05
5.329160000000000000e+05
5.334440000000000000e+05
5.339530000000000000e+05
5.344070000000000000e+05
5.347700000000000000e+05
5.351390000000000000e+05
5.355820000000000000e+05
5.361070000000000000e+05
5.365450000000000000e+05
5.370300000000000000e+05
5.374650000000000000e+05
5.377700000000000000e+05
5.380620000000000000e+05
5.383780000000000000e+05
5.387650000000000000e+05
5.391530000000000000e+05
5.395310000000000000e+05
5.399750000000000000e+05
5.402660000000000000e+05
5.405920000000000000e+05
5.410380000000000000e+05
5.414340000000000000e+05
5.418770000000000000e+05
5.422680000000000000e+05
5.426740000000000000e+05
5.430240000000000000e+05
5.433510000000000000e+05
5.437170000000000000e+05
5.441160000000000000e+05
5.445440000000000000e+05
5.449540000000000000e+05
5.454240000000000000e+05
5.458310000000000000e+05
5.462160000000000000e+05
5.468010000000000000e+05
5.473160000000000000e+05
5.479300000000000000e+05
5.485490000000000000e+05
5.491840000000000000e+05
5.497240000000000000e+05
5.503300000000000000e+05
5.511750000000000000e+05
5.520870000000000000e+05
5.531050000000000000e+05
5.541560000000000000e+05
5.552220000000000000e+05
5.562360000000000000e+05
5.573950000000000000e+05
5.591680000000000000e+05
5.608870000000000000e+05
5.627520000000000000e+05
5.649390000000000000e+05
5.668380000000000000e+05
5.687060000000000000e+05
5.708780000000000000e+05
5.736870000000000000e+05
5.772410000000000000e+05
5.808080000000000000e+05
5.843950000000000000e+05
5.881320000000000000e+05
5.918060000000000000e+05
5.957140000000000000e+05
6.008950000000000000e+05
6.059370000000000000e+05
6.112950000000000000e+05
6.177640000000000000e+05
6.245940000000000000e+05
6.302770000000000000e+05
6.373640000000000000e+05
6.444390000000000000e+05
6.516520000000000000e+05
6.592780000000000000e+05
6.661320000000000000e+05
6.735940000000000000e+05
6.789370000000000000e+05
6.847560000000000000e+05
6.919570000000000000e+05
6.979850000000000000e+05
7.031700000000000000e+05
7.073620000000000000e+05
7.117790000000000000e+05
7.152520000000000000e+05
7.189500000000000000e+05
7.232210000000000000e+05
7.277800000000000000e+05
7.320600000000000000e+05
7.360740000000000000e+05
7.397030000000000000e+05
7.424000000000000000e+05
7.453220000000000000e+05
7.486280000000000000e+05
7.516590000000000000e+05
7.546140000000000000e+05
7.569550000000000000e+05
7.591320000000000000e+05
7.605840000000000000e+05
7.619430000000000000e+05
7.636820000000000000e+05
7.655960000000000000e+05
7.673380000000000000e+05
7.691600000000000000e+05
7.708420000000000000e+05
7.721270000000000000e+05
7.735130000000000000e+05
7.750270000000000000e+05
7.762570000000000000e+05
7.773970000000000000e+05
7.786870000000000000e+05
7.795350000000000000e+05
7.797960000000000000e+05
7.801590000000000000e+05
7.808570000000000000e+05
7.821290000000000000e+05
7.837370000000000000e+05
7.851940000000000000e+05
7.866980000000000000e+05
7.877260000000000000e+05
7.890800000000000000e+05
7.905210000000000000e+05
7.921960000000000000e+05
7.936930000000000000e+05
7.949850000000000000e+05
7.963430000000000000e+05
7.973860000000000000e+05
7.988300000000000000e+05
8.005400000000000000e+05
8.023050000000000000e+05
8.042930000000000000e+05
8.059800000000000000e+05
8.078670000000000000e+05
8.093140000000000000e+05
8.109900000000000000e+05
8.129600000000000000e+05
8.152820000000000000e+05
8.178190000000000000e+05
8.203950000000000000e+05
8.228490000000000000e+05
8.244860000000000000e+05
8.269220000000000000e+05
8.299720000000000000e+05
8.332910000000000000e+05
8.372470000000000000e+05
8.410870000000000000e+05
8.449700000000000000e+05
8.480270000000000000e+05
8.516680000000000000e+05
8.563040000000000000e+05
8.611500000000000000e+05
8.668770000000000000e+05
8.729350000000000000e+05
8.788040000000000000e+05
8.831380000000000000e+05
8.884060000000000000e+05
8.967700000000000000e+05
9.044360000000000000e+05
9.132580000000000000e+05
9.215590000000000000e+05
9.300420000000000000e+05
9.362560000000000000e+05
9.449170000000000000e+05
9.548810000000000000e+05
9.664060000000000000e+05
9.775680000000000000e+05
9.892190000000000000e+05
1.000543000000000000e+06
1.009315000000000000e+06
1.021189000000000000e+06
1.034957000000000000e+06
1.047155000000000000e+06
1.059538000000000000e+06
1.071774000000000000e+06
1.083922000000000000e+06
1.092411000000000000e+06
1.103989000000000000e+06
1.117310000000000000e+06
1.128889000000000000e+06
1.136503000000000000e+06
1.140200000000000000e+06
1.146564000000000000e+06
1.153344000000000000e+06
1.164635000000000000e+06
1.179827000000000000e+06
1.194752000000000000e+06
1.210982000000000000e+06
1.226253000000000000e+06
1.240115000000000000e+06
1.249484000000000000e+06
1.264328000000000000e+06
