0.000000000000000000e+00
0.000000000000000000e+00
0.000000000000000000e+00
0.000000000000000000e+00
0.000000000000000000e+00
0.000000000000000000e+00
0.000000000000000000e+00
0.000000000000000000e+00
0.000000000000000000e+00
0.000000000000000000e+00
0.000000000000000000e+00
0.000000000000000000e+00
0.000000000000000000e+00
0.000000000000000000e+00
0.000000000000000000e+00
0.000000000000000000e+00
0.000000000000000000e+00
0.000000000000000000e+00
0.000000000000000000e+00
0.000000000000000000e+00
0.000000000000000000e+00
0.000000000000000000e+00
0.000000000000000000e+00
0.000000000000000000e+00
0.000000000000000000e+00
0.000000000000000000e+00
0.000000000000000000e+00
0.000000000000000000e+00
0.000000000000000000e+00
0.000000000000000000e+00
0.000000000000000000e+00
0.000000000000000000e+00
0.000000000000000000e+00
0.000000000000000000e+00
0.000000000000000000e+00
0.000000000000000000e+00
0.000000000000000000e+00
0.000000000000000000e+00
0.000000000000000000e+00
0.000000000000000000e+00
0.000000000000000000e+00
0.000000000000000000e+00
0.000000000000000000e+00
0.000000000000000000e+00
0.000000000000000000e+00
0.000000000000000000e+00
3.000000000000000000e+00
0.000000000000000000e+00
0.000000000000000000e+00
0.000000000000000000e+00
0.000000000000000000e+00
0.000000000000000000e+00
0.000000000000000000e+00
2.000000000000000000e+00
3.000000000000000000e+00
2.000000000000000000e+00
4.000000000000000000e+00
3.000000000000000000e+00
3.000000000000000000e+00
5.000000000000000000e+00
2.000000000000000000e+00
6.000000000000000000e+00
6.000000000000000000e+00
0.000000000000000000e+00
5.000000000000000000e+00
4.000000000000000000e+00
0.000000000000000000e+00
0.000000000000000000e+00
1.000000000000000000e+00
2.000000000000000000e+00
3.000000000000000000e+00
2.000000000000000000e+00
5.000000000000000000e+00
9.000000000000000000e+00
1.800000000000000000e+01
3.500000000000000000e+01
4.100000000000000000e+01
5.400000000000000000e+01
1.120000000000000000e+02
9.400000000000000000e+01
5.800000000000000000e+01
1.390000000000000000e+02
1.820000000000000000e+02
2.090000000000000000e+02
2.190000000000000000e+02
3.410000000000000000e+02
2.660000000000000000e+02
3.060000000000000000e+02
3.120000000000000000e+02
4.920000000000000000e+02
4.340000000000000000e+02
3.900000000000000000e+02
4.140000000000000000e+02
5.030000000000000000e+02
3.090000000000000000e+02
4.180000000000000000e+02
4.970000000000000000e+02
5.490000000000000000e+02
6.410000000000000000e+02
5.640000000000000000e+02
5.710000000000000000e+02
5.520000000000000000e+02
6.650000000000000000e+02
6.880000000000000000e+02
7.860000000000000000e+02
7.900000000000000000e+02
7.060000000000000000e+02
7.090000000000000000e+02
6.360000000000000000e+02
8.870000000000000000e+02
1.034000000000000000e+03
9.690000000000000000e+02
1.162000000000000000e+03
1.041000000000000000e+03
1.202000000000000000e+03
9.300000000000000000e+02
1.273000000000000000e+03
1.602000000000000000e+03
1.251000000000000000e+03
1.617000000000000000e+03
1.773000000000000000e+03
1.694000000000000000e+03
1.873000000000000000e+03
1.532000000000000000e+03
1.975000000000000000e+03
1.166000000000000000e+03
1.541000000000000000e+03
2.029000000000000000e+03
2.523000000000000000e+03
1.764000000000000000e+03
2.545000000000000000e+03
2.381000000000000000e+03
2.911000000000000000e+03
2.695000000000000000e+03
2.423000000000000000e+03
2.828000000000000000e+03
2.635000000000000000e+03
2.743000000000000000e+03
2.735000000000000000e+03
3.171000000000000000e+03
3.190000000000000000e+03
3.187000000000000000e+03
3.471000000000000000e+03
2.856000000000000000e+03
3.141000000000000000e+03
3.099000000000000000e+03
3.862000000000000000e+03
4.008000000000000000e+03
3.803000000000000000e+03
3.243000000000000000e+03
3.240000000000000000e+03
3.531000000000000000e+03
3.480000000000000000e+03
3.412000000000000000e+03
3.462000000000000000e+03
3.946000000000000000e+03
3.868000000000000000e+03
3.504000000000000000e+03
3.809000000000000000e+03
4.014000000000000000e+03
3.682000000000000000e+03
3.775000000000000000e+03
4.019000000000000000e+03
3.114000000000000000e+03
3.288000000000000000e+03
2.738000000000000000e+03
3.201000000000000000e+03
3.027000000000000000e+03
3.489000000000000000e+03
3.360000000000000000e+03
2.949000000000000000e+03
2.686000000000000000e+03
2.666000000000000000e+03
3.099000000000000000e+03
3.163000000000000000e+03
3.533000000000000000e+03
2.733000000000000000e+03
3.034000000000000000e+03
2.709000000000000000e+03
2.459000000000000000e+03
2.928000000000000000e+03
3.057000000000000000e+03
2.744000000000000000e+03
2.856000000000000000e+03
2.548000000000000000e+03
2.520000000000000000e+03
2.275000000000000000e+03
2.772000000000000000e+03
2.960000000000000000e+03
3.009000000000000000e+03
2.695000000000000000e+03
2.772000000000000000e+03
2.199000000000000000e+03
8.860000000000000000e+02
1.356000000000000000e+03
1.918000000000000000e+03
2.654000000000000000e+03
2.977000000000000000e+03
2.851000000000000000e+03
2.611000000000000000e+03
2.487000000000000000e+03
2.907000000000000000e+03
2.996000000000000000e+03
2.995000000000000000e+03
2.617000000000000000e+03
2.766000000000000000e+03
2.644000000000000000e+03
2.024000000000000000e+03
2.595000000000000000e+03
3.200000000000000000e+03
2.747000000000000000e+03
2.868000000000000000e+03
2.401000000000000000e+03
2.265000000000000000e+03
1.973000000000000000e+03
2.485000000000000000e+03
2.545000000000000000e+03
2.519000000000000000e+03
2.436000000000000000e+03
2.211000000000000000e+03
2.131000000000000000e+03
1.897000000000000000e+03
2.174000000000000000e+03
1.950000000000000000e+03
2.582000000000000000e+03
2.158000000000000000e+03
1.929000000000000000e+03
1.950000000000000000e+03
1.592000000000000000e+03
2.202000000000000000e+03
1.892000000000000000e+03
1.827000000000000000e+03
1.892000000000000000e+03
1.792000000000000000e+03
1.282000000000000000e+03
1.476000000000000000e+03
1.812000000000000000e+03
1.724000000000000000e+03
1.615000000000000000e+03
1.593000000000000000e+03
1.541000000000000000e+03
1.567000000000000000e+03
1.546000000000000000e+03
1.703000000000000000e+03
1.557000000000000000e+03
1.666000000000000000e+03
1.540000000000000000e+03
1.383000000000000000e+03
1.106000000000000000e+03
1.275000000000000000e+03
1.407000000000000000e+03
1.488000000000000000e+03
1.436000000000000000e+03
1.508000000000000000e+03
1.396000000000000000e+03
1.182000000000000000e+03
1.125000000000000000e+03
1.442000000000000000e+03
1.499000000000000000e+03
1.520000000000000000e+03
1.441000000000000000e+03
1.278000000000000000e+03
1.203000000000000000e+03
1.193000000000000000e+03
1.472000000000000000e+03
1.537000000000000000e+03
1.684000000000000000e+03
1.600000000000000000e+03
1.527000000000000000e+03
1.209000000000000000e+03
1.274000000000000000e+03
1.637000000000000000e+03
1.380000000000000000e+03
1.545000000000000000e+03
1.696000000000000000e+03
1.586000000000000000e+03
1.094000000000000000e+03
1.308000000000000000e+03
1.436000000000000000e+03
1.335000000000000000e+03
1.493000000000000000e+03
1.681000000000000000e+03
1.604000000000000000e+03
1.320000000000000000e+03
1.568000000000000000e+03
1.736000000000000000e+03
1.659000000000000000e+03
1.517000000000000000e+03
1.842000000000000000e+03
1.469000000000000000e+03
1.289000000000000000e+03
1.474000000000000000e+03
1.683000000000000000e+03
1.699000000000000000e+03
1.733000000000000000e+03
1.845000000000000000e+03
1.767000000000000000e+03
1.531000000000000000e+03
1.837000000000000000e+03
2.139000000000000000e+03
2.212000000000000000e+03
2.111000000000000000e+03
2.364000000000000000e+03
2.275000000000000000e+03
1.847000000000000000e+03
2.060000000000000000e+03
2.419000000000000000e+03
2.230000000000000000e+03
2.156000000000000000e+03
2.292000000000000000e+03
2.273000000000000000e+03
1.908000000000000000e+03
1.788000000000000000e+03
2.525000000000000000e+03
2.293000000000000000e+03
2.198000000000000000e+03
2.316000000000000000e+03
2.252000000000000000e+03
1.798000000000000000e+03
1.756000000000000000e+03
2.198000000000000000e+03
2.202000000000000000e+03
2.159000000000000000e+03
1.861000000000000000e+03
1.884000000000000000e+03
1.329000000000000000e+03
1.355000000000000000e+03
1.799000000000000000e+03
1.877000000000000000e+03
1.632000000000000000e+03
1.134000000000000000e+03
1.318000000000000000e+03
1.267000000000000000e+03
1.153000000000000000e+03
1.470000000000000000e+03
1.318000000000000000e+03
1.367000000000000000e+03
1.234000000000000000e+03
1.163000000000000000e+03
8.340000000000000000e+02
1.049000000000000000e+03
9.320000000000000000e+02
1.181000000000000000e+03
1.235000000000000000e+03
1.014000000000000000e+03
9.900000000000000000e+02
6.840000000000000000e+02
8.350000000000000000e+02
9.100000000000000000e+02
9.910000000000000000e+02
9.780000000000000000e+02
1.007000000000000000e+03
7.850000000000000000e+02
6.920000000000000000e+02
1.071000000000000000e+03
8.490000000000000000e+02
7.180000000000000000e+02
8.900000000000000000e+02
8.130000000000000000e+02
7.620000000000000000e+02
5.780000000000000000e+02
5.690000000000000000e+02
6.970000000000000000e+02
7.020000000000000000e+02
6.560000000000000000e+02
5.840000000000000000e+02
6.190000000000000000e+02
4.360000000000000000e+02
4.730000000000000000e+02
6.020000000000000000e+02
5.150000000000000000e+02
5.280000000000000000e+02
5.090000000000000000e+02
4.540000000000000000e+02
3.630000000000000000e+02
3.690000000000000000e+02
4.430000000000000000e+02
5.250000000000000000e+02
4.380000000000000000e+02
4.850000000000000000e+02
4.350000000000000000e+02
3.050000000000000000e+02
2.920000000000000000e+02
3.160000000000000000e+02
3.870000000000000000e+02
3.880000000000000000e+02
3.780000000000000000e+02
4.440000000000000000e+02
2.910000000000000000e+02
3.260000000000000000e+02
4.460000000000000000e+02
3.960000000000000000e+02
4.430000000000000000e+02
3.910000000000000000e+02
4.060000000000000000e+02
3.500000000000000000e+02
3.270000000000000000e+02
3.660000000000000000e+02
3.990000000000000000e+02
4.280000000000000000e+02
4.100000000000000000e+02
4.700000000000000000e+02
4.070000000000000000e+02
3.850000000000000000e+02
5.850000000000000000e+02
5.150000000000000000e+02
6.140000000000000000e+02
6.190000000000000000e+02
6.350000000000000000e+02
5.400000000000000000e+02
6.060000000000000000e+02
8.450000000000000000e+02
9.120000000000000000e+02
1.018000000000000000e+03
1.051000000000000000e+03
1.066000000000000000e+03
1.014000000000000000e+03
1.159000000000000000e+03
1.773000000000000000e+03
1.719000000000000000e+03
1.865000000000000000e+03
2.187000000000000000e+03
1.899000000000000000e+03
1.868000000000000000e+03
2.172000000000000000e+03
2.809000000000000000e+03
3.554000000000000000e+03
3.567000000000000000e+03
3.587000000000000000e+03
3.737000000000000000e+03
3.674000000000000000e+03
3.908000000000000000e+03
5.181000000000000000e+03
5.042000000000000000e+03
5.358000000000000000e+03
6.469000000000000000e+03
6.830000000000000000e+03
5.683000000000000000e+03
7.087000000000000000e+03
7.075000000000000000e+03
7.213000000000000000e+03
7.626000000000000000e+03
6.854000000000000000e+03
7.462000000000000000e+03
5.343000000000000000e+03
5.819000000000000000e+03
7.201000000000000000e+03
6.028000000000000000e+03
5.185000000000000000e+03
4.192000000000000000e+03
4.417000000000000000e+03
3.473000000000000000e+03
3.698000000000000000e+03
4.271000000000000000e+03
4.559000000000000000e+03
4.280000000000000000e+03
4.014000000000000000e+03
3.629000000000000000e+03
2.697000000000000000e+03
2.922000000000000000e+03
3.306000000000000000e+03
3.031000000000000000e+03
2.955000000000000000e+03
2.341000000000000000e+03
2.177000000000000000e+03
1.452000000000000000e+03
1.359000000000000000e+03
1.739000000000000000e+03
1.914000000000000000e+03
1.742000000000000000e+03
1.822000000000000000e+03
1.682000000000000000e+03
1.285000000000000000e+03
1.386000000000000000e+03
1.514000000000000000e+03
1.230000000000000000e+03
1.140000000000000000e+03
1.290000000000000000e+03
8.480000000000000000e+02
2.610000000000000000e+02
3.630000000000000000e+02
6.980000000000000000e+02
1.272000000000000000e+03
1.608000000000000000e+03
1.457000000000000000e+03
1.504000000000000000e+03
1.028000000000000000e+03
1.354000000000000000e+03
1.441000000000000000e+03
1.675000000000000000e+03
1.497000000000000000e+03
1.292000000000000000e+03
1.358000000000000000e+03
1.043000000000000000e+03
1.444000000000000000e+03
1.710000000000000000e+03
1.765000000000000000e+03
1.988000000000000000e+03
1.687000000000000000e+03
1.887000000000000000e+03
1.447000000000000000e+03
1.676000000000000000e+03
1.970000000000000000e+03
2.322000000000000000e+03
2.537000000000000000e+03
2.576000000000000000e+03
2.454000000000000000e+03
1.637000000000000000e+03
2.436000000000000000e+03
3.050000000000000000e+03
3.319000000000000000e+03
3.956000000000000000e+03
3.840000000000000000e+03
3.883000000000000000e+03
3.057000000000000000e+03
3.641000000000000000e+03
4.636000000000000000e+03
4.846000000000000000e+03
5.727000000000000000e+03
6.058000000000000000e+03
5.869000000000000000e+03
4.334000000000000000e+03
5.268000000000000000e+03
8.364000000000000000e+03
7.666000000000000000e+03
8.822000000000000000e+03
8.301000000000000000e+03
8.483000000000000000e+03
6.214000000000000000e+03
8.661000000000000000e+03
9.964000000000000000e+03
1.152500000000000000e+04
1.116200000000000000e+04
1.165100000000000000e+04
1.132400000000000000e+04
8.772000000000000000e+03
1.187400000000000000e+04
1.376800000000000000e+04
1.219800000000000000e+04
1.238300000000000000e+04
1.223600000000000000e+04
1.214800000000000000e+04
8.489000000000000000e+03
1.157800000000000000e+04
1.332100000000000000e+04
1.157900000000000000e+04
7.614000000000000000e+03
3.697000000000000000e+03
6.364000000000000000e+03
6.780000000000000000e+03
1.129100000000000000e+04
1.519200000000000000e+04
1.492500000000000000e+04
1.623000000000000000e+04
1.527100000000000000e+04
1.386200000000000000e+04
9.369000000000000000e+03
1.484400000000000000e+04
