0.000000000000000000e+00
0.000000000000000000e+00
0.000000000000000000e+00
0.000000000000000000e+00
0.000000000000000000e+00
0.000000000000000000e+00
0.000000000000000000e+00
0.000000000000000000e+00
0.000000000000000000e+00
0.000000000000000000e+00
0.000000000000000000e+00
0.000000000000000000e+00
0.000000000000000000e+00
0.000000000000000000e+00
0.000000000000000000e+00
0.000000000000000000e+00
0.000000000000000000e+00
0.000000000000000000e+00
0.000000000000000000e+00
0.000000000000000000e+00
0.000000000000000000e+00
0.000000000000000000e+00
0.000000000000000000e+00
0.000000000000000000e+00
0.000000000000000000e+00
0.000000000000000000e+00
0.000000000000000000e+00
0.000000000000000000e+00
0.000000000000000000e+00
0.000000000000000000e+00
0.000000000000000000e+00
0.000000000000000000e+00
0.000000000000000000e+00
0.000000000000000000e+00
0.000000000000000000e+00
0.000000000000000000e+00
0.000000000000000000e+00
0.000000000000000000e+00
0.000000000000000000e+00
0.000000000000000000e+00
0.000000000000000000e+00
0.000000000000000000e+00
0.000000000000000000e+00
0.000000000000000000e+00
0.000000000000000000e+00
0.000000000000000000e+00
0.000000000000000000e+00
0.000000000000000000e+00
0.000000000000000000e+00
0.000000000000000000e+00
0.000000000000000000e+00
0.000000000000000000e+00
0.000000000000000000e+00
0.000000000000000000e+00
0.000000000000000000e+00
0.000000000000000000e+00
0.000000000000000000e+00
0.000000000000000000e+00
0.000000000000000000e+00
0.000000000000000000e+00
0.000000000000000000e+00
0.000000000000000000e+00
0.000000000000000000e+00
0.000000000000000000e+00
0.000000000000000000e+00
0.000000000000000000e+00
0.000000000000000000e+00
0.000000000000000000e+00
0.000000000000000000e+00
1.000000000000000000e+00
2.000000000000000000e+00
2.000000000000000000e+00
2.000000000000000000e+00
4.000000000000000000e+00
6.000000000000000000e+00
6.000000000000000000e+00
6.000000000000000000e+00
7.000000000000000000e+00
7.000000000000000000e+00
8.000000000000000000e+00
8.000000000000000000e+00
1.000000000000000000e+01
1.000000000000000000e+01
1.100000000000000000e+01
1.300000000000000000e+01
1.500000000000000000e+01
2.600000000000000000e+01
3.000000000000000000e+01
3.500000000000000000e+01
4.300000000000000000e+01
5.000000000000000000e+01
6.100000000000000000e+01
6.400000000000000000e+01
8.200000000000000000e+01
8.200000000000000000e+01
9.300000000000000000e+01
9.300000000000000000e+01
1.040000000000000000e+02
1.040000000000000000e+02
1.240000000000000000e+02
1.360000000000000000e+02
1.550000000000000000e+02
1.660000000000000000e+02
1.780000000000000000e+02
1.990000000000000000e+02
2.250000000000000000e+02
2.310000000000000000e+02
2.570000000000000000e+02
2.910000000000000000e+02
3.070000000000000000e+02
3.380000000000000000e+02
3.380000000000000000e+02
3.870000000000000000e+02
4.080000000000000000e+02
4.470000000000000000e+02
4.620000000000000000e+02
5.050000000000000000e+02
5.190000000000000000e+02
5.340000000000000000e+02
5.700000000000000000e+02
5.850000000000000000e+02
6.060000000000000000e+02
6.210000000000000000e+02
7.070000000000000000e+02
7.350000000000000000e+02
7.540000000000000000e+02
7.820000000000000000e+02
8.120000000000000000e+02
8.290000000000000000e+02
8.520000000000000000e+02
8.610000000000000000e+02
8.650000000000000000e+02
8.960000000000000000e+02
9.090000000000000000e+02
9.140000000000000000e+02
9.290000000000000000e+02
9.460000000000000000e+02
9.690000000000000000e+02
1.001000000000000000e+03
1.025000000000000000e+03
1.062000000000000000e+03
1.085000000000000000e+03
1.103000000000000000e+03
1.132000000000000000e+03
1.169000000000000000e+03
1.176000000000000000e+03
1.225000000000000000e+03
1.249000000000000000e+03
1.272000000000000000e+03
1.298000000000000000e+03
1.309000000000000000e+03
1.327000000000000000e+03
1.340000000000000000e+03
1.347000000000000000e+03
1.354000000000000000e+03
1.354000000000000000e+03
1.394000000000000000e+03
1.410000000000000000e+03
1.427000000000000000e+03
1.450000000000000000e+03
1.462000000000000000e+03
1.498000000000000000e+03
1.518000000000000000e+03
1.524000000000000000e+03
1.533000000000000000e+03
1.542000000000000000e+03
1.547000000000000000e+03
1.572000000000000000e+03
1.584000000000000000e+03
1.598000000000000000e+03
1.613000000000000000e+03
1.618000000000000000e+03
1.635000000000000000e+03
1.642000000000000000e+03
1.651000000000000000e+03
1.668000000000000000e+03
1.678000000000000000e+03
1.688000000000000000e+03
1.701000000000000000e+03
1.711000000000000000e+03
1.711000000000000000e+03
1.727000000000000000e+03
1.731000000000000000e+03
1.752000000000000000e+03
1.765000000000000000e+03
1.768000000000000000e+03
1.783000000000000000e+03
1.783000000000000000e+03
1.786000000000000000e+03
1.803000000000000000e+03
1.818000000000000000e+03
1.823000000000000000e+03
1.823000000000000000e+03
1.843000000000000000e+03
1.848000000000000000e+03
1.855000000000000000e+03
1.860000000000000000e+03
1.877000000000000000e+03
1.887000000000000000e+03
1.895000000000000000e+03
1.916000000000000000e+03
1.917000000000000000e+03
1.932000000000000000e+03
1.937000000000000000e+03
1.940000000000000000e+03
1.947000000000000000e+03
1.954000000000000000e+03
1.956000000000000000e+03
1.956000000000000000e+03
1.959000000000000000e+03
1.961000000000000000e+03
1.969000000000000000e+03
1.972000000000000000e+03
1.980000000000000000e+03
1.992000000000000000e+03
1.997000000000000000e+03
2.001000000000000000e+03
2.003000000000000000e+03
2.013000000000000000e+03
2.013000000000000000e+03
2.019000000000000000e+03
2.022000000000000000e+03
2.022000000000000000e+03
2.028000000000000000e+03
2.029000000000000000e+03
2.035000000000000000e+03
2.041000000000000000e+03
2.041000000000000000e+03
2.054000000000000000e+03
2.055000000000000000e+03
2.064000000000000000e+03
2.067000000000000000e+03
2.069000000000000000e+03
2.087000000000000000e+03
2.096000000000000000e+03
2.109000000000000000e+03
2.111000000000000000e+03
2.126000000000000000e+03
2.133000000000000000e+03
2.133000000000000000e+03
2.153000000000000000e+03
2.159000000000000000e+03
2.168000000000000000e+03
2.168000000000000000e+03
2.174000000000000000e+03
2.183000000000000000e+03
2.188000000000000000e+03
2.199000000000000000e+03
2.208000000000000000e+03
2.215000000000000000e+03
2.215000000000000000e+03
2.222000000000000000e+03
2.231000000000000000e+03
2.238000000000000000e+03
2.252000000000000000e+03
2.259000000000000000e+03
2.269000000000000000e+03
2.269000000000000000e+03
2.277000000000000000e+03
2.287000000000000000e+03
2.293000000000000000e+03
2.295000000000000000e+03
2.300000000000000000e+03
2.306000000000000000e+03
2.306000000000000000e+03
2.309000000000000000e+03
2.315000000000000000e+03
2.323000000000000000e+03
2.325000000000000000e+03
2.327000000000000000e+03
2.330000000000000000e+03
2.331000000000000000e+03
2.336000000000000000e+03
2.337000000000000000e+03
2.340000000000000000e+03
2.343000000000000000e+03
2.345000000000000000e+03
2.346000000000000000e+03
2.346000000000000000e+03
2.350000000000000000e+03
2.354000000000000000e+03
2.362000000000000000e+03
2.365000000000000000e+03
2.366000000000000000e+03
2.366000000000000000e+03
2.366000000000000000e+03
2.368000000000000000e+03
2.369000000000000000e+03
2.371000000000000000e+03
2.373000000000000000e+03
2.381000000000000000e+03
2.381000000000000000e+03
2.385000000000000000e+03
2.386000000000000000e+03
2.386000000000000000e+03
2.387000000000000000e+03
2.389000000000000000e+03
2.391000000000000000e+03
2.391000000000000000e+03
2.391000000000000000e+03
2.392000000000000000e+03
2.397000000000000000e+03
2.397000000000000000e+03
2.399000000000000000e+03
2.405000000000000000e+03
2.405000000000000000e+03
2.406000000000000000e+03
2.406000000000000000e+03
2.408000000000000000e+03
2.409000000000000000e+03
2.410000000000000000e+03
2.410000000000000000e+03
2.411000000000000000e+03
2.412000000000000000e+03
2.413000000000000000e+03
2.416000000000000000e+03
2.416000000000000000e+03
2.420000000000000000e+03
2.420000000000000000e+03
2.426000000000000000e+03
2.428000000000000000e+03
2.428000000000000000e+03
2.434000000000000000e+03
2.435000000000000000e+03
2.438000000000000000e+03
2.440000000000000000e+03
2.440000000000000000e+03
2.445000000000000000e+03
2.451000000000000000e+03
2.460000000000000000e+03
2.464000000000000000e+03
2.486000000000000000e+03
2.497000000000000000e+03
2.509000000000000000e+03
2.509000000000000000e+03
2.518000000000000000e+03
2.524000000000000000e+03
2.531000000000000000e+03
2.549000000000000000e+03
2.549000000000000000e+03
2.560000000000000000e+03
2.560000000000000000e+03
2.569000000000000000e+03
2.583000000000000000e+03
2.611000000000000000e+03
2.635000000000000000e+03
2.646000000000000000e+03
2.673000000000000000e+03
2.673000000000000000e+03
2.724000000000000000e+03
2.739000000000000000e+03
2.757000000000000000e+03
2.782000000000000000e+03
2.803000000000000000e+03
2.834000000000000000e+03
2.846000000000000000e+03
2.864000000000000000e+03
2.887000000000000000e+03
2.933000000000000000e+03
2.959000000000000000e+03
2.970000000000000000e+03
3.006000000000000000e+03
3.014000000000000000e+03
3.030000000000000000e+03
3.030000000000000000e+03
3.081000000000000000e+03
3.093000000000000000e+03
3.120000000000000000e+03
3.139000000000000000e+03
3.173000000000000000e+03
3.194000000000000000e+03
3.236000000000000000e+03
3.282000000000000000e+03
3.382000000000000000e+03
3.528000000000000000e+03
3.593000000000000000e+03
3.634000000000000000e+03
3.660000000000000000e+03
3.699000000000000000e+03
3.728000000000000000e+03
3.759000000000000000e+03
3.772000000000000000e+03
3.785000000000000000e+03
3.789000000000000000e+03
3.801000000000000000e+03
3.803000000000000000e+03
3.813000000000000000e+03
3.817000000000000000e+03
3.821000000000000000e+03
3.821000000000000000e+03
3.823000000000000000e+03
3.825000000000000000e+03
3.825000000000000000e+03
3.829000000000000000e+03
3.841000000000000000e+03
3.849000000000000000e+03
3.855000000000000000e+03
3.857000000000000000e+03
3.862000000000000000e+03
3.880000000000000000e+03
3.884000000000000000e+03
3.884000000000000000e+03
3.887000000000000000e+03
3.887000000000000000e+03
3.887000000000000000e+03
3.889000000000000000e+03
3.900000000000000000e+03
3.900000000000000000e+03
3.909000000000000000e+03
3.918000000000000000e+03
3.920000000000000000e+03
3.921000000000000000e+03
3.922000000000000000e+03
3.928000000000000000e+03
3.932000000000000000e+03
3.934000000000000000e+03
3.937000000000000000e+03
3.937000000000000000e+03
3.938000000000000000e+03
3.939000000000000000e+03
3.942000000000000000e+03
3.947000000000000000e+03
3.947000000000000000e+03
3.948000000000000000e+03
3.948000000000000000e+03
3.948000000000000000e+03
3.949000000000000000e+03
3.953000000000000000e+03
3.953000000000000000e+03
3.962000000000000000e+03
3.962000000000000000e+03
3.970000000000000000e+03
3.970000000000000000e+03
3.970000000000000000e+03
3.980000000000000000e+03
3.981000000000000000e+03
3.987000000000000000e+03
3.987000000000000000e+03
3.988000000000000000e+03
3.989000000000000000e+03
3.990000000000000000e+03
3.993000000000000000e+03
3.993000000000000000e+03
3.995000000000000000e+03
3.995000000000000000e+03
4.005000000000000000e+03
4.008000000000000000e+03
4.009000000000000000e+03
4.013000000000000000e+03
4.016000000000000000e+03
4.016000000000000000e+03
4.020000000000000000e+03
4.028000000000000000e+03
4.038000000000000000e+03
4.041000000000000000e+03
4.042000000000000000e+03
4.044000000000000000e+03
4.044000000000000000e+03
4.044000000000000000e+03
4.044000000000000000e+03
4.046000000000000000e+03
4.046000000000000000e+03
4.049000000000000000e+03
4.053000000000000000e+03
4.054000000000000000e+03
4.057000000000000000e+03
4.062000000000000000e+03
4.062000000000000000e+03
4.068000000000000000e+03
4.068000000000000000e+03
4.068000000000000000e+03
4.068000000000000000e+03
4.068000000000000000e+03
4.068000000000000000e+03
4.089000000000000000e+03
4.089000000000000000e+03
4.089000000000000000e+03
4.096000000000000000e+03
4.103000000000000000e+03
4.103000000000000000e+03
4.107000000000000000e+03
4.107000000000000000e+03
4.107000000000000000e+03
4.107000000000000000e+03
4.115000000000000000e+03
4.115000000000000000e+03
4.121000000000000000e+03
4.121000000000000000e+03
4.121000000000000000e+03
4.121000000000000000e+03
4.121000000000000000e+03
4.133000000000000000e+03
4.140000000000000000e+03
4.141000000000000000e+03
4.147000000000000000e+03
4.147000000000000000e+03
4.148000000000000000e+03
4.156000000000000000e+03
4.162000000000000000e+03
4.168000000000000000e+03
4.188000000000000000e+03
4.201000000000000000e+03
4.208000000000000000e+03
4.219000000000000000e+03
4.251000000000000000e+03
4.289000000000000000e+03
4.312000000000000000e+03
4.349000000000000000e+03
4.388000000000000000e+03
4.433000000000000000e+03
4.449000000000000000e+03
4.505000000000000000e+03
4.553000000000000000e+03
4.631000000000000000e+03
4.702000000000000000e+03
4.816000000000000000e+03
4.879000000000000000e+03
4.963000000000000000e+03
4.963000000000000000e+03
5.155000000000000000e+03
5.253000000000000000e+03
5.306000000000000000e+03
5.381000000000000000e+03
5.443000000000000000e+03
5.495000000000000000e+03
5.575000000000000000e+03
5.652000000000000000e+03
5.702000000000000000e+03
5.748000000000000000e+03
5.793000000000000000e+03
5.811000000000000000e+03
5.836000000000000000e+03
5.867000000000000000e+03
5.887000000000000000e+03
5.963000000000000000e+03
6.003000000000000000e+03
6.031000000000000000e+03
6.046000000000000000e+03
6.074000000000000000e+03
6.100000000000000000e+03
6.122000000000000000e+03
6.142000000000000000e+03
6.166000000000000000e+03
6.186000000000000000e+03
6.191000000000000000e+03
6.198000000000000000e+03
6.201000000000000000e+03
6.206000000000000000e+03
6.206000000000000000e+03
6.218000000000000000e+03
6.228000000000000000e+03
6.228000000000000000e+03
6.247000000000000000e+03
6.250000000000000000e+03
6.268000000000000000e+03
6.279000000000000000e+03
6.283000000000000000e+03
6.283000000000000000e+03
