0.000000000000000000e+00
0.000000000000000000e+00
0.000000000000000000e+00
0.000000000000000000e+00
0.000000000000000000e+00
0.000000000000000000e+00
0.000000000000000000e+00
0.000000000000000000e+00
0.000000000000000000e+00
0.000000000000000000e+00
0.000000000000000000e+00
0.000000000000000000e+00
0.000000000000000000e+00
0.000000000000000000e+00
0.000000000000000000e+00
0.000000000000000000e+00
0.000000000000000000e+00
0.000000000000000000e+00
0.000000000000000000e+00
0.000000000000000000e+00
0.000000000000000000e+00
0.000000000000000000e+00
0.000000000000000000e+00
0.000000000000000000e+00
0.000000000000000000e+00
0.000000000000000000e+00
0.000000000000000000e+00
0.000000000000000000e+00
0.000000000000000000e+00
0.000000000000000000e+00
0.000000000000000000e+00
0.000000000000000000e+00
0.000000000000000000e+00
0.000000000000000000e+00
0.000000000000000000e+00
0.000000000000000000e+00
0.000000000000000000e+00
0.000000000000000000e+00
0.000000000000000000e+00
6.000000000000000000e+00
6.000000000000000000e+00
7.000000000000000000e+00
1.000000000000000000e+01
1.300000000000000000e+01
1.300000000000000000e+01
1.300000000000000000e+01
1.400000000000000000e+01
1.500000000000000000e+01
1.500000000000000000e+01
1.700000000000000000e+01
1.700000000000000000e+01
1.700000000000000000e+01
2.800000000000000000e+01
2.800000000000000000e+01
3.700000000000000000e+01
5.800000000000000000e+01
1.110000000000000000e+02
1.990000000000000000e+02
3.670000000000000000e+02
5.060000000000000000e+02
7.890000000000000000e+02
9.810000000000000000e+02
1.082000000000000000e+03
1.173000000000000000e+03
1.403000000000000000e+03
1.595000000000000000e+03
1.823000000000000000e+03
1.924000000000000000e+03
1.962000000000000000e+03
2.240000000000000000e+03
2.748000000000000000e+03
3.163000000000000000e+03
3.368000000000000000e+03
3.465000000000000000e+03
3.646000000000000000e+03
3.747000000000000000e+03
3.747000000000000000e+03
4.450000000000000000e+03
4.965000000000000000e+03
7.161000000000000000e+03
7.257000000000000000e+03
7.466000000000000000e+03
7.529000000000000000e+03
7.603000000000000000e+03
7.858000000000000000e+03
8.225000000000000000e+03
8.450000000000000000e+03
9.022000000000000000e+03
9.468000000000000000e+03
1.012800000000000000e+04
1.039800000000000000e+04
1.085000000000000000e+04
1.118300000000000000e+04
2.271900000000000000e+04
2.271900000000000000e+04
2.271900000000000000e+04
2.324000000000000000e+04
2.425800000000000000e+04
2.467500000000000000e+04
2.493400000000000000e+04
2.633600000000000000e+04
2.746400000000000000e+04
2.953800000000000000e+04
3.188100000000000000e+04
3.188100000000000000e+04
3.188100000000000000e+04
3.029800000000000000e+04
2.881800000000000000e+04
2.907100000000000000e+04
2.955900000000000000e+04
2.950900000000000000e+04
3.041900000000000000e+04
3.048600000000000000e+04
3.050200000000000000e+04
3.146700000000000000e+04
3.276300000000000000e+04
3.318200000000000000e+04
3.358200000000000000e+04
3.415100000000000000e+04
3.485400000000000000e+04
3.530600000000000000e+04
3.582800000000000000e+04
3.625800000000000000e+04
3.675600000000000000e+04
3.735500000000000000e+04
3.735500000000000000e+04
3.810300000000000000e+04
3.847100000000000000e+04
3.857100000000000000e+04
3.857100000000000000e+04
3.909800000000000000e+04
3.909800000000000000e+04
4.041400000000000000e+04
4.096600000000000000e+04
4.096600000000000000e+04
4.157500000000000000e+04
4.272800000000000000e+04
4.312000000000000000e+04
4.337800000000000000e+04
4.391700000000000000e+04
4.444000000000000000e+04
4.444000000000000000e+04
4.577800000000000000e+04
4.635600000000000000e+04
4.675100000000000000e+04
4.732200000000000000e+04
4.794300000000000000e+04
4.849000000000000000e+04
4.909700000000000000e+04
4.973100000000000000e+04
4.973100000000000000e+04
5.064000000000000000e+04
5.064000000000000000e+04
5.164300000000000000e+04
5.164300000000000000e+04
5.315600000000000000e+04
5.385600000000000000e+04
5.457400000000000000e+04
5.525500000000000000e+04
5.566500000000000000e+04
5.643200000000000000e+04
5.825700000000000000e+04
5.946800000000000000e+04
6.065700000000000000e+04
6.153500000000000000e+04
6.195800000000000000e+04
6.238000000000000000e+04
6.324500000000000000e+04
6.324500000000000000e+04
6.422100000000000000e+04
6.501800000000000000e+04
6.720900000000000000e+04
6.787000000000000000e+04
6.845900000000000000e+04
6.957000000000000000e+04
7.032900000000000000e+04
7.136500000000000000e+04
7.244400000000000000e+04
7.338200000000000000e+04
7.401300000000000000e+04
7.462000000000000000e+04
7.621700000000000000e+04
7.725700000000000000e+04
7.814800000000000000e+04
7.904900000000000000e+04
8.003600000000000000e+04
8.069400000000000000e+04
8.116100000000000000e+04
8.227900000000000000e+04
8.319300000000000000e+04
8.437000000000000000e+04
8.535500000000000000e+04
8.623200000000000000e+04
8.623200000000000000e+04
8.704100000000000000e+04
8.796300000000000000e+04
8.886600000000000000e+04
9.053700000000000000e+04
9.196900000000000000e+04
9.357200000000000000e+04
9.445900000000000000e+04
9.470100000000000000e+04
9.556300000000000000e+04
9.711000000000000000e+04
9.834300000000000000e+04
9.940900000000000000e+04
1.006880000000000000e+05
1.015420000000000000e+05
1.017510000000000000e+05
1.029410000000000000e+05
1.044750000000000000e+05
1.055080000000000000e+05
1.064810000000000000e+05
1.070890000000000000e+05
1.077690000000000000e+05
1.082890000000000000e+05
1.090300000000000000e+05
1.105490000000000000e+05
1.112190000000000000e+05
1.121410000000000000e+05
1.129060000000000000e+05
1.136480000000000000e+05
1.137670000000000000e+05
1.143090000000000000e+05
1.154570000000000000e+05
1.163600000000000000e+05
1.171750000000000000e+05
1.180450000000000000e+05
1.180450000000000000e+05
1.100920000000000000e+05
1.107570000000000000e+05
1.121660000000000000e+05
1.132060000000000000e+05
1.147320000000000000e+05
1.164510000000000000e+05
1.185940000000000000e+05
1.189110000000000000e+05
1.195530000000000000e+05
1.215250000000000000e+05
1.222570000000000000e+05
1.241290000000000000e+05
1.256200000000000000e+05
1.264190000000000000e+05
1.267110000000000000e+05
1.276430000000000000e+05
1.298920000000000000e+05
1.311460000000000000e+05
1.324750000000000000e+05
1.339810000000000000e+05
1.347470000000000000e+05
1.349650000000000000e+05
1.357490000000000000e+05
1.370470000000000000e+05
1.385840000000000000e+05
1.395340000000000000e+05
1.403510000000000000e+05
1.410340000000000000e+05
1.413390000000000000e+05
1.420560000000000000e+05
1.435310000000000000e+05
1.450450000000000000e+05
1.458480000000000000e+05
1.468280000000000000e+05
1.470330000000000000e+05
1.473150000000000000e+05
1.481710000000000000e+05
1.490830000000000000e+05
1.503600000000000000e+05
1.516590000000000000e+05
1.524220000000000000e+05
1.532890000000000000e+05
1.534230000000000000e+05
1.541150000000000000e+05
1.556250000000000000e+05
1.564510000000000000e+05
1.582700000000000000e+05
1.596140000000000000e+05
1.616350000000000000e+05
1.621780000000000000e+05
1.631920000000000000e+05
1.649080000000000000e+05
1.663020000000000000e+05
1.671470000000000000e+05
1.681920000000000000e+05
1.691940000000000000e+05
1.695620000000000000e+05
1.701100000000000000e+05
1.714330000000000000e+05
1.717830000000000000e+05
1.725080000000000000e+05
1.734860000000000000e+05
1.749070000000000000e+05
1.752690000000000000e+05
1.757110000000000000e+05
1.766300000000000000e+05
1.775130000000000000e+05
1.786740000000000000e+05
1.796270000000000000e+05
1.802950000000000000e+05
1.806760000000000000e+05
1.811040000000000000e+05
1.822500000000000000e+05
1.832460000000000000e+05
1.838400000000000000e+05
1.848760000000000000e+05
1.856430000000000000e+05
1.859440000000000000e+05
1.864360000000000000e+05
1.872300000000000000e+05
1.881380000000000000e+05
1.895340000000000000e+05
1.909090000000000000e+05
1.921170000000000000e+05
1.926850000000000000e+05
1.936730000000000000e+05
1.948760000000000000e+05
1.958840000000000000e+05
1.964820000000000000e+05
1.973910000000000000e+05
1.979980000000000000e+05
1.982440000000000000e+05
1.987520000000000000e+05
1.992280000000000000e+05
2.003790000000000000e+05
2.007650000000000000e+05
2.015240000000000000e+05
2.021100000000000000e+05
2.021800000000000000e+05
2.023560000000000000e+05
2.034610000000000000e+05
2.042490000000000000e+05
2.050030000000000000e+05
2.059200000000000000e+05
2.062570000000000000e+05
2.063290000000000000e+05
2.063640000000000000e+05
2.070840000000000000e+05
2.080100000000000000e+05
2.088280000000000000e+05
2.092740000000000000e+05
2.093550000000000000e+05
2.097580000000000000e+05
2.103260000000000000e+05
2.115120000000000000e+05
2.125120000000000000e+05
2.133780000000000000e+05
2.145130000000000000e+05
2.146140000000000000e+05
2.150800000000000000e+05
2.160830000000000000e+05
2.173770000000000000e+05
2.183850000000000000e+05
2.191480000000000000e+05
2.203490000000000000e+05
2.210700000000000000e+05
2.215060000000000000e+05
2.225670000000000000e+05
2.243150000000000000e+05
2.260020000000000000e+05
2.268660000000000000e+05
2.308080000000000000e+05
2.314820000000000000e+05
2.316440000000000000e+05
2.325680000000000000e+05
2.343150000000000000e+05
2.361890000000000000e+05
2.371580000000000000e+05
2.382320000000000000e+05
2.412920000000000000e+05
2.415670000000000000e+05
2.421460000000000000e+05
2.435350000000000000e+05
2.460000000000000000e+05
2.466870000000000000e+05
2.497790000000000000e+05
2.508280000000000000e+05
2.509860000000000000e+05
2.512790000000000000e+05
2.523900000000000000e+05
2.533390000000000000e+05
2.554120000000000000e+05
2.571150000000000000e+05
2.582820000000000000e+05
2.586070000000000000e+05
2.597830000000000000e+05
2.600760000000000000e+05
2.622130000000000000e+05
2.635170000000000000e+05
2.655270000000000000e+05
2.672230000000000000e+05
2.677010000000000000e+05
2.680730000000000000e+05
2.682190000000000000e+05
2.698600000000000000e+05
2.712760000000000000e+05
2.730970000000000000e+05
2.746730000000000000e+05
2.749680000000000000e+05
2.757800000000000000e+05
2.787790000000000000e+05
2.811690000000000000e+05
2.825990000000000000e+05
2.843470000000000000e+05
2.861550000000000000e+05
2.863670000000000000e+05
2.867250000000000000e+05
2.894720000000000000e+05
2.897350000000000000e+05
2.910700000000000000e+05
2.929430000000000000e+05
2.945030000000000000e+05
2.946180000000000000e+05
2.951140000000000000e+05
2.968410000000000000e+05
2.979570000000000000e+05
2.992160000000000000e+05
3.006660000000000000e+05
3.022210000000000000e+05
3.024980000000000000e+05
3.028540000000000000e+05
3.055980000000000000e+05
3.074290000000000000e+05
3.096430000000000000e+05
3.108680000000000000e+05
3.125980000000000000e+05
3.128510000000000000e+05
3.135700000000000000e+05
3.168070000000000000e+05
3.186560000000000000e+05
3.214510000000000000e+05
3.226990000000000000e+05
3.244820000000000000e+05
3.251240000000000000e+05
3.273250000000000000e+05
3.287550000000000000e+05
3.303880000000000000e+05
3.320380000000000000e+05
3.331750000000000000e+05
3.356810000000000000e+05
3.367770000000000000e+05
3.377020000000000000e+05
3.396040000000000000e+05
3.416190000000000000e+05
3.426780000000000000e+05
3.448770000000000000e+05
3.468170000000000000e+05
3.470700000000000000e+05
3.475890000000000000e+05
3.505390000000000000e+05
3.554310000000000000e+05
3.559640000000000000e+05
3.581570000000000000e+05
3.605460000000000000e+05
3.605630000000000000e+05
3.611540000000000000e+05
3.628430000000000000e+05
3.653930000000000000e+05
3.713060000000000000e+05
3.727540000000000000e+05
3.733620000000000000e+05
3.747750000000000000e+05
3.753290000000000000e+05
3.776620000000000000e+05
3.806890000000000000e+05
3.818620000000000000e+05
3.845890000000000000e+05
3.872990000000000000e+05
3.880460000000000000e+05
3.912420000000000000e+05
3.930480000000000000e+05
3.953270000000000000e+05
3.968880000000000000e+05
3.989210000000000000e+05
4.002960000000000000e+05
4.020600000000000000e+05
4.025950000000000000e+05
4.046320000000000000e+05
4.057830000000000000e+05
4.070020000000000000e+05
4.095200000000000000e+05
4.101290000000000000e+05
4.108700000000000000e+05
4.114660000000000000e+05
4.129070000000000000e+05
4.152550000000000000e+05
4.166210000000000000e+05
4.178400000000000000e+05
4.188510000000000000e+05
4.191980000000000000e+05
4.201670000000000000e+05
4.212310000000000000e+05
4.223290000000000000e+05
4.231650000000000000e+05
4.247410000000000000e+05
4.258410000000000000e+05
4.260370000000000000e+05
4.276900000000000000e+05
4.288650000000000000e+05
4.298170000000000000e+05
4.307390000000000000e+05
4.314290000000000000e+05
4.323530000000000000e+05
4.327390000000000000e+05
4.329850000000000000e+05
4.338700000000000000e+05
4.360230000000000000e+05
4.371210000000000000e+05
4.381080000000000000e+05
4.389340000000000000e+05
4.391390000000000000e+05
4.393740000000000000e+05
4.411800000000000000e+05
4.423410000000000000e+05
4.443950000000000000e+05
4.455860000000000000e+05
4.464410000000000000e+05
4.466330000000000000e+05
4.471760000000000000e+05
4.491070000000000000e+05
4.494830000000000000e+05
4.522340000000000000e+05
4.533650000000000000e+05
4.543360000000000000e+05
4.557430000000000000e+05
4.574890000000000000e+05
4.585040000000000000e+05
4.595380000000000000e+05
4.611570000000000000e+05
4.621420000000000000e+05
4.621420000000000000e+05
4.626490000000000000e+05
4.639510000000000000e+05
4.650290000000000000e+05
4.658780000000000000e+05
4.670730000000000000e+05
4.679760000000000000e+05
4.683460000000000000e+05
4.684140000000000000e+05
4.708820000000000000e+05
4.717570000000000000e+05
4.727220000000000000e+05
4.736470000000000000e+05
4.752150000000000000e+05
4.760650000000000000e+05
4.763120000000000000e+05
4.779460000000000000e+05
4.786150000000000000e+05
4.797840000000000000e+05
4.807200000000000000e+05
4.807200000000000000e+05
4.807200000000000000e+05
4.807200000000000000e+05
4.807200000000000000e+05
4.807200000000000000e+05
4.856730000000000000e+05
4.865440000000000000e+05
4.873720000000000000e+05
4.875980000000000000e+05
