0.000000000000000000e+00
0.000000000000000000e+00
0.000000000000000000e+00
0.000000000000000000e+00
0.000000000000000000e+00
0.000000000000000000e+00
0.000000000000000000e+00
0.000000000000000000e+00
0.000000000000000000e+00
0.000000000000000000e+00
0.000000000000000000e+00
0.000000000000000000e+00
0.000000000000000000e+00
0.000000000000000000e+00
0.000000000000000000e+00
0.000000000000000000e+00
0.000000000000000000e+00
0.000000000000000000e+00
0.000000000000000000e+00
0.000000000000000000e+00
0.000000000000000000e+00
0.000000000000000000e+00
0.000000000000000000e+00
0.000000000000000000e+00
0.000000000000000000e+00
0.000000000000000000e+00
0.000000000000000000e+00
0.000000000000000000e+00
0.000000000000000000e+00
0.000000000000000000e+00
0.000000000000000000e+00
0.000000000000000000e+00
0.000000000000000000e+00
0.000000000000000000e+00
0.000000000000000000e+00
0.000000000000000000e+00
0.000000000000000000e+00
0.000000000000000000e+00
0.000000000000000000e+00
6.000000000000000000e+00
0.000000000000000000e+00
1.000000000000000000e+00
3.000000000000000000e+00
3.000000000000000000e+00
0.000000000000000000e+00
0.000000000000000000e+00
1.000000000000000000e+00
1.000000000000000000e+00
0.000000000000000000e+00
2.000000000000000000e+00
0.000000000000000000e+00
0.000000000000000000e+00
1.100000000000000000e+01
0.000000000000000000e+00
9.000000000000000000e+00
2.100000000000000000e+01
5.300000000000000000e+01
8.800000000000000000e+01
1.680000000000000000e+02
1.390000000000000000e+02
2.830000000000000000e+02
1.920000000000000000e+02
1.010000000000000000e+02
9.100000000000000000e+01
2.300000000000000000e+02
1.920000000000000000e+02
2.280000000000000000e+02
1.010000000000000000e+02
3.800000000000000000e+01
2.780000000000000000e+02
5.080000000000000000e+02
4.150000000000000000e+02
2.050000000000000000e+02
9.700000000000000000e+01
1.810000000000000000e+02
1.010000000000000000e+02
0.000000000000000000e+00
7.030000000000000000e+02
5.150000000000000000e+02
2.196000000000000000e+03
9.600000000000000000e+01
2.090000000000000000e+02
6.300000000000000000e+01
7.400000000000000000e+01
2.550000000000000000e+02
3.670000000000000000e+02
2.250000000000000000e+02
5.720000000000000000e+02
4.460000000000000000e+02
6.600000000000000000e+02
2.700000000000000000e+02
4.520000000000000000e+02
3.330000000000000000e+02
1.153600000000000000e+04
0.000000000000000000e+00
0.000000000000000000e+00
5.210000000000000000e+02
1.018000000000000000e+03
4.170000000000000000e+02
2.590000000000000000e+02
1.402000000000000000e+03
1.128000000000000000e+03
2.074000000000000000e+03
2.343000000000000000e+03
0.000000000000000000e+00
0.000000000000000000e+00
-1.583000000000000000e+03
-1.480000000000000000e+03
2.530000000000000000e+02
4.880000000000000000e+02
-5.000000000000000000e+01
9.100000000000000000e+02
6.700000000000000000e+01
1.600000000000000000e+01
9.650000000000000000e+02
1.296000000000000000e+03
4.190000000000000000e+02
4.000000000000000000e+02
5.690000000000000000e+02
7.030000000000000000e+02
4.520000000000000000e+02
5.220000000000000000e+02
4.300000000000000000e+02
4.980000000000000000e+02
5.990000000000000000e+02
0.000000000000000000e+00
7.480000000000000000e+02
3.680000000000000000e+02
1.000000000000000000e+02
0.000000000000000000e+00
5.270000000000000000e+02
0.000000000000000000e+00
1.316000000000000000e+03
5.520000000000000000e+02
0.000000000000000000e+00
6.090000000000000000e+02
1.153000000000000000e+03
3.920000000000000000e+02
2.580000000000000000e+02
5.390000000000000000e+02
5.230000000000000000e+02
0.000000000000000000e+00
1.338000000000000000e+03
5.780000000000000000e+02
3.950000000000000000e+02
5.710000000000000000e+02
6.210000000000000000e+02
5.470000000000000000e+02
6.070000000000000000e+02
6.340000000000000000e+02
0.000000000000000000e+00
9.090000000000000000e+02
0.000000000000000000e+00
1.003000000000000000e+03
0.000000000000000000e+00
1.513000000000000000e+03
7.000000000000000000e+02
7.180000000000000000e+02
6.810000000000000000e+02
4.100000000000000000e+02
7.670000000000000000e+02
1.825000000000000000e+03
1.211000000000000000e+03
1.189000000000000000e+03
8.780000000000000000e+02
4.230000000000000000e+02
4.220000000000000000e+02
8.650000000000000000e+02
0.000000000000000000e+00
9.760000000000000000e+02
7.970000000000000000e+02
2.191000000000000000e+03
6.610000000000000000e+02
5.890000000000000000e+02
1.111000000000000000e+03
7.590000000000000000e+02
1.036000000000000000e+03
1.079000000000000000e+03
9.380000000000000000e+02
6.310000000000000000e+02
6.070000000000000000e+02
1.597000000000000000e+03
1.040000000000000000e+03
8.910000000000000000e+02
9.010000000000000000e+02
9.870000000000000000e+02
6.580000000000000000e+02
4.670000000000000000e+02
1.118000000000000000e+03
9.140000000000000000e+02
1.177000000000000000e+03
9.850000000000000000e+02
8.770000000000000000e+02
0.000000000000000000e+00
8.090000000000000000e+02
9.220000000000000000e+02
9.030000000000000000e+02
1.671000000000000000e+03
1.432000000000000000e+03
1.603000000000000000e+03
8.870000000000000000e+02
2.420000000000000000e+02
8.620000000000000000e+02
1.547000000000000000e+03
1.233000000000000000e+03
1.066000000000000000e+03
1.279000000000000000e+03
8.540000000000000000e+02
2.090000000000000000e+02
1.190000000000000000e+03
1.534000000000000000e+03
1.033000000000000000e+03
9.730000000000000000e+02
6.080000000000000000e+02
6.800000000000000000e+02
5.200000000000000000e+02
7.410000000000000000e+02
1.519000000000000000e+03
6.700000000000000000e+02
9.220000000000000000e+02
7.650000000000000000e+02
7.420000000000000000e+02
1.190000000000000000e+02
5.420000000000000000e+02
1.148000000000000000e+03
9.030000000000000000e+02
8.150000000000000000e+02
8.700000000000000000e+02
0.000000000000000000e+00
-7.953000000000000000e+03
6.650000000000000000e+02
1.409000000000000000e+03
1.040000000000000000e+03
1.526000000000000000e+03
1.719000000000000000e+03
2.143000000000000000e+03
3.170000000000000000e+02
6.420000000000000000e+02
1.972000000000000000e+03
7.320000000000000000e+02
1.872000000000000000e+03
1.491000000000000000e+03
7.990000000000000000e+02
2.920000000000000000e+02
9.320000000000000000e+02
2.249000000000000000e+03
1.254000000000000000e+03
1.329000000000000000e+03
1.506000000000000000e+03
7.660000000000000000e+02
2.180000000000000000e+02
7.840000000000000000e+02
1.298000000000000000e+03
1.537000000000000000e+03
9.500000000000000000e+02
8.170000000000000000e+02
6.830000000000000000e+02
3.050000000000000000e+02
7.170000000000000000e+02
1.475000000000000000e+03
1.514000000000000000e+03
8.030000000000000000e+02
9.800000000000000000e+02
2.050000000000000000e+02
2.820000000000000000e+02
8.560000000000000000e+02
9.120000000000000000e+02
1.277000000000000000e+03
1.299000000000000000e+03
7.630000000000000000e+02
8.670000000000000000e+02
1.340000000000000000e+02
6.920000000000000000e+02
1.510000000000000000e+03
8.260000000000000000e+02
1.819000000000000000e+03
1.344000000000000000e+03
2.021000000000000000e+03
5.430000000000000000e+02
1.014000000000000000e+03
1.716000000000000000e+03
1.394000000000000000e+03
8.450000000000000000e+02
1.045000000000000000e+03
1.002000000000000000e+03
3.680000000000000000e+02
5.480000000000000000e+02
1.323000000000000000e+03
3.500000000000000000e+02
7.250000000000000000e+02
9.780000000000000000e+02
1.421000000000000000e+03
3.620000000000000000e+02
4.420000000000000000e+02
9.190000000000000000e+02
8.830000000000000000e+02
1.161000000000000000e+03
9.530000000000000000e+02
6.680000000000000000e+02
3.810000000000000000e+02
4.280000000000000000e+02
1.146000000000000000e+03
9.960000000000000000e+02
5.940000000000000000e+02
1.036000000000000000e+03
7.670000000000000000e+02
3.010000000000000000e+02
4.920000000000000000e+02
7.940000000000000000e+02
9.080000000000000000e+02
1.396000000000000000e+03
1.375000000000000000e+03
1.208000000000000000e+03
5.680000000000000000e+02
9.880000000000000000e+02
1.203000000000000000e+03
1.008000000000000000e+03
5.980000000000000000e+02
9.090000000000000000e+02
6.070000000000000000e+02
2.460000000000000000e+02
5.080000000000000000e+02
4.760000000000000000e+02
1.151000000000000000e+03
3.860000000000000000e+02
7.590000000000000000e+02
5.860000000000000000e+02
7.000000000000000000e+01
1.760000000000000000e+02
1.105000000000000000e+03
7.880000000000000000e+02
7.540000000000000000e+02
9.170000000000000000e+02
3.370000000000000000e+02
7.200000000000000000e+01
3.500000000000000000e+01
7.200000000000000000e+02
9.260000000000000000e+02
8.180000000000000000e+02
4.460000000000000000e+02
8.100000000000000000e+01
4.030000000000000000e+02
5.680000000000000000e+02
1.186000000000000000e+03
1.000000000000000000e+03
8.660000000000000000e+02
1.135000000000000000e+03
1.010000000000000000e+02
4.660000000000000000e+02
1.003000000000000000e+03
1.294000000000000000e+03
1.008000000000000000e+03
7.630000000000000000e+02
1.201000000000000000e+03
7.210000000000000000e+02
4.360000000000000000e+02
1.061000000000000000e+03
1.748000000000000000e+03
1.687000000000000000e+03
8.640000000000000000e+02
3.942000000000000000e+03
6.740000000000000000e+02
1.620000000000000000e+02
9.240000000000000000e+02
1.747000000000000000e+03
1.874000000000000000e+03
9.690000000000000000e+02
1.074000000000000000e+03
3.060000000000000000e+03
2.750000000000000000e+02
5.790000000000000000e+02
1.389000000000000000e+03
2.465000000000000000e+03
6.870000000000000000e+02
3.092000000000000000e+03
1.049000000000000000e+03
1.580000000000000000e+02
2.930000000000000000e+02
1.111000000000000000e+03
9.490000000000000000e+02
2.073000000000000000e+03
1.703000000000000000e+03
1.167000000000000000e+03
3.250000000000000000e+02
1.176000000000000000e+03
2.930000000000000000e+02
2.137000000000000000e+03
1.304000000000000000e+03
2.010000000000000000e+03
1.696000000000000000e+03
4.780000000000000000e+02
3.720000000000000000e+02
1.460000000000000000e+02
1.641000000000000000e+03
1.416000000000000000e+03
1.821000000000000000e+03
1.576000000000000000e+03
2.950000000000000000e+02
8.120000000000000000e+02
2.999000000000000000e+03
2.390000000000000000e+03
1.430000000000000000e+03
1.748000000000000000e+03
1.808000000000000000e+03
2.120000000000000000e+02
3.580000000000000000e+02
2.747000000000000000e+03
2.630000000000000000e+02
1.335000000000000000e+03
1.873000000000000000e+03
1.560000000000000000e+03
1.150000000000000000e+02
4.960000000000000000e+02
1.727000000000000000e+03
1.116000000000000000e+03
1.259000000000000000e+03
1.450000000000000000e+03
1.555000000000000000e+03
2.770000000000000000e+02
3.560000000000000000e+02
2.744000000000000000e+03
1.831000000000000000e+03
2.214000000000000000e+03
1.225000000000000000e+03
1.730000000000000000e+03
2.530000000000000000e+02
7.190000000000000000e+02
3.237000000000000000e+03
1.849000000000000000e+03
2.795000000000000000e+03
1.248000000000000000e+03
1.783000000000000000e+03
6.420000000000000000e+02
2.201000000000000000e+03
1.430000000000000000e+03
1.633000000000000000e+03
1.650000000000000000e+03
1.137000000000000000e+03
2.506000000000000000e+03
1.096000000000000000e+03
9.250000000000000000e+02
1.902000000000000000e+03
2.015000000000000000e+03
1.059000000000000000e+03
2.199000000000000000e+03
1.940000000000000000e+03
2.530000000000000000e+02
5.190000000000000000e+02
2.950000000000000000e+03
4.892000000000000000e+03
5.330000000000000000e+02
2.193000000000000000e+03
2.389000000000000000e+03
1.700000000000000000e+01
5.910000000000000000e+02
1.689000000000000000e+03
2.550000000000000000e+03
5.913000000000000000e+03
1.448000000000000000e+03
6.080000000000000000e+02
1.413000000000000000e+03
5.540000000000000000e+02
2.333000000000000000e+03
3.027000000000000000e+03
1.173000000000000000e+03
2.727000000000000000e+03
2.710000000000000000e+03
7.470000000000000000e+02
3.196000000000000000e+03
1.806000000000000000e+03
2.279000000000000000e+03
1.561000000000000000e+03
2.033000000000000000e+03
1.375000000000000000e+03
1.764000000000000000e+03
5.350000000000000000e+02
2.037000000000000000e+03
1.151000000000000000e+03
1.219000000000000000e+03
2.518000000000000000e+03
6.090000000000000000e+02
7.410000000000000000e+02
5.960000000000000000e+02
1.441000000000000000e+03
2.348000000000000000e+03
1.366000000000000000e+03
1.219000000000000000e+03
1.011000000000000000e+03
3.470000000000000000e+02
9.690000000000000000e+02
1.064000000000000000e+03
1.098000000000000000e+03
8.360000000000000000e+02
1.576000000000000000e+03
1.100000000000000000e+03
1.960000000000000000e+02
1.653000000000000000e+03
1.175000000000000000e+03
9.520000000000000000e+02
9.220000000000000000e+02
6.900000000000000000e+02
9.240000000000000000e+02
3.860000000000000000e+02
2.460000000000000000e+02
8.850000000000000000e+02
2.153000000000000000e+03
1.098000000000000000e+03
9.870000000000000000e+02
8.260000000000000000e+02
2.050000000000000000e+02
2.350000000000000000e+02
1.806000000000000000e+03
1.161000000000000000e+03
2.054000000000000000e+03
1.191000000000000000e+03
8.550000000000000000e+02
1.920000000000000000e+02
5.430000000000000000e+02
1.931000000000000000e+03
3.760000000000000000e+02
2.751000000000000000e+03
1.131000000000000000e+03
9.710000000000000000e+02
1.407000000000000000e+03
1.746000000000000000e+03
1.015000000000000000e+03
1.034000000000000000e+03
1.619000000000000000e+03
9.850000000000000000e+02
0.000000000000000000e+00
5.070000000000000000e+02
1.302000000000000000e+03
1.078000000000000000e+03
8.490000000000000000e+02
1.195000000000000000e+03
9.030000000000000000e+02
3.700000000000000000e+02
6.800000000000000000e+01
2.468000000000000000e+03
8.750000000000000000e+02
9.650000000000000000e+02
9.250000000000000000e+02
1.568000000000000000e+03
8.500000000000000000e+02
2.470000000000000000e+02
1.634000000000000000e+03
6.690000000000000000e+02
1.169000000000000000e+03
9.360000000000000000e+02
0.000000000000000000e+00
0.000000000000000000e+00
0.000000000000000000e+00
0.000000000000000000e+00
0.000000000000000000e+00
4.953000000000000000e+03
8.710000000000000000e+02
8.280000000000000000e+02
2.260000000000000000e+02
