0.000000000000000000e+00
0.000000000000000000e+00
0.000000000000000000e+00
0.000000000000000000e+00
0.000000000000000000e+00
0.000000000000000000e+00
0.000000000000000000e+00
0.000000000000000000e+00
0.000000000000000000e+00
0.000000000000000000e+00
0.000000000000000000e+00
0.000000000000000000e+00
0.000000000000000000e+00
0.000000000000000000e+00
0.000000000000000000e+00
0.000000000000000000e+00
0.000000000000000000e+00
0.000000000000000000e+00
0.000000000000000000e+00
0.000000000000000000e+00
0.000000000000000000e+00
0.000000000000000000e+00
0.000000000000000000e+00
0.000000000000000000e+00
0.000000000000000000e+00
0.000000000000000000e+00
0.000000000000000000e+00
0.000000000000000000e+00
0.000000000000000000e+00
0.000000000000000000e+00
0.000000000000000000e+00
0.000000000000000000e+00
0.000000000000000000e+00
0.000000000000000000e+00
0.000000000000000000e+00
0.000000000000000000e+00
0.000000000000000000e+00
0.000000000000000000e+00
0.000000000000000000e+00
0.000000000000000000e+00
0.000000000000000000e+00
0.000000000000000000e+00
0.000000000000000000e+00
0.000000000000000000e+00
1.000000000000000000e+00
1.000000000000000000e+00
6.000000000000000000e+00
7.000000000000000000e+00
1.100000000000000000e+01
1.100000000000000000e+01
1.500000000000000000e+01
2.800000000000000000e+01
3.800000000000000000e+01
4.300000000000000000e+01
8.600000000000000000e+01
1.170000000000000000e+02
1.450000000000000000e+02
2.340000000000000000e+02
2.340000000000000000e+02
3.180000000000000000e+02
3.630000000000000000e+02
3.950000000000000000e+02
4.160000000000000000e+02
4.800000000000000000e+02
5.800000000000000000e+02
6.350000000000000000e+02
6.710000000000000000e+02
8.520000000000000000e+02
9.500000000000000000e+02
1.065000000000000000e+03
1.323000000000000000e+03
1.414000000000000000e+03
1.595000000000000000e+03
1.746000000000000000e+03
2.281000000000000000e+03
2.561000000000000000e+03
2.954000000000000000e+03
4.342000000000000000e+03
5.256000000000000000e+03
5.897000000000000000e+03
6.848000000000000000e+03
7.519000000000000000e+03
9.784000000000000000e+03
1.030300000000000000e+04
1.147500000000000000e+04
1.249100000000000000e+04
1.348900000000000000e+04
1.442000000000000000e+04
1.562800000000000000e+04
1.632500000000000000e+04
1.783700000000000000e+04
1.925000000000000000e+04
2.091400000000000000e+04
2.164800000000000000e+04
2.533100000000000000e+04
2.751700000000000000e+04
2.869900000000000000e+04
3.119000000000000000e+04
3.393100000000000000e+04
3.697600000000000000e+04
4.045900000000000000e+04
4.253400000000000000e+04
4.592800000000000000e+04
4.737200000000000000e+04
5.118900000000000000e+04
5.481700000000000000e+04
5.852600000000000000e+04
6.184700000000000000e+04
6.501500000000000000e+04
6.730700000000000000e+04
6.882200000000000000e+04
7.205900000000000000e+04
7.630600000000000000e+04
8.060400000000000000e+04
8.449500000000000000e+04
8.854100000000000000e+04
9.227300000000000000e+04
9.493300000000000000e+04
9.948300000000000000e+04
1.040200000000000000e+05
1.087690000000000000e+05
1.116980000000000000e+05
1.157540000000000000e+05
1.199590000000000000e+05
1.239790000000000000e+05
1.297510000000000000e+05
1.359050000000000000e+05
1.417790000000000000e+05
1.482850000000000000e+05
1.556710000000000000e+05
1.644760000000000000e+05
1.700390000000000000e+05
1.781650000000000000e+05
1.789140000000000000e+05
1.831980000000000000e+05
1.874000000000000000e+05
1.917580000000000000e+05
1.965150000000000000e+05
1.996960000000000000e+05
2.037360000000000000e+05
2.088230000000000000e+05
2.147880000000000000e+05
2.147880000000000000e+05
2.207490000000000000e+05
2.297360000000000000e+05
2.329920000000000000e+05
2.371560000000000000e+05
2.409080000000000000e+05
2.443880000000000000e+05
2.479250000000000000e+05
2.513380000000000000e+05
2.549360000000000000e+05
2.574470000000000000e+05
2.608100000000000000e+05
2.646890000000000000e+05
2.686020000000000000e+05
2.723640000000000000e+05
2.759890000000000000e+05
2.794190000000000000e+05
2.823650000000000000e+05
2.852130000000000000e+05
2.884770000000000000e+05
2.920040000000000000e+05
2.955990000000000000e+05
2.990800000000000000e+05
3.027180000000000000e+05
3.057030000000000000e+05
3.092780000000000000e+05
3.129110000000000000e+05
3.164480000000000000e+05
3.196460000000000000e+05
3.227100000000000000e+05
3.263260000000000000e+05
3.301230000000000000e+05
3.338670000000000000e+05
3.377510000000000000e+05
3.415860000000000000e+05
3.455370000000000000e+05
3.495000000000000000e+05
3.535900000000000000e+05
3.576810000000000000e+05
3.620870000000000000e+05
3.665500000000000000e+05
3.710960000000000000e+05
3.759610000000000000e+05
3.759610000000000000e+05
3.759610000000000000e+05
3.897170000000000000e+05
3.950050000000000000e+05
4.006830000000000000e+05
4.006830000000000000e+05
4.074920000000000000e+05
4.074920000000000000e+05
4.288500000000000000e+05
4.331000000000000000e+05
4.398900000000000000e+05
4.476240000000000000e+05
4.554090000000000000e+05
4.638750000000000000e+05
4.638750000000000000e+05
4.780240000000000000e+05
4.831330000000000000e+05
4.896800000000000000e+05
4.896800000000000000e+05
4.985550000000000000e+05
5.162960000000000000e+05
5.162960000000000000e+05
5.258030000000000000e+05
5.359460000000000000e+05
5.414930000000000000e+05
5.493210000000000000e+05
5.584200000000000000e+05
5.670590000000000000e+05
5.760670000000000000e+05
5.852360000000000000e+05
5.943260000000000000e+05
6.004380000000000000e+05
6.073820000000000000e+05
6.133780000000000000e+05
6.219970000000000000e+05
6.299610000000000000e+05
6.394350000000000000e+05
6.471660000000000000e+05
6.520370000000000000e+05
6.571290000000000000e+05
6.571290000000000000e+05
6.701450000000000000e+05
6.768480000000000000e+05
6.837020000000000000e+05
6.899770000000000000e+05
6.915750000000000000e+05
6.961900000000000000e+05
7.027760000000000000e+05
7.100670000000000000e+05
7.166700000000000000e+05
7.228320000000000000e+05
7.296190000000000000e+05
7.338600000000000000e+05
7.380200000000000000e+05
7.444000000000000000e+05
7.500980000000000000e+05
7.564120000000000000e+05
7.628650000000000000e+05
7.688950000000000000e+05
7.688950000000000000e+05
7.765460000000000000e+05
7.826950000000000000e+05
7.945840000000000000e+05
7.945840000000000000e+05
8.001420000000000000e+05
8.053020000000000000e+05
8.087140000000000000e+05
8.117680000000000000e+05
8.148290000000000000e+05
8.182970000000000000e+05
8.215640000000000000e+05
8.215640000000000000e+05
8.281690000000000000e+05
8.299990000000000000e+05
8.329290000000000000e+05
8.356620000000000000e+05
8.386140000000000000e+05
8.460880000000000000e+05
8.493710000000000000e+05
8.511710000000000000e+05
8.539740000000000000e+05
8.539740000000000000e+05
8.597400000000000000e+05
8.597400000000000000e+05
8.624170000000000000e+05
8.655490000000000000e+05
8.686750000000000000e+05
8.708760000000000000e+05
8.741180000000000000e+05
8.798760000000000000e+05
8.798760000000000000e+05
8.831160000000000000e+05
8.887150000000000000e+05
8.887150000000000000e+05
8.905740000000000000e+05
8.924970000000000000e+05
8.949280000000000000e+05
8.975940000000000000e+05
9.001800000000000000e+05
9.025030000000000000e+05
9.025030000000000000e+05
9.025030000000000000e+05
9.117870000000000000e+05
9.147220000000000000e+05
9.147220000000000000e+05
9.175030000000000000e+05
9.200100000000000000e+05
9.223330000000000000e+05
9.235270000000000000e+05
9.254310000000000000e+05
9.280060000000000000e+05
9.302370000000000000e+05
9.326500000000000000e+05
9.348990000000000000e+05
9.370110000000000000e+05
9.382680000000000000e+05
9.399310000000000000e+05
9.399310000000000000e+05
9.439170000000000000e+05
9.480810000000000000e+05
9.480810000000000000e+05
9.496700000000000000e+05
9.505570000000000000e+05
9.524390000000000000e+05
9.524390000000000000e+05
9.563470000000000000e+05
9.603680000000000000e+05
9.625300000000000000e+05
9.625300000000000000e+05
9.636050000000000000e+05
9.636050000000000000e+05
9.670750000000000000e+05
9.670750000000000000e+05
9.708600000000000000e+05
9.726880000000000000e+05
9.739120000000000000e+05
9.739120000000000000e+05
9.766210000000000000e+05
9.791110000000000000e+05
9.791110000000000000e+05
9.809430000000000000e+05
9.809430000000000000e+05
9.849730000000000000e+05
9.861300000000000000e+05
9.861300000000000000e+05
9.894570000000000000e+05
9.894570000000000000e+05
9.894570000000000000e+05
9.958990000000000000e+05
9.975170000000000000e+05
9.984750000000000000e+05
1.000153000000000000e+06
1.000153000000000000e+06
1.003982000000000000e+06
1.005546000000000000e+06
1.005546000000000000e+06
1.007657000000000000e+06
1.008908000000000000e+06
1.010496000000000000e+06
1.015137000000000000e+06
1.015137000000000000e+06
1.015137000000000000e+06
1.018099000000000000e+06
1.019475000000000000e+06
1.019475000000000000e+06
1.022018000000000000e+06
1.022018000000000000e+06
1.026180000000000000e+06
1.026180000000000000e+06
1.026180000000000000e+06
1.035184000000000000e+06
1.037350000000000000e+06
1.040231000000000000e+06
1.040231000000000000e+06
1.056023000000000000e+06
1.056023000000000000e+06
1.060567000000000000e+06
1.060567000000000000e+06
1.060567000000000000e+06
1.073214000000000000e+06
1.073214000000000000e+06
1.082907000000000000e+06
1.082907000000000000e+06
1.093938000000000000e+06
1.093938000000000000e+06
1.107239000000000000e+06
1.107239000000000000e+06
1.113970000000000000e+06
1.119685000000000000e+06
1.133022000000000000e+06
1.138239000000000000e+06
1.138239000000000000e+06
1.142716000000000000e+06
1.158337000000000000e+06
1.158337000000000000e+06
1.165052000000000000e+06
1.173045000000000000e+06
1.186698000000000000e+06
1.186698000000000000e+06
1.196778000000000000e+06
1.196778000000000000e+06
1.203502000000000000e+06
1.212309000000000000e+06
1.220748000000000000e+06
1.235298000000000000e+06
1.238501000000000000e+06
1.238501000000000000e+06
1.244729000000000000e+06
1.252137000000000000e+06
1.261804000000000000e+06
1.269523000000000000e+06
1.283309000000000000e+06
1.283309000000000000e+06
1.286757000000000000e+06
1.293497000000000000e+06
1.300799000000000000e+06
1.316363000000000000e+06
1.323863000000000000e+06
1.323863000000000000e+06
1.329805000000000000e+06
1.338297000000000000e+06
1.338297000000000000e+06
1.344969000000000000e+06
1.349847000000000000e+06
1.358294000000000000e+06
1.364964000000000000e+06
1.371176000000000000e+06
1.380023000000000000e+06
1.380023000000000000e+06
1.387457000000000000e+06
1.394571000000000000e+06
1.402610000000000000e+06
1.407963000000000000e+06
1.412406000000000000e+06
1.418974000000000000e+06
1.435598000000000000e+06
1.435598000000000000e+06
1.451645000000000000e+06
1.451645000000000000e+06
1.466326000000000000e+06
1.466326000000000000e+06
1.481259000000000000e+06
1.481259000000000000e+06
1.500465000000000000e+06
1.512384000000000000e+06
1.520973000000000000e+06
1.529882000000000000e+06
1.533121000000000000e+06
1.533121000000000000e+06
1.548807000000000000e+06
1.561723000000000000e+06
1.568345000000000000e+06
1.573961000000000000e+06
1.582367000000000000e+06
1.590209000000000000e+06
1.590209000000000000e+06
1.598593000000000000e+06
1.617864000000000000e+06
1.628519000000000000e+06
1.639767000000000000e+06
1.647694000000000000e+06
1.653320000000000000e+06
1.659707000000000000e+06
1.667737000000000000e+06
1.667737000000000000e+06
1.681063000000000000e+06
1.697626000000000000e+06
1.697626000000000000e+06
1.707787000000000000e+06
1.719088000000000000e+06
1.719088000000000000e+06
1.734606000000000000e+06
1.745655000000000000e+06
1.754150000000000000e+06
1.761575000000000000e+06
1.768186000000000000e+06
1.768186000000000000e+06
1.783339000000000000e+06
1.783339000000000000e+06
1.799445000000000000e+06
1.799445000000000000e+06
1.810998000000000000e+06
1.814127000000000000e+06
1.818689000000000000e+06
1.818689000000000000e+06
1.824457000000000000e+06
1.824457000000000000e+06
1.845056000000000000e+06
1.850290000000000000e+06
1.850290000000000000e+06
1.853370000000000000e+06
1.865639000000000000e+06
1.865639000000000000e+06
1.879049000000000000e+06
1.879049000000000000e+06
1.889052000000000000e+06
1.889052000000000000e+06
1.893334000000000000e+06
1.903615000000000000e+06
1.903615000000000000e+06
1.910360000000000000e+06
1.920851000000000000e+06
1.925289000000000000e+06
1.925289000000000000e+06
1.932255000000000000e+06
1.937245000000000000e+06
1.942054000000000000e+06
1.942054000000000000e+06
1.947555000000000000e+06
1.947555000000000000e+06
1.955469000000000000e+06
1.955469000000000000e+06
1.965432000000000000e+06
1.965432000000000000e+06
1.976166000000000000e+06
1.980391000000000000e+06
1.980391000000000000e+06
1.983570000000000000e+06
1.984999000000000000e+06
1.987933000000000000e+06
1.995257000000000000e+06
1.998056000000000000e+06
1.998056000000000000e+06
2.003625000000000000e+06
2.003625000000000000e+06
2.007477000000000000e+06
2.007477000000000000e+06
2.019716000000000000e+06
2.023179000000000000e+06
2.023179000000000000e+06
2.026729000000000000e+06
2.030611000000000000e+06
2.030611000000000000e+06
2.033606000000000000e+06
2.036449000000000000e+06
2.043262000000000000e+06
2.043262000000000000e+06
2.046057000000000000e+06
2.048115000000000000e+06
2.048115000000000000e+06
2.052065000000000000e+06
2.057554000000000000e+06
2.057554000000000000e+06
2.057554000000000000e+06
2.065113000000000000e+06
2.066677000000000000e+06
2.069051000000000000e+06
2.071637000000000000e+06
2.074186000000000000e+06
2.074186000000000000e+06
2.078815000000000000e+06
2.080777000000000000e+06
2.081557000000000000e+06
2.083567000000000000e+06
2.085883000000000000e+06
2.088143000000000000e+06
2.090175000000000000e+06
2.092125000000000000e+06
2.093754000000000000e+06
2.094445000000000000e+06
2.096013000000000000e+06
2.097811000000000000e+06
2.099522000000000000e+06
2.101139000000000000e+06
2.102904000000000000e+06
2.104394000000000000e+06
2.105005000000000000e+06
2.106371000000000000e+06
2.107873000000000000e+06
2.108595000000000000e+06
2.108595000000000000e+06
2.111393000000000000e+06
2.113201000000000000e+06
