0.000000000000000000e+00
0.000000000000000000e+00
0.000000000000000000e+00
0.000000000000000000e+00
0.000000000000000000e+00
0.000000000000000000e+00
0.000000000000000000e+00
0.000000000000000000e+00
0.000000000000000000e+00
0.000000000000000000e+00
0.000000000000000000e+00
0.000000000000000000e+00
0.000000000000000000e+00
0.000000000000000000e+00
0.000000000000000000e+00
0.000000000000000000e+00
0.000000000000000000e+00
0.000000000000000000e+00
0.000000000000000000e+00
0.000000000000000000e+00
0.000000000000000000e+00
0.000000000000000000e+00
0.000000000000000000e+00
0.000000000000000000e+00
0.000000000000000000e+00
0.000000000000000000e+00
0.000000000000000000e+00
0.000000000000000000e+00
0.000000000000000000e+00
0.000000000000000000e+00
0.000000000000000000e+00
0.000000000000000000e+00
0.000000000000000000e+00
0.000000000000000000e+00
0.000000000000000000e+00
0.000000000000000000e+00
0.000000000000000000e+00
0.000000000000000000e+00
0.000000000000000000e+00
0.000000000000000000e+00
0.000000000000000000e+00
0.000000000000000000e+00
0.000000000000000000e+00
0.000000000000000000e+00
1.000000000000000000e+00
0.000000000000000000e+00
5.000000000000000000e+00
1.000000000000000000e+00
4.000000000000000000e+00
0.000000000000000000e+00
4.000000000000000000e+00
1.300000000000000000e+01
1.000000000000000000e+01
5.000000000000000000e+00
4.300000000000000000e+01
3.100000000000000000e+01
2.800000000000000000e+01
8.900000000000000000e+01
0.000000000000000000e+00
8.400000000000000000e+01
4.500000000000000000e+01
3.200000000000000000e+01
2.100000000000000000e+01
6.400000000000000000e+01
1.000000000000000000e+02
5.500000000000000000e+01
3.600000000000000000e+01
1.810000000000000000e+02
9.800000000000000000e+01
1.150000000000000000e+02
2.580000000000000000e+02
9.100000000000000000e+01
1.810000000000000000e+02
1.510000000000000000e+02
5.350000000000000000e+02
2.800000000000000000e+02
3.930000000000000000e+02
1.388000000000000000e+03
9.140000000000000000e+02
6.410000000000000000e+02
9.510000000000000000e+02
6.710000000000000000e+02
2.265000000000000000e+03
5.190000000000000000e+02
1.172000000000000000e+03
1.016000000000000000e+03
9.980000000000000000e+02
9.310000000000000000e+02
1.208000000000000000e+03
6.970000000000000000e+02
1.512000000000000000e+03
1.413000000000000000e+03
1.664000000000000000e+03
7.340000000000000000e+02
3.683000000000000000e+03
2.186000000000000000e+03
1.182000000000000000e+03
2.491000000000000000e+03
2.741000000000000000e+03
3.045000000000000000e+03
3.483000000000000000e+03
2.075000000000000000e+03
3.394000000000000000e+03
1.444000000000000000e+03
3.817000000000000000e+03
3.628000000000000000e+03
3.709000000000000000e+03
3.321000000000000000e+03
3.168000000000000000e+03
2.292000000000000000e+03
1.515000000000000000e+03
3.237000000000000000e+03
4.247000000000000000e+03
4.298000000000000000e+03
3.891000000000000000e+03
4.046000000000000000e+03
3.732000000000000000e+03
2.660000000000000000e+03
4.550000000000000000e+03
4.537000000000000000e+03
4.749000000000000000e+03
2.929000000000000000e+03
4.056000000000000000e+03
4.205000000000000000e+03
4.020000000000000000e+03
5.772000000000000000e+03
6.154000000000000000e+03
5.874000000000000000e+03
6.506000000000000000e+03
7.386000000000000000e+03
8.805000000000000000e+03
5.563000000000000000e+03
8.126000000000000000e+03
7.490000000000000000e+02
4.284000000000000000e+03
4.202000000000000000e+03
4.358000000000000000e+03
4.757000000000000000e+03
3.181000000000000000e+03
4.040000000000000000e+03
5.087000000000000000e+03
5.965000000000000000e+03
0.000000000000000000e+00
5.961000000000000000e+03
8.987000000000000000e+03
3.256000000000000000e+03
4.164000000000000000e+03
3.752000000000000000e+03
3.480000000000000000e+03
3.537000000000000000e+03
3.413000000000000000e+03
3.598000000000000000e+03
2.511000000000000000e+03
3.363000000000000000e+03
3.879000000000000000e+03
3.913000000000000000e+03
3.762000000000000000e+03
3.625000000000000000e+03
3.430000000000000000e+03
2.946000000000000000e+03
2.848000000000000000e+03
3.264000000000000000e+03
3.527000000000000000e+03
3.595000000000000000e+03
3.481000000000000000e+03
3.638000000000000000e+03
2.985000000000000000e+03
3.575000000000000000e+03
3.633000000000000000e+03
3.537000000000000000e+03
3.198000000000000000e+03
3.064000000000000000e+03
3.616000000000000000e+03
3.797000000000000000e+03
3.744000000000000000e+03
3.884000000000000000e+03
3.835000000000000000e+03
3.951000000000000000e+03
3.963000000000000000e+03
4.090000000000000000e+03
4.091000000000000000e+03
4.406000000000000000e+03
4.463000000000000000e+03
4.546000000000000000e+03
4.865000000000000000e+03
0.000000000000000000e+00
0.000000000000000000e+00
1.375600000000000000e+04
5.288000000000000000e+03
5.678000000000000000e+03
0.000000000000000000e+00
6.809000000000000000e+03
0.000000000000000000e+00
2.135800000000000000e+04
4.250000000000000000e+03
6.790000000000000000e+03
7.734000000000000000e+03
7.785000000000000000e+03
8.466000000000000000e+03
0.000000000000000000e+00
1.414900000000000000e+04
5.109000000000000000e+03
6.547000000000000000e+03
0.000000000000000000e+00
8.875000000000000000e+03
1.774100000000000000e+04
0.000000000000000000e+00
9.507000000000000000e+03
1.014300000000000000e+04
5.547000000000000000e+03
7.828000000000000000e+03
9.099000000000000000e+03
8.639000000000000000e+03
9.008000000000000000e+03
9.169000000000000000e+03
9.090000000000000000e+03
6.112000000000000000e+03
6.944000000000000000e+03
5.996000000000000000e+03
8.619000000000000000e+03
7.964000000000000000e+03
9.474000000000000000e+03
7.731000000000000000e+03
4.871000000000000000e+03
5.092000000000000000e+03
0.000000000000000000e+00
1.301600000000000000e+04
6.703000000000000000e+03
6.854000000000000000e+03
6.275000000000000000e+03
1.598000000000000000e+03
4.615000000000000000e+03
6.586000000000000000e+03
7.291000000000000000e+03
6.603000000000000000e+03
6.162000000000000000e+03
6.787000000000000000e+03
4.241000000000000000e+03
4.160000000000000000e+03
6.380000000000000000e+03
5.698000000000000000e+03
6.314000000000000000e+03
6.453000000000000000e+03
6.030000000000000000e+03
0.000000000000000000e+00
7.651000000000000000e+03
6.149000000000000000e+03
1.188900000000000000e+04
0.000000000000000000e+00
5.558000000000000000e+03
5.160000000000000000e+03
3.412000000000000000e+03
3.054000000000000000e+03
3.061000000000000000e+03
3.468000000000000000e+03
3.267000000000000000e+03
0.000000000000000000e+00
6.605000000000000000e+03
1.830000000000000000e+03
2.930000000000000000e+03
2.733000000000000000e+03
2.952000000000000000e+03
7.474000000000000000e+03
3.283000000000000000e+03
1.800000000000000000e+03
2.803000000000000000e+03
0.000000000000000000e+00
5.766000000000000000e+03
0.000000000000000000e+00
2.677000000000000000e+03
3.132000000000000000e+03
3.126000000000000000e+03
2.201000000000000000e+03
3.242000000000000000e+03
5.758000000000000000e+03
0.000000000000000000e+00
3.240000000000000000e+03
5.599000000000000000e+03
0.000000000000000000e+00
1.859000000000000000e+03
1.923000000000000000e+03
2.431000000000000000e+03
2.666000000000000000e+03
2.586000000000000000e+03
2.323000000000000000e+03
0.000000000000000000e+00
0.000000000000000000e+00
9.284000000000000000e+03
2.935000000000000000e+03
0.000000000000000000e+00
2.781000000000000000e+03
2.507000000000000000e+03
2.323000000000000000e+03
1.194000000000000000e+03
1.904000000000000000e+03
2.575000000000000000e+03
2.231000000000000000e+03
2.413000000000000000e+03
2.249000000000000000e+03
2.112000000000000000e+03
1.257000000000000000e+03
1.663000000000000000e+03
0.000000000000000000e+00
3.986000000000000000e+03
4.164000000000000000e+03
0.000000000000000000e+00
1.589000000000000000e+03
8.870000000000000000e+02
1.882000000000000000e+03
0.000000000000000000e+00
3.908000000000000000e+03
4.021000000000000000e+03
2.162000000000000000e+03
0.000000000000000000e+00
1.075000000000000000e+03
0.000000000000000000e+00
3.470000000000000000e+03
0.000000000000000000e+00
3.785000000000000000e+03
1.828000000000000000e+03
1.224000000000000000e+03
0.000000000000000000e+00
2.709000000000000000e+03
2.490000000000000000e+03
0.000000000000000000e+00
1.832000000000000000e+03
0.000000000000000000e+00
4.030000000000000000e+03
1.157000000000000000e+03
0.000000000000000000e+00
3.327000000000000000e+03
0.000000000000000000e+00
0.000000000000000000e+00
6.442000000000000000e+03
1.618000000000000000e+03
9.580000000000000000e+02
1.678000000000000000e+03
0.000000000000000000e+00
3.829000000000000000e+03
1.564000000000000000e+03
0.000000000000000000e+00
2.111000000000000000e+03
1.251000000000000000e+03
1.588000000000000000e+03
4.641000000000000000e+03
0.000000000000000000e+00
0.000000000000000000e+00
2.962000000000000000e+03
1.376000000000000000e+03
0.000000000000000000e+00
2.543000000000000000e+03
0.000000000000000000e+00
4.162000000000000000e+03
0.000000000000000000e+00
0.000000000000000000e+00
9.004000000000000000e+03
2.166000000000000000e+03
2.881000000000000000e+03
0.000000000000000000e+00
1.579200000000000000e+04
0.000000000000000000e+00
4.544000000000000000e+03
0.000000000000000000e+00
0.000000000000000000e+00
1.264700000000000000e+04
0.000000000000000000e+00
9.693000000000000000e+03
0.000000000000000000e+00
1.103100000000000000e+04
0.000000000000000000e+00
1.330100000000000000e+04
0.000000000000000000e+00
6.731000000000000000e+03
5.715000000000000000e+03
1.333700000000000000e+04
5.217000000000000000e+03
0.000000000000000000e+00
4.477000000000000000e+03
1.562100000000000000e+04
0.000000000000000000e+00
6.715000000000000000e+03
7.993000000000000000e+03
1.365300000000000000e+04
0.000000000000000000e+00
1.008000000000000000e+04
0.000000000000000000e+00
6.724000000000000000e+03
8.807000000000000000e+03
8.439000000000000000e+03
1.455000000000000000e+04
3.203000000000000000e+03
0.000000000000000000e+00
6.228000000000000000e+03
7.408000000000000000e+03
9.667000000000000000e+03
7.719000000000000000e+03
1.378600000000000000e+04
0.000000000000000000e+00
3.448000000000000000e+03
6.740000000000000000e+03
7.302000000000000000e+03
1.556400000000000000e+04
7.500000000000000000e+03
0.000000000000000000e+00
5.942000000000000000e+03
8.492000000000000000e+03
0.000000000000000000e+00
6.672000000000000000e+03
4.878000000000000000e+03
8.447000000000000000e+03
6.670000000000000000e+03
6.212000000000000000e+03
8.847000000000000000e+03
0.000000000000000000e+00
7.434000000000000000e+03
7.114000000000000000e+03
8.039000000000000000e+03
5.353000000000000000e+03
4.443000000000000000e+03
6.568000000000000000e+03
1.662400000000000000e+04
0.000000000000000000e+00
1.604700000000000000e+04
0.000000000000000000e+00
1.468100000000000000e+04
0.000000000000000000e+00
1.493300000000000000e+04
0.000000000000000000e+00
1.920600000000000000e+04
1.191900000000000000e+04
8.589000000000000000e+03
8.909000000000000000e+03
3.239000000000000000e+03
0.000000000000000000e+00
1.568600000000000000e+04
1.291600000000000000e+04
6.622000000000000000e+03
5.616000000000000000e+03
8.406000000000000000e+03
7.842000000000000000e+03
0.000000000000000000e+00
8.384000000000000000e+03
1.927100000000000000e+04
1.065500000000000000e+04
1.124800000000000000e+04
7.927000000000000000e+03
5.626000000000000000e+03
6.387000000000000000e+03
8.030000000000000000e+03
0.000000000000000000e+00
1.332600000000000000e+04
1.656300000000000000e+04
0.000000000000000000e+00
1.016100000000000000e+04
1.130100000000000000e+04
0.000000000000000000e+00
1.551800000000000000e+04
1.104900000000000000e+04
8.495000000000000000e+03
7.425000000000000000e+03
6.611000000000000000e+03
0.000000000000000000e+00
1.515300000000000000e+04
0.000000000000000000e+00
1.610600000000000000e+04
0.000000000000000000e+00
1.155300000000000000e+04
3.129000000000000000e+03
4.562000000000000000e+03
0.000000000000000000e+00
5.768000000000000000e+03
0.000000000000000000e+00
2.059900000000000000e+04
5.234000000000000000e+03
0.000000000000000000e+00
3.080000000000000000e+03
1.226900000000000000e+04
0.000000000000000000e+00
1.341000000000000000e+04
0.000000000000000000e+00
1.000300000000000000e+04
0.000000000000000000e+00
4.282000000000000000e+03
1.028100000000000000e+04
0.000000000000000000e+00
6.745000000000000000e+03
1.049100000000000000e+04
4.438000000000000000e+03
0.000000000000000000e+00
6.966000000000000000e+03
4.990000000000000000e+03
4.809000000000000000e+03
0.000000000000000000e+00
5.501000000000000000e+03
0.000000000000000000e+00
7.914000000000000000e+03
0.000000000000000000e+00
9.963000000000000000e+03
0.000000000000000000e+00
1.073400000000000000e+04
4.225000000000000000e+03
0.000000000000000000e+00
3.179000000000000000e+03
1.429000000000000000e+03
2.934000000000000000e+03
7.324000000000000000e+03
2.799000000000000000e+03
0.000000000000000000e+00
5.569000000000000000e+03
0.000000000000000000e+00
3.852000000000000000e+03
0.000000000000000000e+00
1.223900000000000000e+04
3.463000000000000000e+03
0.000000000000000000e+00
3.550000000000000000e+03
3.882000000000000000e+03
0.000000000000000000e+00
2.995000000000000000e+03
2.843000000000000000e+03
6.813000000000000000e+03
0.000000000000000000e+00
2.795000000000000000e+03
2.058000000000000000e+03
0.000000000000000000e+00
3.950000000000000000e+03
5.489000000000000000e+03
0.000000000000000000e+00
0.000000000000000000e+00
7.559000000000000000e+03
1.564000000000000000e+03
2.374000000000000000e+03
2.586000000000000000e+03
2.549000000000000000e+03
0.000000000000000000e+00
4.629000000000000000e+03
1.962000000000000000e+03
7.800000000000000000e+02
2.010000000000000000e+03
2.316000000000000000e+03
2.260000000000000000e+03
2.032000000000000000e+03
1.950000000000000000e+03
1.629000000000000000e+03
6.910000000000000000e+02
1.568000000000000000e+03
1.798000000000000000e+03
1.711000000000000000e+03
1.617000000000000000e+03
1.765000000000000000e+03
1.490000000000000000e+03
6.110000000000000000e+02
1.366000000000000000e+03
1.502000000000000000e+03
7.220000000000000000e+02
0.000000000000000000e+00
2.798000000000000000e+03
1.808000000000000000e+03
