0.000000000000000000e+00
0.000000000000000000e+00
0.000000000000000000e+00
0.000000000000000000e+00
0.000000000000000000e+00
0.000000000000000000e+00
0.000000000000000000e+00
0.000000000000000000e+00
0.000000000000000000e+00
0.000000000000000000e+00
0.000000000000000000e+00
0.000000000000000000e+00
0.000000000000000000e+00
0.000000000000000000e+00
0.000000000000000000e+00
0.000000000000000000e+00
0.000000000000000000e+00
0.000000000000000000e+00
0.000000000000000000e+00
0.000000000000000000e+00
0.000000000000000000e+00
0.000000000000000000e+00
0.000000000000000000e+00
0.000000000000000000e+00
0.000000000000000000e+00
0.000000000000000000e+00
0.000000000000000000e+00
0.000000000000000000e+00
0.000000000000000000e+00
0.000000000000000000e+00
0.000000000000000000e+00
0.000000000000000000e+00
0.000000000000000000e+00
0.000000000000000000e+00
0.000000000000000000e+00
0.000000000000000000e+00
0.000000000000000000e+00
0.000000000000000000e+00
0.000000000000000000e+00
0.000000000000000000e+00
0.000000000000000000e+00
0.000000000000000000e+00
0.000000000000000000e+00
0.000000000000000000e+00
0.000000000000000000e+00
0.000000000000000000e+00
0.000000000000000000e+00
0.000000000000000000e+00
0.000000000000000000e+00
0.000000000000000000e+00
0.000000000000000000e+00
0.000000000000000000e+00
0.000000000000000000e+00
1.000000000000000000e+00
1.000000000000000000e+00
1.000000000000000000e+00
1.000000000000000000e+00
1.000000000000000000e+00
3.000000000000000000e+00
3.000000000000000000e+00
3.000000000000000000e+00
3.000000000000000000e+00
3.000000000000000000e+00
3.000000000000000000e+00
3.000000000000000000e+00
3.000000000000000000e+00
3.000000000000000000e+00
3.000000000000000000e+00
3.000000000000000000e+00
3.000000000000000000e+00
3.000000000000000000e+00
3.000000000000000000e+00
8.000000000000000000e+00
8.000000000000000000e+00
8.000000000000000000e+00
8.000000000000000000e+00
8.000000000000000000e+00
8.000000000000000000e+00
8.000000000000000000e+00
8.000000000000000000e+00
8.000000000000000000e+00
8.000000000000000000e+00
1.100000000000000000e+01
1.100000000000000000e+01
1.200000000000000000e+01
1.200000000000000000e+01
1.200000000000000000e+01
1.200000000000000000e+01
1.200000000000000000e+01
1.200000000000000000e+01
1.400000000000000000e+01
1.400000000000000000e+01
1.600000000000000000e+01
1.600000000000000000e+01
1.600000000000000000e+01
1.900000000000000000e+01
1.900000000000000000e+01
5.000000000000000000e+01
5.000000000000000000e+01
5.000000000000000000e+01
7.200000000000000000e+01
7.200000000000000000e+01
7.200000000000000000e+01
8.500000000000000000e+01
8.500000000000000000e+01
9.400000000000000000e+01
9.400000000000000000e+01
1.430000000000000000e+02
1.430000000000000000e+02
1.430000000000000000e+02
1.430000000000000000e+02
1.430000000000000000e+02
1.430000000000000000e+02
1.430000000000000000e+02
3.010000000000000000e+02
3.270000000000000000e+02
3.270000000000000000e+02
3.270000000000000000e+02
3.660000000000000000e+02
4.180000000000000000e+02
4.360000000000000000e+02
4.790000000000000000e+02
5.520000000000000000e+02
6.040000000000000000e+02
6.520000000000000000e+02
6.710000000000000000e+02
7.020000000000000000e+02
7.550000000000000000e+02
8.740000000000000000e+02
9.620000000000000000e+02
1.011000000000000000e+03
1.069000000000000000e+03
1.069000000000000000e+03
1.173000000000000000e+03
1.288000000000000000e+03
1.451000000000000000e+03
1.570000000000000000e+03
1.634000000000000000e+03
1.850000000000000000e+03
1.850000000000000000e+03
1.888000000000000000e+03
1.952000000000000000e+03
2.044000000000000000e+03
2.057000000000000000e+03
2.057000000000000000e+03
2.222000000000000000e+03
2.410000000000000000e+03
2.564000000000000000e+03
2.605000000000000000e+03
2.605000000000000000e+03
2.686000000000000000e+03
2.808000000000000000e+03
2.963000000000000000e+03
3.051000000000000000e+03
3.099000000000000000e+03
3.244000000000000000e+03
3.340000000000000000e+03
3.429000000000000000e+03
3.429000000000000000e+03
3.613000000000000000e+03
3.745000000000000000e+03
3.745000000000000000e+03
3.788000000000000000e+03
3.918000000000000000e+03
3.969000000000000000e+03
3.969000000000000000e+03
4.033000000000000000e+03
4.071000000000000000e+03
4.109000000000000000e+03
4.200000000000000000e+03
4.259000000000000000e+03
4.288000000000000000e+03
4.288000000000000000e+03
4.321000000000000000e+03
4.356000000000000000e+03
4.362000000000000000e+03
4.373000000000000000e+03
4.389000000000000000e+03
4.485000000000000000e+03
4.485000000000000000e+03
4.548000000000000000e+03
4.561000000000000000e+03
4.574000000000000000e+03
4.590000000000000000e+03
4.593000000000000000e+03
4.598000000000000000e+03
4.599000000000000000e+03
4.599000000000000000e+03
4.599000000000000000e+03
4.605000000000000000e+03
4.605000000000000000e+03
4.608000000000000000e+03
4.614000000000000000e+03
4.614000000000000000e+03
4.614000000000000000e+03
4.618000000000000000e+03
4.618000000000000000e+03
4.620000000000000000e+03
4.641000000000000000e+03
4.641000000000000000e+03
4.641000000000000000e+03
4.641000000000000000e+03
4.645000000000000000e+03
4.652000000000000000e+03
4.652000000000000000e+03
4.652000000000000000e+03
4.652000000000000000e+03
4.652000000000000000e+03
4.667000000000000000e+03
4.679000000000000000e+03
4.679000000000000000e+03
4.679000000000000000e+03
4.679000000000000000e+03
4.679000000000000000e+03
4.679000000000000000e+03
4.679000000000000000e+03
4.691000000000000000e+03
4.698000000000000000e+03
4.698000000000000000e+03
4.700000000000000000e+03
4.700000000000000000e+03
4.700000000000000000e+03
4.711000000000000000e+03
4.711000000000000000e+03
4.712000000000000000e+03
4.729000000000000000e+03
4.729000000000000000e+03
4.729000000000000000e+03
4.729000000000000000e+03
4.729000000000000000e+03
4.735000000000000000e+03
4.736000000000000000e+03
4.747000000000000000e+03
4.749000000000000000e+03
4.749000000000000000e+03
4.749000000000000000e+03
4.772000000000000000e+03
4.772000000000000000e+03
4.782000000000000000e+03
4.782000000000000000e+03
4.786000000000000000e+03
4.786000000000000000e+03
4.786000000000000000e+03
4.786000000000000000e+03
4.802000000000000000e+03
4.802000000000000000e+03
4.804000000000000000e+03
4.806000000000000000e+03
4.806000000000000000e+03
4.806000000000000000e+03
4.806000000000000000e+03
4.806000000000000000e+03
4.829000000000000000e+03
4.829000000000000000e+03
4.829000000000000000e+03
4.845000000000000000e+03
4.845000000000000000e+03
4.845000000000000000e+03
4.852000000000000000e+03
4.852000000000000000e+03
4.853000000000000000e+03
4.853000000000000000e+03
4.854000000000000000e+03
4.854000000000000000e+03
4.854000000000000000e+03
4.854000000000000000e+03
4.855000000000000000e+03
4.855000000000000000e+03
4.855000000000000000e+03
4.855000000000000000e+03
4.855000000000000000e+03
4.856000000000000000e+03
4.858000000000000000e+03
4.858000000000000000e+03
4.862000000000000000e+03
4.862000000000000000e+03
4.862000000000000000e+03
4.862000000000000000e+03
4.863000000000000000e+03
4.863000000000000000e+03
4.863000000000000000e+03
4.863000000000000000e+03
4.866000000000000000e+03
4.866000000000000000e+03
4.866000000000000000e+03
4.866000000000000000e+03
4.866000000000000000e+03
4.866000000000000000e+03
4.866000000000000000e+03
4.866000000000000000e+03
4.879000000000000000e+03
4.879000000000000000e+03
4.880000000000000000e+03
4.884000000000000000e+03
4.884000000000000000e+03
4.888000000000000000e+03
4.888000000000000000e+03
4.896000000000000000e+03
4.900000000000000000e+03
4.900000000000000000e+03
4.900000000000000000e+03
4.900000000000000000e+03
4.907000000000000000e+03
4.911000000000000000e+03
4.911000000000000000e+03
4.911000000000000000e+03
4.911000000000000000e+03
4.911000000000000000e+03
4.911000000000000000e+03
4.913000000000000000e+03
4.913000000000000000e+03
4.913000000000000000e+03
4.913000000000000000e+03
4.913000000000000000e+03
4.918000000000000000e+03
4.918000000000000000e+03
4.918000000000000000e+03
4.918000000000000000e+03
4.922000000000000000e+03
4.922000000000000000e+03
4.922000000000000000e+03
4.927000000000000000e+03
4.927000000000000000e+03
4.927000000000000000e+03
4.936000000000000000e+03
4.936000000000000000e+03
4.936000000000000000e+03
4.936000000000000000e+03
4.936000000000000000e+03
4.936000000000000000e+03
4.936000000000000000e+03
4.936000000000000000e+03
4.936000000000000000e+03
4.936000000000000000e+03
4.936000000000000000e+03
4.936000000000000000e+03
4.948000000000000000e+03
4.948000000000000000e+03
4.948000000000000000e+03
4.948000000000000000e+03
4.948000000000000000e+03
4.948000000000000000e+03
4.961000000000000000e+03
4.963000000000000000e+03
4.963000000000000000e+03
4.963000000000000000e+03
4.963000000000000000e+03
4.963000000000000000e+03
4.963000000000000000e+03
4.963000000000000000e+03
4.963000000000000000e+03
4.969000000000000000e+03
4.969000000000000000e+03
4.969000000000000000e+03
4.973000000000000000e+03
4.973000000000000000e+03
4.973000000000000000e+03
4.973000000000000000e+03
4.973000000000000000e+03
4.973000000000000000e+03
4.973000000000000000e+03
4.973000000000000000e+03
4.973000000000000000e+03
4.973000000000000000e+03
4.974000000000000000e+03
4.974000000000000000e+03
4.974000000000000000e+03
4.974000000000000000e+03
4.980000000000000000e+03
4.980000000000000000e+03
4.980000000000000000e+03
4.980000000000000000e+03
4.981000000000000000e+03
4.981000000000000000e+03
4.981000000000000000e+03
4.981000000000000000e+03
4.989000000000000000e+03
4.989000000000000000e+03
4.989000000000000000e+03
4.989000000000000000e+03
4.989000000000000000e+03
4.989000000000000000e+03
4.989000000000000000e+03
4.989000000000000000e+03
4.989000000000000000e+03
4.989000000000000000e+03
4.996000000000000000e+03
4.996000000000000000e+03
4.996000000000000000e+03
4.996000000000000000e+03
4.996000000000000000e+03
4.996000000000000000e+03
4.997000000000000000e+03
4.997000000000000000e+03
5.001000000000000000e+03
5.001000000000000000e+03
5.001000000000000000e+03
5.001000000000000000e+03
5.001000000000000000e+03
5.004000000000000000e+03
5.004000000000000000e+03
5.004000000000000000e+03
5.004000000000000000e+03
5.004000000000000000e+03
5.004000000000000000e+03
5.004000000000000000e+03
5.004000000000000000e+03
5.018000000000000000e+03
5.018000000000000000e+03
5.018000000000000000e+03
5.021000000000000000e+03
5.021000000000000000e+03
5.023000000000000000e+03
5.023000000000000000e+03
5.023000000000000000e+03
5.023000000000000000e+03
5.023000000000000000e+03
5.023000000000000000e+03
5.023000000000000000e+03
5.025000000000000000e+03
5.064000000000000000e+03
5.075000000000000000e+03
5.075000000000000000e+03
5.075000000000000000e+03
5.087000000000000000e+03
5.087000000000000000e+03
5.087000000000000000e+03
5.088000000000000000e+03
5.088000000000000000e+03
5.088000000000000000e+03
5.088000000000000000e+03
5.088000000000000000e+03
5.088000000000000000e+03
5.161000000000000000e+03
5.161000000000000000e+03
5.222000000000000000e+03
5.245000000000000000e+03
5.245000000000000000e+03
5.245000000000000000e+03
5.313000000000000000e+03
5.313000000000000000e+03
5.353000000000000000e+03
5.402000000000000000e+03
5.402000000000000000e+03
5.491000000000000000e+03
5.491000000000000000e+03
5.491000000000000000e+03
5.682000000000000000e+03
5.682000000000000000e+03
5.682000000000000000e+03
5.728000000000000000e+03
5.728000000000000000e+03
5.787000000000000000e+03
5.787000000000000000e+03
5.929000000000000000e+03
6.175000000000000000e+03
6.175000000000000000e+03
6.224000000000000000e+03
6.224000000000000000e+03
6.224000000000000000e+03
6.224000000000000000e+03
6.359000000000000000e+03
6.359000000000000000e+03
6.411000000000000000e+03
6.411000000000000000e+03
6.411000000000000000e+03
6.411000000000000000e+03
6.411000000000000000e+03
6.521000000000000000e+03
6.521000000000000000e+03
6.674000000000000000e+03
6.674000000000000000e+03
6.674000000000000000e+03
6.674000000000000000e+03
6.674000000000000000e+03
6.674000000000000000e+03
6.866000000000000000e+03
6.866000000000000000e+03
6.866000000000000000e+03
6.866000000000000000e+03
6.866000000000000000e+03
6.866000000000000000e+03
7.010000000000000000e+03
7.010000000000000000e+03
7.010000000000000000e+03
7.010000000000000000e+03
7.010000000000000000e+03
7.079000000000000000e+03
7.079000000000000000e+03
7.079000000000000000e+03
7.083000000000000000e+03
7.083000000000000000e+03
7.085000000000000000e+03
7.085000000000000000e+03
7.091000000000000000e+03
7.091000000000000000e+03
7.091000000000000000e+03
7.091000000000000000e+03
7.091000000000000000e+03
7.091000000000000000e+03
7.091000000000000000e+03
7.091000000000000000e+03
7.101000000000000000e+03
7.101000000000000000e+03
7.101000000000000000e+03
7.101000000000000000e+03
7.101000000000000000e+03
7.101000000000000000e+03
7.101000000000000000e+03
7.101000000000000000e+03
7.101000000000000000e+03
7.101000000000000000e+03
7.101000000000000000e+03
7.101000000000000000e+03
7.101000000000000000e+03
7.101000000000000000e+03
7.129000000000000000e+03
7.137000000000000000e+03
7.139000000000000000e+03
7.139000000000000000e+03
7.139000000000000000e+03
7.139000000000000000e+03
7.139000000000000000e+03
7.141000000000000000e+03
7.141000000000000000e+03
7.141000000000000000e+03
7.141000000000000000e+03
7.141000000000000000e+03
7.141000000000000000e+03
7.141000000000000000e+03
7.141000000000000000e+03
7.141000000000000000e+03
7.141000000000000000e+03
7.142000000000000000e+03
7.142000000000000000e+03
7.142000000000000000e+03
7.142000000000000000e+03
7.142000000000000000e+03
7.142000000000000000e+03
7.142000000000000000e+03
7.142000000000000000e+03
7.142000000000000000e+03
7.142000000000000000e+03
7.142000000000000000e+03
7.142000000000000000e+03
7.147000000000000000e+03
7.147000000000000000e+03
7.147000000000000000e+03
7.147000000000000000e+03
7.147000000000000000e+03
7.147000000000000000e+03
7.148000000000000000e+03
7.148000000000000000e+03
7.148000000000000000e+03
7.151000000000000000e+03
7.151000000000000000e+03
7.151000000000000000e+03
7.151000000000000000e+03
