0.000000000000000000e+00
0.000000000000000000e+00
0.000000000000000000e+00
0.000000000000000000e+00
0.000000000000000000e+00
0.000000000000000000e+00
0.000000000000000000e+00
0.000000000000000000e+00
0.000000000000000000e+00
0.000000000000000000e+00
0.000000000000000000e+00
0.000000000000000000e+00
0.000000000000000000e+00
1.000000000000000000e+00
0.000000000000000000e+00
0.000000000000000000e+00
0.000000000000000000e+00
0.000000000000000000e+00
0.000000000000000000e+00
0.000000000000000000e+00
0.000000000000000000e+00
0.000000000000000000e+00
0.000000000000000000e+00
0.000000000000000000e+00
0.000000000000000000e+00
0.000000000000000000e+00
0.000000000000000000e+00
0.000000000000000000e+00
0.000000000000000000e+00
0.000000000000000000e+00
0.000000000000000000e+00
0.000000000000000000e+00
0.000000000000000000e+00
0.000000000000000000e+00
0.000000000000000000e+00
0.000000000000000000e+00
0.000000000000000000e+00
0.000000000000000000e+00
0.000000000000000000e+00
1.000000000000000000e+00
6.000000000000000000e+00
5.000000000000000000e+00
1.000000000000000000e+01
2.700000000000000000e+01
5.900000000000000000e+01
6.000000000000000000e+01
3.100000000000000000e+01
3.900000000000000000e+01
2.800000000000000000e+01
4.700000000000000000e+01
0.000000000000000000e+00
2.450000000000000000e+02
1.300000000000000000e+02
1.970000000000000000e+02
1.720000000000000000e+02
1.850000000000000000e+02
2.430000000000000000e+02
3.090000000000000000e+02
4.620000000000000000e+02
5.580000000000000000e+02
5.860000000000000000e+02
3.420000000000000000e+02
5.260000000000000000e+02
6.680000000000000000e+02
1.298000000000000000e+03
1.049000000000000000e+03
1.850000000000000000e+03
1.702000000000000000e+03
1.063000000000000000e+03
8.760000000000000000e+02
1.189000000000000000e+03
1.384000000000000000e+03
1.422000000000000000e+03
1.661000000000000000e+03
1.260000000000000000e+03
1.123000000000000000e+03
1.380000000000000000e+03
1.209000000000000000e+03
1.580000000000000000e+03
1.684000000000000000e+03
1.351000000000000000e+03
1.629000000000000000e+03
9.420000000000000000e+02
5.300000000000000000e+02
2.454000000000000000e+03
1.236000000000000000e+03
1.329000000000000000e+03
1.045000000000000000e+03
1.313000000000000000e+03
1.487000000000000000e+03
9.730000000000000000e+02
9.330000000000000000e+02
9.080000000000000000e+02
1.496000000000000000e+03
1.032000000000000000e+03
8.090000000000000000e+02
5.530000000000000000e+02
6.470000000000000000e+02
5.250000000000000000e+02
6.600000000000000000e+02
5.130000000000000000e+02
4.850000000000000000e+02
3.890000000000000000e+02
3.610000000000000000e+02
2.420000000000000000e+02
2.720000000000000000e+02
6.390000000000000000e+02
5.910000000000000000e+02
5.850000000000000000e+02
4.850000000000000000e+02
3.680000000000000000e+02
3.300000000000000000e+02
2.020000000000000000e+02
3.070000000000000000e+02
3.560000000000000000e+02
3.450000000000000000e+02
2.910000000000000000e+02
2.790000000000000000e+02
2.320000000000000000e+02
1.920000000000000000e+02
2.520000000000000000e+02
2.760000000000000000e+02
2.990000000000000000e+02
2.820000000000000000e+02
2.500000000000000000e+02
1.130000000000000000e+02
1.370000000000000000e+02
2.570000000000000000e+02
2.120000000000000000e+02
1.250000000000000000e+02
1.950000000000000000e+02
1.360000000000000000e+02
9.800000000000000000e+01
7.000000000000000000e+01
8.200000000000000000e+01
1.400000000000000000e+02
1.650000000000000000e+02
1.540000000000000000e+02
1.220000000000000000e+02
8.900000000000000000e+01
1.320000000000000000e+02
1.420000000000000000e+02
1.080000000000000000e+02
9.900000000000000000e+01
1.110000000000000000e+02
7.100000000000000000e+01
5.500000000000000000e+01
8.900000000000000000e+01
1.040000000000000000e+02
1.280000000000000000e+02
7.400000000000000000e+01
0.000000000000000000e+00
0.000000000000000000e+00
2.600000000000000000e+02
8.800000000000000000e+01
1.090000000000000000e+02
9.900000000000000000e+01
1.030000000000000000e+02
8.600000000000000000e+01
6.600000000000000000e+01
6.600000000000000000e+01
8.200000000000000000e+01
8.900000000000000000e+01
1.290000000000000000e+02
1.110000000000000000e+02
1.780000000000000000e+02
4.200000000000000000e+01
0.000000000000000000e+00
6.500000000000000000e+01
8.700000000000000000e+01
1.470000000000000000e+02
1.120000000000000000e+02
2.380000000000000000e+02
0.000000000000000000e+00
7.400000000000000000e+01
9.100000000000000000e+01
3.660000000000000000e+02
2.610000000000000000e+02
2.070000000000000000e+02
0.000000000000000000e+00
3.880000000000000000e+02
1.640000000000000000e+02
3.690000000000000000e+02
2.200000000000000000e+02
3.520000000000000000e+02
5.280000000000000000e+02
2.990000000000000000e+02
4.020000000000000000e+02
2.340000000000000000e+02
6.730000000000000000e+02
6.710000000000000000e+02
7.450000000000000000e+02
6.510000000000000000e+02
4.470000000000000000e+02
4.650000000000000000e+02
3.340000000000000000e+02
5.100000000000000000e+02
8.580000000000000000e+02
7.680000000000000000e+02
6.170000000000000000e+02
7.510000000000000000e+02
4.680000000000000000e+02
3.880000000000000000e+02
6.390000000000000000e+02
5.440000000000000000e+02
9.220000000000000000e+02
7.560000000000000000e+02
4.540000000000000000e+02
2.110000000000000000e+02
3.630000000000000000e+02
5.820000000000000000e+02
6.990000000000000000e+02
7.160000000000000000e+02
5.740000000000000000e+02
4.680000000000000000e+02
1.560000000000000000e+02
3.550000000000000000e+02
5.830000000000000000e+02
4.700000000000000000e+02
4.520000000000000000e+02
6.470000000000000000e+02
4.430000000000000000e+02
1.940000000000000000e+02
2.510000000000000000e+02
4.240000000000000000e+02
6.330000000000000000e+02
6.300000000000000000e+02
6.510000000000000000e+02
5.420000000000000000e+02
4.020000000000000000e+02
3.720000000000000000e+02
5.500000000000000000e+02
8.770000000000000000e+02
9.690000000000000000e+02
9.410000000000000000e+02
9.770000000000000000e+02
8.510000000000000000e+02
4.890000000000000000e+02
1.153000000000000000e+03
2.028000000000000000e+03
1.673000000000000000e+03
1.099000000000000000e+03
1.547000000000000000e+03
1.097000000000000000e+03
1.834000000000000000e+03
1.661000000000000000e+03
1.881000000000000000e+03
2.208000000000000000e+03
1.827000000000000000e+03
1.376000000000000000e+03
1.174000000000000000e+03
1.762000000000000000e+03
1.337000000000000000e+03
2.607000000000000000e+03
3.175000000000000000e+03
3.389000000000000000e+03
2.612000000000000000e+03
1.968000000000000000e+03
2.088000000000000000e+03
3.577000000000000000e+03
5.728000000000000000e+03
5.385000000000000000e+03
7.950000000000000000e+03
5.327000000000000000e+03
3.622000000000000000e+03
7.360000000000000000e+03
8.271000000000000000e+03
1.044800000000000000e+04
1.019200000000000000e+04
1.096400000000000000e+04
9.138000000000000000e+03
8.227000000000000000e+03
9.679000000000000000e+03
1.322700000000000000e+04
1.674600000000000000e+04
1.756800000000000000e+04
1.770900000000000000e+04
1.562200000000000000e+04
1.268700000000000000e+04
1.357100000000000000e+04
2.104800000000000000e+04
2.392100000000000000e+04
2.005600000000000000e+04
1.691500000000000000e+04
1.178900000000000000e+04
6.337000000000000000e+03
5.186000000000000000e+03
1.567200000000000000e+04
1.112800000000000000e+04
8.703000000000000000e+03
6.124000000000000000e+03
6.621000000000000000e+03
2.393000000000000000e+03
4.293000000000000000e+03
7.916000000000000000e+03
5.002000000000000000e+03
4.619000000000000000e+03
6.268000000000000000e+03
4.659000000000000000e+03
1.932000000000000000e+03
2.734000000000000000e+03
5.182000000000000000e+03
4.477000000000000000e+03
3.416000000000000000e+03
3.224000000000000000e+03
1.875000000000000000e+03
1.123000000000000000e+03
1.901000000000000000e+03
3.164000000000000000e+03
2.565000000000000000e+03
3.297000000000000000e+03
3.619000000000000000e+03
2.151000000000000000e+03
7.460000000000000000e+02
1.867000000000000000e+03
3.040000000000000000e+03
2.605000000000000000e+03
2.582000000000000000e+03
2.503000000000000000e+03
1.814000000000000000e+03
8.590000000000000000e+02
1.957000000000000000e+03
3.071000000000000000e+03
2.754000000000000000e+03
0.000000000000000000e+00
2.762000000000000000e+03
4.978000000000000000e+03
1.074000000000000000e+03
2.211000000000000000e+03
3.636000000000000000e+03
3.146000000000000000e+03
2.835000000000000000e+03
2.721000000000000000e+03
2.170000000000000000e+03
9.810000000000000000e+02
2.198000000000000000e+03
3.212000000000000000e+03
2.583000000000000000e+03
2.342000000000000000e+03
7.840000000000000000e+02
8.470000000000000000e+02
8.570000000000000000e+02
1.677000000000000000e+03
2.831000000000000000e+03
2.254000000000000000e+03
1.793000000000000000e+03
8.800000000000000000e+02
8.420000000000000000e+02
8.760000000000000000e+02
1.848000000000000000e+03
2.997000000000000000e+03
2.923000000000000000e+03
2.048000000000000000e+03
1.991000000000000000e+03
1.569000000000000000e+03
9.600000000000000000e+02
2.099000000000000000e+03
2.927000000000000000e+03
2.637000000000000000e+03
2.203000000000000000e+03
2.120000000000000000e+03
1.630000000000000000e+03
9.320000000000000000e+02
1.479000000000000000e+03
3.006000000000000000e+03
2.571000000000000000e+03
2.444000000000000000e+03
2.583000000000000000e+03
1.812000000000000000e+03
1.192000000000000000e+03
1.784000000000000000e+03
3.020000000000000000e+03
2.775000000000000000e+03
2.683000000000000000e+03
2.717000000000000000e+03
2.316000000000000000e+03
1.264000000000000000e+03
1.854000000000000000e+03
3.124000000000000000e+03
2.452000000000000000e+03
2.585000000000000000e+03
2.438000000000000000e+03
1.740000000000000000e+03
8.730000000000000000e+02
1.851000000000000000e+03
2.617000000000000000e+03
2.149000000000000000e+03
2.120000000000000000e+03
1.895000000000000000e+03
1.516000000000000000e+03
8.570000000000000000e+02
1.717000000000000000e+03
2.677000000000000000e+03
2.420000000000000000e+03
3.437000000000000000e+03
2.640000000000000000e+03
2.094000000000000000e+03
1.121000000000000000e+03
2.102000000000000000e+03
3.113000000000000000e+03
3.076000000000000000e+03
2.769000000000000000e+03
2.760000000000000000e+03
2.097000000000000000e+03
7.830000000000000000e+02
2.050000000000000000e+03
3.264000000000000000e+03
2.643000000000000000e+03
2.759000000000000000e+03
2.799000000000000000e+03
2.082000000000000000e+03
1.117000000000000000e+03
2.163000000000000000e+03
3.434000000000000000e+03
3.503000000000000000e+03
3.615000000000000000e+03
3.598000000000000000e+03
2.962000000000000000e+03
1.578000000000000000e+03
3.165000000000000000e+03
5.116000000000000000e+03
4.659000000000000000e+03
5.140000000000000000e+03
0.000000000000000000e+00
9.065000000000000000e+03
2.232000000000000000e+03
3.537000000000000000e+03
6.315000000000000000e+03
5.518000000000000000e+03
6.123000000000000000e+03
5.332000000000000000e+03
4.694000000000000000e+03
2.179000000000000000e+03
3.906000000000000000e+03
5.611000000000000000e+03
5.467000000000000000e+03
4.665000000000000000e+03
4.889000000000000000e+03
3.522000000000000000e+03
1.968000000000000000e+03
1.709000000000000000e+03
3.539000000000000000e+03
4.845000000000000000e+03
4.860000000000000000e+03
4.570000000000000000e+03
2.989000000000000000e+03
1.753000000000000000e+03
3.374000000000000000e+03
4.713000000000000000e+03
3.993000000000000000e+03
3.904000000000000000e+03
3.787000000000000000e+03
2.996000000000000000e+03
1.630000000000000000e+03
3.430000000000000000e+03
5.113000000000000000e+03
4.357000000000000000e+03
3.581000000000000000e+03
3.934000000000000000e+03
2.377000000000000000e+03
1.670000000000000000e+03
2.946000000000000000e+03
3.925000000000000000e+03
3.663000000000000000e+03
3.607000000000000000e+03
3.205000000000000000e+03
2.128000000000000000e+03
1.334000000000000000e+03
2.731000000000000000e+03
4.119000000000000000e+03
3.518000000000000000e+03
3.723000000000000000e+03
3.364000000000000000e+03
2.258000000000000000e+03
1.267000000000000000e+03
2.456000000000000000e+03
3.251000000000000000e+03
2.890000000000000000e+03
1.631000000000000000e+03
1.967000000000000000e+03
1.852000000000000000e+03
9.720000000000000000e+02
1.819000000000000000e+03
3.800000000000000000e+03
3.192000000000000000e+03
2.906000000000000000e+03
2.516000000000000000e+03
1.753000000000000000e+03
9.410000000000000000e+02
8.550000000000000000e+02
1.975000000000000000e+03
2.891000000000000000e+03
2.360000000000000000e+03
1.860000000000000000e+03
1.437000000000000000e+03
8.010000000000000000e+02
1.498000000000000000e+03
1.859000000000000000e+03
1.599000000000000000e+03
1.449000000000000000e+03
1.468000000000000000e+03
9.280000000000000000e+02
4.690000000000000000e+02
9.040000000000000000e+02
1.183000000000000000e+03
8.460000000000000000e+02
7.840000000000000000e+02
7.770000000000000000e+02
5.730000000000000000e+02
2.410000000000000000e+02
5.080000000000000000e+02
6.710000000000000000e+02
4.930000000000000000e+02
0.000000000000000000e+00
8.330000000000000000e+02
3.310000000000000000e+02
2.250000000000000000e+02
3.950000000000000000e+02
1.026000000000000000e+03
8.470000000000000000e+02
5.680000000000000000e+02
0.000000000000000000e+00
0.000000000000000000e+00
1.002000000000000000e+03
1.072000000000000000e+03
5.810000000000000000e+02
7.540000000000000000e+02
6.230000000000000000e+02
0.000000000000000000e+00
0.000000000000000000e+00
1.855000000000000000e+03
7.420000000000000000e+02
1.990000000000000000e+03
1.382000000000000000e+03
1.223000000000000000e+03
0.000000000000000000e+00
0.000000000000000000e+00
3.329000000000000000e+03
1.303000000000000000e+03
2.284000000000000000e+03
1.453000000000000000e+03
1.344000000000000000e+03
0.000000000000000000e+00
0.000000000000000000e+00
3.795000000000000000e+03
1.467000000000000000e+03
0.000000000000000000e+00
3.486000000000000000e+03
0.000000000000000000e+00
1.304000000000000000e+03
0.000000000000000000e+00
4.232000000000000000e+03
1.333000000000000000e+03
2.059000000000000000e+03
1.862000000000000000e+03
1.764000000000000000e+03
0.000000000000000000e+00
0.000000000000000000e+00
