0.000000000000000000e+00
0.000000000000000000e+00
0.000000000000000000e+00
0.000000000000000000e+00
0.000000000000000000e+00
0.000000000000000000e+00
0.000000000000000000e+00
0.000000000000000000e+00
0.000000000000000000e+00
0.000000000000000000e+00
0.000000000000000000e+00
0.000000000000000000e+00
0.000000000000000000e+00
0.000000000000000000e+00
0.000000000000000000e+00
0.000000000000000000e+00
0.000000000000000000e+00
0.000000000000000000e+00
0.000000000000000000e+00
0.000000000000000000e+00
0.000000000000000000e+00
0.000000000000000000e+00
0.000000000000000000e+00
0.000000000000000000e+00
0.000000000000000000e+00
0.000000000000000000e+00
0.000000000000000000e+00
0.000000000000000000e+00
0.000000000000000000e+00
0.000000000000000000e+00
0.000000000000000000e+00
0.000000000000000000e+00
0.000000000000000000e+00
0.000000000000000000e+00
0.000000000000000000e+00
0.000000000000000000e+00
0.000000000000000000e+00
0.000000000000000000e+00
0.000000000000000000e+00
0.000000000000000000e+00
0.000000000000000000e+00
0.000000000000000000e+00
0.000000000000000000e+00
0.000000000000000000e+00
0.000000000000000000e+00
0.000000000000000000e+00
0.000000000000000000e+00
0.000000000000000000e+00
0.000000000000000000e+00
1.000000000000000000e+00
2.000000000000000000e+00
8.000000000000000000e+00
8.000000000000000000e+00
1.000000000000000000e+01
1.000000000000000000e+01
1.200000000000000000e+01
1.300000000000000000e+01
1.500000000000000000e+01
1.600000000000000000e+01
1.600000000000000000e+01
1.900000000000000000e+01
1.900000000000000000e+01
2.100000000000000000e+01
2.600000000000000000e+01
2.600000000000000000e+01
2.600000000000000000e+01
3.000000000000000000e+01
3.200000000000000000e+01
3.600000000000000000e+01
3.600000000000000000e+01
4.400000000000000000e+01
4.700000000000000000e+01
4.700000000000000000e+01
5.300000000000000000e+01
5.800000000000000000e+01
5.800000000000000000e+01
6.300000000000000000e+01
6.300000000000000000e+01
6.300000000000000000e+01
6.300000000000000000e+01
6.500000000000000000e+01
6.900000000000000000e+01
7.300000000000000000e+01
7.300000000000000000e+01
1.250000000000000000e+02
1.430000000000000000e+02
1.430000000000000000e+02
1.630000000000000000e+02
1.730000000000000000e+02
2.230000000000000000e+02
2.230000000000000000e+02
2.330000000000000000e+02
2.570000000000000000e+02
2.880000000000000000e+02
3.050000000000000000e+02
3.500000000000000000e+02
3.640000000000000000e+02
3.640000000000000000e+02
3.960000000000000000e+02
4.220000000000000000e+02
4.320000000000000000e+02
4.630000000000000000e+02
4.690000000000000000e+02
4.710000000000000000e+02
4.730000000000000000e+02
4.780000000000000000e+02
4.880000000000000000e+02
4.900000000000000000e+02
4.900000000000000000e+02
5.020000000000000000e+02
5.050000000000000000e+02
5.070000000000000000e+02
5.090000000000000000e+02
5.090000000000000000e+02
5.110000000000000000e+02
5.170000000000000000e+02
5.200000000000000000e+02
5.200000000000000000e+02
5.200000000000000000e+02
5.290000000000000000e+02
5.340000000000000000e+02
5.440000000000000000e+02
5.500000000000000000e+02
5.520000000000000000e+02
5.560000000000000000e+02
5.640000000000000000e+02
5.690000000000000000e+02
5.690000000000000000e+02
5.750000000000000000e+02
5.810000000000000000e+02
5.860000000000000000e+02
5.880000000000000000e+02
5.900000000000000000e+02
5.910000000000000000e+02
5.910000000000000000e+02
5.950000000000000000e+02
5.960000000000000000e+02
5.980000000000000000e+02
5.990000000000000000e+02
6.050000000000000000e+02
6.050000000000000000e+02
6.110000000000000000e+02
6.140000000000000000e+02
6.150000000000000000e+02
6.170000000000000000e+02
6.210000000000000000e+02
6.210000000000000000e+02
6.260000000000000000e+02
6.380000000000000000e+02
6.520000000000000000e+02
6.570000000000000000e+02
6.590000000000000000e+02
6.650000000000000000e+02
6.700000000000000000e+02
6.780000000000000000e+02
6.840000000000000000e+02
6.860000000000000000e+02
6.900000000000000000e+02
6.960000000000000000e+02
6.980000000000000000e+02
7.020000000000000000e+02
7.070000000000000000e+02
7.150000000000000000e+02
7.210000000000000000e+02
7.280000000000000000e+02
7.320000000000000000e+02
7.370000000000000000e+02
7.450000000000000000e+02
7.510000000000000000e+02
7.530000000000000000e+02
7.530000000000000000e+02
7.580000000000000000e+02
7.580000000000000000e+02
7.590000000000000000e+02
7.620000000000000000e+02
7.630000000000000000e+02
7.650000000000000000e+02
7.680000000000000000e+02
7.740000000000000000e+02
7.900000000000000000e+02
8.090000000000000000e+02
8.100000000000000000e+02
8.160000000000000000e+02
8.210000000000000000e+02
8.310000000000000000e+02
8.370000000000000000e+02
8.420000000000000000e+02
8.530000000000000000e+02
8.550000000000000000e+02
8.560000000000000000e+02
8.640000000000000000e+02
8.780000000000000000e+02
8.830000000000000000e+02
8.940000000000000000e+02
9.050000000000000000e+02
9.200000000000000000e+02
9.280000000000000000e+02
9.580000000000000000e+02
9.870000000000000000e+02
1.003000000000000000e+03
1.023000000000000000e+03
1.031000000000000000e+03
1.047000000000000000e+03
1.065000000000000000e+03
1.071000000000000000e+03
1.082000000000000000e+03
1.082000000000000000e+03
1.113000000000000000e+03
1.129000000000000000e+03
1.146000000000000000e+03
1.192000000000000000e+03
1.290000000000000000e+03
1.346000000000000000e+03
1.346000000000000000e+03
1.529000000000000000e+03
1.612000000000000000e+03
1.732000000000000000e+03
1.804000000000000000e+03
1.870000000000000000e+03
2.011000000000000000e+03
2.113000000000000000e+03
2.357000000000000000e+03
2.459000000000000000e+03
2.459000000000000000e+03
2.683000000000000000e+03
2.896000000000000000e+03
2.964000000000000000e+03
3.024000000000000000e+03
3.103000000000000000e+03
3.183000000000000000e+03
3.323000000000000000e+03
3.437000000000000000e+03
3.511000000000000000e+03
3.511000000000000000e+03
3.623000000000000000e+03
3.771000000000000000e+03
3.933000000000000000e+03
4.042000000000000000e+03
4.164000000000000000e+03
4.374000000000000000e+03
4.571000000000000000e+03
4.758000000000000000e+03
4.988000000000000000e+03
5.143000000000000000e+03
5.270000000000000000e+03
5.395000000000000000e+03
5.588000000000000000e+03
5.723000000000000000e+03
5.854000000000000000e+03
6.017000000000000000e+03
6.170000000000000000e+03
6.408000000000000000e+03
6.482000000000000000e+03
6.555000000000000000e+03
6.704000000000000000e+03
6.795000000000000000e+03
6.895000000000000000e+03
7.012000000000000000e+03
7.109000000000000000e+03
7.191000000000000000e+03
7.273000000000000000e+03
7.363000000000000000e+03
7.559000000000000000e+03
7.718000000000000000e+03
7.813000000000000000e+03
7.910000000000000000e+03
7.989000000000000000e+03
8.067000000000000000e+03
8.132000000000000000e+03
8.195000000000000000e+03
8.274000000000000000e+03
8.321000000000000000e+03
8.374000000000000000e+03
8.445000000000000000e+03
8.600000000000000000e+03
8.638000000000000000e+03
8.670000000000000000e+03
8.714000000000000000e+03
8.749000000000000000e+03
8.787000000000000000e+03
8.851000000000000000e+03
8.927000000000000000e+03
9.005000000000000000e+03
9.094000000000000000e+03
9.131000000000000000e+03
9.257000000000000000e+03
9.296000000000000000e+03
9.326000000000000000e+03
9.373000000000000000e+03
9.426000000000000000e+03
9.472000000000000000e+03
9.506000000000000000e+03
9.542000000000000000e+03
9.573000000000000000e+03
9.581000000000000000e+03
9.634000000000000000e+03
9.723000000000000000e+03
9.780000000000000000e+03
9.884000000000000000e+03
9.929000000000000000e+03
9.959000000000000000e+03
1.001900000000000000e+04
1.008800000000000000e+04
1.015100000000000000e+04
1.024000000000000000e+04
1.028400000000000000e+04
1.034300000000000000e+04
1.042200000000000000e+04
1.048800000000000000e+04
1.054100000000000000e+04
1.060000000000000000e+04
1.066900000000000000e+04
1.070900000000000000e+04
1.076300000000000000e+04
1.081000000000000000e+04
1.086400000000000000e+04
1.091100000000000000e+04
1.098700000000000000e+04
1.106300000000000000e+04
1.112000000000000000e+04
1.118400000000000000e+04
1.127100000000000000e+04
1.136900000000000000e+04
1.144300000000000000e+04
1.150900000000000000e+04
1.160800000000000000e+04
1.171000000000000000e+04
1.179200000000000000e+04
1.187500000000000000e+04
1.190700000000000000e+04
1.196800000000000000e+04
1.203900000000000000e+04
1.213500000000000000e+04
1.222400000000000000e+04
1.228900000000000000e+04
1.235400000000000000e+04
1.242300000000000000e+04
1.251900000000000000e+04
1.259700000000000000e+04
1.268400000000000000e+04
1.272300000000000000e+04
1.273200000000000000e+04
1.275200000000000000e+04
1.279300000000000000e+04
1.282700000000000000e+04
1.291500000000000000e+04
1.293100000000000000e+04
1.304900000000000000e+04
1.320300000000000000e+04
1.324600000000000000e+04
1.333000000000000000e+04
1.336800000000000000e+04
1.341100000000000000e+04
1.345500000000000000e+04
1.354800000000000000e+04
1.363700000000000000e+04
1.376000000000000000e+04
1.385200000000000000e+04
1.391500000000000000e+04
1.399200000000000000e+04
1.409600000000000000e+04
1.416100000000000000e+04
1.427400000000000000e+04
1.441900000000000000e+04
1.448700000000000000e+04
1.455000000000000000e+04
1.465800000000000000e+04
1.477200000000000000e+04
1.487900000000000000e+04
1.501200000000000000e+04
1.515300000000000000e+04
1.524100000000000000e+04
1.543500000000000000e+04
1.546200000000000000e+04
1.552700000000000000e+04
1.565300000000000000e+04
1.577800000000000000e+04
1.597300000000000000e+04
1.607300000000000000e+04
1.625000000000000000e+04
1.651300000000000000e+04
1.684100000000000000e+04
1.708500000000000000e+04
1.729800000000000000e+04
1.770100000000000000e+04
1.790800000000000000e+04
1.823700000000000000e+04
1.852700000000000000e+04
1.883000000000000000e+04
1.903500000000000000e+04
1.930500000000000000e+04
1.977300000000000000e+04
2.001600000000000000e+04
2.031000000000000000e+04
2.058100000000000000e+04
2.092400000000000000e+04
2.138200000000000000e+04
2.167900000000000000e+04
2.182600000000000000e+04
2.201900000000000000e+04
2.226700000000000000e+04
2.247100000000000000e+04
2.281700000000000000e+04
2.326300000000000000e+04
2.359900000000000000e+04
2.383800000000000000e+04
2.410300000000000000e+04
2.444400000000000000e+04
2.477600000000000000e+04
2.530300000000000000e+04
2.602600000000000000e+04
2.690400000000000000e+04
2.746500000000000000e+04
2.827300000000000000e+04
2.896800000000000000e+04
2.938700000000000000e+04
2.991200000000000000e+04
3.049900000000000000e+04
3.130500000000000000e+04
3.190700000000000000e+04
3.272800000000000000e+04
3.336600000000000000e+04
3.397000000000000000e+04
3.466500000000000000e+04
3.533800000000000000e+04
3.589600000000000000e+04
3.623100000000000000e+04
3.667000000000000000e+04
3.712800000000000000e+04
3.745800000000000000e+04
3.774700000000000000e+04
3.822700000000000000e+04
3.851400000000000000e+04
3.884800000000000000e+04
3.923700000000000000e+04
3.954300000000000000e+04
3.996700000000000000e+04
4.044900000000000000e+04
4.066300000000000000e+04
4.101300000000000000e+04
4.132800000000000000e+04
4.140000000000000000e+04
4.160400000000000000e+04
4.184300000000000000e+04
4.211900000000000000e+04
4.250000000000000000e+04
4.276300000000000000e+04
4.292400000000000000e+04
4.305400000000000000e+04
4.324000000000000000e+04
4.347300000000000000e+04
4.368400000000000000e+04
4.389000000000000000e+04
4.413600000000000000e+04
4.425400000000000000e+04
4.433700000000000000e+04
4.450200000000000000e+04
4.464200000000000000e+04
4.486700000000000000e+04
4.500400000000000000e+04
4.514500000000000000e+04
4.521200000000000000e+04
4.529200000000000000e+04
4.541400000000000000e+04
4.557800000000000000e+04
4.577700000000000000e+04
4.586700000000000000e+04
4.603900000000000000e+04
4.608700000000000000e+04
4.619400000000000000e+04
4.633800000000000000e+04
4.642800000000000000e+04
4.658800000000000000e+04
4.670800000000000000e+04
4.678200000000000000e+04
4.682100000000000000e+04
4.692200000000000000e+04
4.702000000000000000e+04
4.715000000000000000e+04
4.723300000000000000e+04
4.731900000000000000e+04
4.739600000000000000e+04
4.747900000000000000e+04
4.757200000000000000e+04
4.767200000000000000e+04
4.777600000000000000e+04
4.789900000000000000e+04
4.795900000000000000e+04
4.805400000000000000e+04
4.808100000000000000e+04
4.810100000000000000e+04
4.818000000000000000e+04
4.828800000000000000e+04
4.837400000000000000e+04
4.846700000000000000e+04
4.855700000000000000e+04
4.859400000000000000e+04
4.863900000000000000e+04
4.873300000000000000e+04
4.882100000000000000e+04
4.890100000000000000e+04
4.895100000000000000e+04
4.898300000000000000e+04
4.903100000000000000e+04
4.909000000000000000e+04
4.911000000000000000e+04
4.917900000000000000e+04
4.923200000000000000e+04
4.927700000000000000e+04
4.935600000000000000e+04
4.937900000000000000e+04
4.942900000000000000e+04
4.950300000000000000e+04
4.956400000000000000e+04
4.960700000000000000e+04
4.966800000000000000e+04
4.971200000000000000e+04
4.973500000000000000e+04
4.979500000000000000e+04
4.984100000000000000e+04
4.990900000000000000e+04
4.996400000000000000e+04
5.000500000000000000e+04
5.005400000000000000e+04
5.008000000000000000e+04
5.012400000000000000e+04
5.016600000000000000e+04
5.024200000000000000e+04
5.024200000000000000e+04
5.024200000000000000e+04
5.038900000000000000e+04
5.040400000000000000e+04
5.045600000000000000e+04
5.049700000000000000e+04
5.056800000000000000e+04
5.062900000000000000e+04
5.072000000000000000e+04
5.075700000000000000e+04
5.079300000000000000e+04
5.084800000000000000e+04
5.091300000000000000e+04
5.098300000000000000e+04
5.105200000000000000e+04
5.113500000000000000e+04
5.122000000000000000e+04
5.128200000000000000e+04
5.140800000000000000e+04
5.154200000000000000e+04
5.168600000000000000e+04
5.168600000000000000e+04
5.198400000000000000e+04
5.208900000000000000e+04
5.214100000000000000e+04
5.232200000000000000e+04
5.250400000000000000e+04
5.268400000000000000e+04
5.289500000000000000e+04
5.323700000000000000e+04
