0.000000000000000000e+00
0.000000000000000000e+00
0.000000000000000000e+00
0.000000000000000000e+00
0.000000000000000000e+00
0.000000000000000000e+00
0.000000000000000000e+00
0.000000000000000000e+00
0.000000000000000000e+00
0.000000000000000000e+00
0.000000000000000000e+00
0.000000000000000000e+00
0.000000000000000000e+00
0.000000000000000000e+00
0.000000000000000000e+00
0.000000000000000000e+00
0.000000000000000000e+00
0.000000000000000000e+00
0.000000000000000000e+00
0.000000000000000000e+00
0.000000000000000000e+00
0.000000000000000000e+00
0.000000000000000000e+00
0.000000000000000000e+00
0.000000000000000000e+00
0.000000000000000000e+00
0.000000000000000000e+00
0.000000000000000000e+00
0.000000000000000000e+00
0.000000000000000000e+00
0.000000000000000000e+00
0.000000000000000000e+00
2.000000000000000000e+00
0.000000000000000000e+00
0.000000000000000000e+00
0.000000000000000000e+00
0.000000000000000000e+00
0.000000000000000000e+00
0.000000000000000000e+00
7.000000000000000000e+00
0.000000000000000000e+00
1.000000000000000000e+00
0.000000000000000000e+00
3.000000000000000000e+00
0.000000000000000000e+00
0.000000000000000000e+00
7.000000000000000000e+00
0.000000000000000000e+00
5.000000000000000000e+00
1.000000000000000000e+01
0.000000000000000000e+00
2.000000000000000000e+01
3.300000000000000000e+01
1.300000000000000000e+01
8.100000000000000000e+01
4.600000000000000000e+01
3.700000000000000000e+01
0.000000000000000000e+00
1.960000000000000000e+02
1.310000000000000000e+02
9.500000000000000000e+01
1.140000000000000000e+02
1.760000000000000000e+02
2.200000000000000000e+02
1.640000000000000000e+02
3.040000000000000000e+02
3.500000000000000000e+02
2.300000000000000000e+02
3.100000000000000000e+02
2.890000000000000000e+02
2.930000000000000000e+02
3.730000000000000000e+02
3.330000000000000000e+02
5.120000000000000000e+02
3.100000000000000000e+02
3.440000000000000000e+02
3.010000000000000000e+02
4.300000000000000000e+02
4.260000000000000000e+02
5.290000000000000000e+02
6.710000000000000000e+02
2.860000000000000000e+02
3.120000000000000000e+02
3.920000000000000000e+02
3.560000000000000000e+02
5.340000000000000000e+02
4.450000000000000000e+02
9.070000000000000000e+02
3.580000000000000000e+02
4.190000000000000000e+02
3.250000000000000000e+02
4.640000000000000000e+02
5.160000000000000000e+02
4.940000000000000000e+02
1.363000000000000000e+03
4.730000000000000000e+02
4.820000000000000000e+02
5.520000000000000000e+02
5.200000000000000000e+02
1.138000000000000000e+03
9.850000000000000000e+02
2.526000000000000000e+03
1.228000000000000000e+03
9.800000000000000000e+02
1.373000000000000000e+03
1.032000000000000000e+03
1.533000000000000000e+03
1.391000000000000000e+03
3.458000000000000000e+03
1.647000000000000000e+03
1.197000000000000000e+03
1.658000000000000000e+03
2.660000000000000000e+03
2.659000000000000000e+03
2.502000000000000000e+03
5.485000000000000000e+03
2.353000000000000000e+03
2.278000000000000000e+03
3.520000000000000000e+03
4.038000000000000000e+03
3.964000000000000000e+03
4.276000000000000000e+03
9.842000000000000000e+03
3.709000000000000000e+03
4.895000000000000000e+03
3.964000000000000000e+03
4.328000000000000000e+03
4.654000000000000000e+03
3.695000000000000000e+03
1.318800000000000000e+04
4.830000000000000000e+03
5.470000000000000000e+03
3.528000000000000000e+03
4.942000000000000000e+03
4.664000000000000000e+03
4.207000000000000000e+03
1.399000000000000000e+04
6.405000000000000000e+03
4.696000000000000000e+03
3.913000000000000000e+03
5.697000000000000000e+03
5.636000000000000000e+03
6.754000000000000000e+03
8.182000000000000000e+03
6.938000000000000000e+03
5.143000000000000000e+03
5.013000000000000000e+03
1.900000000000000000e+03
4.475000000000000000e+03
6.290000000000000000e+03
5.355000000000000000e+03
5.607000000000000000e+03
4.608000000000000000e+03
3.804000000000000000e+03
3.649000000000000000e+03
4.648000000000000000e+03
4.296000000000000000e+03
4.406000000000000000e+03
4.216000000000000000e+03
4.017000000000000000e+03
3.394000000000000000e+03
2.650000000000000000e+03
2.498000000000000000e+03
3.548000000000000000e+03
3.758000000000000000e+03
3.685000000000000000e+03
3.025000000000000000e+03
2.462000000000000000e+03
2.064000000000000000e+03
3.133000000000000000e+03
3.058000000000000000e+03
2.755000000000000000e+03
3.012000000000000000e+03
2.616000000000000000e+03
1.836000000000000000e+03
1.712000000000000000e+03
2.493000000000000000e+03
2.741000000000000000e+03
2.407000000000000000e+03
2.084000000000000000e+03
2.099000000000000000e+03
1.654000000000000000e+03
1.719000000000000000e+03
2.357000000000000000e+03
2.545000000000000000e+03
2.288000000000000000e+03
2.198000000000000000e+03
2.133000000000000000e+03
1.877000000000000000e+03
1.775000000000000000e+03
1.961000000000000000e+03
2.131000000000000000e+03
1.991000000000000000e+03
2.073000000000000000e+03
1.762000000000000000e+03
1.469000000000000000e+03
1.761000000000000000e+03
1.948000000000000000e+03
2.154000000000000000e+03
2.198000000000000000e+03
2.033000000000000000e+03
1.988000000000000000e+03
1.572000000000000000e+03
1.552000000000000000e+03
1.866000000000000000e+03
2.077000000000000000e+03
1.791000000000000000e+03
2.044000000000000000e+03
1.556000000000000000e+03
1.353000000000000000e+03
1.182000000000000000e+03
1.812000000000000000e+03
1.920000000000000000e+03
1.939000000000000000e+03
1.957000000000000000e+03
1.903000000000000000e+03
1.417000000000000000e+03
1.380000000000000000e+03
1.737000000000000000e+03
1.870000000000000000e+03
2.037000000000000000e+03
1.965000000000000000e+03
1.752000000000000000e+03
1.419000000000000000e+03
1.594000000000000000e+03
1.762000000000000000e+03
1.968000000000000000e+03
1.965000000000000000e+03
2.076000000000000000e+03
1.764000000000000000e+03
1.267000000000000000e+03
1.486000000000000000e+03
1.642000000000000000e+03
1.866000000000000000e+03
2.131000000000000000e+03
2.082000000000000000e+03
1.685000000000000000e+03
1.550000000000000000e+03
1.304000000000000000e+03
1.863000000000000000e+03
1.677000000000000000e+03
1.847000000000000000e+03
1.600000000000000000e+03
1.194000000000000000e+03
1.055000000000000000e+03
1.380000000000000000e+03
1.731000000000000000e+03
2.234000000000000000e+03
2.111000000000000000e+03
1.922000000000000000e+03
1.770000000000000000e+03
1.629000000000000000e+03
1.691000000000000000e+03
1.759000000000000000e+03
1.840000000000000000e+03
1.881000000000000000e+03
1.708000000000000000e+03
1.567000000000000000e+03
1.560000000000000000e+03
1.134000000000000000e+03
1.576000000000000000e+03
1.753000000000000000e+03
1.826000000000000000e+03
1.776000000000000000e+03
1.461000000000000000e+03
1.448000000000000000e+03
1.092000000000000000e+03
1.124000000000000000e+03
1.694000000000000000e+03
1.813000000000000000e+03
1.757000000000000000e+03
1.545000000000000000e+03
1.173000000000000000e+03
1.159000000000000000e+03
1.494000000000000000e+03
1.775000000000000000e+03
1.636000000000000000e+03
1.521000000000000000e+03
1.535000000000000000e+03
9.270000000000000000e+02
1.005000000000000000e+03
1.520000000000000000e+03
1.521000000000000000e+03
1.685000000000000000e+03
1.608000000000000000e+03
1.276000000000000000e+03
1.062000000000000000e+03
8.400000000000000000e+02
1.540000000000000000e+03
1.808000000000000000e+03
1.587000000000000000e+03
1.581000000000000000e+03
1.321000000000000000e+03
1.028000000000000000e+03
8.970000000000000000e+02
1.634000000000000000e+03
1.592000000000000000e+03
1.646000000000000000e+03
1.597000000000000000e+03
1.331000000000000000e+03
1.006000000000000000e+03
9.480000000000000000e+02
1.454000000000000000e+03
1.573000000000000000e+03
1.558000000000000000e+03
1.497000000000000000e+03
1.440000000000000000e+03
1.007000000000000000e+03
1.005000000000000000e+03
1.570000000000000000e+03
1.581000000000000000e+03
1.698000000000000000e+03
1.489000000000000000e+03
1.313000000000000000e+03
1.121000000000000000e+03
1.034000000000000000e+03
1.508000000000000000e+03
1.729000000000000000e+03
1.533000000000000000e+03
1.714000000000000000e+03
1.760000000000000000e+03
1.392000000000000000e+03
1.244000000000000000e+03
1.662000000000000000e+03
1.534000000000000000e+03
1.807000000000000000e+03
2.138000000000000000e+03
1.911000000000000000e+03
1.499000000000000000e+03
1.402000000000000000e+03
2.001000000000000000e+03
2.403000000000000000e+03
2.220000000000000000e+03
2.191000000000000000e+03
2.447000000000000000e+03
1.196000000000000000e+03
1.725000000000000000e+03
3.238000000000000000e+03
1.679000000000000000e+03
2.563000000000000000e+03
1.711000000000000000e+03
1.923000000000000000e+03
1.958000000000000000e+03
2.964000000000000000e+03
2.023000000000000000e+03
3.591000000000000000e+03
3.338000000000000000e+03
2.289000000000000000e+03
2.450000000000000000e+03
2.460000000000000000e+03
2.382000000000000000e+03
3.693000000000000000e+03
4.205000000000000000e+03
4.361000000000000000e+03
4.181000000000000000e+03
3.969000000000000000e+03
3.243000000000000000e+03
3.390000000000000000e+03
4.187000000000000000e+03
4.468000000000000000e+03
4.313000000000000000e+03
4.339000000000000000e+03
3.918000000000000000e+03
3.401000000000000000e+03
3.589000000000000000e+03
4.367000000000000000e+03
4.959000000000000000e+03
4.581000000000000000e+03
4.463000000000000000e+03
4.068000000000000000e+03
3.322000000000000000e+03
3.388000000000000000e+03
4.255000000000000000e+03
4.606000000000000000e+03
4.151000000000000000e+03
4.209000000000000000e+03
3.779000000000000000e+03
3.147000000000000000e+03
2.610000000000000000e+03
3.592000000000000000e+03
3.782000000000000000e+03
4.063000000000000000e+03
3.804000000000000000e+03
3.464000000000000000e+03
2.839000000000000000e+03
2.387000000000000000e+03
3.731000000000000000e+03
4.164000000000000000e+03
3.925000000000000000e+03
3.813000000000000000e+03
3.332000000000000000e+03
2.498000000000000000e+03
2.275000000000000000e+03
3.828000000000000000e+03
3.797000000000000000e+03
3.906000000000000000e+03
3.615000000000000000e+03
3.549000000000000000e+03
2.308000000000000000e+03
2.555000000000000000e+03
4.472000000000000000e+03
4.585000000000000000e+03
4.489000000000000000e+03
3.207000000000000000e+03
5.145000000000000000e+03
2.742000000000000000e+03
3.040000000000000000e+03
4.567000000000000000e+03
5.331000000000000000e+03
5.033000000000000000e+03
5.302000000000000000e+03
4.748000000000000000e+03
3.531000000000000000e+03
3.885000000000000000e+03
5.563000000000000000e+03
5.973000000000000000e+03
5.894000000000000000e+03
5.731000000000000000e+03
5.121000000000000000e+03
4.551000000000000000e+03
3.430000000000000000e+03
7.257000000000000000e+03
6.584000000000000000e+03
7.036000000000000000e+03
6.850000000000000000e+03
6.155000000000000000e+03
4.864000000000000000e+03
4.825000000000000000e+03
7.060000000000000000e+03
7.478000000000000000e+03
7.592000000000000000e+03
7.330000000000000000e+03
7.241000000000000000e+03
5.008000000000000000e+03
6.046000000000000000e+03
7.868000000000000000e+03
8.079000000000000000e+03
7.993000000000000000e+03
7.307000000000000000e+03
5.827000000000000000e+03
5.168000000000000000e+03
5.242000000000000000e+03
8.248000000000000000e+03
9.151000000000000000e+03
8.101000000000000000e+03
7.977000000000000000e+03
6.421000000000000000e+03
5.790000000000000000e+03
5.557000000000000000e+03
7.431000000000000000e+03
7.613000000000000000e+03
8.037000000000000000e+03
7.370000000000000000e+03
6.622000000000000000e+03
4.849000000000000000e+03
5.214000000000000000e+03
6.917000000000000000e+03
7.582000000000000000e+03
6.909000000000000000e+03
6.725000000000000000e+03
6.078000000000000000e+03
4.158000000000000000e+03
4.499000000000000000e+03
6.720000000000000000e+03
7.254000000000000000e+03
5.510000000000000000e+03
7.165000000000000000e+03
4.895000000000000000e+03
3.249000000000000000e+03
3.885000000000000000e+03
6.299000000000000000e+03
6.530000000000000000e+03
6.198000000000000000e+03
5.493000000000000000e+03
5.339000000000000000e+03
3.738000000000000000e+03
3.902000000000000000e+03
6.153000000000000000e+03
6.915000000000000000e+03
6.736000000000000000e+03
6.296000000000000000e+03
5.548000000000000000e+03
3.766000000000000000e+03
4.767000000000000000e+03
7.682000000000000000e+03
7.602000000000000000e+03
7.500000000000000000e+03
6.505000000000000000e+03
5.343000000000000000e+03
4.160000000000000000e+03
5.197000000000000000e+03
8.105000000000000000e+03
8.658000000000000000e+03
8.216000000000000000e+03
7.910000000000000000e+03
6.839000000000000000e+03
5.011000000000000000e+03
5.616000000000000000e+03
8.128000000000000000e+03
8.245000000000000000e+03
8.920000000000000000e+03
7.690000000000000000e+03
6.928000000000000000e+03
5.533000000000000000e+03
5.351000000000000000e+03
7.709000000000000000e+03
7.942000000000000000e+03
7.573000000000000000e+03
7.481000000000000000e+03
6.190000000000000000e+03
4.576000000000000000e+03
4.322000000000000000e+03
6.670000000000000000e+03
6.770000000000000000e+03
6.274000000000000000e+03
5.743000000000000000e+03
5.205000000000000000e+03
3.710000000000000000e+03
2.476000000000000000e+03
3.463000000000000000e+03
5.599000000000000000e+03
5.171000000000000000e+03
4.461000000000000000e+03
4.034000000000000000e+03
2.637000000000000000e+03
2.128000000000000000e+03
2.655000000000000000e+03
4.056000000000000000e+03
3.848000000000000000e+03
3.323000000000000000e+03
2.824000000000000000e+03
1.857000000000000000e+03
1.871000000000000000e+03
3.255000000000000000e+03
2.800000000000000000e+03
2.769000000000000000e+03
2.318000000000000000e+03
2.145000000000000000e+03
1.264000000000000000e+03
1.243000000000000000e+03
2.366000000000000000e+03
2.053000000000000000e+03
1.932000000000000000e+03
1.398000000000000000e+03
1.004000000000000000e+03
9.750000000000000000e+02
9.960000000000000000e+02
1.859000000000000000e+03
1.645000000000000000e+03
1.391000000000000000e+03
1.428000000000000000e+03
1.168000000000000000e+03
7.450000000000000000e+02
8.270000000000000000e+02
1.371000000000000000e+03
1.341000000000000000e+03
1.142000000000000000e+03
1.171000000000000000e+03
