0.000000000000000000e+00
0.000000000000000000e+00
0.000000000000000000e+00
0.000000000000000000e+00
0.000000000000000000e+00
0.000000000000000000e+00
0.000000000000000000e+00
0.000000000000000000e+00
0.000000000000000000e+00
0.000000000000000000e+00
0.000000000000000000e+00
0.000000000000000000e+00
0.000000000000000000e+00
0.000000000000000000e+00
0.000000000000000000e+00
0.000000000000000000e+00
0.000000000000000000e+00
0.000000000000000000e+00
0.000000000000000000e+00
0.000000000000000000e+00
0.000000000000000000e+00
0.000000000000000000e+00
0.000000000000000000e+00
0.000000000000000000e+00
0.000000000000000000e+00
0.000000000000000000e+00
0.000000000000000000e+00
0.000000000000000000e+00
0.000000000000000000e+00
0.000000000000000000e+00
0.000000000000000000e+00
0.000000000000000000e+00
0.000000000000000000e+00
0.000000000000000000e+00
0.000000000000000000e+00
0.000000000000000000e+00
0.000000000000000000e+00
0.000000000000000000e+00
0.000000000000000000e+00
0.000000000000000000e+00
0.000000000000000000e+00
0.000000000000000000e+00
0.000000000000000000e+00
0.000000000000000000e+00
0.000000000000000000e+00
0.000000000000000000e+00
0.000000000000000000e+00
0.000000000000000000e+00
0.000000000000000000e+00
0.000000000000000000e+00
0.000000000000000000e+00
0.000000000000000000e+00
0.000000000000000000e+00
0.000000000000000000e+00
0.000000000000000000e+00
0.000000000000000000e+00
0.000000000000000000e+00
0.000000000000000000e+00
0.000000000000000000e+00
0.000000000000000000e+00
1.000000000000000000e+00
1.000000000000000000e+00
1.000000000000000000e+00
1.000000000000000000e+00
1.000000000000000000e+00
1.000000000000000000e+00
1.000000000000000000e+00
1.000000000000000000e+00
1.000000000000000000e+00
1.000000000000000000e+00
1.000000000000000000e+00
1.000000000000000000e+00
1.000000000000000000e+00
1.000000000000000000e+00
1.000000000000000000e+00
1.000000000000000000e+00
1.000000000000000000e+00
1.000000000000000000e+00
1.000000000000000000e+00
2.000000000000000000e+00
2.000000000000000000e+00
2.000000000000000000e+00
4.000000000000000000e+00
6.000000000000000000e+00
8.000000000000000000e+00
1.800000000000000000e+01
1.800000000000000000e+01
1.800000000000000000e+01
1.900000000000000000e+01
2.200000000000000000e+01
2.300000000000000000e+01
2.300000000000000000e+01
2.300000000000000000e+01
2.400000000000000000e+01
2.400000000000000000e+01
2.400000000000000000e+01
2.400000000000000000e+01
2.400000000000000000e+01
2.400000000000000000e+01
2.400000000000000000e+01
2.400000000000000000e+01
2.400000000000000000e+01
2.400000000000000000e+01
2.400000000000000000e+01
2.400000000000000000e+01
2.400000000000000000e+01
2.400000000000000000e+01
2.400000000000000000e+01
2.400000000000000000e+01
2.400000000000000000e+01
2.400000000000000000e+01
2.400000000000000000e+01
2.400000000000000000e+01
2.400000000000000000e+01
2.400000000000000000e+01
2.400000000000000000e+01
2.400000000000000000e+01
2.400000000000000000e+01
2.400000000000000000e+01
2.400000000000000000e+01
2.400000000000000000e+01
2.400000000000000000e+01
2.400000000000000000e+01
2.400000000000000000e+01
2.400000000000000000e+01
2.400000000000000000e+01
2.400000000000000000e+01
2.400000000000000000e+01
2.400000000000000000e+01
2.400000000000000000e+01
2.400000000000000000e+01
2.400000000000000000e+01
2.400000000000000000e+01
2.400000000000000000e+01
2.400000000000000000e+01
2.400000000000000000e+01
2.400000000000000000e+01
2.400000000000000000e+01
2.400000000000000000e+01
2.400000000000000000e+01
2.400000000000000000e+01
2.400000000000000000e+01
2.400000000000000000e+01
2.400000000000000000e+01
2.400000000000000000e+01
2.400000000000000000e+01
2.400000000000000000e+01
2.400000000000000000e+01
2.400000000000000000e+01
2.400000000000000000e+01
2.400000000000000000e+01
2.400000000000000000e+01
2.400000000000000000e+01
2.400000000000000000e+01
2.400000000000000000e+01
2.400000000000000000e+01
2.400000000000000000e+01
2.400000000000000000e+01
2.400000000000000000e+01
2.400000000000000000e+01
2.400000000000000000e+01
2.400000000000000000e+01
2.400000000000000000e+01
2.400000000000000000e+01
2.400000000000000000e+01
2.400000000000000000e+01
2.400000000000000000e+01
2.400000000000000000e+01
2.400000000000000000e+01
2.400000000000000000e+01
2.400000000000000000e+01
2.400000000000000000e+01
2.400000000000000000e+01
2.400000000000000000e+01
2.400000000000000000e+01
2.400000000000000000e+01
2.400000000000000000e+01
2.400000000000000000e+01
2.400000000000000000e+01
2.400000000000000000e+01
2.400000000000000000e+01
2.400000000000000000e+01
2.400000000000000000e+01
2.400000000000000000e+01
2.400000000000000000e+01
2.400000000000000000e+01
2.400000000000000000e+01
2.400000000000000000e+01
2.400000000000000000e+01
2.400000000000000000e+01
2.400000000000000000e+01
2.400000000000000000e+01
2.400000000000000000e+01
2.400000000000000000e+01
2.400000000000000000e+01
2.500000000000000000e+01
2.500000000000000000e+01
2.500000000000000000e+01
2.500000000000000000e+01
2.500000000000000000e+01
2.500000000000000000e+01
2.500000000000000000e+01
2.500000000000000000e+01
2.500000000000000000e+01
2.500000000000000000e+01
2.500000000000000000e+01
2.500000000000000000e+01
2.500000000000000000e+01
2.500000000000000000e+01
2.500000000000000000e+01
2.500000000000000000e+01
2.500000000000000000e+01
2.500000000000000000e+01
2.600000000000000000e+01
2.600000000000000000e+01
2.600000000000000000e+01
2.600000000000000000e+01
2.600000000000000000e+01
2.700000000000000000e+01
2.700000000000000000e+01
2.700000000000000000e+01
2.700000000000000000e+01
2.700000000000000000e+01
2.700000000000000000e+01
2.700000000000000000e+01
2.700000000000000000e+01
2.700000000000000000e+01
2.700000000000000000e+01
2.700000000000000000e+01
2.700000000000000000e+01
2.700000000000000000e+01
2.700000000000000000e+01
2.700000000000000000e+01
2.700000000000000000e+01
2.700000000000000000e+01
2.700000000000000000e+01
2.700000000000000000e+01
2.700000000000000000e+01
2.700000000000000000e+01
2.700000000000000000e+01
2.700000000000000000e+01
2.700000000000000000e+01
2.700000000000000000e+01
2.700000000000000000e+01
2.700000000000000000e+01
2.700000000000000000e+01
2.700000000000000000e+01
2.700000000000000000e+01
2.700000000000000000e+01
2.700000000000000000e+01
2.700000000000000000e+01
2.800000000000000000e+01
2.800000000000000000e+01
2.800000000000000000e+01
2.800000000000000000e+01
2.800000000000000000e+01
2.800000000000000000e+01
2.800000000000000000e+01
2.800000000000000000e+01
2.800000000000000000e+01
2.800000000000000000e+01
2.800000000000000000e+01
2.800000000000000000e+01
2.800000000000000000e+01
2.900000000000000000e+01
2.900000000000000000e+01
2.900000000000000000e+01
2.900000000000000000e+01
2.900000000000000000e+01
2.900000000000000000e+01
2.900000000000000000e+01
2.900000000000000000e+01
2.900000000000000000e+01
2.900000000000000000e+01
2.900000000000000000e+01
2.900000000000000000e+01
2.900000000000000000e+01
2.900000000000000000e+01
3.000000000000000000e+01
3.000000000000000000e+01
3.000000000000000000e+01
3.000000000000000000e+01
3.000000000000000000e+01
3.000000000000000000e+01
3.000000000000000000e+01
3.000000000000000000e+01
3.000000000000000000e+01
3.000000000000000000e+01
3.000000000000000000e+01
3.000000000000000000e+01
3.000000000000000000e+01
3.000000000000000000e+01
3.000000000000000000e+01
3.000000000000000000e+01
3.000000000000000000e+01
3.000000000000000000e+01
3.000000000000000000e+01
3.000000000000000000e+01
3.000000000000000000e+01
3.000000000000000000e+01
3.000000000000000000e+01
3.000000000000000000e+01
3.000000000000000000e+01
3.000000000000000000e+01
3.000000000000000000e+01
3.000000000000000000e+01
3.000000000000000000e+01
3.000000000000000000e+01
3.000000000000000000e+01
3.000000000000000000e+01
3.000000000000000000e+01
3.000000000000000000e+01
3.000000000000000000e+01
3.000000000000000000e+01
3.000000000000000000e+01
3.100000000000000000e+01
3.100000000000000000e+01
3.100000000000000000e+01
3.100000000000000000e+01
3.100000000000000000e+01
3.100000000000000000e+01
3.100000000000000000e+01
3.100000000000000000e+01
3.100000000000000000e+01
3.100000000000000000e+01
3.100000000000000000e+01
3.100000000000000000e+01
3.100000000000000000e+01
3.100000000000000000e+01
3.100000000000000000e+01
3.100000000000000000e+01
3.100000000000000000e+01
3.100000000000000000e+01
3.100000000000000000e+01
3.100000000000000000e+01
3.100000000000000000e+01
3.300000000000000000e+01
4.100000000000000000e+01
4.100000000000000000e+01
4.100000000000000000e+01
4.100000000000000000e+01
4.400000000000000000e+01
4.400000000000000000e+01
4.400000000000000000e+01
4.400000000000000000e+01
4.400000000000000000e+01
4.400000000000000000e+01
4.600000000000000000e+01
4.900000000000000000e+01
4.900000000000000000e+01
4.900000000000000000e+01
4.900000000000000000e+01
4.900000000000000000e+01
4.900000000000000000e+01
4.900000000000000000e+01
4.900000000000000000e+01
4.900000000000000000e+01
5.100000000000000000e+01
5.100000000000000000e+01
5.100000000000000000e+01
5.200000000000000000e+01
5.200000000000000000e+01
5.200000000000000000e+01
5.200000000000000000e+01
5.300000000000000000e+01
5.300000000000000000e+01
5.300000000000000000e+01
6.400000000000000000e+01
6.700000000000000000e+01
6.700000000000000000e+01
6.700000000000000000e+01
6.800000000000000000e+01
6.800000000000000000e+01
6.900000000000000000e+01
7.000000000000000000e+01
7.000000000000000000e+01
7.000000000000000000e+01
7.500000000000000000e+01
7.700000000000000000e+01
8.000000000000000000e+01
8.000000000000000000e+01
8.000000000000000000e+01
8.000000000000000000e+01
8.000000000000000000e+01
8.600000000000000000e+01
8.600000000000000000e+01
1.000000000000000000e+02
1.000000000000000000e+02
1.010000000000000000e+02
1.020000000000000000e+02
1.020000000000000000e+02
1.020000000000000000e+02
1.020000000000000000e+02
1.030000000000000000e+02
1.030000000000000000e+02
1.030000000000000000e+02
1.030000000000000000e+02
1.030000000000000000e+02
1.070000000000000000e+02
1.090000000000000000e+02
1.100000000000000000e+02
1.100000000000000000e+02
1.110000000000000000e+02
1.130000000000000000e+02
1.130000000000000000e+02
1.130000000000000000e+02
1.130000000000000000e+02
1.130000000000000000e+02
1.190000000000000000e+02
1.190000000000000000e+02
1.220000000000000000e+02
1.290000000000000000e+02
1.420000000000000000e+02
1.450000000000000000e+02
1.590000000000000000e+02
1.700000000000000000e+02
1.780000000000000000e+02
1.960000000000000000e+02
2.030000000000000000e+02
2.080000000000000000e+02
2.160000000000000000e+02
2.290000000000000000e+02
2.520000000000000000e+02
2.710000000000000000e+02
3.260000000000000000e+02
3.350000000000000000e+02
3.510000000000000000e+02
3.720000000000000000e+02
3.940000000000000000e+02
4.520000000000000000e+02
4.800000000000000000e+02
4.910000000000000000e+02
5.120000000000000000e+02
5.630000000000000000e+02
6.040000000000000000e+02
6.430000000000000000e+02
6.770000000000000000e+02
7.140000000000000000e+02
7.140000000000000000e+02
7.660000000000000000e+02
7.790000000000000000e+02
7.790000000000000000e+02
7.870000000000000000e+02
8.770000000000000000e+02
9.470000000000000000e+02
9.470000000000000000e+02
1.046000000000000000e+03
1.074000000000000000e+03
1.103000000000000000e+03
1.138000000000000000e+03
1.193000000000000000e+03
1.236000000000000000e+03
1.306000000000000000e+03
1.368000000000000000e+03
1.452000000000000000e+03
1.509000000000000000e+03
1.657000000000000000e+03
1.657000000000000000e+03
1.739000000000000000e+03
1.897000000000000000e+03
1.949000000000000000e+03
2.048000000000000000e+03
2.124000000000000000e+03
2.190000000000000000e+03
2.276000000000000000e+03
2.276000000000000000e+03
2.444000000000000000e+03
2.524000000000000000e+03
2.653000000000000000e+03
2.786000000000000000e+03
2.870000000000000000e+03
2.965000000000000000e+03
3.111000000000000000e+03
3.227000000000000000e+03
3.353000000000000000e+03
3.493000000000000000e+03
3.626000000000000000e+03
3.879000000000000000e+03
4.118000000000000000e+03
4.279000000000000000e+03
4.458000000000000000e+03
4.589000000000000000e+03
4.765000000000000000e+03
4.949000000000000000e+03
5.121000000000000000e+03
5.287000000000000000e+03
5.481000000000000000e+03
5.637000000000000000e+03
5.816000000000000000e+03
5.816000000000000000e+03
6.245000000000000000e+03
6.459000000000000000e+03
6.622000000000000000e+03
6.752000000000000000e+03
6.897000000000000000e+03
6.994000000000000000e+03
7.161000000000000000e+03
7.310000000000000000e+03
7.422000000000000000e+03
7.511000000000000000e+03
7.659000000000000000e+03
7.740000000000000000e+03
7.764000000000000000e+03
7.764000000000000000e+03
7.941000000000000000e+03
8.113000000000000000e+03
8.145000000000000000e+03
8.228000000000000000e+03
8.285000000000000000e+03
8.341000000000000000e+03
8.412000000000000000e+03
8.478000000000000000e+03
8.504000000000000000e+03
8.602000000000000000e+03
8.678000000000000000e+03
8.707000000000000000e+03
8.728000000000000000e+03
8.781000000000000000e+03
8.843000000000000000e+03
8.889000000000000000e+03
8.912000000000000000e+03
8.979000000000000000e+03
9.035000000000000000e+03
9.055000000000000000e+03
9.118000000000000000e+03
9.222000000000000000e+03
9.278000000000000000e+03
9.361000000000000000e+03
9.425000000000000000e+03
9.476000000000000000e+03
9.512000000000000000e+03
9.558000000000000000e+03
9.594000000000000000e+03
9.657000000000000000e+03
9.710000000000000000e+03
9.766000000000000000e+03
9.823000000000000000e+03
9.862000000000000000e+03
9.906000000000000000e+03
9.960000000000000000e+03
9.997000000000000000e+03
1.004900000000000000e+04
1.010000000000000000e+04
1.012800000000000000e+04
1.014200000000000000e+04
1.017400000000000000e+04
1.020500000000000000e+04
1.022700000000000000e+04
1.028100000000000000e+04
1.033700000000000000e+04
1.034800000000000000e+04
1.035400000000000000e+04
1.038700000000000000e+04
1.053500000000000000e+04
1.069500000000000000e+04
1.074400000000000000e+04
1.089800000000000000e+04
1.096600000000000000e+04
