0.000000000000000000e+00
0.000000000000000000e+00
0.000000000000000000e+00
0.000000000000000000e+00
0.000000000000000000e+00
0.000000000000000000e+00
0.000000000000000000e+00
0.000000000000000000e+00
0.000000000000000000e+00
0.000000000000000000e+00
0.000000000000000000e+00
0.000000000000000000e+00
0.000000000000000000e+00
0.000000000000000000e+00
0.000000000000000000e+00
0.000000000000000000e+00
0.000000000000000000e+00
0.000000000000000000e+00
0.000000000000000000e+00
0.000000000000000000e+00
0.000000000000000000e+00
0.000000000000000000e+00
0.000000000000000000e+00
0.000000000000000000e+00
0.000000000000000000e+00
0.000000000000000000e+00
0.000000000000000000e+00
0.000000000000000000e+00
0.000000000000000000e+00
0.000000000000000000e+00
1.000000000000000000e+00
1.000000000000000000e+00
1.000000000000000000e+00
1.000000000000000000e+00
1.000000000000000000e+00
2.000000000000000000e+00
3.000000000000000000e+00
6.000000000000000000e+00
6.000000000000000000e+00
7.000000000000000000e+00
1.200000000000000000e+01
1.500000000000000000e+01
1.500000000000000000e+01
2.100000000000000000e+01
3.700000000000000000e+01
4.700000000000000000e+01
5.600000000000000000e+01
6.000000000000000000e+01
8.800000000000000000e+01
6.000000000000000000e+01
8.100000000000000000e+01
1.120000000000000000e+02
1.380000000000000000e+02
1.770000000000000000e+02
2.510000000000000000e+02
2.950000000000000000e+02
3.710000000000000000e+02
3.860000000000000000e+02
6.280000000000000000e+02
8.430000000000000000e+02
1.080000000000000000e+03
1.249000000000000000e+03
1.351000000000000000e+03
2.468000000000000000e+03
2.988000000000000000e+03
3.421000000000000000e+03
3.901000000000000000e+03
4.433000000000000000e+03
4.979000000000000000e+03
5.717000000000000000e+03
6.413000000000000000e+03
7.132000000000000000e+03
7.729000000000000000e+03
8.157000000000000000e+03
8.740000000000000000e+03
9.191000000000000000e+03
9.568000000000000000e+03
9.906000000000000000e+03
1.024900000000000000e+04
1.060700000000000000e+04
1.095200000000000000e+04
1.150400000000000000e+04
1.194200000000000000e+04
1.234100000000000000e+04
1.265200000000000000e+04
1.294800000000000000e+04
1.324600000000000000e+04
1.353700000000000000e+04
1.381300000000000000e+04
1.411200000000000000e+04
1.439400000000000000e+04
1.461900000000000000e+04
1.489500000000000000e+04
1.514300000000000000e+04
1.530200000000000000e+04
1.538500000000000000e+04
1.551300000000000000e+04
1.567200000000000000e+04
1.575400000000000000e+04
1.589600000000000000e+04
1.601200000000000000e+04
1.606900000000000000e+04
1.609600000000000000e+04
1.614900000000000000e+04
1.618100000000000000e+04
1.624600000000000000e+04
1.630700000000000000e+04
1.634000000000000000e+04
1.635900000000000000e+04
1.638800000000000000e+04
1.642700000000000000e+04
1.645000000000000000e+04
1.648900000000000000e+04
1.651100000000000000e+04
1.652300000000000000e+04
1.652800000000000000e+04
1.654300000000000000e+04
1.657000000000000000e+04
1.659200000000000000e+04
1.660700000000000000e+04
1.662400000000000000e+04
1.664300000000000000e+04
1.664800000000000000e+04
1.666100000000000000e+04
1.668300000000000000e+04
1.673300000000000000e+04
1.677300000000000000e+04
1.685000000000000000e+04
1.696300000000000000e+04
1.699200000000000000e+04
1.707900000000000000e+04
1.717900000000000000e+04
1.730000000000000000e+04
1.739700000000000000e+04
1.753900000000000000e+04
1.766600000000000000e+04
1.774400000000000000e+04
1.788400000000000000e+04
1.806300000000000000e+04
1.823600000000000000e+04
1.847600000000000000e+04
1.866700000000000000e+04
1.885100000000000000e+04
1.900000000000000000e+04
1.913600000000000000e+04
1.933400000000000000e+04
1.963400000000000000e+04
1.990500000000000000e+04
2.020700000000000000e+04
2.051700000000000000e+04
2.067600000000000000e+04
2.084900000000000000e+04
2.119400000000000000e+04
2.164500000000000000e+04
2.213200000000000000e+04
2.264800000000000000e+04
2.311200000000000000e+04
2.351000000000000000e+04
2.389500000000000000e+04
2.465200000000000000e+04
2.543800000000000000e+04
2.641000000000000000e+04
2.755600000000000000e+04
2.849500000000000000e+04
2.931600000000000000e+04
3.014700000000000000e+04
3.128100000000000000e+04
3.267100000000000000e+04
3.399800000000000000e+04
3.552300000000000000e+04
3.693200000000000000e+04
3.810000000000000000e+04
3.933800000000000000e+04
4.105800000000000000e+04
4.266200000000000000e+04
4.453900000000000000e+04
4.647800000000000000e+04
4.808300000000000000e+04
4.953100000000000000e+04
5.054700000000000000e+04
5.243400000000000000e+04
5.444000000000000000e+04
5.648400000000000000e+04
5.847400000000000000e+04
6.030400000000000000e+04
6.141600000000000000e+04
6.245800000000000000e+04
6.450600000000000000e+04
6.663100000000000000e+04
6.858500000000000000e+04
7.037200000000000000e+04
7.173400000000000000e+04
7.235900000000000000e+04
7.306700000000000000e+04
7.486700000000000000e+04
7.659600000000000000e+04
7.828600000000000000e+04
7.996300000000000000e+04
8.172700000000000000e+04
8.248100000000000000e+04
8.340500000000000000e+04
8.510900000000000000e+04
8.693200000000000000e+04
8.855400000000000000e+04
9.019700000000000000e+04
9.158500000000000000e+04
9.234200000000000000e+04
9.341000000000000000e+04
9.506000000000000000e+04
9.670900000000000000e+04
9.834900000000000000e+04
9.983600000000000000e+04
1.013290000000000000e+05
1.020400000000000000e+05
1.030050000000000000e+05
1.049050000000000000e+05
1.068610000000000000e+05
1.088140000000000000e+05
1.108850000000000000e+05
1.127170000000000000e+05
1.136270000000000000e+05
1.147280000000000000e+05
1.169060000000000000e+05
1.191580000000000000e+05
1.223510000000000000e+05
1.250120000000000000e+05
1.276350000000000000e+05
1.291400000000000000e+05
1.313170000000000000e+05
1.347050000000000000e+05
1.381940000000000000e+05
1.421900000000000000e+05
1.463510000000000000e+05
1.503260000000000000e+05
1.530450000000000000e+05
1.562200000000000000e+05
1.610250000000000000e+05
1.665640000000000000e+05
1.711380000000000000e+05
1.765230000000000000e+05
1.818630000000000000e+05
1.856720000000000000e+05
1.882510000000000000e+05
1.921170000000000000e+05
1.991380000000000000e+05
2.062630000000000000e+05
2.144970000000000000e+05
2.228870000000000000e+05
2.287690000000000000e+05
2.321830000000000000e+05
2.333420000000000000e+05
2.383330000000000000e+05
2.474110000000000000e+05
2.551420000000000000e+05
2.622000000000000000e+05
2.647930000000000000e+05
2.677300000000000000e+05
2.734510000000000000e+05
2.781750000000000000e+05
2.823400000000000000e+05
2.860950000000000000e+05
2.890580000000000000e+05
2.899740000000000000e+05
2.916200000000000000e+05
2.947890000000000000e+05
2.971250000000000000e+05
2.992420000000000000e+05
3.008540000000000000e+05
3.023540000000000000e+05
3.027650000000000000e+05
3.036870000000000000e+05
3.052040000000000000e+05
3.063970000000000000e+05
3.075690000000000000e+05
3.086010000000000000e+05
3.094500000000000000e+05
3.096960000000000000e+05
3.103030000000000000e+05
3.111870000000000000e+05
3.120740000000000000e+05
3.127970000000000000e+05
3.134410000000000000e+05
3.141210000000000000e+05
3.143490000000000000e+05
3.150070000000000000e+05
3.157950000000000000e+05
3.166410000000000000e+05
3.174100000000000000e+05
3.179800000000000000e+05
3.186710000000000000e+05
3.188830000000000000e+05
3.194170000000000000e+05
3.201360000000000000e+05
3.208110000000000000e+05
3.215740000000000000e+05
3.224100000000000000e+05
3.231710000000000000e+05
3.234630000000000000e+05
3.240880000000000000e+05
3.249610000000000000e+05
3.257900000000000000e+05
3.265850000000000000e+05
3.273550000000000000e+05
3.281290000000000000e+05
3.285510000000000000e+05
3.293160000000000000e+05
3.302750000000000000e+05
3.311320000000000000e+05
3.322110000000000000e+05
3.332960000000000000e+05
3.343280000000000000e+05
3.349080000000000000e+05
3.359330000000000000e+05
3.371910000000000000e+05
3.383890000000000000e+05
3.399680000000000000e+05
3.414060000000000000e+05
3.421010000000000000e+05
3.438260000000000000e+05
3.449060000000000000e+05
3.467970000000000000e+05
3.482850000000000000e+05
3.502710000000000000e+05
3.523970000000000000e+05
3.532690000000000000e+05
3.557860000000000000e+05
3.571760000000000000e+05
3.595060000000000000e+05
3.606300000000000000e+05
3.650420000000000000e+05
3.679750000000000000e+05
3.701520000000000000e+05
3.728860000000000000e+05
3.747600000000000000e+05
3.782590000000000000e+05
3.824870000000000000e+05
3.850220000000000000e+05
3.896780000000000000e+05
3.943910000000000000e+05
3.986640000000000000e+05
4.014700000000000000e+05
4.072850000000000000e+05
4.123980000000000000e+05
4.165840000000000000e+05
4.232620000000000000e+05
4.285100000000000000e+05
4.347990000000000000e+05
4.415420000000000000e+05
4.481730000000000000e+05
4.561390000000000000e+05
4.634480000000000000e+05
4.710480000000000000e+05
4.773570000000000000e+05
4.854340000000000000e+05
4.913190000000000000e+05
5.010730000000000000e+05
5.100630000000000000e+05
5.200600000000000000e+05
5.298140000000000000e+05
5.350490000000000000e+05
5.434990000000000000e+05
5.516890000000000000e+05
5.582490000000000000e+05
5.656290000000000000e+05
5.758420000000000000e+05
5.828690000000000000e+05
5.890280000000000000e+05
5.939610000000000000e+05
5.974030000000000000e+05
6.010690000000000000e+05
6.096560000000000000e+05
6.215900000000000000e+05
6.288950000000000000e+05
6.339910000000000000e+05
6.387890000000000000e+05
6.434350000000000000e+05
6.522460000000000000e+05
6.599780000000000000e+05
6.688740000000000000e+05
6.756180000000000000e+05
6.808560000000000000e+05
6.855830000000000000e+05
6.921010000000000000e+05
6.965280000000000000e+05
7.037190000000000000e+05
7.097290000000000000e+05
7.148120000000000000e+05
7.187460000000000000e+05
7.218460000000000000e+05
7.243800000000000000e+05
7.302930000000000000e+05
7.345750000000000000e+05
7.386290000000000000e+05
7.419340000000000000e+05
7.445130000000000000e+05
7.445130000000000000e+05
7.500430000000000000e+05
7.549980000000000000e+05
7.595720000000000000e+05
7.637560000000000000e+05
7.677260000000000000e+05
7.707800000000000000e+05
7.733350000000000000e+05
7.758070000000000000e+05
7.799580000000000000e+05
7.852180000000000000e+05
7.894850000000000000e+05
7.934070000000000000e+05
7.964650000000000000e+05
7.997270000000000000e+05
8.015750000000000000e+05
8.051160000000000000e+05
8.082620000000000000e+05
8.114920000000000000e+05
8.142500000000000000e+05
8.161980000000000000e+05
8.177990000000000000e+05
8.189770000000000000e+05
8.209130000000000000e+05
8.227030000000000000e+05
8.241780000000000000e+05
8.255620000000000000e+05
8.266090000000000000e+05
8.272200000000000000e+05
8.277720000000000000e+05
8.287640000000000000e+05
8.296890000000000000e+05
8.300280000000000000e+05
8.308450000000000000e+05
8.313830000000000000e+05
8.313830000000000000e+05
8.319240000000000000e+05
8.321250000000000000e+05
8.326390000000000000e+05
8.331050000000000000e+05
8.334560000000000000e+05
8.337070000000000000e+05
8.340700000000000000e+05
8.342470000000000000e+05
8.346030000000000000e+05
8.349200000000000000e+05
8.352160000000000000e+05
8.354860000000000000e+05
8.356740000000000000e+05
8.358130000000000000e+05
8.359330000000000000e+05
8.361580000000000000e+05
8.363340000000000000e+05
8.365900000000000000e+05
8.369020000000000000e+05
8.369360000000000000e+05
8.368830000000000000e+05
8.370470000000000000e+05
8.372180000000000000e+05
8.373570000000000000e+05
8.374920000000000000e+05
8.378070000000000000e+05
8.378920000000000000e+05
8.379740000000000000e+05
8.380240000000000000e+05
8.381070000000000000e+05
8.382170000000000000e+05
8.383230000000000000e+05
8.384070000000000000e+05
8.384810000000000000e+05
8.384810000000000000e+05
8.385540000000000000e+05
8.386210000000000000e+05
8.386970000000000000e+05
8.387670000000000000e+05
8.388280000000000000e+05
8.388580000000000000e+05
8.388860000000000000e+05
8.388940000000000000e+05
8.389570000000000000e+05
8.390000000000000000e+05
8.390300000000000000e+05
8.390590000000000000e+05
8.390790000000000000e+05
8.391180000000000000e+05
8.391190000000000000e+05
8.391590000000000000e+05
8.391670000000000000e+05
8.392210000000000000e+05
8.392630000000000000e+05
8.392900000000000000e+05
8.393080000000000000e+05
8.393190000000000000e+05
8.393670000000000000e+05
8.393890000000000000e+05
8.394080000000000000e+05
8.394200000000000000e+05
8.394330000000000000e+05
8.394530000000000000e+05
8.394580000000000000e+05
8.394750000000000000e+05
8.395110000000000000e+05
8.395170000000000000e+05
8.395320000000000000e+05
8.395390000000000000e+05
8.395660000000000000e+05
8.395710000000000000e+05
8.395850000000000000e+05
8.395850000000000000e+05
8.395850000000000000e+05
8.396300000000000000e+05
8.396530000000000000e+05
8.396610000000000000e+05
8.396660000000000000e+05
8.396900000000000000e+05
8.397010000000000000e+05
8.397200000000000000e+05
8.397470000000000000e+05
8.397690000000000000e+05
8.398300000000000000e+05
8.398670000000000000e+05
8.399900000000000000e+05
8.400790000000000000e+05
8.402250000000000000e+05
8.404440000000000000e+05
8.406380000000000000e+05
8.408230000000000000e+05
8.408880000000000000e+05
8.411960000000000000e+05
8.414860000000000000e+05
8.417770000000000000e+05
8.420670000000000000e+05
8.423710000000000000e+05
8.426480000000000000e+05
8.429690000000000000e+05
8.434650000000000000e+05
8.438920000000000000e+05
8.443780000000000000e+05
8.449890000000000000e+05
8.453790000000000000e+05
8.458110000000000000e+05
8.461340000000000000e+05
8.463270000000000000e+05
8.476020000000000000e+05
8.483220000000000000e+05
8.492740000000000000e+05
8.501040000000000000e+05
8.509680000000000000e+05
8.517230000000000000e+05
8.529430000000000000e+05
8.544340000000000000e+05
8.555520000000000000e+05
8.569860000000000000e+05
8.579770000000000000e+05
8.593980000000000000e+05
8.606520000000000000e+05
8.627170000000000000e+05
8.649120000000000000e+05
8.672400000000000000e+05
8.690630000000000000e+05
8.713430000000000000e+05
8.740180000000000000e+05
8.758010000000000000e+05
