0.000000000000000000e+00
0.000000000000000000e+00
0.000000000000000000e+00
0.000000000000000000e+00
0.000000000000000000e+00
0.000000000000000000e+00
0.000000000000000000e+00
0.000000000000000000e+00
0.000000000000000000e+00
0.000000000000000000e+00
0.000000000000000000e+00
0.000000000000000000e+00
0.000000000000000000e+00
0.000000000000000000e+00
0.000000000000000000e+00
0.000000000000000000e+00
0.000000000000000000e+00
0.000000000000000000e+00
0.000000000000000000e+00
0.000000000000000000e+00
0.000000000000000000e+00
0.000000000000000000e+00
0.000000000000000000e+00
0.000000000000000000e+00
0.000000000000000000e+00
0.000000000000000000e+00
0.000000000000000000e+00
0.000000000000000000e+00
0.000000000000000000e+00
0.000000000000000000e+00
1.000000000000000000e+00
0.000000000000000000e+00
0.000000000000000000e+00
0.000000000000000000e+00
0.000000000000000000e+00
1.000000000000000000e+00
1.000000000000000000e+00
3.000000000000000000e+00
0.000000000000000000e+00
1.000000000000000000e+00
5.000000000000000000e+00
3.000000000000000000e+00
0.000000000000000000e+00
6.000000000000000000e+00
1.600000000000000000e+01
1.000000000000000000e+01
9.000000000000000000e+00
4.000000000000000000e+00
2.800000000000000000e+01
-2.800000000000000000e+01
2.100000000000000000e+01
3.100000000000000000e+01
2.600000000000000000e+01
3.900000000000000000e+01
7.400000000000000000e+01
4.400000000000000000e+01
7.600000000000000000e+01
1.500000000000000000e+01
2.420000000000000000e+02
2.150000000000000000e+02
2.370000000000000000e+02
1.690000000000000000e+02
1.020000000000000000e+02
1.117000000000000000e+03
5.200000000000000000e+02
4.330000000000000000e+02
4.800000000000000000e+02
5.320000000000000000e+02
5.460000000000000000e+02
7.380000000000000000e+02
6.960000000000000000e+02
7.190000000000000000e+02
5.970000000000000000e+02
4.280000000000000000e+02
5.830000000000000000e+02
4.510000000000000000e+02
3.770000000000000000e+02
3.380000000000000000e+02
3.430000000000000000e+02
3.580000000000000000e+02
3.450000000000000000e+02
5.520000000000000000e+02
4.380000000000000000e+02
3.990000000000000000e+02
3.110000000000000000e+02
2.960000000000000000e+02
2.980000000000000000e+02
2.910000000000000000e+02
2.760000000000000000e+02
2.990000000000000000e+02
2.820000000000000000e+02
2.250000000000000000e+02
2.760000000000000000e+02
2.480000000000000000e+02
1.590000000000000000e+02
8.300000000000000000e+01
1.280000000000000000e+02
1.590000000000000000e+02
8.200000000000000000e+01
1.420000000000000000e+02
1.160000000000000000e+02
5.700000000000000000e+01
2.700000000000000000e+01
5.300000000000000000e+01
3.200000000000000000e+01
6.500000000000000000e+01
6.100000000000000000e+01
3.300000000000000000e+01
1.900000000000000000e+01
2.900000000000000000e+01
3.900000000000000000e+01
2.300000000000000000e+01
3.900000000000000000e+01
2.200000000000000000e+01
1.200000000000000000e+01
5.000000000000000000e+00
1.500000000000000000e+01
2.700000000000000000e+01
2.200000000000000000e+01
1.500000000000000000e+01
1.700000000000000000e+01
1.900000000000000000e+01
5.000000000000000000e+00
1.300000000000000000e+01
2.200000000000000000e+01
5.000000000000000000e+01
4.000000000000000000e+01
7.700000000000000000e+01
1.130000000000000000e+02
2.900000000000000000e+01
8.700000000000000000e+01
1.000000000000000000e+02
1.210000000000000000e+02
9.700000000000000000e+01
1.420000000000000000e+02
1.270000000000000000e+02
7.800000000000000000e+01
1.400000000000000000e+02
1.790000000000000000e+02
1.730000000000000000e+02
2.400000000000000000e+02
1.910000000000000000e+02
1.840000000000000000e+02
1.490000000000000000e+02
1.360000000000000000e+02
1.980000000000000000e+02
3.000000000000000000e+02
2.710000000000000000e+02
3.020000000000000000e+02
3.100000000000000000e+02
1.590000000000000000e+02
1.730000000000000000e+02
3.450000000000000000e+02
4.510000000000000000e+02
4.870000000000000000e+02
5.160000000000000000e+02
4.640000000000000000e+02
3.980000000000000000e+02
3.850000000000000000e+02
7.570000000000000000e+02
7.860000000000000000e+02
9.720000000000000000e+02
1.146000000000000000e+03
9.390000000000000000e+02
8.210000000000000000e+02
8.310000000000000000e+02
1.134000000000000000e+03
1.390000000000000000e+03
1.327000000000000000e+03
1.525000000000000000e+03
1.409000000000000000e+03
1.168000000000000000e+03
1.238000000000000000e+03
1.720000000000000000e+03
1.604000000000000000e+03
1.877000000000000000e+03
1.939000000000000000e+03
1.605000000000000000e+03
1.448000000000000000e+03
1.016000000000000000e+03
1.887000000000000000e+03
2.006000000000000000e+03
2.044000000000000000e+03
1.990000000000000000e+03
1.830000000000000000e+03
1.112000000000000000e+03
1.042000000000000000e+03
2.048000000000000000e+03
2.125000000000000000e+03
1.954000000000000000e+03
1.787000000000000000e+03
1.362000000000000000e+03
6.250000000000000000e+02
7.080000000000000000e+02
1.800000000000000000e+03
1.729000000000000000e+03
1.690000000000000000e+03
1.677000000000000000e+03
1.764000000000000000e+03
7.540000000000000000e+02
9.240000000000000000e+02
1.704000000000000000e+03
1.823000000000000000e+03
1.622000000000000000e+03
1.643000000000000000e+03
1.388000000000000000e+03
7.570000000000000000e+02
1.068000000000000000e+03
1.650000000000000000e+03
1.649000000000000000e+03
1.640000000000000000e+03
1.487000000000000000e+03
1.493000000000000000e+03
7.110000000000000000e+02
9.650000000000000000e+02
1.900000000000000000e+03
1.956000000000000000e+03
1.953000000000000000e+03
2.071000000000000000e+03
1.832000000000000000e+03
9.100000000000000000e+02
1.101000000000000000e+03
2.178000000000000000e+03
2.252000000000000000e+03
3.193000000000000000e+03
2.661000000000000000e+03
2.623000000000000000e+03
1.505000000000000000e+03
2.177000000000000000e+03
3.388000000000000000e+03
3.489000000000000000e+03
3.996000000000000000e+03
4.161000000000000000e+03
3.975000000000000000e+03
2.719000000000000000e+03
3.175000000000000000e+03
4.805000000000000000e+03
5.539000000000000000e+03
4.574000000000000000e+03
5.385000000000000000e+03
5.340000000000000000e+03
3.809000000000000000e+03
2.579000000000000000e+03
3.866000000000000000e+03
7.021000000000000000e+03
7.125000000000000000e+03
8.234000000000000000e+03
8.390000000000000000e+03
5.882000000000000000e+03
3.414000000000000000e+03
1.159000000000000000e+03
4.991000000000000000e+03
9.078000000000000000e+03
7.731000000000000000e+03
7.058000000000000000e+03
2.593000000000000000e+03
2.937000000000000000e+03
5.721000000000000000e+03
4.724000000000000000e+03
4.165000000000000000e+03
3.755000000000000000e+03
2.963000000000000000e+03
9.160000000000000000e+02
1.646000000000000000e+03
3.169000000000000000e+03
2.336000000000000000e+03
2.117000000000000000e+03
1.612000000000000000e+03
1.500000000000000000e+03
4.110000000000000000e+02
9.220000000000000000e+02
1.517000000000000000e+03
1.193000000000000000e+03
1.172000000000000000e+03
1.032000000000000000e+03
8.490000000000000000e+02
2.460000000000000000e+02
6.070000000000000000e+02
8.840000000000000000e+02
8.870000000000000000e+02
7.230000000000000000e+02
6.440000000000000000e+02
6.800000000000000000e+02
2.280000000000000000e+02
6.580000000000000000e+02
7.880000000000000000e+02
8.460000000000000000e+02
7.690000000000000000e+02
5.700000000000000000e+02
6.910000000000000000e+02
2.120000000000000000e+02
5.340000000000000000e+02
7.190000000000000000e+02
6.750000000000000000e+02
7.630000000000000000e+02
8.360000000000000000e+02
7.610000000000000000e+02
2.920000000000000000e+02
6.250000000000000000e+02
8.730000000000000000e+02
8.290000000000000000e+02
7.950000000000000000e+02
7.700000000000000000e+02
7.740000000000000000e+02
4.220000000000000000e+02
7.650000000000000000e+02
9.590000000000000000e+02
8.570000000000000000e+02
1.079000000000000000e+03
1.085000000000000000e+03
1.032000000000000000e+03
5.800000000000000000e+02
1.025000000000000000e+03
1.258000000000000000e+03
1.198000000000000000e+03
1.579000000000000000e+03
1.438000000000000000e+03
6.950000000000000000e+02
1.725000000000000000e+03
1.080000000000000000e+03
1.891000000000000000e+03
1.488000000000000000e+03
1.986000000000000000e+03
2.126000000000000000e+03
8.720000000000000000e+02
2.517000000000000000e+03
1.390000000000000000e+03
2.330000000000000000e+03
1.124000000000000000e+03
4.412000000000000000e+03
2.933000000000000000e+03
2.177000000000000000e+03
2.734000000000000000e+03
1.874000000000000000e+03
3.499000000000000000e+03
4.228000000000000000e+03
2.535000000000000000e+03
4.656000000000000000e+03
4.713000000000000000e+03
4.273000000000000000e+03
2.806000000000000000e+03
5.815000000000000000e+03
5.113000000000000000e+03
4.186000000000000000e+03
6.678000000000000000e+03
5.248000000000000000e+03
6.289000000000000000e+03
6.743000000000000000e+03
6.631000000000000000e+03
7.966000000000000000e+03
7.309000000000000000e+03
7.600000000000000000e+03
6.309000000000000000e+03
8.077000000000000000e+03
5.885000000000000000e+03
9.754000000000000000e+03
8.990000000000000000e+03
9.997000000000000000e+03
9.754000000000000000e+03
5.235000000000000000e+03
8.450000000000000000e+03
8.190000000000000000e+03
6.560000000000000000e+03
7.380000000000000000e+03
1.021300000000000000e+04
7.027000000000000000e+03
6.159000000000000000e+03
4.933000000000000000e+03
3.442000000000000000e+03
3.666000000000000000e+03
8.587000000000000000e+03
1.193400000000000000e+04
7.305000000000000000e+03
5.096000000000000000e+03
4.798000000000000000e+03
4.646000000000000000e+03
8.811000000000000000e+03
7.732000000000000000e+03
8.896000000000000000e+03
6.744000000000000000e+03
5.238000000000000000e+03
4.727000000000000000e+03
6.518000000000000000e+03
4.427000000000000000e+03
7.191000000000000000e+03
6.010000000000000000e+03
5.083000000000000000e+03
3.934000000000000000e+03
3.100000000000000000e+03
2.534000000000000000e+03
5.913000000000000000e+03
4.282000000000000000e+03
4.054000000000000000e+03
3.305000000000000000e+03
2.579000000000000000e+03
0.000000000000000000e+00
5.530000000000000000e+03
4.955000000000000000e+03
4.574000000000000000e+03
4.184000000000000000e+03
3.970000000000000000e+03
3.054000000000000000e+03
2.555000000000000000e+03
2.472000000000000000e+03
4.151000000000000000e+03
5.260000000000000000e+03
4.267000000000000000e+03
3.922000000000000000e+03
3.058000000000000000e+03
3.262000000000000000e+03
1.848000000000000000e+03
3.541000000000000000e+03
3.146000000000000000e+03
3.230000000000000000e+03
2.758000000000000000e+03
1.948000000000000000e+03
1.601000000000000000e+03
1.178000000000000000e+03
1.936000000000000000e+03
1.790000000000000000e+03
1.475000000000000000e+03
1.384000000000000000e+03
1.047000000000000000e+03
6.110000000000000000e+02
5.520000000000000000e+02
9.920000000000000000e+02
9.250000000000000000e+02
3.390000000000000000e+02
8.170000000000000000e+02
5.380000000000000000e+02
0.000000000000000000e+00
5.410000000000000000e+02
2.010000000000000000e+02
5.140000000000000000e+02
4.660000000000000000e+02
3.510000000000000000e+02
2.510000000000000000e+02
3.630000000000000000e+02
1.770000000000000000e+02
3.560000000000000000e+02
3.170000000000000000e+02
2.960000000000000000e+02
2.700000000000000000e+02
1.880000000000000000e+02
1.390000000000000000e+02
1.200000000000000000e+02
2.250000000000000000e+02
1.760000000000000000e+02
2.560000000000000000e+02
3.120000000000000000e+02
3.400000000000000000e+01
-5.300000000000000000e+01
1.640000000000000000e+02
1.710000000000000000e+02
1.390000000000000000e+02
1.350000000000000000e+02
3.150000000000000000e+02
8.500000000000000000e+01
8.200000000000000000e+01
5.000000000000000000e+01
8.300000000000000000e+01
1.100000000000000000e+02
1.060000000000000000e+02
8.400000000000000000e+01
7.400000000000000000e+01
0.000000000000000000e+00
7.300000000000000000e+01
6.700000000000000000e+01
7.600000000000000000e+01
7.000000000000000000e+01
6.100000000000000000e+01
3.000000000000000000e+01
2.800000000000000000e+01
8.000000000000000000e+00
6.300000000000000000e+01
4.300000000000000000e+01
3.000000000000000000e+01
2.900000000000000000e+01
2.000000000000000000e+01
3.900000000000000000e+01
1.000000000000000000e+00
4.000000000000000000e+01
8.000000000000000000e+00
5.400000000000000000e+01
4.200000000000000000e+01
2.700000000000000000e+01
1.800000000000000000e+01
1.100000000000000000e+01
4.800000000000000000e+01
2.200000000000000000e+01
1.900000000000000000e+01
1.200000000000000000e+01
1.300000000000000000e+01
2.000000000000000000e+01
5.000000000000000000e+00
1.700000000000000000e+01
3.600000000000000000e+01
6.000000000000000000e+00
1.500000000000000000e+01
7.000000000000000000e+00
2.700000000000000000e+01
5.000000000000000000e+00
1.400000000000000000e+01
0.000000000000000000e+00
0.000000000000000000e+00
4.500000000000000000e+01
2.300000000000000000e+01
8.000000000000000000e+00
5.000000000000000000e+00
2.400000000000000000e+01
1.100000000000000000e+01
1.900000000000000000e+01
2.700000000000000000e+01
2.200000000000000000e+01
6.100000000000000000e+01
3.700000000000000000e+01
1.230000000000000000e+02
8.900000000000000000e+01
1.460000000000000000e+02
2.190000000000000000e+02
1.940000000000000000e+02
1.850000000000000000e+02
6.500000000000000000e+01
3.080000000000000000e+02
2.900000000000000000e+02
2.910000000000000000e+02
2.900000000000000000e+02
3.040000000000000000e+02
2.770000000000000000e+02
3.210000000000000000e+02
4.960000000000000000e+02
4.270000000000000000e+02
4.860000000000000000e+02
6.110000000000000000e+02
3.900000000000000000e+02
4.320000000000000000e+02
3.230000000000000000e+02
1.930000000000000000e+02
1.275000000000000000e+03
7.200000000000000000e+02
9.520000000000000000e+02
8.300000000000000000e+02
8.640000000000000000e+02
7.550000000000000000e+02
1.220000000000000000e+03
1.491000000000000000e+03
1.118000000000000000e+03
1.434000000000000000e+03
9.910000000000000000e+02
1.421000000000000000e+03
1.254000000000000000e+03
2.065000000000000000e+03
2.195000000000000000e+03
2.328000000000000000e+03
1.823000000000000000e+03
2.280000000000000000e+03
2.675000000000000000e+03
1.783000000000000000e+03
