0.000000000000000000e+00
0.000000000000000000e+00
0.000000000000000000e+00
0.000000000000000000e+00
0.000000000000000000e+00
0.000000000000000000e+00
0.000000000000000000e+00
4.000000000000000000e+00
4.000000000000000000e+00
4.000000000000000000e+00
4.000000000000000000e+00
5.000000000000000000e+00
5.000000000000000000e+00
5.000000000000000000e+00
5.000000000000000000e+00
5.000000000000000000e+00
5.000000000000000000e+00
7.000000000000000000e+00
7.000000000000000000e+00
8.000000000000000000e+00
8.000000000000000000e+00
8.000000000000000000e+00
8.000000000000000000e+00
8.000000000000000000e+00
8.000000000000000000e+00
9.000000000000000000e+00
9.000000000000000000e+00
9.000000000000000000e+00
9.000000000000000000e+00
9.000000000000000000e+00
9.000000000000000000e+00
1.300000000000000000e+01
1.300000000000000000e+01
1.300000000000000000e+01
1.300000000000000000e+01
1.300000000000000000e+01
1.300000000000000000e+01
1.900000000000000000e+01
2.100000000000000000e+01
2.100000000000000000e+01
2.100000000000000000e+01
2.700000000000000000e+01
2.700000000000000000e+01
2.900000000000000000e+01
2.900000000000000000e+01
4.500000000000000000e+01
4.500000000000000000e+01
4.500000000000000000e+01
7.400000000000000000e+01
7.400000000000000000e+01
8.500000000000000000e+01
8.500000000000000000e+01
8.500000000000000000e+01
9.800000000000000000e+01
9.800000000000000000e+01
9.800000000000000000e+01
1.130000000000000000e+02
1.400000000000000000e+02
1.400000000000000000e+02
1.530000000000000000e+02
1.530000000000000000e+02
1.980000000000000000e+02
2.480000000000000000e+02
3.330000000000000000e+02
3.330000000000000000e+02
4.050000000000000000e+02
4.680000000000000000e+02
5.700000000000000000e+02
6.110000000000000000e+02
6.640000000000000000e+02
8.140000000000000000e+02
1.024000000000000000e+03
1.264000000000000000e+03
1.505000000000000000e+03
1.799000000000000000e+03
2.076000000000000000e+03
2.359000000000000000e+03
2.659000000000000000e+03
2.990000000000000000e+03
3.360000000000000000e+03
3.736000000000000000e+03
4.123000000000000000e+03
4.521000000000000000e+03
4.933000000000000000e+03
5.365000000000000000e+03
5.825000000000000000e+03
6.302000000000000000e+03
6.302000000000000000e+03
6.781000000000000000e+03
7.265000000000000000e+03
7.755000000000000000e+03
8.238000000000000000e+03
8.756000000000000000e+03
9.281000000000000000e+03
9.813000000000000000e+03
1.034900000000000000e+04
1.083900000000000000e+04
1.138000000000000000e+04
1.192900000000000000e+04
1.248100000000000000e+04
1.303800000000000000e+04
1.359900000000000000e+04
1.416300000000000000e+04
1.473000000000000000e+04
1.519200000000000000e+04
1.573800000000000000e+04
1.624000000000000000e+04
1.679300000000000000e+04
1.741700000000000000e+04
1.819800000000000000e+04
1.887800000000000000e+04
1.966100000000000000e+04
2.038600000000000000e+04
2.108400000000000000e+04
2.183100000000000000e+04
2.262700000000000000e+04
2.335800000000000000e+04
2.419000000000000000e+04
2.506300000000000000e+04
2.600400000000000000e+04
2.689800000000000000e+04
2.789200000000000000e+04
2.870400000000000000e+04
2.948500000000000000e+04
3.030700000000000000e+04
3.108600000000000000e+04
3.196900000000000000e+04
3.253200000000000000e+04
3.317000000000000000e+04
3.389600000000000000e+04
3.455700000000000000e+04
3.519200000000000000e+04
3.578800000000000000e+04
3.635900000000000000e+04
3.701800000000000000e+04
3.764200000000000000e+04
3.826800000000000000e+04
3.880800000000000000e+04
3.937600000000000000e+04
3.990400000000000000e+04
4.050700000000000000e+04
4.098600000000000000e+04
4.149900000000000000e+04
4.199000000000000000e+04
4.229400000000000000e+04
4.263600000000000000e+04
4.298200000000000000e+04
4.336400000000000000e+04
4.375200000000000000e+04
4.414500000000000000e+04
4.453300000000000000e+04
4.492500000000000000e+04
4.530300000000000000e+04
4.568300000000000000e+04
4.613300000000000000e+04
4.656300000000000000e+04
4.697300000000000000e+04
4.736000000000000000e+04
4.779700000000000000e+04
4.824600000000000000e+04
4.866700000000000000e+04
4.906900000000000000e+04
4.946900000000000000e+04
5.014100000000000000e+04
5.085700000000000000e+04
5.154000000000000000e+04
5.206800000000000000e+04
5.260000000000000000e+04
5.304500000000000000e+04
5.357700000000000000e+04
5.405000000000000000e+04
5.445300000000000000e+04
5.485400000000000000e+04
5.519800000000000000e+04
5.557300000000000000e+04
5.584800000000000000e+04
5.612900000000000000e+04
5.642200000000000000e+04
5.671100000000000000e+04
5.692200000000000000e+04
5.719300000000000000e+04
5.749800000000000000e+04
5.773400000000000000e+04
5.798800000000000000e+04
5.824900000000000000e+04
5.856200000000000000e+04
5.891300000000000000e+04
5.917700000000000000e+04
5.954600000000000000e+04
5.992100000000000000e+04
6.022300000000000000e+04
6.050600000000000000e+04
6.076000000000000000e+04
6.099900000000000000e+04
6.116300000000000000e+04
6.135200000000000000e+04
6.160600000000000000e+04
6.184500000000000000e+04
6.206100000000000000e+04
6.230000000000000000e+04
6.252500000000000000e+04
6.270400000000000000e+04
6.296600000000000000e+04
6.321200000000000000e+04
6.348900000000000000e+04
6.381900000000000000e+04
6.410200000000000000e+04
6.431200000000000000e+04
6.454100000000000000e+04
6.490600000000000000e+04
6.534100000000000000e+04
6.580200000000000000e+04
6.619300000000000000e+04
6.661700000000000000e+04
6.700700000000000000e+04
6.728200000000000000e+04
6.762100000000000000e+04
6.802000000000000000e+04
6.851100000000000000e+04
6.890100000000000000e+04
6.932800000000000000e+04
6.969000000000000000e+04
7.023100000000000000e+04
7.080500000000000000e+04
7.154000000000000000e+04
7.215400000000000000e+04
7.276600000000000000e+04
7.347100000000000000e+04
7.398400000000000000e+04
7.445400000000000000e+04
7.509800000000000000e+04
7.598100000000000000e+04
7.691100000000000000e+04
7.784200000000000000e+04
7.884900000000000000e+04
7.948900000000000000e+04
8.026600000000000000e+04
8.094000000000000000e+04
8.178200000000000000e+04
8.256800000000000000e+04
8.343300000000000000e+04
8.424200000000000000e+04
8.491600000000000000e+04
8.559500000000000000e+04
8.644700000000000000e+04
8.753000000000000000e+04
8.853200000000000000e+04
8.954000000000000000e+04
9.061800000000000000e+04
9.146900000000000000e+04
9.209500000000000000e+04
9.309000000000000000e+04
9.419000000000000000e+04
9.534800000000000000e+04
9.652900000000000000e+04
9.776000000000000000e+04
9.880100000000000000e+04
9.973300000000000000e+04
1.007940000000000000e+05
1.018400000000000000e+05
1.029290000000000000e+05
1.040040000000000000e+05
1.051330000000000000e+05
1.062290000000000000e+05
1.072930000000000000e+05
1.086080000000000000e+05
1.100390000000000000e+05
1.114370000000000000e+05
1.128490000000000000e+05
1.143870000000000000e+05
1.156020000000000000e+05
1.165170000000000000e+05
1.175940000000000000e+05
1.191320000000000000e+05
1.207100000000000000e+05
1.222730000000000000e+05
1.237640000000000000e+05
1.251230000000000000e+05
1.262340000000000000e+05
1.276240000000000000e+05
1.290240000000000000e+05
1.303360000000000000e+05
1.315080000000000000e+05
1.326290000000000000e+05
1.339070000000000000e+05
1.351410000000000000e+05
1.361490000000000000e+05
1.373100000000000000e+05
1.385990000000000000e+05
1.398910000000000000e+05
1.410320000000000000e+05
1.421430000000000000e+05
1.432890000000000000e+05
1.443850000000000000e+05
1.455990000000000000e+05
1.467350000000000000e+05
1.479610000000000000e+05
1.491350000000000000e+05
1.503450000000000000e+05
1.515540000000000000e+05
1.528090000000000000e+05
1.541010000000000000e+05
1.552540000000000000e+05
1.565230000000000000e+05
1.577850000000000000e+05
1.589900000000000000e+05
1.600550000000000000e+05
1.613650000000000000e+05
1.626620000000000000e+05
1.639670000000000000e+05
1.652500000000000000e+05
1.665020000000000000e+05
1.677530000000000000e+05
1.688600000000000000e+05
1.701490000000000000e+05
1.714340000000000000e+05
1.727510000000000000e+05
1.740620000000000000e+05
1.752760000000000000e+05
1.764290000000000000e+05
1.775770000000000000e+05
1.788370000000000000e+05
1.801500000000000000e+05
1.814050000000000000e+05
1.826010000000000000e+05
1.837550000000000000e+05
1.849490000000000000e+05
1.860410000000000000e+05
1.872670000000000000e+05
1.885450000000000000e+05
1.898660000000000000e+05
1.911500000000000000e+05
1.924040000000000000e+05
1.935750000000000000e+05
1.946520000000000000e+05
1.958780000000000000e+05
1.971240000000000000e+05
1.984350000000000000e+05
1.996650000000000000e+05
2.008920000000000000e+05
2.018360000000000000e+05
2.028630000000000000e+05
2.043690000000000000e+05
2.060920000000000000e+05
2.078220000000000000e+05
2.096780000000000000e+05
2.116410000000000000e+05
2.132310000000000000e+05
2.147320000000000000e+05
2.166990000000000000e+05
2.187660000000000000e+05
2.217540000000000000e+05
2.247040000000000000e+05
2.277020000000000000e+05
2.305780000000000000e+05
2.329820000000000000e+05
2.362250000000000000e+05
2.395870000000000000e+05
2.429690000000000000e+05
2.463760000000000000e+05
2.498080000000000000e+05
2.532610000000000000e+05
2.567320000000000000e+05
2.602230000000000000e+05
2.637290000000000000e+05
2.672580000000000000e+05
2.708100000000000000e+05
2.743760000000000000e+05
2.779550000000000000e+05
2.815460000000000000e+05
2.851470000000000000e+05
2.890860000000000000e+05
2.930520000000000000e+05
2.970140000000000000e+05
3.006610000000000000e+05
3.036090000000000000e+05
3.063390000000000000e+05
3.096490000000000000e+05
3.136260000000000000e+05
3.168750000000000000e+05
3.201260000000000000e+05
3.234020000000000000e+05
3.264950000000000000e+05
3.292930000000000000e+05
3.326030000000000000e+05
3.361420000000000000e+05
3.396670000000000000e+05
3.429740000000000000e+05
3.456050000000000000e+05
3.487720000000000000e+05
3.518950000000000000e+05
3.551310000000000000e+05
3.585830000000000000e+05
3.618770000000000000e+05
3.650170000000000000e+05
3.681750000000000000e+05
3.704250000000000000e+05
3.725300000000000000e+05
3.755350000000000000e+05
3.786370000000000000e+05
3.816620000000000000e+05
3.851600000000000000e+05
3.885940000000000000e+05
3.915240000000000000e+05
3.940500000000000000e+05
3.967710000000000000e+05
3.994630000000000000e+05
4.022050000000000000e+05
4.052770000000000000e+05
4.082360000000000000e+05
4.108490000000000000e+05
4.133320000000000000e+05
4.157050000000000000e+05
4.179090000000000000e+05
4.199960000000000000e+05
4.222460000000000000e+05
4.244050000000000000e+05
4.263970000000000000e+05
4.282950000000000000e+05
4.303130000000000000e+05
4.323640000000000000e+05
4.344650000000000000e+05
4.366250000000000000e+05
4.386380000000000000e+05
4.403550000000000000e+05
4.422260000000000000e+05
4.443980000000000000e+05
4.465940000000000000e+05
4.486370000000000000e+05
4.507650000000000000e+05
4.530690000000000000e+05
4.551970000000000000e+05
4.570710000000000000e+05
4.593600000000000000e+05
4.614440000000000000e+05
4.637590000000000000e+05
4.659390000000000000e+05
4.680230000000000000e+05
4.701360000000000000e+05
4.721480000000000000e+05
4.741360000000000000e+05
4.760190000000000000e+05
4.781310000000000000e+05
4.800060000000000000e+05
4.819370000000000000e+05
4.837470000000000000e+05
4.856750000000000000e+05
4.876970000000000000e+05
4.894950000000000000e+05
4.914230000000000000e+05
4.932660000000000000e+05
4.952240000000000000e+05
4.971540000000000000e+05
4.989570000000000000e+05
5.008600000000000000e+05
5.027910000000000000e+05
5.048720000000000000e+05
5.068450000000000000e+05
5.089250000000000000e+05
5.107380000000000000e+05
5.124970000000000000e+05
5.145910000000000000e+05
5.163010000000000000e+05
5.182620000000000000e+05
5.202360000000000000e+05
5.219480000000000000e+05
5.237950000000000000e+05
5.255670000000000000e+05
5.272660000000000000e+05
5.292200000000000000e+05
5.309440000000000000e+05
5.327100000000000000e+05
5.344450000000000000e+05
5.360170000000000000e+05
5.375240000000000000e+05
5.391380000000000000e+05
5.406460000000000000e+05
5.421580000000000000e+05
5.436100000000000000e+05
5.449310000000000000e+05
5.461820000000000000e+05
5.474110000000000000e+05
5.486810000000000000e+05
5.500290000000000000e+05
5.514300000000000000e+05
5.529200000000000000e+05
5.545160000000000000e+05
5.561070000000000000e+05
5.576190000000000000e+05
5.592910000000000000e+05
5.610480000000000000e+05
5.632150000000000000e+05
5.654510000000000000e+05
5.672630000000000000e+05
5.690730000000000000e+05
5.708360000000000000e+05
5.728040000000000000e+05
5.749580000000000000e+05
5.769470000000000000e+05
5.790090000000000000e+05
5.811970000000000000e+05
5.830710000000000000e+05
5.850390000000000000e+05
5.872440000000000000e+05
5.894230000000000000e+05
5.894230000000000000e+05
5.938940000000000000e+05
5.960170000000000000e+05
5.979860000000000000e+05
5.998230000000000000e+05
6.019500000000000000e+05
6.039610000000000000e+05
6.061280000000000000e+05
6.080700000000000000e+05
6.101790000000000000e+05
6.120290000000000000e+05
6.139930000000000000e+05
6.161600000000000000e+05
6.181480000000000000e+05
6.203090000000000000e+05
6.225320000000000000e+05
6.248140000000000000e+05
6.269360000000000000e+05
6.289760000000000000e+05
6.311600000000000000e+05
6.329070000000000000e+05
6.345820000000000000e+05
6.362450000000000000e+05
6.378770000000000000e+05
6.394760000000000000e+05
6.410490000000000000e+05
6.426010000000000000e+05
6.441140000000000000e+05
6.456530000000000000e+05
6.471820000000000000e+05
6.487020000000000000e+05
6.502200000000000000e+05
6.517620000000000000e+05
6.532840000000000000e+05
6.548130000000000000e+05
6.563540000000000000e+05
6.578840000000000000e+05
6.594490000000000000e+05
6.609780000000000000e+05
6.624860000000000000e+05
6.640270000000000000e+05
6.655330000000000000e+05
6.670800000000000000e+05
6.686010000000000000e+05
6.701080000000000000e+05
6.716360000000000000e+05
6.731850000000000000e+05
6.747240000000000000e+05
6.762510000000000000e+05
6.778010000000000000e+05
6.793210000000000000e+05
6.808580000000000000e+05
6.823770000000000000e+05
