0.000000000000000000e+00
0.000000000000000000e+00
0.000000000000000000e+00
0.000000000000000000e+00
0.000000000000000000e+00
0.000000000000000000e+00
0.000000000000000000e+00
4.000000000000000000e+00
0.000000000000000000e+00
0.000000000000000000e+00
0.000000000000000000e+00
1.000000000000000000e+00
0.000000000000000000e+00
0.000000000000000000e+00
0.000000000000000000e+00
0.000000000000000000e+00
0.000000000000000000e+00
2.000000000000000000e+00
0.000000000000000000e+00
1.000000000000000000e+00
0.000000000000000000e+00
0.000000000000000000e+00
0.000000000000000000e+00
0.000000000000000000e+00
0.000000000000000000e+00
1.000000000000000000e+00
0.000000000000000000e+00
0.000000000000000000e+00
0.000000000000000000e+00
0.000000000000000000e+00
0.000000000000000000e+00
4.000000000000000000e+00
0.000000000000000000e+00
0.000000000000000000e+00
0.000000000000000000e+00
0.000000000000000000e+00
0.000000000000000000e+00
6.000000000000000000e+00
2.000000000000000000e+00
0.000000000000000000e+00
0.000000000000000000e+00
6.000000000000000000e+00
0.000000000000000000e+00
2.000000000000000000e+00
0.000000000000000000e+00
1.600000000000000000e+01
0.000000000000000000e+00
0.000000000000000000e+00
2.900000000000000000e+01
0.000000000000000000e+00
1.100000000000000000e+01
0.000000000000000000e+00
0.000000000000000000e+00
1.300000000000000000e+01
0.000000000000000000e+00
0.000000000000000000e+00
1.500000000000000000e+01
2.700000000000000000e+01
0.000000000000000000e+00
1.300000000000000000e+01
0.000000000000000000e+00
4.500000000000000000e+01
5.000000000000000000e+01
8.500000000000000000e+01
0.000000000000000000e+00
7.200000000000000000e+01
6.300000000000000000e+01
1.020000000000000000e+02
4.100000000000000000e+01
5.300000000000000000e+01
1.500000000000000000e+02
2.100000000000000000e+02
2.400000000000000000e+02
2.410000000000000000e+02
2.940000000000000000e+02
2.770000000000000000e+02
2.830000000000000000e+02
3.000000000000000000e+02
3.310000000000000000e+02
3.700000000000000000e+02
3.760000000000000000e+02
3.870000000000000000e+02
3.980000000000000000e+02
4.120000000000000000e+02
4.320000000000000000e+02
4.600000000000000000e+02
4.770000000000000000e+02
0.000000000000000000e+00
4.790000000000000000e+02
4.840000000000000000e+02
4.900000000000000000e+02
4.830000000000000000e+02
5.180000000000000000e+02
5.250000000000000000e+02
5.320000000000000000e+02
5.360000000000000000e+02
4.900000000000000000e+02
5.410000000000000000e+02
5.490000000000000000e+02
5.520000000000000000e+02
5.570000000000000000e+02
5.610000000000000000e+02
5.640000000000000000e+02
5.670000000000000000e+02
4.620000000000000000e+02
5.460000000000000000e+02
5.020000000000000000e+02
5.530000000000000000e+02
6.240000000000000000e+02
7.810000000000000000e+02
6.800000000000000000e+02
7.830000000000000000e+02
7.250000000000000000e+02
6.980000000000000000e+02
7.470000000000000000e+02
7.960000000000000000e+02
7.310000000000000000e+02
8.320000000000000000e+02
8.730000000000000000e+02
9.410000000000000000e+02
8.940000000000000000e+02
9.940000000000000000e+02
8.120000000000000000e+02
7.810000000000000000e+02
8.220000000000000000e+02
7.790000000000000000e+02
8.830000000000000000e+02
5.630000000000000000e+02
6.380000000000000000e+02
7.260000000000000000e+02
6.610000000000000000e+02
6.350000000000000000e+02
5.960000000000000000e+02
5.710000000000000000e+02
6.590000000000000000e+02
6.240000000000000000e+02
6.260000000000000000e+02
5.400000000000000000e+02
5.680000000000000000e+02
5.280000000000000000e+02
6.030000000000000000e+02
4.790000000000000000e+02
5.130000000000000000e+02
4.910000000000000000e+02
3.040000000000000000e+02
3.420000000000000000e+02
3.460000000000000000e+02
3.820000000000000000e+02
3.880000000000000000e+02
3.930000000000000000e+02
3.880000000000000000e+02
3.920000000000000000e+02
3.780000000000000000e+02
3.800000000000000000e+02
4.500000000000000000e+02
4.300000000000000000e+02
4.100000000000000000e+02
3.870000000000000000e+02
4.370000000000000000e+02
4.490000000000000000e+02
4.210000000000000000e+02
4.020000000000000000e+02
4.000000000000000000e+02
6.720000000000000000e+02
7.160000000000000000e+02
6.830000000000000000e+02
5.280000000000000000e+02
5.320000000000000000e+02
4.450000000000000000e+02
5.320000000000000000e+02
4.730000000000000000e+02
4.030000000000000000e+02
4.010000000000000000e+02
3.440000000000000000e+02
3.750000000000000000e+02
2.750000000000000000e+02
2.810000000000000000e+02
2.930000000000000000e+02
2.890000000000000000e+02
2.110000000000000000e+02
2.710000000000000000e+02
3.050000000000000000e+02
2.360000000000000000e+02
2.540000000000000000e+02
2.610000000000000000e+02
3.130000000000000000e+02
3.510000000000000000e+02
2.640000000000000000e+02
3.690000000000000000e+02
3.750000000000000000e+02
3.020000000000000000e+02
2.830000000000000000e+02
2.540000000000000000e+02
2.390000000000000000e+02
1.640000000000000000e+02
1.890000000000000000e+02
2.540000000000000000e+02
2.390000000000000000e+02
2.160000000000000000e+02
2.390000000000000000e+02
2.250000000000000000e+02
1.790000000000000000e+02
2.620000000000000000e+02
2.460000000000000000e+02
2.770000000000000000e+02
3.300000000000000000e+02
2.830000000000000000e+02
2.100000000000000000e+02
2.290000000000000000e+02
3.650000000000000000e+02
4.350000000000000000e+02
4.610000000000000000e+02
3.910000000000000000e+02
4.240000000000000000e+02
3.900000000000000000e+02
2.750000000000000000e+02
3.390000000000000000e+02
3.990000000000000000e+02
4.910000000000000000e+02
3.900000000000000000e+02
4.270000000000000000e+02
3.620000000000000000e+02
5.410000000000000000e+02
5.740000000000000000e+02
7.350000000000000000e+02
6.140000000000000000e+02
6.120000000000000000e+02
7.050000000000000000e+02
5.130000000000000000e+02
4.700000000000000000e+02
6.440000000000000000e+02
8.830000000000000000e+02
9.300000000000000000e+02
9.310000000000000000e+02
1.007000000000000000e+03
6.400000000000000000e+02
7.770000000000000000e+02
6.740000000000000000e+02
8.420000000000000000e+02
7.860000000000000000e+02
8.650000000000000000e+02
8.090000000000000000e+02
6.740000000000000000e+02
6.790000000000000000e+02
8.520000000000000000e+02
1.083000000000000000e+03
1.002000000000000000e+03
1.008000000000000000e+03
1.078000000000000000e+03
8.510000000000000000e+02
6.260000000000000000e+02
9.950000000000000000e+02
1.100000000000000000e+03
1.158000000000000000e+03
1.181000000000000000e+03
1.231000000000000000e+03
1.041000000000000000e+03
9.320000000000000000e+02
1.061000000000000000e+03
1.046000000000000000e+03
1.089000000000000000e+03
1.075000000000000000e+03
1.129000000000000000e+03
1.096000000000000000e+03
1.064000000000000000e+03
1.315000000000000000e+03
1.431000000000000000e+03
1.398000000000000000e+03
1.412000000000000000e+03
1.538000000000000000e+03
1.215000000000000000e+03
9.150000000000000000e+02
1.077000000000000000e+03
1.538000000000000000e+03
1.578000000000000000e+03
1.563000000000000000e+03
1.491000000000000000e+03
1.359000000000000000e+03
1.111000000000000000e+03
1.390000000000000000e+03
1.400000000000000000e+03
1.312000000000000000e+03
1.172000000000000000e+03
1.121000000000000000e+03
1.278000000000000000e+03
1.234000000000000000e+03
1.008000000000000000e+03
1.161000000000000000e+03
1.289000000000000000e+03
1.292000000000000000e+03
1.141000000000000000e+03
1.111000000000000000e+03
1.146000000000000000e+03
1.096000000000000000e+03
1.214000000000000000e+03
1.136000000000000000e+03
1.226000000000000000e+03
1.174000000000000000e+03
1.210000000000000000e+03
1.209000000000000000e+03
1.255000000000000000e+03
1.292000000000000000e+03
1.153000000000000000e+03
1.269000000000000000e+03
1.262000000000000000e+03
1.205000000000000000e+03
1.065000000000000000e+03
1.310000000000000000e+03
1.297000000000000000e+03
1.305000000000000000e+03
1.283000000000000000e+03
1.252000000000000000e+03
1.251000000000000000e+03
1.107000000000000000e+03
1.289000000000000000e+03
1.285000000000000000e+03
1.317000000000000000e+03
1.311000000000000000e+03
1.214000000000000000e+03
1.153000000000000000e+03
1.148000000000000000e+03
1.260000000000000000e+03
1.313000000000000000e+03
1.255000000000000000e+03
1.196000000000000000e+03
1.154000000000000000e+03
1.194000000000000000e+03
1.092000000000000000e+03
1.226000000000000000e+03
1.278000000000000000e+03
1.321000000000000000e+03
1.284000000000000000e+03
1.254000000000000000e+03
1.171000000000000000e+03
1.077000000000000000e+03
1.226000000000000000e+03
1.246000000000000000e+03
1.311000000000000000e+03
1.230000000000000000e+03
1.227000000000000000e+03
9.440000000000000000e+02
1.027000000000000000e+03
1.506000000000000000e+03
1.723000000000000000e+03
1.730000000000000000e+03
1.856000000000000000e+03
1.963000000000000000e+03
1.590000000000000000e+03
1.501000000000000000e+03
1.967000000000000000e+03
2.067000000000000000e+03
2.988000000000000000e+03
2.950000000000000000e+03
2.998000000000000000e+03
2.876000000000000000e+03
2.404000000000000000e+03
3.243000000000000000e+03
3.362000000000000000e+03
3.382000000000000000e+03
3.407000000000000000e+03
3.432000000000000000e+03
3.453000000000000000e+03
3.471000000000000000e+03
3.491000000000000000e+03
3.506000000000000000e+03
3.529000000000000000e+03
3.552000000000000000e+03
3.566000000000000000e+03
3.579000000000000000e+03
3.591000000000000000e+03
3.601000000000000000e+03
3.939000000000000000e+03
3.966000000000000000e+03
3.962000000000000000e+03
3.647000000000000000e+03
2.948000000000000000e+03
2.730000000000000000e+03
3.310000000000000000e+03
3.977000000000000000e+03
3.249000000000000000e+03
3.251000000000000000e+03
3.276000000000000000e+03
3.093000000000000000e+03
2.798000000000000000e+03
3.310000000000000000e+03
3.539000000000000000e+03
3.525000000000000000e+03
3.307000000000000000e+03
2.631000000000000000e+03
3.167000000000000000e+03
3.123000000000000000e+03
3.236000000000000000e+03
3.452000000000000000e+03
3.294000000000000000e+03
3.140000000000000000e+03
3.158000000000000000e+03
2.250000000000000000e+03
2.105000000000000000e+03
3.005000000000000000e+03
3.102000000000000000e+03
3.025000000000000000e+03
3.498000000000000000e+03
3.434000000000000000e+03
2.930000000000000000e+03
2.526000000000000000e+03
2.721000000000000000e+03
2.692000000000000000e+03
2.742000000000000000e+03
3.072000000000000000e+03
2.959000000000000000e+03
2.613000000000000000e+03
2.483000000000000000e+03
2.373000000000000000e+03
2.204000000000000000e+03
2.087000000000000000e+03
2.250000000000000000e+03
2.159000000000000000e+03
1.992000000000000000e+03
1.898000000000000000e+03
2.018000000000000000e+03
2.051000000000000000e+03
2.101000000000000000e+03
2.160000000000000000e+03
2.013000000000000000e+03
1.717000000000000000e+03
1.871000000000000000e+03
2.172000000000000000e+03
2.196000000000000000e+03
2.043000000000000000e+03
2.128000000000000000e+03
2.304000000000000000e+03
2.128000000000000000e+03
1.874000000000000000e+03
2.289000000000000000e+03
2.084000000000000000e+03
2.315000000000000000e+03
2.180000000000000000e+03
2.084000000000000000e+03
2.113000000000000000e+03
2.012000000000000000e+03
1.988000000000000000e+03
1.883000000000000000e+03
2.112000000000000000e+03
1.875000000000000000e+03
1.931000000000000000e+03
1.810000000000000000e+03
1.928000000000000000e+03
2.022000000000000000e+03
1.798000000000000000e+03
1.928000000000000000e+03
1.843000000000000000e+03
1.958000000000000000e+03
1.930000000000000000e+03
1.803000000000000000e+03
1.903000000000000000e+03
1.931000000000000000e+03
2.081000000000000000e+03
1.973000000000000000e+03
2.080000000000000000e+03
1.813000000000000000e+03
1.759000000000000000e+03
2.094000000000000000e+03
1.710000000000000000e+03
1.961000000000000000e+03
1.974000000000000000e+03
1.712000000000000000e+03
1.847000000000000000e+03
1.772000000000000000e+03
1.699000000000000000e+03
1.954000000000000000e+03
1.724000000000000000e+03
1.766000000000000000e+03
1.735000000000000000e+03
1.572000000000000000e+03
1.507000000000000000e+03
1.614000000000000000e+03
1.508000000000000000e+03
1.512000000000000000e+03
1.452000000000000000e+03
1.321000000000000000e+03
1.251000000000000000e+03
1.229000000000000000e+03
1.270000000000000000e+03
1.348000000000000000e+03
1.401000000000000000e+03
1.490000000000000000e+03
1.596000000000000000e+03
1.591000000000000000e+03
1.512000000000000000e+03
1.672000000000000000e+03
1.757000000000000000e+03
2.167000000000000000e+03
2.236000000000000000e+03
1.812000000000000000e+03
1.810000000000000000e+03
1.763000000000000000e+03
1.968000000000000000e+03
2.154000000000000000e+03
1.989000000000000000e+03
2.062000000000000000e+03
2.188000000000000000e+03
1.874000000000000000e+03
1.968000000000000000e+03
2.205000000000000000e+03
2.179000000000000000e+03
0.000000000000000000e+00
4.471000000000000000e+03
2.123000000000000000e+03
1.969000000000000000e+03
1.837000000000000000e+03
2.127000000000000000e+03
2.011000000000000000e+03
2.167000000000000000e+03
1.942000000000000000e+03
2.109000000000000000e+03
1.850000000000000000e+03
1.964000000000000000e+03
2.167000000000000000e+03
1.988000000000000000e+03
2.161000000000000000e+03
2.223000000000000000e+03
2.282000000000000000e+03
2.122000000000000000e+03
2.040000000000000000e+03
2.184000000000000000e+03
1.747000000000000000e+03
1.675000000000000000e+03
1.663000000000000000e+03
1.632000000000000000e+03
1.599000000000000000e+03
1.573000000000000000e+03
1.552000000000000000e+03
1.513000000000000000e+03
1.539000000000000000e+03
1.529000000000000000e+03
1.520000000000000000e+03
1.518000000000000000e+03
1.542000000000000000e+03
1.522000000000000000e+03
1.529000000000000000e+03
1.541000000000000000e+03
1.530000000000000000e+03
1.565000000000000000e+03
1.529000000000000000e+03
1.508000000000000000e+03
1.541000000000000000e+03
1.506000000000000000e+03
1.547000000000000000e+03
1.521000000000000000e+03
1.507000000000000000e+03
1.528000000000000000e+03
1.549000000000000000e+03
1.539000000000000000e+03
1.527000000000000000e+03
1.550000000000000000e+03
1.520000000000000000e+03
1.537000000000000000e+03
1.519000000000000000e+03
