0.000000000000000000e+00
0.000000000000000000e+00
0.000000000000000000e+00
0.000000000000000000e+00
0.000000000000000000e+00
0.000000000000000000e+00
0.000000000000000000e+00
0.000000000000000000e+00
0.000000000000000000e+00
0.000000000000000000e+00
0.000000000000000000e+00
0.000000000000000000e+00
0.000000000000000000e+00
0.000000000000000000e+00
0.000000000000000000e+00
0.000000000000000000e+00
0.000000000000000000e+00
0.000000000000000000e+00
0.000000000000000000e+00
0.000000000000000000e+00
0.000000000000000000e+00
0.000000000000000000e+00
0.000000000000000000e+00
0.000000000000000000e+00
0.000000000000000000e+00
0.000000000000000000e+00
0.000000000000000000e+00
0.000000000000000000e+00
0.000000000000000000e+00
0.000000000000000000e+00
0.000000000000000000e+00
0.000000000000000000e+00
0.000000000000000000e+00
0.000000000000000000e+00
0.000000000000000000e+00
0.000000000000000000e+00
0.000000000000000000e+00
0.000000000000000000e+00
0.000000000000000000e+00
0.000000000000000000e+00
0.000000000000000000e+00
0.000000000000000000e+00
0.000000000000000000e+00
0.000000000000000000e+00
0.000000000000000000e+00
0.000000000000000000e+00
0.000000000000000000e+00
0.000000000000000000e+00
0.000000000000000000e+00
0.000000000000000000e+00
0.000000000000000000e+00
0.000000000000000000e+00
2.000000000000000000e+00
2.000000000000000000e+00
3.000000000000000000e+00
4.000000000000000000e+00
4.000000000000000000e+00
6.000000000000000000e+00
7.000000000000000000e+00
7.000000000000000000e+00
7.000000000000000000e+00
7.000000000000000000e+00
7.000000000000000000e+00
7.000000000000000000e+00
7.000000000000000000e+00
7.000000000000000000e+00
8.000000000000000000e+00
8.000000000000000000e+00
8.000000000000000000e+00
1.000000000000000000e+01
1.000000000000000000e+01
1.000000000000000000e+01
1.000000000000000000e+01
1.000000000000000000e+01
1.000000000000000000e+01
1.100000000000000000e+01
1.100000000000000000e+01
1.100000000000000000e+01
1.100000000000000000e+01
1.100000000000000000e+01
1.100000000000000000e+01
1.100000000000000000e+01
1.100000000000000000e+01
1.100000000000000000e+01
1.100000000000000000e+01
1.100000000000000000e+01
1.100000000000000000e+01
1.100000000000000000e+01
1.100000000000000000e+01
1.100000000000000000e+01
1.100000000000000000e+01
1.100000000000000000e+01
1.100000000000000000e+01
1.100000000000000000e+01
1.100000000000000000e+01
1.100000000000000000e+01
1.100000000000000000e+01
1.100000000000000000e+01
1.100000000000000000e+01
1.100000000000000000e+01
1.100000000000000000e+01
1.100000000000000000e+01
1.100000000000000000e+01
1.100000000000000000e+01
1.100000000000000000e+01
1.100000000000000000e+01
1.100000000000000000e+01
1.100000000000000000e+01
1.100000000000000000e+01
1.100000000000000000e+01
1.100000000000000000e+01
1.100000000000000000e+01
1.100000000000000000e+01
1.100000000000000000e+01
1.100000000000000000e+01
1.100000000000000000e+01
1.100000000000000000e+01
1.100000000000000000e+01
1.100000000000000000e+01
1.100000000000000000e+01
1.100000000000000000e+01
1.100000000000000000e+01
1.100000000000000000e+01
1.100000000000000000e+01
1.100000000000000000e+01
1.100000000000000000e+01
1.100000000000000000e+01
1.100000000000000000e+01
1.100000000000000000e+01
1.100000000000000000e+01
1.100000000000000000e+01
1.100000000000000000e+01
1.100000000000000000e+01
1.100000000000000000e+01
1.100000000000000000e+01
1.100000000000000000e+01
1.100000000000000000e+01
1.100000000000000000e+01
1.100000000000000000e+01
1.100000000000000000e+01
1.100000000000000000e+01
1.100000000000000000e+01
1.100000000000000000e+01
1.100000000000000000e+01
1.100000000000000000e+01
1.100000000000000000e+01
1.100000000000000000e+01
1.100000000000000000e+01
1.100000000000000000e+01
1.100000000000000000e+01
1.100000000000000000e+01
1.100000000000000000e+01
1.100000000000000000e+01
1.100000000000000000e+01
1.100000000000000000e+01
1.100000000000000000e+01
1.100000000000000000e+01
2.000000000000000000e+01
7.000000000000000000e+01
7.700000000000000000e+01
8.100000000000000000e+01
8.100000000000000000e+01
8.100000000000000000e+01
8.100000000000000000e+01
8.100000000000000000e+01
8.100000000000000000e+01
8.100000000000000000e+01
8.100000000000000000e+01
9.100000000000000000e+01
9.400000000000000000e+01
1.000000000000000000e+02
1.000000000000000000e+02
1.000000000000000000e+02
1.000000000000000000e+02
1.000000000000000000e+02
1.000000000000000000e+02
1.080000000000000000e+02
1.080000000000000000e+02
1.080000000000000000e+02
1.080000000000000000e+02
1.080000000000000000e+02
1.080000000000000000e+02
1.080000000000000000e+02
1.080000000000000000e+02
1.080000000000000000e+02
1.140000000000000000e+02
1.140000000000000000e+02
1.140000000000000000e+02
1.140000000000000000e+02
1.140000000000000000e+02
1.140000000000000000e+02
1.140000000000000000e+02
1.140000000000000000e+02
1.140000000000000000e+02
1.140000000000000000e+02
1.140000000000000000e+02
1.260000000000000000e+02
1.260000000000000000e+02
1.260000000000000000e+02
1.260000000000000000e+02
1.260000000000000000e+02
1.260000000000000000e+02
1.270000000000000000e+02
1.270000000000000000e+02
1.270000000000000000e+02
1.270000000000000000e+02
1.270000000000000000e+02
1.270000000000000000e+02
1.270000000000000000e+02
1.270000000000000000e+02
1.320000000000000000e+02
1.320000000000000000e+02
1.320000000000000000e+02
1.320000000000000000e+02
1.320000000000000000e+02
1.320000000000000000e+02
1.360000000000000000e+02
1.360000000000000000e+02
1.360000000000000000e+02
1.360000000000000000e+02
1.360000000000000000e+02
1.360000000000000000e+02
1.360000000000000000e+02
1.360000000000000000e+02
1.360000000000000000e+02
1.360000000000000000e+02
1.360000000000000000e+02
1.360000000000000000e+02
1.360000000000000000e+02
1.370000000000000000e+02
1.370000000000000000e+02
1.370000000000000000e+02
1.370000000000000000e+02
1.380000000000000000e+02
1.390000000000000000e+02
1.390000000000000000e+02
1.400000000000000000e+02
1.400000000000000000e+02
1.400000000000000000e+02
1.410000000000000000e+02
1.410000000000000000e+02
1.410000000000000000e+02
1.410000000000000000e+02
1.430000000000000000e+02
1.430000000000000000e+02
1.430000000000000000e+02
1.430000000000000000e+02
1.430000000000000000e+02
1.430000000000000000e+02
1.430000000000000000e+02
1.430000000000000000e+02
1.430000000000000000e+02
1.440000000000000000e+02
1.440000000000000000e+02
1.450000000000000000e+02
1.460000000000000000e+02
1.460000000000000000e+02
1.460000000000000000e+02
1.480000000000000000e+02
1.480000000000000000e+02
1.480000000000000000e+02
1.480000000000000000e+02
1.480000000000000000e+02
1.480000000000000000e+02
1.480000000000000000e+02
1.480000000000000000e+02
1.480000000000000000e+02
1.480000000000000000e+02
1.490000000000000000e+02
1.490000000000000000e+02
1.490000000000000000e+02
1.490000000000000000e+02
1.490000000000000000e+02
1.510000000000000000e+02
1.510000000000000000e+02
1.530000000000000000e+02
1.530000000000000000e+02
1.530000000000000000e+02
1.530000000000000000e+02
1.530000000000000000e+02
1.530000000000000000e+02
1.530000000000000000e+02
1.530000000000000000e+02
1.530000000000000000e+02
1.530000000000000000e+02
1.530000000000000000e+02
1.570000000000000000e+02
1.570000000000000000e+02
1.570000000000000000e+02
1.580000000000000000e+02
1.580000000000000000e+02
1.580000000000000000e+02
1.580000000000000000e+02
1.580000000000000000e+02
1.580000000000000000e+02
1.600000000000000000e+02
1.600000000000000000e+02
1.600000000000000000e+02
1.600000000000000000e+02
1.600000000000000000e+02
1.600000000000000000e+02
1.600000000000000000e+02
1.630000000000000000e+02
1.630000000000000000e+02
1.630000000000000000e+02
1.630000000000000000e+02
1.660000000000000000e+02
1.660000000000000000e+02
1.660000000000000000e+02
1.660000000000000000e+02
1.730000000000000000e+02
1.730000000000000000e+02
1.730000000000000000e+02
1.830000000000000000e+02
1.830000000000000000e+02
1.830000000000000000e+02
1.830000000000000000e+02
1.840000000000000000e+02
1.840000000000000000e+02
1.840000000000000000e+02
1.840000000000000000e+02
1.840000000000000000e+02
1.840000000000000000e+02
1.840000000000000000e+02
1.870000000000000000e+02
1.870000000000000000e+02
1.870000000000000000e+02
1.870000000000000000e+02
2.020000000000000000e+02
2.020000000000000000e+02
2.020000000000000000e+02
2.020000000000000000e+02
2.020000000000000000e+02
2.020000000000000000e+02
2.050000000000000000e+02
2.050000000000000000e+02
2.050000000000000000e+02
2.050000000000000000e+02
2.050000000000000000e+02
2.050000000000000000e+02
2.050000000000000000e+02
2.170000000000000000e+02
2.170000000000000000e+02
2.560000000000000000e+02
2.560000000000000000e+02
2.560000000000000000e+02
2.850000000000000000e+02
2.970000000000000000e+02
3.220000000000000000e+02
3.540000000000000000e+02
3.730000000000000000e+02
3.730000000000000000e+02
4.510000000000000000e+02
5.080000000000000000e+02
5.310000000000000000e+02
5.830000000000000000e+02
6.010000000000000000e+02
6.120000000000000000e+02
6.270000000000000000e+02
6.560000000000000000e+02
6.960000000000000000e+02
7.050000000000000000e+02
7.460000000000000000e+02
7.460000000000000000e+02
7.620000000000000000e+02
7.620000000000000000e+02
9.720000000000000000e+02
1.033000000000000000e+03
1.033000000000000000e+03
1.069000000000000000e+03
1.116000000000000000e+03
1.129000000000000000e+03
1.149000000000000000e+03
1.162000000000000000e+03
1.186000000000000000e+03
1.205000000000000000e+03
1.223000000000000000e+03
1.243000000000000000e+03
1.279000000000000000e+03
1.289000000000000000e+03
1.289000000000000000e+03
1.504000000000000000e+03
1.513000000000000000e+03
1.575000000000000000e+03
1.695000000000000000e+03
1.695000000000000000e+03
1.768000000000000000e+03
1.802000000000000000e+03
1.892000000000000000e+03
1.892000000000000000e+03
1.910000000000000000e+03
2.058000000000000000e+03
2.211000000000000000e+03
2.280000000000000000e+03
2.305000000000000000e+03
2.328000000000000000e+03
2.401000000000000000e+03
2.464000000000000000e+03
2.514000000000000000e+03
2.562000000000000000e+03
2.562000000000000000e+03
2.592000000000000000e+03
2.592000000000000000e+03
2.618000000000000000e+03
2.688000000000000000e+03
2.849000000000000000e+03
2.890000000000000000e+03
2.928000000000000000e+03
2.950000000000000000e+03
2.979000000000000000e+03
2.979000000000000000e+03
3.000000000000000000e+03
3.032000000000000000e+03
3.032000000000000000e+03
3.132000000000000000e+03
3.173000000000000000e+03
3.173000000000000000e+03
3.315000000000000000e+03
3.342000000000000000e+03
3.354000000000000000e+03
3.486000000000000000e+03
3.566000000000000000e+03
3.616000000000000000e+03
3.770000000000000000e+03
3.770000000000000000e+03
3.798000000000000000e+03
3.798000000000000000e+03
3.882000000000000000e+03
3.882000000000000000e+03
3.996000000000000000e+03
3.996000000000000000e+03
4.084000000000000000e+03
4.114000000000000000e+03
4.114000000000000000e+03
4.135000000000000000e+03
4.135000000000000000e+03
4.259000000000000000e+03
4.290000000000000000e+03
4.290000000000000000e+03
4.320000000000000000e+03
4.320000000000000000e+03
4.332000000000000000e+03
4.395000000000000000e+03
4.395000000000000000e+03
4.395000000000000000e+03
4.430000000000000000e+03
4.444000000000000000e+03
4.633000000000000000e+03
4.633000000000000000e+03
4.765000000000000000e+03
4.834000000000000000e+03
4.875000000000000000e+03
4.922000000000000000e+03
4.976000000000000000e+03
5.012000000000000000e+03
5.016000000000000000e+03
5.170000000000000000e+03
5.206000000000000000e+03
5.206000000000000000e+03
5.284000000000000000e+03
5.354000000000000000e+03
5.354000000000000000e+03
5.456000000000000000e+03
5.559000000000000000e+03
5.873000000000000000e+03
5.873000000000000000e+03
5.873000000000000000e+03
6.373000000000000000e+03
6.373000000000000000e+03
6.373000000000000000e+03
6.373000000000000000e+03
6.373000000000000000e+03
6.373000000000000000e+03
6.373000000000000000e+03
8.172000000000000000e+03
8.172000000000000000e+03
8.172000000000000000e+03
9.184000000000000000e+03
9.184000000000000000e+03
9.184000000000000000e+03
9.184000000000000000e+03
9.764000000000000000e+03
9.764000000000000000e+03
9.764000000000000000e+03
9.764000000000000000e+03
9.764000000000000000e+03
9.764000000000000000e+03
9.764000000000000000e+03
1.074000000000000000e+04
1.074000000000000000e+04
1.074000000000000000e+04
1.114500000000000000e+04
1.114500000000000000e+04
1.114500000000000000e+04
1.114500000000000000e+04
1.162100000000000000e+04
1.162100000000000000e+04
1.162100000000000000e+04
1.162100000000000000e+04
1.215800000000000000e+04
1.215800000000000000e+04
1.215800000000000000e+04
1.246600000000000000e+04
1.246600000000000000e+04
1.246600000000000000e+04
1.246600000000000000e+04
1.297300000000000000e+04
1.297300000000000000e+04
1.297300000000000000e+04
1.363000000000000000e+04
1.363000000000000000e+04
1.363000000000000000e+04
1.412300000000000000e+04
1.412300000000000000e+04
1.412300000000000000e+04
1.412300000000000000e+04
1.412300000000000000e+04
1.462000000000000000e+04
1.462000000000000000e+04
1.462000000000000000e+04
1.511600000000000000e+04
1.511600000000000000e+04
1.511600000000000000e+04
1.557900000000000000e+04
1.557900000000000000e+04
1.557900000000000000e+04
1.557900000000000000e+04
1.585700000000000000e+04
1.585700000000000000e+04
1.585700000000000000e+04
1.630400000000000000e+04
1.630400000000000000e+04
1.630400000000000000e+04
1.667900000000000000e+04
1.667900000000000000e+04
1.667900000000000000e+04
1.667900000000000000e+04
1.700500000000000000e+04
1.700500000000000000e+04
1.700500000000000000e+04
1.700500000000000000e+04
1.723400000000000000e+04
1.723400000000000000e+04
1.723400000000000000e+04
1.754100000000000000e+04
1.754100000000000000e+04
1.754100000000000000e+04
1.774700000000000000e+04
1.774700000000000000e+04
1.774700000000000000e+04
1.774700000000000000e+04
1.806200000000000000e+04
1.806200000000000000e+04
1.806200000000000000e+04
1.818900000000000000e+04
1.818900000000000000e+04
1.818900000000000000e+04
1.818900000000000000e+04
