0.000000000000000000e+00
0.000000000000000000e+00
0.000000000000000000e+00
0.000000000000000000e+00
0.000000000000000000e+00
0.000000000000000000e+00
0.000000000000000000e+00
0.000000000000000000e+00
0.000000000000000000e+00
0.000000000000000000e+00
0.000000000000000000e+00
0.000000000000000000e+00
0.000000000000000000e+00
0.000000000000000000e+00
0.000000000000000000e+00
0.000000000000000000e+00
0.000000000000000000e+00
0.000000000000000000e+00
0.000000000000000000e+00
0.000000000000000000e+00
0.000000000000000000e+00
0.000000000000000000e+00
0.000000000000000000e+00
0.000000000000000000e+00
0.000000000000000000e+00
0.000000000000000000e+00
0.000000000000000000e+00
0.000000000000000000e+00
0.000000000000000000e+00
0.000000000000000000e+00
0.000000000000000000e+00
0.000000000000000000e+00
0.000000000000000000e+00
0.000000000000000000e+00
0.000000000000000000e+00
0.000000000000000000e+00
0.000000000000000000e+00
0.000000000000000000e+00
0.000000000000000000e+00
0.000000000000000000e+00
0.000000000000000000e+00
0.000000000000000000e+00
0.000000000000000000e+00
0.000000000000000000e+00
0.000000000000000000e+00
0.000000000000000000e+00
0.000000000000000000e+00
0.000000000000000000e+00
0.000000000000000000e+00
0.000000000000000000e+00
0.000000000000000000e+00
0.000000000000000000e+00
0.000000000000000000e+00
0.000000000000000000e+00
0.000000000000000000e+00
2.000000000000000000e+00
2.000000000000000000e+00
3.000000000000000000e+00
1.400000000000000000e+01
1.400000000000000000e+01
2.100000000000000000e+01
2.700000000000000000e+01
4.700000000000000000e+01
5.200000000000000000e+01
6.900000000000000000e+01
8.200000000000000000e+01
8.400000000000000000e+01
8.500000000000000000e+01
9.100000000000000000e+01
1.090000000000000000e+02
1.230000000000000000e+02
1.440000000000000000e+02
1.740000000000000000e+02
2.010000000000000000e+02
2.140000000000000000e+02
2.330000000000000000e+02
2.410000000000000000e+02
2.480000000000000000e+02
2.520000000000000000e+02
2.550000000000000000e+02
2.630000000000000000e+02
2.720000000000000000e+02
2.740000000000000000e+02
2.830000000000000000e+02
2.880000000000000000e+02
3.030000000000000000e+02
3.030000000000000000e+02
3.070000000000000000e+02
3.080000000000000000e+02
3.120000000000000000e+02
3.130000000000000000e+02
3.150000000000000000e+02
3.160000000000000000e+02
3.190000000000000000e+02
3.200000000000000000e+02
3.210000000000000000e+02
3.210000000000000000e+02
3.210000000000000000e+02
3.220000000000000000e+02
3.220000000000000000e+02
3.220000000000000000e+02
3.220000000000000000e+02
3.220000000000000000e+02
3.230000000000000000e+02
3.240000000000000000e+02
3.240000000000000000e+02
3.240000000000000000e+02
3.240000000000000000e+02
3.240000000000000000e+02
3.240000000000000000e+02
3.240000000000000000e+02
3.240000000000000000e+02
3.240000000000000000e+02
3.240000000000000000e+02
3.240000000000000000e+02
3.240000000000000000e+02
3.240000000000000000e+02
3.240000000000000000e+02
3.240000000000000000e+02
3.240000000000000000e+02
3.240000000000000000e+02
3.240000000000000000e+02
3.240000000000000000e+02
3.240000000000000000e+02
3.240000000000000000e+02
3.240000000000000000e+02
3.240000000000000000e+02
3.240000000000000000e+02
3.240000000000000000e+02
3.240000000000000000e+02
3.240000000000000000e+02
3.240000000000000000e+02
3.240000000000000000e+02
3.240000000000000000e+02
3.240000000000000000e+02
3.240000000000000000e+02
3.240000000000000000e+02
3.240000000000000000e+02
3.240000000000000000e+02
3.240000000000000000e+02
3.240000000000000000e+02
3.240000000000000000e+02
3.240000000000000000e+02
3.240000000000000000e+02
3.250000000000000000e+02
3.260000000000000000e+02
3.260000000000000000e+02
3.330000000000000000e+02
3.370000000000000000e+02
3.550000000000000000e+02
3.590000000000000000e+02
3.620000000000000000e+02
3.670000000000000000e+02
3.780000000000000000e+02
3.890000000000000000e+02
4.140000000000000000e+02
4.390000000000000000e+02
4.690000000000000000e+02
4.810000000000000000e+02
5.010000000000000000e+02
5.480000000000000000e+02
5.760000000000000000e+02
6.160000000000000000e+02
6.630000000000000000e+02
7.200000000000000000e+02
7.810000000000000000e+02
8.410000000000000000e+02
9.070000000000000000e+02
9.600000000000000000e+02
1.019000000000000000e+03
1.019000000000000000e+03
1.164000000000000000e+03
1.221000000000000000e+03
1.287000000000000000e+03
1.287000000000000000e+03
1.287000000000000000e+03
1.287000000000000000e+03
1.965000000000000000e+03
2.072000000000000000e+03
2.188000000000000000e+03
2.188000000000000000e+03
2.381000000000000000e+03
2.472000000000000000e+03
2.569000000000000000e+03
2.665000000000000000e+03
2.747000000000000000e+03
2.799000000000000000e+03
2.893000000000000000e+03
2.949000000000000000e+03
3.016000000000000000e+03
3.016000000000000000e+03
3.073000000000000000e+03
3.198000000000000000e+03
3.258000000000000000e+03
3.301000000000000000e+03
3.361000000000000000e+03
3.411000000000000000e+03
3.480000000000000000e+03
3.549000000000000000e+03
3.588000000000000000e+03
3.618000000000000000e+03
3.696000000000000000e+03
3.748000000000000000e+03
3.813000000000000000e+03
3.857000000000000000e+03
3.930000000000000000e+03
3.960000000000000000e+03
4.035000000000000000e+03
4.085000000000000000e+03
4.132000000000000000e+03
4.174000000000000000e+03
4.229000000000000000e+03
4.277000000000000000e+03
4.313000000000000000e+03
4.343000000000000000e+03
4.378000000000000000e+03
4.444000000000000000e+03
4.499000000000000000e+03
4.558000000000000000e+03
4.663000000000000000e+03
4.727000000000000000e+03
4.790000000000000000e+03
4.835000000000000000e+03
4.917000000000000000e+03
5.019000000000000000e+03
5.165000000000000000e+03
5.275000000000000000e+03
5.422000000000000000e+03
5.553000000000000000e+03
5.659000000000000000e+03
5.875000000000000000e+03
6.094000000000000000e+03
6.222000000000000000e+03
6.385000000000000000e+03
6.530000000000000000e+03
6.712000000000000000e+03
6.900000000000000000e+03
7.061000000000000000e+03
7.291000000000000000e+03
7.503000000000000000e+03
7.711000000000000000e+03
7.898000000000000000e+03
8.612000000000000000e+03
8.842000000000000000e+03
9.138000000000000000e+03
9.428000000000000000e+03
9.717000000000000000e+03
9.962000000000000000e+03
1.019700000000000000e+04
1.031300000000000000e+04
1.044100000000000000e+04
1.057500000000000000e+04
1.077200000000000000e+04
1.098700000000000000e+04
1.169000000000000000e+04
1.193400000000000000e+04
1.212700000000000000e+04
1.235900000000000000e+04
1.258400000000000000e+04
1.279400000000000000e+04
1.300400000000000000e+04
1.334800000000000000e+04
1.364100000000000000e+04
1.386900000000000000e+04
1.405000000000000000e+04
1.426800000000000000e+04
1.446100000000000000e+04
1.467200000000000000e+04
1.528100000000000000e+04
1.542700000000000000e+04
1.561500000000000000e+04
1.576000000000000000e+04
1.589200000000000000e+04
1.606900000000000000e+04
1.625900000000000000e+04
1.643600000000000000e+04
1.662900000000000000e+04
1.679700000000000000e+04
1.690900000000000000e+04
1.709100000000000000e+04
1.739200000000000000e+04
1.774600000000000000e+04
1.806600000000000000e+04
1.834100000000000000e+04
1.871400000000000000e+04
1.921000000000000000e+04
1.997700000000000000e+04
2.085100000000000000e+04
2.153300000000000000e+04
2.207900000000000000e+04
2.237900000000000000e+04
2.280500000000000000e+04
2.360800000000000000e+04
2.415400000000000000e+04
2.486500000000000000e+04
2.550900000000000000e+04
2.610900000000000000e+04
2.668600000000000000e+04
2.717700000000000000e+04
2.777300000000000000e+04
2.839200000000000000e+04
2.903100000000000000e+04
2.957700000000000000e+04
3.007900000000000000e+04
3.065300000000000000e+04
3.106200000000000000e+04
3.161800000000000000e+04
3.218800000000000000e+04
3.280800000000000000e+04
3.331600000000000000e+04
3.383600000000000000e+04
3.445400000000000000e+04
3.488100000000000000e+04
3.526500000000000000e+04
3.584900000000000000e+04
3.635100000000000000e+04
3.693200000000000000e+04
3.746700000000000000e+04
3.787900000000000000e+04
3.824600000000000000e+04
3.856200000000000000e+04
3.915300000000000000e+04
3.960700000000000000e+04
4.016500000000000000e+04
4.054600000000000000e+04
4.094800000000000000e+04
4.142600000000000000e+04
4.180300000000000000e+04
4.214800000000000000e+04
4.256300000000000000e+04
4.299500000000000000e+04
4.339000000000000000e+04
4.370900000000000000e+04
4.395500000000000000e+04
4.428400000000000000e+04
4.454200000000000000e+04
4.506200000000000000e+04
4.542300000000000000e+04
4.594500000000000000e+04
4.632700000000000000e+04
4.669400000000000000e+04
4.696900000000000000e+04
4.740400000000000000e+04
4.778200000000000000e+04
4.824700000000000000e+04
4.858900000000000000e+04
4.885600000000000000e+04
4.919500000000000000e+04
4.963000000000000000e+04
5.005400000000000000e+04
5.069700000000000000e+04
5.116000000000000000e+04
5.159600000000000000e+04
5.199900000000000000e+04
5.243100000000000000e+04
5.281900000000000000e+04
5.333800000000000000e+04
5.384000000000000000e+04
5.431600000000000000e+04
5.473000000000000000e+04
5.513600000000000000e+04
5.549300000000000000e+04
5.580300000000000000e+04
5.622800000000000000e+04
5.657900000000000000e+04
5.699800000000000000e+04
5.748200000000000000e+04
5.792900000000000000e+04
5.831600000000000000e+04
5.869700000000000000e+04
5.926200000000000000e+04
5.982500000000000000e+04
6.028800000000000000e+04
6.082700000000000000e+04
6.120200000000000000e+04
6.165900000000000000e+04
6.197200000000000000e+04
6.247600000000000000e+04
6.311800000000000000e+04
6.363300000000000000e+04
6.416800000000000000e+04
6.473900000000000000e+04
6.522700000000000000e+04
6.565700000000000000e+04
6.623400000000000000e+04
6.685700000000000000e+04
6.744100000000000000e+04
6.800400000000000000e+04
6.847600000000000000e+04
6.892100000000000000e+04
6.929400000000000000e+04
6.977000000000000000e+04
7.017400000000000000e+04
7.065800000000000000e+04
7.111200000000000000e+04
7.159300000000000000e+04
7.199500000000000000e+04
7.239500000000000000e+04
7.296900000000000000e+04
7.361200000000000000e+04
7.418300000000000000e+04
7.478900000000000000e+04
7.533200000000000000e+04
7.583400000000000000e+04
7.628300000000000000e+04
7.686800000000000000e+04
7.749300000000000000e+04
7.806000000000000000e+04
7.863400000000000000e+04
7.923700000000000000e+04
7.977400000000000000e+04
8.019100000000000000e+04
8.080300000000000000e+04
8.145700000000000000e+04
8.202900000000000000e+04
8.261000000000000000e+04
8.316500000000000000e+04
8.369300000000000000e+04
8.416300000000000000e+04
8.470000000000000000e+04
8.525300000000000000e+04
8.577400000000000000e+04
8.628200000000000000e+04
8.678200000000000000e+04
8.721200000000000000e+04
8.763800000000000000e+04
8.811600000000000000e+04
8.855000000000000000e+04
8.899100000000000000e+04
8.936300000000000000e+04
8.973200000000000000e+04
9.008300000000000000e+04
9.041800000000000000e+04
9.083200000000000000e+04
9.121800000000000000e+04
9.157300000000000000e+04
9.190600000000000000e+04
9.222200000000000000e+04
9.251900000000000000e+04
9.274000000000000000e+04
9.303000000000000000e+04
9.330900000000000000e+04
9.356600000000000000e+04
9.380300000000000000e+04
9.403500000000000000e+04
9.426900000000000000e+04
9.441900000000000000e+04
9.464300000000000000e+04
9.485900000000000000e+04
9.504200000000000000e+04
9.520500000000000000e+04
9.537700000000000000e+04
9.555100000000000000e+04
9.569500000000000000e+04
9.589400000000000000e+04
9.604800000000000000e+04
9.618700000000000000e+04
9.634800000000000000e+04
9.649900000000000000e+04
9.666000000000000000e+04
9.677900000000000000e+04
9.693000000000000000e+04
9.708000000000000000e+04
9.725700000000000000e+04
9.738900000000000000e+04
9.751700000000000000e+04
9.761900000000000000e+04
9.771800000000000000e+04
9.781300000000000000e+04
9.793000000000000000e+04
9.804200000000000000e+04
9.814200000000000000e+04
9.823700000000000000e+04
9.830300000000000000e+04
9.836500000000000000e+04
9.844900000000000000e+04
9.854600000000000000e+04
9.861900000000000000e+04
9.870300000000000000e+04
9.877800000000000000e+04
9.885200000000000000e+04
9.889800000000000000e+04
9.897100000000000000e+04
9.903100000000000000e+04
9.909800000000000000e+04
9.915300000000000000e+04
9.920300000000000000e+04
9.924800000000000000e+04
9.929100000000000000e+04
9.935800000000000000e+04
9.942500000000000000e+04
9.947700000000000000e+04
9.951800000000000000e+04
9.956600000000000000e+04
9.960500000000000000e+04
9.962300000000000000e+04
9.965200000000000000e+04
9.968300000000000000e+04
9.971700000000000000e+04
9.975800000000000000e+04
9.979100000000000000e+04
9.981200000000000000e+04
9.983400000000000000e+04
9.984800000000000000e+04
9.986700000000000000e+04
9.989000000000000000e+04
9.991400000000000000e+04
9.992800000000000000e+04
9.995600000000000000e+04
9.996400000000000000e+04
9.998800000000000000e+04
1.000010000000000000e+05
1.000200000000000000e+05
1.000360000000000000e+05
1.000550000000000000e+05
1.000750000000000000e+05
1.000920000000000000e+05
1.001040000000000000e+05
1.001170000000000000e+05
1.001310000000000000e+05
1.001450000000000000e+05
1.001680000000000000e+05
1.001900000000000000e+05
1.002040000000000000e+05
1.002300000000000000e+05
1.002520000000000000e+05
1.002720000000000000e+05
1.002920000000000000e+05
1.003160000000000000e+05
1.003270000000000000e+05
1.003380000000000000e+05
1.003620000000000000e+05
1.003920000000000000e+05
1.004140000000000000e+05
1.004300000000000000e+05
1.004590000000000000e+05
1.004780000000000000e+05
1.004880000000000000e+05
1.005190000000000000e+05
1.005430000000000000e+05
1.005670000000000000e+05
1.005900000000000000e+05
1.006220000000000000e+05
1.006620000000000000e+05
1.006900000000000000e+05
1.007550000000000000e+05
1.008020000000000000e+05
1.008650000000000000e+05
1.009290000000000000e+05
1.010610000000000000e+05
1.011300000000000000e+05
1.012070000000000000e+05
1.013520000000000000e+05
1.014960000000000000e+05
1.016420000000000000e+05
1.017850000000000000e+05
1.019270000000000000e+05
1.020920000000000000e+05
