0.000000000000000000e+00
0.000000000000000000e+00
0.000000000000000000e+00
0.000000000000000000e+00
0.000000000000000000e+00
0.000000000000000000e+00
0.000000000000000000e+00
0.000000000000000000e+00
0.000000000000000000e+00
2.000000000000000000e+00
2.000000000000000000e+00
2.000000000000000000e+00
8.000000000000000000e+00
8.000000000000000000e+00
9.000000000000000000e+00
9.000000000000000000e+00
9.000000000000000000e+00
1.300000000000000000e+01
1.400000000000000000e+01
1.400000000000000000e+01
1.500000000000000000e+01
1.600000000000000000e+01
1.700000000000000000e+01
1.800000000000000000e+01
1.800000000000000000e+01
1.800000000000000000e+01
1.900000000000000000e+01
1.900000000000000000e+01
2.000000000000000000e+01
2.200000000000000000e+01
2.300000000000000000e+01
2.300000000000000000e+01
2.800000000000000000e+01
3.000000000000000000e+01
3.400000000000000000e+01
3.700000000000000000e+01
4.400000000000000000e+01
5.600000000000000000e+01
6.100000000000000000e+01
9.400000000000000000e+01
1.340000000000000000e+02
1.890000000000000000e+02
2.460000000000000000e+02
2.950000000000000000e+02
3.740000000000000000e+02
4.290000000000000000e+02
4.830000000000000000e+02
6.300000000000000000e+02
8.890000000000000000e+02
1.301000000000000000e+03
1.790000000000000000e+03
2.270000000000000000e+03
2.634000000000000000e+03
3.077000000000000000e+03
3.692000000000000000e+03
4.462000000000000000e+03
5.468000000000000000e+03
6.534000000000000000e+03
7.792000000000000000e+03
9.007000000000000000e+03
1.039500000000000000e+04
1.274400000000000000e+04
1.512600000000000000e+04
1.784300000000000000e+04
2.097000000000000000e+04
2.421900000000000000e+04
2.706200000000000000e+04
2.995400000000000000e+04
3.428100000000000000e+04
3.881500000000000000e+04
4.378900000000000000e+04
4.871800000000000000e+04
5.369900000000000000e+04
5.777200000000000000e+04
6.142200000000000000e+04
6.673800000000000000e+04
7.222400000000000000e+04
7.738700000000000000e+04
8.229300000000000000e+04
8.666000000000000000e+04
9.027300000000000000e+04
9.381200000000000000e+04
9.801700000000000000e+04
1.023650000000000000e+05
1.074650000000000000e+05
1.128080000000000000e+05
1.177980000000000000e+05
1.225340000000000000e+05
1.263940000000000000e+05
1.312600000000000000e+05
1.360350000000000000e+05
1.415400000000000000e+05
1.467080000000000000e+05
1.516890000000000000e+05
1.554530000000000000e+05
1.589260000000000000e+05
1.636300000000000000e+05
1.683570000000000000e+05
1.738070000000000000e+05
1.787710000000000000e+05
1.835010000000000000e+05
1.867310000000000000e+05
1.897080000000000000e+05
1.930910000000000000e+05
1.967800000000000000e+05
2.006160000000000000e+05
2.043870000000000000e+05
2.074390000000000000e+05
2.095890000000000000e+05
2.119110000000000000e+05
2.155000000000000000e+05
2.188950000000000000e+05
2.221950000000000000e+05
2.248130000000000000e+05
2.273340000000000000e+05
2.294060000000000000e+05
2.312320000000000000e+05
2.338090000000000000e+05
2.368670000000000000e+05
2.395790000000000000e+05
2.421330000000000000e+05
2.441740000000000000e+05
2.456820000000000000e+05
2.470370000000000000e+05
2.486500000000000000e+05
2.503090000000000000e+05
2.521180000000000000e+05
2.538540000000000000e+05
2.553620000000000000e+05
2.564690000000000000e+05
2.575390000000000000e+05
2.589830000000000000e+05
2.604530000000000000e+05
2.618020000000000000e+05
2.630400000000000000e+05
2.641500000000000000e+05
2.649440000000000000e+05
2.656620000000000000e+05
2.667560000000000000e+05
2.679150000000000000e+05
2.691010000000000000e+05
2.701080000000000000e+05
2.711620000000000000e+05
2.720500000000000000e+05
2.728570000000000000e+05
2.738880000000000000e+05
2.749710000000000000e+05
2.759700000000000000e+05
2.769900000000000000e+05
2.779740000000000000e+05
2.786400000000000000e+05
2.792640000000000000e+05
2.801560000000000000e+05
2.810380000000000000e+05
2.818150000000000000e+05
2.825120000000000000e+05
2.831510000000000000e+05
2.837850000000000000e+05
2.841920000000000000e+05
2.848120000000000000e+05
2.852160000000000000e+05
2.852790000000000000e+05
2.852850000000000000e+05
2.857870000000000000e+05
2.864120000000000000e+05
2.869310000000000000e+05
2.872900000000000000e+05
2.878740000000000000e+05
2.885110000000000000e+05
2.891540000000000000e+05
2.896780000000000000e+05
2.905040000000000000e+05
2.911540000000000000e+05
2.916910000000000000e+05
2.929310000000000000e+05
2.934690000000000000e+05
2.941160000000000000e+05
2.948030000000000000e+05
2.956320000000000000e+05
2.963580000000000000e+05
2.969440000000000000e+05
2.973890000000000000e+05
2.979520000000000000e+05
2.987310000000000000e+05
2.995000000000000000e+05
3.002700000000000000e+05
3.010200000000000000e+05
3.017080000000000000e+05
3.022610000000000000e+05
3.030630000000000000e+05
3.039100000000000000e+05
3.047930000000000000e+05
3.055620000000000000e+05
3.063090000000000000e+05
3.072510000000000000e+05
3.079260000000000000e+05
3.088320000000000000e+05
3.097960000000000000e+05
3.106960000000000000e+05
3.114610000000000000e+05
3.125740000000000000e+05
3.133920000000000000e+05
3.145420000000000000e+05
3.155810000000000000e+05
3.167290000000000000e+05
3.181900000000000000e+05
3.192320000000000000e+05
3.203430000000000000e+05
3.210640000000000000e+05
3.221770000000000000e+05
3.230080000000000000e+05
3.242030000000000000e+05
3.252630000000000000e+05
3.265950000000000000e+05
3.276430000000000000e+05
3.286200000000000000e+05
3.298210000000000000e+05
3.309670000000000000e+05
3.325090000000000000e+05
3.338060000000000000e+05
3.349160000000000000e+05
3.366680000000000000e+05
3.380830000000000000e+05
3.394150000000000000e+05
3.409290000000000000e+05
3.427080000000000000e+05
3.446860000000000000e+05
3.465130000000000000e+05
3.495000000000000000e+05
3.524530000000000000e+05
3.549340000000000000e+05
3.576150000000000000e+05
3.605460000000000000e+05
3.640900000000000000e+05
3.675940000000000000e+05
3.709320000000000000e+05
3.735570000000000000e+05
3.766720000000000000e+05
3.806790000000000000e+05
3.840890000000000000e+05
3.884180000000000000e+05
3.928470000000000000e+05
3.967460000000000000e+05
4.011240000000000000e+05
4.060600000000000000e+05
4.122470000000000000e+05
4.188910000000000000e+05
4.257690000000000000e+05
4.318190000000000000e+05
4.375190000000000000e+05
4.415750000000000000e+05
4.487310000000000000e+05
4.558480000000000000e+05
4.627770000000000000e+05
4.697710000000000000e+05
4.826560000000000000e+05
5.056210000000000000e+05
5.182240000000000000e+05
5.327810000000000000e+05
5.469540000000000000e+05
5.645040000000000000e+05
5.783920000000000000e+05
5.935670000000000000e+05
6.064490000000000000e+05
6.204600000000000000e+05
6.377100000000000000e+05
6.574610000000000000e+05
6.764570000000000000e+05
6.921140000000000000e+05
7.083000000000000000e+05
7.252940000000000000e+05
7.441240000000000000e+05
7.654890000000000000e+05
7.921960000000000000e+05
8.134530000000000000e+05
8.340120000000000000e+05
8.570450000000000000e+05
8.768420000000000000e+05
8.977420000000000000e+05
9.206660000000000000e+05
9.453800000000000000e+05
9.684580000000000000e+05
9.928760000000000000e+05
1.014795000000000000e+06
1.038056000000000000e+06
1.057023000000000000e+06
1.077101000000000000e+06
1.102307000000000000e+06
1.126471000000000000e+06
1.149793000000000000e+06
1.174772000000000000e+06
1.195352000000000000e+06
1.216749000000000000e+06
1.237200000000000000e+06
1.260200000000000000e+06
1.293717000000000000e+06
1.321033000000000000e+06
1.347909000000000000e+06
1.372886000000000000e+06
1.394302000000000000e+06
1.414362000000000000e+06
1.434007000000000000e+06
1.456943000000000000e+06
1.477217000000000000e+06
1.497138000000000000e+06
1.515805000000000000e+06
1.531270000000000000e+06
1.542614000000000000e+06
1.560875000000000000e+06
1.578432000000000000e+06
1.593253000000000000e+06
1.609144000000000000e+06
1.621308000000000000e+06
1.633736000000000000e+06
1.647233000000000000e+06
1.663470000000000000e+06
1.678421000000000000e+06
1.694803000000000000e+06
1.710382000000000000e+06
1.727754000000000000e+06
1.742528000000000000e+06
1.754914000000000000e+06
1.771548000000000000e+06
1.792614000000000000e+06
1.814398000000000000e+06
1.835952000000000000e+06
1.854493000000000000e+06
1.874870000000000000e+06
1.893439000000000000e+06
1.918739000000000000e+06
1.954271000000000000e+06
1.982831000000000000e+06
2.010080000000000000e+06
2.046164000000000000e+06
2.079681000000000000e+06
2.116612000000000000e+06
2.155999000000000000e+06
2.195148000000000000e+06
2.227951000000000000e+06
2.262739000000000000e+06
2.295232000000000000e+06
2.336692000000000000e+06
2.389967000000000000e+06
2.440206000000000000e+06
2.496235000000000000e+06
2.549693000000000000e+06
2.607546000000000000e+06
2.662703000000000000e+06
2.721626000000000000e+06
2.782713000000000000e+06
2.845269000000000000e+06
2.898056000000000000e+06
2.966248000000000000e+06
3.026346000000000000e+06
3.081372000000000000e+06
3.127647000000000000e+06
3.173295000000000000e+06
3.220957000000000000e+06
3.269761000000000000e+06
3.325646000000000000e+06
3.367074000000000000e+06
3.405744000000000000e+06
3.443354000000000000e+06
3.476808000000000000e+06
3.515800000000000000e+06
3.553777000000000000e+06
3.594098000000000000e+06
3.627750000000000000e+06
3.657861000000000000e+06
3.680105000000000000e+06
3.700272000000000000e+06
3.725641000000000000e+06
3.754452000000000000e+06
3.783597000000000000e+06
3.806997000000000000e+06
3.828187000000000000e+06
3.846855000000000000e+06
3.863761000000000000e+06
3.882976000000000000e+06
3.903710000000000000e+06
3.922914000000000000e+06
3.941277000000000000e+06
3.957181000000000000e+06
3.971319000000000000e+06
3.983760000000000000e+06
3.996837000000000000e+06
4.010380000000000000e+06
4.025578000000000000e+06
4.038933000000000000e+06
4.049924000000000000e+06
4.059700000000000000e+06
4.070336000000000000e+06
4.083096000000000000e+06
4.095191000000000000e+06
4.107290000000000000e+06
4.117743000000000000e+06
4.127578000000000000e+06
4.138237000000000000e+06
4.146760000000000000e+06
4.156707000000000000e+06
4.166727000000000000e+06
4.175315000000000000e+06
4.182772000000000000e+06
4.188827000000000000e+06
4.194289000000000000e+06
4.200700000000000000e+06
4.207120000000000000e+06
4.213764000000000000e+06
4.219788000000000000e+06
4.225906000000000000e+06
4.231166000000000000e+06
4.235989000000000000e+06
4.241858000000000000e+06
4.247879000000000000e+06
4.254714000000000000e+06
4.261398000000000000e+06
4.267015000000000000e+06
4.271710000000000000e+06
4.276840000000000000e+06
4.282203000000000000e+06
4.287996000000000000e+06
4.294328000000000000e+06
4.299200000000000000e+06
4.304839000000000000e+06
4.310195000000000000e+06
4.315602000000000000e+06
4.321019000000000000e+06
4.326645000000000000e+06
4.332922000000000000e+06
4.339157000000000000e+06
4.343066000000000000e+06
4.347013000000000000e+06
4.351796000000000000e+06
4.355867000000000000e+06
4.359982000000000000e+06
4.364547000000000000e+06
4.367969000000000000e+06
4.371393000000000000e+06
4.373798000000000000e+06
4.376629000000000000e+06
4.379033000000000000e+06
4.381830000000000000e+06
4.384954000000000000e+06
4.380167000000000000e+06
4.382880000000000000e+06
4.384610000000000000e+06
4.388296000000000000e+06
4.390801000000000000e+06
4.393330000000000000e+06
4.396096000000000000e+06
4.398903000000000000e+06
4.401176000000000000e+06
4.403060000000000000e+06
4.406114000000000000e+06
4.408644000000000000e+06
4.411068000000000000e+06
4.413834000000000000e+06
4.416588000000000000e+06
4.418710000000000000e+06
4.420443000000000000e+06
4.422562000000000000e+06
4.425259000000000000e+06
4.427390000000000000e+06
4.429849000000000000e+06
4.432246000000000000e+06
4.434157000000000000e+06
4.435831000000000000e+06
4.437505000000000000e+06
4.439489000000000000e+06
4.441644000000000000e+06
4.444262000000000000e+06
4.446752000000000000e+06
4.448808000000000000e+06
4.450578000000000000e+06
4.452956000000000000e+06
4.455446000000000000e+06
4.457742000000000000e+06
4.460405000000000000e+06
4.462603000000000000e+06
4.464663000000000000e+06
4.466589000000000000e+06
4.468582000000000000e+06
4.466220000000000000e+06
4.468366000000000000e+06
4.471065000000000000e+06
4.473773000000000000e+06
4.476297000000000000e+06
4.478390000000000000e+06
4.480760000000000000e+06
4.483177000000000000e+06
4.486168000000000000e+06
4.489552000000000000e+06
4.493582000000000000e+06
4.496823000000000000e+06
4.499937000000000000e+06
4.503231000000000000e+06
4.506333000000000000e+06
4.510597000000000000e+06
4.515778000000000000e+06
4.521922000000000000e+06
4.527577000000000000e+06
4.532802000000000000e+06
4.538399000000000000e+06
4.544372000000000000e+06
4.551694000000000000e+06
4.558933000000000000e+06
4.566893000000000000e+06
4.574445000000000000e+06
4.581779000000000000e+06
4.589400000000000000e+06
4.596994000000000000e+06
4.605805000000000000e+06
4.616628000000000000e+06
4.626915000000000000e+06
4.636991000000000000e+06
4.646068000000000000e+06
4.656536000000000000e+06
4.668043000000000000e+06
4.683986000000000000e+06
4.700691000000000000e+06
4.716065000000000000e+06
4.734011000000000000e+06
4.748644000000000000e+06
4.771367000000000000e+06
4.791628000000000000e+06
4.817298000000000000e+06
4.844944000000000000e+06
4.871807000000000000e+06
4.896272000000000000e+06
4.920168000000000000e+06
4.947274000000000000e+06
4.975903000000000000e+06
5.007964000000000000e+06
5.040060000000000000e+06
5.075945000000000000e+06
5.107780000000000000e+06
5.139162000000000000e+06
5.173972000000000000e+06
5.210472000000000000e+06
5.252655000000000000e+06
5.301296000000000000e+06
5.353245000000000000e+06
5.407428000000000000e+06
5.455276000000000000e+06
5.495947000000000000e+06
5.542635000000000000e+06
5.586716000000000000e+06
5.626745000000000000e+06
5.662838000000000000e+06
5.694462000000000000e+06
5.723399000000000000e+06
5.748331000000000000e+06
5.771732000000000000e+06
5.797445000000000000e+06
5.828316000000000000e+06
5.857639000000000000e+06
5.883421000000000000e+06
5.907594000000000000e+06
