0.000000000000000000e+00
0.000000000000000000e+00
0.000000000000000000e+00
0.000000000000000000e+00
0.000000000000000000e+00
0.000000000000000000e+00
0.000000000000000000e+00
0.000000000000000000e+00
0.000000000000000000e+00
2.000000000000000000e+00
0.000000000000000000e+00
0.000000000000000000e+00
6.000000000000000000e+00
0.000000000000000000e+00
1.000000000000000000e+00
0.000000000000000000e+00
0.000000000000000000e+00
4.000000000000000000e+00
1.000000000000000000e+00
0.000000000000000000e+00
1.000000000000000000e+00
1.000000000000000000e+00
1.000000000000000000e+00
1.000000000000000000e+00
0.000000000000000000e+00
0.000000000000000000e+00
1.000000000000000000e+00
0.000000000000000000e+00
1.000000000000000000e+00
2.000000000000000000e+00
1.000000000000000000e+00
0.000000000000000000e+00
5.000000000000000000e+00
2.000000000000000000e+00
4.000000000000000000e+00
3.000000000000000000e+00
7.000000000000000000e+00
1.200000000000000000e+01
5.000000000000000000e+00
3.300000000000000000e+01
4.000000000000000000e+01
5.500000000000000000e+01
5.700000000000000000e+01
4.900000000000000000e+01
7.900000000000000000e+01
5.500000000000000000e+01
5.400000000000000000e+01
1.470000000000000000e+02
2.590000000000000000e+02
4.120000000000000000e+02
4.890000000000000000e+02
4.800000000000000000e+02
3.640000000000000000e+02
4.430000000000000000e+02
6.150000000000000000e+02
7.700000000000000000e+02
1.006000000000000000e+03
1.066000000000000000e+03
1.258000000000000000e+03
1.215000000000000000e+03
1.388000000000000000e+03
2.349000000000000000e+03
2.382000000000000000e+03
2.717000000000000000e+03
3.127000000000000000e+03
3.249000000000000000e+03
2.843000000000000000e+03
2.892000000000000000e+03
4.327000000000000000e+03
4.534000000000000000e+03
4.974000000000000000e+03
4.929000000000000000e+03
4.981000000000000000e+03
4.073000000000000000e+03
3.650000000000000000e+03
5.316000000000000000e+03
5.486000000000000000e+03
5.163000000000000000e+03
4.906000000000000000e+03
4.367000000000000000e+03
3.613000000000000000e+03
3.539000000000000000e+03
4.205000000000000000e+03
4.348000000000000000e+03
5.100000000000000000e+03
5.343000000000000000e+03
4.990000000000000000e+03
4.736000000000000000e+03
3.860000000000000000e+03
4.866000000000000000e+03
4.775000000000000000e+03
5.505000000000000000e+03
5.168000000000000000e+03
4.981000000000000000e+03
3.764000000000000000e+03
3.473000000000000000e+03
4.704000000000000000e+03
4.727000000000000000e+03
5.450000000000000000e+03
4.964000000000000000e+03
4.730000000000000000e+03
3.230000000000000000e+03
2.977000000000000000e+03
3.383000000000000000e+03
3.689000000000000000e+03
3.836000000000000000e+03
3.771000000000000000e+03
3.052000000000000000e+03
2.150000000000000000e+03
2.322000000000000000e+03
3.589000000000000000e+03
3.395000000000000000e+03
3.300000000000000000e+03
2.618000000000000000e+03
2.521000000000000000e+03
2.072000000000000000e+03
1.826000000000000000e+03
2.577000000000000000e+03
3.058000000000000000e+03
2.712000000000000000e+03
2.554000000000000000e+03
2.041000000000000000e+03
1.508000000000000000e+03
1.355000000000000000e+03
1.613000000000000000e+03
1.659000000000000000e+03
1.809000000000000000e+03
1.736000000000000000e+03
1.508000000000000000e+03
1.107000000000000000e+03
1.070000000000000000e+03
1.444000000000000000e+03
1.470000000000000000e+03
1.349000000000000000e+03
1.238000000000000000e+03
1.110000000000000000e+03
7.940000000000000000e+02
7.180000000000000000e+02
1.094000000000000000e+03
1.159000000000000000e+03
1.186000000000000000e+03
1.007000000000000000e+03
1.054000000000000000e+03
8.880000000000000000e+02
8.070000000000000000e+02
1.031000000000000000e+03
1.083000000000000000e+03
9.990000000000000000e+02
1.020000000000000000e+03
9.840000000000000000e+02
6.660000000000000000e+02
6.240000000000000000e+02
8.920000000000000000e+02
8.820000000000000000e+02
7.770000000000000000e+02
6.970000000000000000e+02
6.390000000000000000e+02
6.340000000000000000e+02
4.070000000000000000e+02
6.200000000000000000e+02
4.040000000000000000e+02
6.300000000000000000e+01
6.000000000000000000e+00
5.020000000000000000e+02
6.250000000000000000e+02
5.190000000000000000e+02
3.590000000000000000e+02
5.840000000000000000e+02
6.370000000000000000e+02
6.430000000000000000e+02
5.240000000000000000e+02
8.260000000000000000e+02
6.500000000000000000e+02
5.370000000000000000e+02
1.240000000000000000e+03
5.380000000000000000e+02
6.470000000000000000e+02
6.870000000000000000e+02
8.290000000000000000e+02
7.260000000000000000e+02
5.860000000000000000e+02
4.450000000000000000e+02
5.630000000000000000e+02
7.790000000000000000e+02
7.690000000000000000e+02
7.700000000000000000e+02
7.500000000000000000e+02
6.880000000000000000e+02
5.530000000000000000e+02
8.020000000000000000e+02
8.470000000000000000e+02
8.830000000000000000e+02
7.690000000000000000e+02
7.470000000000000000e+02
9.420000000000000000e+02
6.750000000000000000e+02
9.060000000000000000e+02
9.640000000000000000e+02
9.000000000000000000e+02
7.650000000000000000e+02
1.113000000000000000e+03
8.180000000000000000e+02
1.150000000000000000e+03
1.039000000000000000e+03
1.148000000000000000e+03
1.461000000000000000e+03
1.042000000000000000e+03
1.111000000000000000e+03
7.210000000000000000e+02
1.113000000000000000e+03
8.310000000000000000e+02
1.195000000000000000e+03
1.060000000000000000e+03
1.332000000000000000e+03
1.048000000000000000e+03
9.770000000000000000e+02
1.201000000000000000e+03
1.146000000000000000e+03
1.542000000000000000e+03
1.297000000000000000e+03
1.110000000000000000e+03
1.752000000000000000e+03
1.415000000000000000e+03
1.332000000000000000e+03
1.514000000000000000e+03
1.779000000000000000e+03
1.978000000000000000e+03
1.827000000000000000e+03
2.987000000000000000e+03
2.953000000000000000e+03
2.481000000000000000e+03
2.681000000000000000e+03
2.931000000000000000e+03
3.544000000000000000e+03
3.504000000000000000e+03
3.338000000000000000e+03
2.625000000000000000e+03
3.115000000000000000e+03
4.007000000000000000e+03
3.410000000000000000e+03
4.329000000000000000e+03
4.429000000000000000e+03
3.899000000000000000e+03
4.378000000000000000e+03
4.936000000000000000e+03
6.187000000000000000e+03
6.644000000000000000e+03
6.878000000000000000e+03
6.050000000000000000e+03
5.700000000000000000e+03
4.056000000000000000e+03
7.156000000000000000e+03
7.117000000000000000e+03
6.929000000000000000e+03
6.994000000000000000e+03
1.288500000000000000e+04
2.296500000000000000e+04
1.260300000000000000e+04
1.455700000000000000e+04
1.417300000000000000e+04
1.755000000000000000e+04
1.388800000000000000e+04
1.517500000000000000e+04
1.288200000000000000e+04
1.401100000000000000e+04
1.725000000000000000e+04
1.975100000000000000e+04
1.899600000000000000e+04
1.565700000000000000e+04
1.618600000000000000e+04
1.699400000000000000e+04
1.883000000000000000e+04
2.136500000000000000e+04
2.670700000000000000e+04
2.125700000000000000e+04
2.055900000000000000e+04
2.303300000000000000e+04
1.979700000000000000e+04
2.090000000000000000e+04
2.292400000000000000e+04
2.471400000000000000e+04
2.307800000000000000e+04
2.441800000000000000e+04
2.191900000000000000e+04
2.326100000000000000e+04
1.896700000000000000e+04
2.007800000000000000e+04
2.520600000000000000e+04
2.416400000000000000e+04
2.332200000000000000e+04
2.497900000000000000e+04
2.058000000000000000e+04
2.139700000000000000e+04
2.045100000000000000e+04
2.300000000000000000e+04
3.351700000000000000e+04
2.731600000000000000e+04
2.687600000000000000e+04
2.497700000000000000e+04
2.141600000000000000e+04
2.006000000000000000e+04
1.964500000000000000e+04
2.293600000000000000e+04
2.027400000000000000e+04
1.992100000000000000e+04
1.866700000000000000e+04
1.546500000000000000e+04
1.134400000000000000e+04
1.826100000000000000e+04
1.755700000000000000e+04
1.482100000000000000e+04
1.589100000000000000e+04
1.216400000000000000e+04
1.242800000000000000e+04
1.349700000000000000e+04
1.623700000000000000e+04
1.495100000000000000e+04
1.638200000000000000e+04
1.557900000000000000e+04
1.737200000000000000e+04
1.477400000000000000e+04
1.238600000000000000e+04
1.663400000000000000e+04
2.106600000000000000e+04
2.178400000000000000e+04
2.155400000000000000e+04
1.854100000000000000e+04
2.037700000000000000e+04
1.856900000000000000e+04
2.530000000000000000e+04
3.553200000000000000e+04
2.856000000000000000e+04
2.724900000000000000e+04
3.608400000000000000e+04
3.351700000000000000e+04
3.693100000000000000e+04
3.938700000000000000e+04
3.914900000000000000e+04
3.280300000000000000e+04
3.478800000000000000e+04
3.249300000000000000e+04
4.146000000000000000e+04
5.327500000000000000e+04
5.023900000000000000e+04
5.602900000000000000e+04
5.345800000000000000e+04
5.785300000000000000e+04
5.515700000000000000e+04
5.892300000000000000e+04
6.108700000000000000e+04
6.255600000000000000e+04
5.278700000000000000e+04
6.819200000000000000e+04
6.009800000000000000e+04
5.502600000000000000e+04
4.627500000000000000e+04
4.564800000000000000e+04
4.766200000000000000e+04
4.880400000000000000e+04
5.588500000000000000e+04
4.142800000000000000e+04
3.867000000000000000e+04
3.761000000000000000e+04
3.345400000000000000e+04
3.899200000000000000e+04
3.797700000000000000e+04
4.032100000000000000e+04
3.365200000000000000e+04
3.011100000000000000e+04
2.224400000000000000e+04
2.016700000000000000e+04
2.536900000000000000e+04
2.881100000000000000e+04
2.914500000000000000e+04
2.340000000000000000e+04
2.119000000000000000e+04
1.866800000000000000e+04
1.690600000000000000e+04
1.921500000000000000e+04
2.073400000000000000e+04
1.920400000000000000e+04
1.836300000000000000e+04
1.590400000000000000e+04
1.413800000000000000e+04
1.244100000000000000e+04
1.307700000000000000e+04
1.354300000000000000e+04
1.519800000000000000e+04
1.335500000000000000e+04
1.099100000000000000e+04
9.776000000000000000e+03
1.063600000000000000e+04
1.276000000000000000e+04
1.209500000000000000e+04
1.209900000000000000e+04
1.045300000000000000e+04
9.835000000000000000e+03
1.065900000000000000e+04
8.523000000000000000e+03
9.947000000000000000e+03
1.002000000000000000e+04
8.588000000000000000e+03
7.457000000000000000e+03
6.055000000000000000e+03
5.462000000000000000e+03
6.411000000000000000e+03
6.420000000000000000e+03
6.644000000000000000e+03
6.024000000000000000e+03
6.118000000000000000e+03
5.260000000000000000e+03
4.823000000000000000e+03
5.869000000000000000e+03
6.021000000000000000e+03
6.835000000000000000e+03
6.684000000000000000e+03
5.617000000000000000e+03
4.695000000000000000e+03
5.130000000000000000e+03
5.363000000000000000e+03
5.793000000000000000e+03
6.332000000000000000e+03
4.872000000000000000e+03
5.639000000000000000e+03
5.356000000000000000e+03
5.407000000000000000e+03
5.417000000000000000e+03
5.626000000000000000e+03
6.277000000000000000e+03
6.235000000000000000e+03
3.909000000000000000e+03
3.947000000000000000e+03
4.783000000000000000e+03
4.071000000000000000e+03
4.115000000000000000e+03
4.565000000000000000e+03
3.422000000000000000e+03
3.424000000000000000e+03
2.405000000000000000e+03
2.831000000000000000e+03
2.404000000000000000e+03
2.797000000000000000e+03
3.124000000000000000e+03
-4.787000000000000000e+03
2.713000000000000000e+03
1.730000000000000000e+03
3.686000000000000000e+03
2.505000000000000000e+03
2.529000000000000000e+03
2.766000000000000000e+03
2.807000000000000000e+03
2.273000000000000000e+03
1.884000000000000000e+03
3.054000000000000000e+03
2.530000000000000000e+03
2.424000000000000000e+03
2.766000000000000000e+03
2.754000000000000000e+03
2.122000000000000000e+03
1.733000000000000000e+03
2.119000000000000000e+03
2.697000000000000000e+03
2.131000000000000000e+03
2.459000000000000000e+03
2.397000000000000000e+03
1.911000000000000000e+03
1.674000000000000000e+03
1.674000000000000000e+03
1.984000000000000000e+03
2.155000000000000000e+03
2.618000000000000000e+03
2.490000000000000000e+03
2.056000000000000000e+03
1.770000000000000000e+03
2.378000000000000000e+03
2.490000000000000000e+03
2.296000000000000000e+03
2.663000000000000000e+03
2.198000000000000000e+03
2.060000000000000000e+03
1.926000000000000000e+03
1.993000000000000000e+03
-2.362000000000000000e+03
2.146000000000000000e+03
2.699000000000000000e+03
2.708000000000000000e+03
2.524000000000000000e+03
2.093000000000000000e+03
2.370000000000000000e+03
2.417000000000000000e+03
2.991000000000000000e+03
3.384000000000000000e+03
4.030000000000000000e+03
3.241000000000000000e+03
3.114000000000000000e+03
3.294000000000000000e+03
3.102000000000000000e+03
4.264000000000000000e+03
5.181000000000000000e+03
6.144000000000000000e+03
5.655000000000000000e+03
5.225000000000000000e+03
5.597000000000000000e+03
5.973000000000000000e+03
7.322000000000000000e+03
7.239000000000000000e+03
7.960000000000000000e+03
7.552000000000000000e+03
7.334000000000000000e+03
7.621000000000000000e+03
7.594000000000000000e+03
8.811000000000000000e+03
1.082300000000000000e+04
1.028700000000000000e+04
1.007600000000000000e+04
9.077000000000000000e+03
1.046800000000000000e+04
1.150700000000000000e+04
1.594300000000000000e+04
1.670500000000000000e+04
1.537400000000000000e+04
1.794600000000000000e+04
1.463300000000000000e+04
2.272300000000000000e+04
2.026100000000000000e+04
2.567000000000000000e+04
2.764600000000000000e+04
2.686300000000000000e+04
2.446500000000000000e+04
2.389600000000000000e+04
2.710600000000000000e+04
2.862900000000000000e+04
3.206100000000000000e+04
3.209600000000000000e+04
3.588500000000000000e+04
3.183500000000000000e+04
3.138200000000000000e+04
3.481000000000000000e+04
3.650000000000000000e+04
4.218300000000000000e+04
4.864100000000000000e+04
5.194900000000000000e+04
5.418300000000000000e+04
4.784800000000000000e+04
4.067100000000000000e+04
4.668800000000000000e+04
4.408100000000000000e+04
4.002900000000000000e+04
3.609300000000000000e+04
3.162400000000000000e+04
2.893700000000000000e+04
2.493200000000000000e+04
2.340100000000000000e+04
2.571300000000000000e+04
3.087100000000000000e+04
2.932300000000000000e+04
2.578200000000000000e+04
2.417300000000000000e+04
