0.000000000000000000e+00
0.000000000000000000e+00
0.000000000000000000e+00
0.000000000000000000e+00
0.000000000000000000e+00
0.000000000000000000e+00
0.000000000000000000e+00
0.000000000000000000e+00
0.000000000000000000e+00
0.000000000000000000e+00
0.000000000000000000e+00
0.000000000000000000e+00
0.000000000000000000e+00
0.000000000000000000e+00
0.000000000000000000e+00
0.000000000000000000e+00
0.000000000000000000e+00
0.000000000000000000e+00
0.000000000000000000e+00
0.000000000000000000e+00
0.000000000000000000e+00
0.000000000000000000e+00
0.000000000000000000e+00
0.000000000000000000e+00
0.000000000000000000e+00
0.000000000000000000e+00
0.000000000000000000e+00
0.000000000000000000e+00
0.000000000000000000e+00
0.000000000000000000e+00
0.000000000000000000e+00
0.000000000000000000e+00
0.000000000000000000e+00
0.000000000000000000e+00
0.000000000000000000e+00
0.000000000000000000e+00
0.000000000000000000e+00
0.000000000000000000e+00
0.000000000000000000e+00
0.000000000000000000e+00
0.000000000000000000e+00
0.000000000000000000e+00
0.000000000000000000e+00
0.000000000000000000e+00
0.000000000000000000e+00
0.000000000000000000e+00
0.000000000000000000e+00
0.000000000000000000e+00
0.000000000000000000e+00
0.000000000000000000e+00
0.000000000000000000e+00
0.000000000000000000e+00
0.000000000000000000e+00
0.000000000000000000e+00
0.000000000000000000e+00
0.000000000000000000e+00
1.000000000000000000e+00
1.000000000000000000e+00
1.000000000000000000e+00
1.000000000000000000e+00
1.000000000000000000e+00
3.000000000000000000e+00
3.000000000000000000e+00
1.100000000000000000e+01
1.100000000000000000e+01
1.200000000000000000e+01
1.400000000000000000e+01
1.800000000000000000e+01
1.800000000000000000e+01
3.000000000000000000e+01
3.300000000000000000e+01
4.000000000000000000e+01
4.900000000000000000e+01
5.000000000000000000e+01
5.900000000000000000e+01
9.000000000000000000e+01
9.000000000000000000e+01
1.350000000000000000e+02
1.350000000000000000e+02
1.500000000000000000e+02
1.870000000000000000e+02
2.140000000000000000e+02
2.980000000000000000e+02
3.630000000000000000e+02
4.350000000000000000e+02
5.910000000000000000e+02
7.320000000000000000e+02
7.320000000000000000e+02
8.460000000000000000e+02
8.460000000000000000e+02
9.450000000000000000e+02
9.740000000000000000e+02
9.860000000000000000e+02
9.990000000000000000e+02
1.008000000000000000e+03
1.023000000000000000e+03
1.035000000000000000e+03
1.072000000000000000e+03
1.077000000000000000e+03
1.089000000000000000e+03
1.097000000000000000e+03
1.112000000000000000e+03
1.112000000000000000e+03
1.116000000000000000e+03
1.120000000000000000e+03
1.124000000000000000e+03
1.133000000000000000e+03
1.135000000000000000e+03
1.189000000000000000e+03
1.210000000000000000e+03
1.227000000000000000e+03
1.256000000000000000e+03
1.268000000000000000e+03
1.284000000000000000e+03
1.309000000000000000e+03
1.331000000000000000e+03
1.401000000000000000e+03
1.518000000000000000e+03
1.618000000000000000e+03
1.828000000000000000e+03
2.047000000000000000e+03
2.270000000000000000e+03
2.270000000000000000e+03
2.270000000000000000e+03
2.468000000000000000e+03
2.468000000000000000e+03
2.697000000000000000e+03
2.914000000000000000e+03
2.914000000000000000e+03
3.194000000000000000e+03
3.354000000000000000e+03
3.569000000000000000e+03
3.779000000000000000e+03
3.935000000000000000e+03
4.054000000000000000e+03
4.123000000000000000e+03
4.169000000000000000e+03
4.207000000000000000e+03
4.278000000000000000e+03
4.331000000000000000e+03
4.373000000000000000e+03
4.398000000000000000e+03
4.441000000000000000e+03
4.449000000000000000e+03
4.465000000000000000e+03
4.501000000000000000e+03
4.539000000000000000e+03
4.545000000000000000e+03
4.557000000000000000e+03
4.565000000000000000e+03
4.565000000000000000e+03
4.582000000000000000e+03
4.599000000000000000e+03
4.617000000000000000e+03
4.630000000000000000e+03
4.635000000000000000e+03
4.643000000000000000e+03
4.643000000000000000e+03
4.643000000000000000e+03
4.656000000000000000e+03
4.682000000000000000e+03
4.704000000000000000e+03
4.715000000000000000e+03
4.736000000000000000e+03
4.736000000000000000e+03
4.792000000000000000e+03
4.822000000000000000e+03
4.878000000000000000e+03
4.889000000000000000e+03
4.955000000000000000e+03
4.968000000000000000e+03
4.968000000000000000e+03
4.972000000000000000e+03
4.977000000000000000e+03
4.979000000000000000e+03
4.985000000000000000e+03
4.993000000000000000e+03
5.003000000000000000e+03
5.003000000000000000e+03
5.011000000000000000e+03
5.020000000000000000e+03
5.027000000000000000e+03
5.030000000000000000e+03
5.031000000000000000e+03
5.039000000000000000e+03
5.039000000000000000e+03
5.050000000000000000e+03
5.059000000000000000e+03
5.068000000000000000e+03
5.081000000000000000e+03
5.081000000000000000e+03
5.084000000000000000e+03
5.084000000000000000e+03
5.161000000000000000e+03
5.240000000000000000e+03
5.248000000000000000e+03
5.330000000000000000e+03
5.330000000000000000e+03
5.338000000000000000e+03
5.338000000000000000e+03
5.344000000000000000e+03
5.347000000000000000e+03
5.348000000000000000e+03
5.358000000000000000e+03
5.358000000000000000e+03
5.367000000000000000e+03
5.367000000000000000e+03
5.369000000000000000e+03
5.372000000000000000e+03
5.374000000000000000e+03
5.374000000000000000e+03
5.374000000000000000e+03
5.382000000000000000e+03
5.382000000000000000e+03
5.382000000000000000e+03
5.383000000000000000e+03
5.383000000000000000e+03
5.383000000000000000e+03
5.383000000000000000e+03
5.383000000000000000e+03
5.385000000000000000e+03
5.385000000000000000e+03
5.387000000000000000e+03
5.387000000000000000e+03
5.387000000000000000e+03
5.387000000000000000e+03
5.387000000000000000e+03
5.387000000000000000e+03
5.388000000000000000e+03
5.388000000000000000e+03
5.388000000000000000e+03
5.391000000000000000e+03
5.394000000000000000e+03
5.394000000000000000e+03
5.394000000000000000e+03
5.395000000000000000e+03
5.396000000000000000e+03
5.396000000000000000e+03
5.399000000000000000e+03
5.399000000000000000e+03
5.403000000000000000e+03
5.403000000000000000e+03
5.403000000000000000e+03
5.404000000000000000e+03
5.407000000000000000e+03
5.407000000000000000e+03
5.407000000000000000e+03
5.409000000000000000e+03
5.409000000000000000e+03
5.409000000000000000e+03
5.410000000000000000e+03
5.416000000000000000e+03
5.416000000000000000e+03
5.417000000000000000e+03
5.417000000000000000e+03
5.418000000000000000e+03
5.419000000000000000e+03
5.421000000000000000e+03
5.423000000000000000e+03
5.423000000000000000e+03
5.423000000000000000e+03
5.423000000000000000e+03
5.423000000000000000e+03
5.423000000000000000e+03
5.426000000000000000e+03
5.428000000000000000e+03
5.440000000000000000e+03
5.443000000000000000e+03
5.449000000000000000e+03
5.452000000000000000e+03
5.459000000000000000e+03
5.469000000000000000e+03
5.499000000000000000e+03
5.512000000000000000e+03
5.522000000000000000e+03
5.528000000000000000e+03
5.530000000000000000e+03
5.536000000000000000e+03
5.541000000000000000e+03
5.544000000000000000e+03
5.555000000000000000e+03
5.558000000000000000e+03
5.559000000000000000e+03
5.561000000000000000e+03
5.563000000000000000e+03
5.573000000000000000e+03
5.575000000000000000e+03
5.580000000000000000e+03
5.599000000000000000e+03
5.604000000000000000e+03
5.605000000000000000e+03
5.608000000000000000e+03
5.627000000000000000e+03
5.633000000000000000e+03
5.635000000000000000e+03
5.641000000000000000e+03
5.641000000000000000e+03
5.645000000000000000e+03
5.649000000000000000e+03
5.655000000000000000e+03
5.656000000000000000e+03
5.658000000000000000e+03
5.658000000000000000e+03
5.660000000000000000e+03
5.661000000000000000e+03
5.668000000000000000e+03
5.668000000000000000e+03
5.669000000000000000e+03
5.670000000000000000e+03
5.676000000000000000e+03
5.676000000000000000e+03
5.676000000000000000e+03
5.677000000000000000e+03
5.679000000000000000e+03
5.680000000000000000e+03
5.682000000000000000e+03
5.689000000000000000e+03
5.690000000000000000e+03
5.692000000000000000e+03
5.701000000000000000e+03
5.708000000000000000e+03
5.714000000000000000e+03
5.717000000000000000e+03
5.717000000000000000e+03
5.721000000000000000e+03
5.725000000000000000e+03
5.728000000000000000e+03
5.733000000000000000e+03
5.749000000000000000e+03
5.759000000000000000e+03
5.770000000000000000e+03
5.780000000000000000e+03
5.781000000000000000e+03
5.781000000000000000e+03
5.783000000000000000e+03
5.786000000000000000e+03
5.789000000000000000e+03
5.800000000000000000e+03
5.804000000000000000e+03
5.805000000000000000e+03
5.813000000000000000e+03
5.813000000000000000e+03
5.813000000000000000e+03
5.824000000000000000e+03
5.831000000000000000e+03
5.840000000000000000e+03
5.841000000000000000e+03
5.842000000000000000e+03
5.846000000000000000e+03
5.854000000000000000e+03
5.855000000000000000e+03
5.857000000000000000e+03
5.865000000000000000e+03
5.866000000000000000e+03
5.871000000000000000e+03
5.877000000000000000e+03
5.879000000000000000e+03
5.891000000000000000e+03
5.900000000000000000e+03
5.903000000000000000e+03
5.903000000000000000e+03
5.905000000000000000e+03
5.905000000000000000e+03
5.910000000000000000e+03
5.913000000000000000e+03
5.916000000000000000e+03
5.917000000000000000e+03
5.918000000000000000e+03
5.919000000000000000e+03
5.920000000000000000e+03
5.923000000000000000e+03
5.926000000000000000e+03
5.929000000000000000e+03
5.930000000000000000e+03
5.931000000000000000e+03
5.932000000000000000e+03
5.932000000000000000e+03
5.935000000000000000e+03
5.936000000000000000e+03
5.936000000000000000e+03
5.941000000000000000e+03
5.941000000000000000e+03
5.947000000000000000e+03
5.950000000000000000e+03
5.959000000000000000e+03
5.962000000000000000e+03
5.966000000000000000e+03
5.967000000000000000e+03
5.968000000000000000e+03
5.971000000000000000e+03
5.980000000000000000e+03
5.981000000000000000e+03
6.006000000000000000e+03
6.008000000000000000e+03
6.022000000000000000e+03
6.022000000000000000e+03
6.024000000000000000e+03
6.026000000000000000e+03
6.052000000000000000e+03
6.052000000000000000e+03
6.060000000000000000e+03
6.062000000000000000e+03
6.065000000000000000e+03
6.066000000000000000e+03
6.087000000000000000e+03
6.089000000000000000e+03
6.102000000000000000e+03
6.110000000000000000e+03
6.130000000000000000e+03
6.134000000000000000e+03
6.146000000000000000e+03
6.157000000000000000e+03
6.181000000000000000e+03
6.227000000000000000e+03
6.234000000000000000e+03
6.236000000000000000e+03
6.252000000000000000e+03
6.268000000000000000e+03
6.294000000000000000e+03
6.336000000000000000e+03
6.385000000000000000e+03
6.452000000000000000e+03
6.501000000000000000e+03
6.518000000000000000e+03
6.588000000000000000e+03
6.658000000000000000e+03
6.771000000000000000e+03
6.895000000000000000e+03
7.016000000000000000e+03
7.169000000000000000e+03
7.249000000000000000e+03
7.361000000000000000e+03
7.610000000000000000e+03
7.790000000000000000e+03
8.002000000000000000e+03
8.180000000000000000e+03
8.431000000000000000e+03
8.509000000000000000e+03
8.509000000000000000e+03
8.696000000000000000e+03
9.111000000000000000e+03
9.306000000000000000e+03
9.479000000000000000e+03
9.662000000000000000e+03
9.722000000000000000e+03
9.876000000000000000e+03
9.975000000000000000e+03
1.007700000000000000e+04
1.020200000000000000e+04
1.027500000000000000e+04
1.038500000000000000e+04
1.041200000000000000e+04
1.046000000000000000e+04
1.051000000000000000e+04
1.055700000000000000e+04
1.063300000000000000e+04
1.069700000000000000e+04
1.073800000000000000e+04
1.074600000000000000e+04
1.080200000000000000e+04
1.088500000000000000e+04
1.093100000000000000e+04
1.098600000000000000e+04
1.102600000000000000e+04
1.110000000000000000e+04
1.112100000000000000e+04
1.115700000000000000e+04
1.120100000000000000e+04
1.124700000000000000e+04
1.126800000000000000e+04
1.130700000000000000e+04
1.131900000000000000e+04
1.133500000000000000e+04
1.133500000000000000e+04
1.135500000000000000e+04
1.136900000000000000e+04
1.138900000000000000e+04
1.138900000000000000e+04
1.140200000000000000e+04
1.141400000000000000e+04
1.143400000000000000e+04
1.143400000000000000e+04
1.145500000000000000e+04
1.146800000000000000e+04
1.148500000000000000e+04
1.149000000000000000e+04
1.149100000000000000e+04
1.149300000000000000e+04
1.150200000000000000e+04
1.150700000000000000e+04
1.151400000000000000e+04
1.152300000000000000e+04
1.152300000000000000e+04
1.152300000000000000e+04
1.152800000000000000e+04
1.153300000000000000e+04
1.153700000000000000e+04
1.154200000000000000e+04
1.154400000000000000e+04
1.155400000000000000e+04
1.155600000000000000e+04
1.156200000000000000e+04
1.156500000000000000e+04
1.156600000000000000e+04
1.156700000000000000e+04
1.157000000000000000e+04
1.157100000000000000e+04
1.157200000000000000e+04
1.157200000000000000e+04
1.157500000000000000e+04
1.157500000000000000e+04
1.157700000000000000e+04
1.158500000000000000e+04
1.158600000000000000e+04
1.158700000000000000e+04
1.158700000000000000e+04
1.159100000000000000e+04
1.159500000000000000e+04
1.159700000000000000e+04
1.159700000000000000e+04
1.160000000000000000e+04
1.160000000000000000e+04
1.160100000000000000e+04
1.160100000000000000e+04
1.160200000000000000e+04
1.160200000000000000e+04
1.160200000000000000e+04
1.160200000000000000e+04
1.160400000000000000e+04
1.160500000000000000e+04
1.160600000000000000e+04
1.160900000000000000e+04
1.160900000000000000e+04
1.161400000000000000e+04
1.161400000000000000e+04
1.161400000000000000e+04
1.161500000000000000e+04
1.162100000000000000e+04
1.162100000000000000e+04
1.162100000000000000e+04
1.162200000000000000e+04
1.162200000000000000e+04
1.162200000000000000e+04
1.162700000000000000e+04
1.162700000000000000e+04
1.162800000000000000e+04
1.162800000000000000e+04
1.162800000000000000e+04
1.163400000000000000e+04
1.163400000000000000e+04
1.163500000000000000e+04
1.163700000000000000e+04
1.164000000000000000e+04
1.164700000000000000e+04
1.164900000000000000e+04
1.165100000000000000e+04
1.165100000000000000e+04
1.165200000000000000e+04
