0.000000000000000000e+00
0.000000000000000000e+00
0.000000000000000000e+00
0.000000000000000000e+00
0.000000000000000000e+00
0.000000000000000000e+00
0.000000000000000000e+00
0.000000000000000000e+00
0.000000000000000000e+00
0.000000000000000000e+00
0.000000000000000000e+00
0.000000000000000000e+00
0.000000000000000000e+00
0.000000000000000000e+00
0.000000000000000000e+00
0.000000000000000000e+00
0.000000000000000000e+00
0.000000000000000000e+00
0.000000000000000000e+00
0.000000000000000000e+00
0.000000000000000000e+00
0.000000000000000000e+00
0.000000000000000000e+00
0.000000000000000000e+00
0.000000000000000000e+00
0.000000000000000000e+00
0.000000000000000000e+00
0.000000000000000000e+00
0.000000000000000000e+00
0.000000000000000000e+00
0.000000000000000000e+00
0.000000000000000000e+00
0.000000000000000000e+00
0.000000000000000000e+00
0.000000000000000000e+00
0.000000000000000000e+00
0.000000000000000000e+00
0.000000000000000000e+00
1.000000000000000000e+00
3.000000000000000000e+00
3.000000000000000000e+00
7.000000000000000000e+00
8.000000000000000000e+00
8.000000000000000000e+00
8.000000000000000000e+00
8.000000000000000000e+00
1.500000000000000000e+01
1.800000000000000000e+01
2.400000000000000000e+01
2.620000000000000000e+02
2.620000000000000000e+02
3.200000000000000000e+02
3.370000000000000000e+02
4.010000000000000000e+02
4.390000000000000000e+02
4.390000000000000000e+02
4.520000000000000000e+02
4.600000000000000000e+02
4.700000000000000000e+02
4.810000000000000000e+02
4.940000000000000000e+02
5.010000000000000000e+02
5.260000000000000000e+02
5.370000000000000000e+02
5.490000000000000000e+02
5.620000000000000000e+02
5.900000000000000000e+02
6.340000000000000000e+02
6.930000000000000000e+02
7.810000000000000000e+02
8.350000000000000000e+02
9.490000000000000000e+02
1.075000000000000000e+03
1.325000000000000000e+03
1.604000000000000000e+03
1.832000000000000000e+03
2.057000000000000000e+03
2.210000000000000000e+03
2.376000000000000000e+03
2.512000000000000000e+03
2.728000000000000000e+03
2.979000000000000000e+03
3.231000000000000000e+03
3.428000000000000000e+03
3.711000000000000000e+03
4.103000000000000000e+03
4.663000000000000000e+03
5.008000000000000000e+03
5.448000000000000000e+03
6.015000000000000000e+03
6.533000000000000000e+03
7.141000000000000000e+03
7.764000000000000000e+03
8.525000000000000000e+03
9.358000000000000000e+03
1.028700000000000000e+04
1.124400000000000000e+04
1.192100000000000000e+04
1.256400000000000000e+04
1.340900000000000000e+04
1.409600000000000000e+04
1.487200000000000000e+04
1.555100000000000000e+04
1.619100000000000000e+04
1.714200000000000000e+04
1.797200000000000000e+04
1.889000000000000000e+04
2.020100000000000000e+04
2.133100000000000000e+04
2.252000000000000000e+04
2.362300000000000000e+04
2.514900000000000000e+04
2.653900000000000000e+04
2.827200000000000000e+04
2.942500000000000000e+04
3.097200000000000000e+04
3.260400000000000000e+04
3.396900000000000000e+04
3.560600000000000000e+04
3.709700000000000000e+04
3.865100000000000000e+04
4.048100000000000000e+04
4.221300000000000000e+04
4.371400000000000000e+04
4.546500000000000000e+04
4.720700000000000000e+04
4.894700000000000000e+04
5.091400000000000000e+04
5.290700000000000000e+04
5.526200000000000000e+04
5.691000000000000000e+04
5.843300000000000000e+04
6.025900000000000000e+04
6.216000000000000000e+04
6.374100000000000000e+04
6.549500000000000000e+04
6.719500000000000000e+04
6.879000000000000000e+04
7.015800000000000000e+04
7.187900000000000000e+04
7.359500000000000000e+04
7.507100000000000000e+04
7.658800000000000000e+04
7.841600000000000000e+04
7.960200000000000000e+04
8.087600000000000000e+04
8.207700000000000000e+04
8.317400000000000000e+04
8.444100000000000000e+04
8.546200000000000000e+04
8.648800000000000000e+04
8.736900000000000000e+04
8.840300000000000000e+04
8.957900000000000000e+04
9.077800000000000000e+04
9.183800000000000000e+04
9.278400000000000000e+04
9.366300000000000000e+04
9.441300000000000000e+04
9.510600000000000000e+04
9.608800000000000000e+04
9.700300000000000000e+04
9.789700000000000000e+04
9.865300000000000000e+04
9.918300000000000000e+04
9.979900000000000000e+04
1.003450000000000000e+05
1.009450000000000000e+05
1.015530000000000000e+05
1.021100000000000000e+05
1.026300000000000000e+05
1.031280000000000000e+05
1.035980000000000000e+05
1.040160000000000000e+05
1.045330000000000000e+05
1.049830000000000000e+05
1.054770000000000000e+05
1.058980000000000000e+05
1.063080000000000000e+05
1.066480000000000000e+05
1.070370000000000000e+05
1.074300000000000000e+05
1.078710000000000000e+05
1.082440000000000000e+05
1.086380000000000000e+05
1.090360000000000000e+05
1.093050000000000000e+05
1.095970000000000000e+05
1.098800000000000000e+05
1.101530000000000000e+05
1.104600000000000000e+05
1.106950000000000000e+05
1.109110000000000000e+05
1.111070000000000000e+05
1.113220000000000000e+05
1.115380000000000000e+05
1.118050000000000000e+05
1.120920000000000000e+05
1.123830000000000000e+05
1.126500000000000000e+05
1.129470000000000000e+05
1.132620000000000000e+05
1.136460000000000000e+05
1.139380000000000000e+05
1.142810000000000000e+05
1.145320000000000000e+05
1.148090000000000000e+05
1.150800000000000000e+05
1.153680000000000000e+05
1.156610000000000000e+05
1.159560000000000000e+05
1.162240000000000000e+05
1.164810000000000000e+05
1.167650000000000000e+05
1.170080000000000000e+05
1.172660000000000000e+05
1.174980000000000000e+05
1.177420000000000000e+05
1.179880000000000000e+05
1.181960000000000000e+05
1.184070000000000000e+05
1.185750000000000000e+05
1.187780000000000000e+05
1.189940000000000000e+05
1.192060000000000000e+05
1.194200000000000000e+05
1.196370000000000000e+05
1.198640000000000000e+05
1.200950000000000000e+05
1.203480000000000000e+05
1.205790000000000000e+05
1.208460000000000000e+05
1.210520000000000000e+05
1.212870000000000000e+05
1.215230000000000000e+05
1.217400000000000000e+05
1.219750000000000000e+05
1.222140000000000000e+05
1.224490000000000000e+05
1.226930000000000000e+05
1.229170000000000000e+05
1.231460000000000000e+05
1.233760000000000000e+05
1.236040000000000000e+05
1.239170000000000000e+05
1.241750000000000000e+05
1.244250000000000000e+05
1.246500000000000000e+05
1.248500000000000000e+05
1.250840000000000000e+05
1.253110000000000000e+05
1.255330000000000000e+05
1.257600000000000000e+05
1.259590000000000000e+05
1.261640000000000000e+05
1.263390000000000000e+05
1.264980000000000000e+05
1.266920000000000000e+05
1.269430000000000000e+05
1.271810000000000000e+05
1.273940000000000000e+05
1.276000000000000000e+05
1.277780000000000000e+05
1.279850000000000000e+05
1.281910000000000000e+05
1.284050000000000000e+05
1.286030000000000000e+05
1.288030000000000000e+05
1.289920000000000000e+05
1.292270000000000000e+05
1.294310000000000000e+05
1.296710000000000000e+05
1.299440000000000000e+05
1.302100000000000000e+05
1.304620000000000000e+05
1.307110000000000000e+05
1.309650000000000000e+05
1.311700000000000000e+05
1.314320000000000000e+05
1.316890000000000000e+05
1.319390000000000000e+05
1.321500000000000000e+05
1.323430000000000000e+05
1.325560000000000000e+05
1.327200000000000000e+05
1.329170000000000000e+05
1.331430000000000000e+05
1.333700000000000000e+05
1.336190000000000000e+05
1.338110000000000000e+05
1.340130000000000000e+05
1.342030000000000000e+05
1.344330000000000000e+05
1.346630000000000000e+05
1.348870000000000000e+05
1.351320000000000000e+05
1.353670000000000000e+05
1.355700000000000000e+05
1.357850000000000000e+05
1.360280000000000000e+05
1.362220000000000000e+05
1.364410000000000000e+05
1.366490000000000000e+05
1.368880000000000000e+05
1.370620000000000000e+05
1.372290000000000000e+05
1.374150000000000000e+05
1.376420000000000000e+05
1.378510000000000000e+05
1.380660000000000000e+05
1.382500000000000000e+05
1.384770000000000000e+05
1.386480000000000000e+05
1.388330000000000000e+05
1.390010000000000000e+05
1.392560000000000000e+05
1.394770000000000000e+05
1.396430000000000000e+05
1.397830000000000000e+05
1.399080000000000000e+05
1.400860000000000000e+05
1.402030000000000000e+05
1.403530000000000000e+05
1.405160000000000000e+05
1.406800000000000000e+05
1.408270000000000000e+05
1.409610000000000000e+05
1.411210000000000000e+05
1.412720000000000000e+05
1.414170000000000000e+05
1.415570000000000000e+05
1.417160000000000000e+05
1.418580000000000000e+05
1.420010000000000000e+05
1.421590000000000000e+05
1.423080000000000000e+05
1.424480000000000000e+05
1.426050000000000000e+05
1.427340000000000000e+05
1.429030000000000000e+05
1.430620000000000000e+05
1.432220000000000000e+05
1.434280000000000000e+05
1.436210000000000000e+05
1.438340000000000000e+05
1.440420000000000000e+05
1.442400000000000000e+05
1.444370000000000000e+05
1.446440000000000000e+05
1.448520000000000000e+05
1.450610000000000000e+05
1.452710000000000000e+05
1.454660000000000000e+05
1.456720000000000000e+05
1.458650000000000000e+05
1.460680000000000000e+05
1.462790000000000000e+05
1.464800000000000000e+05
1.466890000000000000e+05
1.468850000000000000e+05
1.470890000000000000e+05
1.472770000000000000e+05
1.475040000000000000e+05
1.477290000000000000e+05
1.480000000000000000e+05
1.482580000000000000e+05
1.485210000000000000e+05
1.487720000000000000e+05
1.490190000000000000e+05
1.492960000000000000e+05
1.495950000000000000e+05
1.499330000000000000e+05
1.502800000000000000e+05
1.506210000000000000e+05
1.509840000000000000e+05
1.513350000000000000e+05
1.517200000000000000e+05
1.520950000000000000e+05
1.524910000000000000e+05
1.528980000000000000e+05
1.532960000000000000e+05
1.536900000000000000e+05
1.540980000000000000e+05
1.545250000000000000e+05
1.550020000000000000e+05
1.554530000000000000e+05
1.559010000000000000e+05
1.563510000000000000e+05
1.568040000000000000e+05
1.572440000000000000e+05
1.581320000000000000e+05
1.581380000000000000e+05
1.585910000000000000e+05
1.590530000000000000e+05
1.595180000000000000e+05
1.599670000000000000e+05
1.604260000000000000e+05
1.608890000000000000e+05
1.613440000000000000e+05
1.618030000000000000e+05
1.622680000000000000e+05
1.627370000000000000e+05
1.631970000000000000e+05
1.636640000000000000e+05
1.641370000000000000e+05
1.646000000000000000e+05
1.650710000000000000e+05
1.655460000000000000e+05
1.660150000000000000e+05
1.664750000000000000e+05
1.669490000000000000e+05
1.674170000000000000e+05
1.678880000000000000e+05
1.683610000000000000e+05
1.688290000000000000e+05
1.692840000000000000e+05
1.697670000000000000e+05
1.702520000000000000e+05
1.707330000000000000e+05
1.712120000000000000e+05
1.717010000000000000e+05
1.722000000000000000e+05
1.726970000000000000e+05
1.732060000000000000e+05
1.737090000000000000e+05
1.742280000000000000e+05
1.747620000000000000e+05
1.753320000000000000e+05
1.759190000000000000e+05
1.765210000000000000e+05
1.771350000000000000e+05
1.777740000000000000e+05
1.784640000000000000e+05
1.791840000000000000e+05
1.799640000000000000e+05
1.808040000000000000e+05
1.816780000000000000e+05
1.825480000000000000e+05
1.834240000000000000e+05
1.843340000000000000e+05
1.852610000000000000e+05
1.862010000000000000e+05
1.871500000000000000e+05
1.881000000000000000e+05
1.890640000000000000e+05
1.900250000000000000e+05
1.909980000000000000e+05
1.919790000000000000e+05
1.929630000000000000e+05
1.939520000000000000e+05
1.949300000000000000e+05
1.957570000000000000e+05
1.965800000000000000e+05
1.974760000000000000e+05
1.983610000000000000e+05
1.991800000000000000e+05
1.999800000000000000e+05
2.007780000000000000e+05
2.014960000000000000e+05
2.022010000000000000e+05
2.029040000000000000e+05
2.035990000000000000e+05
2.042890000000000000e+05
2.049760000000000000e+05
2.056520000000000000e+05
2.063020000000000000e+05
2.069480000000000000e+05
2.075920000000000000e+05
2.082320000000000000e+05
2.088770000000000000e+05
2.094700000000000000e+05
2.100700000000000000e+05
2.106030000000000000e+05
2.109920000000000000e+05
2.113890000000000000e+05
2.117320000000000000e+05
2.121240000000000000e+05
2.124230000000000000e+05
2.126670000000000000e+05
2.129270000000000000e+05
2.131830000000000000e+05
2.134850000000000000e+05
2.138550000000000000e+05
2.141500000000000000e+05
2.144630000000000000e+05
2.148300000000000000e+05
2.151600000000000000e+05
2.154430000000000000e+05
2.157420000000000000e+05
2.160910000000000000e+05
2.163970000000000000e+05
2.166830000000000000e+05
2.168850000000000000e+05
2.170410000000000000e+05
2.172300000000000000e+05
2.174580000000000000e+05
2.176880000000000000e+05
2.178820000000000000e+05
2.180800000000000000e+05
2.182630000000000000e+05
2.184550000000000000e+05
2.186270000000000000e+05
2.187980000000000000e+05
2.189800000000000000e+05
2.191380000000000000e+05
2.192810000000000000e+05
2.194660000000000000e+05
2.196130000000000000e+05
2.197300000000000000e+05
2.198870000000000000e+05
2.200330000000000000e+05
2.201980000000000000e+05
2.203250000000000000e+05
2.205090000000000000e+05
2.206930000000000000e+05
2.208000000000000000e+05
2.209300000000000000e+05
2.211190000000000000e+05
2.212730000000000000e+05
2.213780000000000000e+05
2.214650000000000000e+05
2.215900000000000000e+05
2.216920000000000000e+05
2.218100000000000000e+05
2.219530000000000000e+05
2.220710000000000000e+05
2.222170000000000000e+05
2.223500000000000000e+05
2.224530000000000000e+05
2.225740000000000000e+05
2.226670000000000000e+05
2.227600000000000000e+05
2.229180000000000000e+05
2.230310000000000000e+05
2.231750000000000000e+05
2.232720000000000000e+05
2.233580000000000000e+05
2.235040000000000000e+05
2.236460000000000000e+05
2.237800000000000000e+05
2.239110000000000000e+05
2.240440000000000000e+05
2.241600000000000000e+05
2.242780000000000000e+05
2.244020000000000000e+05
2.245100000000000000e+05
2.246380000000000000e+05
2.248340000000000000e+05
2.249480000000000000e+05
2.250720000000000000e+05
2.251980000000000000e+05
2.253760000000000000e+05
2.255220000000000000e+05
2.257470000000000000e+05
2.259050000000000000e+05
2.260770000000000000e+05
2.262390000000000000e+05
2.263900000000000000e+05
