0.000000000000000000e+00
0.000000000000000000e+00
0.000000000000000000e+00
0.000000000000000000e+00
0.000000000000000000e+00
0.000000000000000000e+00
0.000000000000000000e+00
0.000000000000000000e+00
0.000000000000000000e+00
0.000000000000000000e+00
0.000000000000000000e+00
0.000000000000000000e+00
0.000000000000000000e+00
0.000000000000000000e+00
0.000000000000000000e+00
0.000000000000000000e+00
0.000000000000000000e+00
0.000000000000000000e+00
0.000000000000000000e+00
0.000000000000000000e+00
0.000000000000000000e+00
0.000000000000000000e+00
0.000000000000000000e+00
0.000000000000000000e+00
0.000000000000000000e+00
0.000000000000000000e+00
0.000000000000000000e+00
0.000000000000000000e+00
0.000000000000000000e+00
0.000000000000000000e+00
0.000000000000000000e+00
0.000000000000000000e+00
0.000000000000000000e+00
0.000000000000000000e+00
0.000000000000000000e+00
0.000000000000000000e+00
0.000000000000000000e+00
0.000000000000000000e+00
0.000000000000000000e+00
1.000000000000000000e+00
1.000000000000000000e+00
1.000000000000000000e+00
1.000000000000000000e+00
1.000000000000000000e+00
2.000000000000000000e+00
2.000000000000000000e+00
5.000000000000000000e+00
5.000000000000000000e+00
5.000000000000000000e+00
5.000000000000000000e+00
5.000000000000000000e+00
5.000000000000000000e+00
1.100000000000000000e+01
1.100000000000000000e+01
1.100000000000000000e+01
2.100000000000000000e+01
2.100000000000000000e+01
3.400000000000000000e+01
7.200000000000000000e+01
1.120000000000000000e+02
2.020000000000000000e+02
2.450000000000000000e+02
3.120000000000000000e+02
3.920000000000000000e+02
4.880000000000000000e+02
5.810000000000000000e+02
7.190000000000000000e+02
8.590000000000000000e+02
9.010000000000000000e+02
1.109000000000000000e+03
1.284000000000000000e+03
1.380000000000000000e+03
1.488000000000000000e+03
1.488000000000000000e+03
1.745000000000000000e+03
1.828000000000000000e+03
1.956000000000000000e+03
2.111000000000000000e+03
2.349000000000000000e+03
2.620000000000000000e+03
2.759000000000000000e+03
2.967000000000000000e+03
3.167000000000000000e+03
3.286000000000000000e+03
3.614000000000000000e+03
3.755000000000000000e+03
4.126000000000000000e+03
4.335000000000000000e+03
4.680000000000000000e+03
4.964000000000000000e+03
5.044000000000000000e+03
5.300000000000000000e+03
5.543000000000000000e+03
5.749000000000000000e+03
5.926000000000000000e+03
6.135000000000000000e+03
6.293000000000000000e+03
6.416000000000000000e+03
6.652000000000000000e+03
6.972000000000000000e+03
7.288000000000000000e+03
7.578000000000000000e+03
7.954000000000000000e+03
8.235000000000000000e+03
8.480000000000000000e+03
8.807000000000000000e+03
9.095000000000000000e+03
9.376000000000000000e+03
9.882000000000000000e+03
1.034700000000000000e+04
1.063400000000000000e+04
1.090000000000000000e+04
1.119600000000000000e+04
1.132000000000000000e+04
1.173900000000000000e+04
1.211000000000000000e+04
1.231400000000000000e+04
1.272500000000000000e+04
1.322300000000000000e+04
1.347700000000000000e+04
1.365700000000000000e+04
1.398900000000000000e+04
1.442200000000000000e+04
1.480100000000000000e+04
1.507300000000000000e+04
1.526400000000000000e+04
1.572300000000000000e+04
1.606800000000000000e+04
1.653100000000000000e+04
1.690800000000000000e+04
1.728500000000000000e+04
1.757200000000000000e+04
1.775200000000000000e+04
1.804000000000000000e+04
1.831900000000000000e+04
1.870800000000000000e+04
1.919500000000000000e+04
1.960000000000000000e+04
2.012600000000000000e+04
2.041500000000000000e+04
2.080800000000000000e+04
2.143700000000000000e+04
2.200800000000000000e+04
2.257200000000000000e+04
2.296200000000000000e+04
2.327100000000000000e+04
2.368600000000000000e+04
2.410500000000000000e+04
2.464500000000000000e+04
2.506800000000000000e+04
2.577800000000000000e+04
2.667700000000000000e+04
2.737000000000000000e+04
2.793600000000000000e+04
2.863100000000000000e+04
2.914100000000000000e+04
2.976400000000000000e+04
3.061900000000000000e+04
3.137300000000000000e+04
3.181600000000000000e+04
3.256800000000000000e+04
3.338700000000000000e+04
3.419700000000000000e+04
3.514800000000000000e+04
3.618400000000000000e+04
3.742500000000000000e+04
3.812800000000000000e+04
3.843000000000000000e+04
3.958800000000000000e+04
4.079000000000000000e+04
4.191500000000000000e+04
4.311400000000000000e+04
4.453200000000000000e+04
4.550600000000000000e+04
4.630500000000000000e+04
4.767100000000000000e+04
4.874300000000000000e+04
5.011300000000000000e+04
5.151900000000000000e+04
5.285500000000000000e+04
5.395600000000000000e+04
5.479700000000000000e+04
5.604300000000000000e+04
5.761500000000000000e+04
5.907700000000000000e+04
6.089600000000000000e+04
6.290800000000000000e+04
6.415600000000000000e+04
6.469000000000000000e+04
6.618200000000000000e+04
6.791500000000000000e+04
6.964900000000000000e+04
7.141500000000000000e+04
7.224300000000000000e+04
7.311700000000000000e+04
7.429500000000000000e+04
7.566000000000000000e+04
7.653600000000000000e+04
7.770900000000000000e+04
7.877800000000000000e+04
7.973200000000000000e+04
8.049900000000000000e+04
8.109400000000000000e+04
8.222400000000000000e+04
8.313400000000000000e+04
8.448800000000000000e+04
8.554500000000000000e+04
8.630900000000000000e+04
8.673700000000000000e+04
8.712300000000000000e+04
8.812700000000000000e+04
8.901000000000000000e+04
8.986700000000000000e+04
9.056100000000000000e+04
9.116100000000000000e+04
9.160800000000000000e+04
9.221700000000000000e+04
9.255700000000000000e+04
9.296400000000000000e+04
9.339000000000000000e+04
9.373200000000000000e+04
9.424100000000000000e+04
9.471500000000000000e+04
9.497900000000000000e+04
9.562700000000000000e+04
9.662900000000000000e+04
9.662900000000000000e+04
9.877600000000000000e+04
9.933300000000000000e+04
9.989800000000000000e+04
1.001310000000000000e+05
1.009370000000000000e+05
1.017160000000000000e+05
1.022320000000000000e+05
1.030920000000000000e+05
1.036600000000000000e+05
1.041100000000000000e+05
1.048030000000000000e+05
1.055210000000000000e+05
1.061360000000000000e+05
1.067320000000000000e+05
1.077000000000000000e+05
1.082890000000000000e+05
1.087830000000000000e+05
1.092690000000000000e+05
1.097370000000000000e+05
1.101220000000000000e+05
1.105970000000000000e+05
1.109570000000000000e+05
1.113860000000000000e+05
1.116660000000000000e+05
1.119000000000000000e+05
1.122090000000000000e+05
1.127280000000000000e+05
1.133500000000000000e+05
1.139260000000000000e+05
1.144800000000000000e+05
1.150540000000000000e+05
1.153710000000000000e+05
1.161480000000000000e+05
1.168720000000000000e+05
1.174570000000000000e+05
1.180140000000000000e+05
1.184770000000000000e+05
1.188430000000000000e+05
1.190080000000000000e+05
1.196620000000000000e+05
1.200660000000000000e+05
1.204500000000000000e+05
1.209250000000000000e+05
1.213470000000000000e+05
1.216670000000000000e+05
1.219730000000000000e+05
1.223980000000000000e+05
1.228730000000000000e+05
1.228730000000000000e+05
1.240180000000000000e+05
1.245270000000000000e+05
1.248430000000000000e+05
1.250080000000000000e+05
1.255700000000000000e+05
1.259130000000000000e+05
1.263320000000000000e+05
1.270180000000000000e+05
1.273320000000000000e+05
1.275910000000000000e+05
1.278480000000000000e+05
1.282780000000000000e+05
1.288240000000000000e+05
1.293000000000000000e+05
1.296450000000000000e+05
1.301820000000000000e+05
1.306030000000000000e+05
1.311310000000000000e+05
1.312650000000000000e+05
1.316360000000000000e+05
1.325540000000000000e+05
1.332250000000000000e+05
1.337240000000000000e+05
1.342030000000000000e+05
1.346970000000000000e+05
1.351570000000000000e+05
1.361830000000000000e+05
1.367840000000000000e+05
1.377700000000000000e+05
1.384100000000000000e+05
1.388290000000000000e+05
1.391110000000000000e+05
1.393960000000000000e+05
1.409220000000000000e+05
1.417770000000000000e+05
1.426530000000000000e+05
1.434730000000000000e+05
1.439880000000000000e+05
1.443020000000000000e+05
1.451970000000000000e+05
1.460090000000000000e+05
1.466800000000000000e+05
1.476550000000000000e+05
1.484530000000000000e+05
1.491380000000000000e+05
1.496300000000000000e+05
1.501610000000000000e+05
1.517210000000000000e+05
1.524520000000000000e+05
1.535850000000000000e+05
1.546920000000000000e+05
1.551840000000000000e+05
1.557970000000000000e+05
1.565850000000000000e+05
1.573050000000000000e+05
1.579290000000000000e+05
1.590640000000000000e+05
1.603860000000000000e+05
1.610520000000000000e+05
1.619300000000000000e+05
1.624960000000000000e+05
1.636540000000000000e+05
1.650350000000000000e+05
1.659400000000000000e+05
1.667640000000000000e+05
1.674050000000000000e+05
1.682650000000000000e+05
1.695790000000000000e+05
1.707850000000000000e+05
1.722180000000000000e+05
1.729650000000000000e+05
1.733310000000000000e+05
1.753740000000000000e+05
1.758490000000000000e+05
1.763780000000000000e+05
1.774930000000000000e+05
1.785380000000000000e+05
1.806440000000000000e+05
1.821030000000000000e+05
1.832820000000000000e+05
1.847880000000000000e+05
1.863830000000000000e+05
1.874870000000000000e+05
1.889690000000000000e+05
1.913390000000000000e+05
1.931180000000000000e+05
1.949660000000000000e+05
1.965910000000000000e+05
1.981230000000000000e+05
1.996720000000000000e+05
2.011450000000000000e+05
2.025070000000000000e+05
2.039460000000000000e+05
2.051620000000000000e+05
2.063050000000000000e+05
2.074550000000000000e+05
2.086100000000000000e+05
2.104120000000000000e+05
2.125530000000000000e+05
2.140600000000000000e+05
2.150860000000000000e+05
2.159200000000000000e+05
2.172770000000000000e+05
2.189480000000000000e+05
2.204260000000000000e+05
2.221480000000000000e+05
2.233980000000000000e+05
2.241190000000000000e+05
2.245380000000000000e+05
2.254720000000000000e+05
2.267140000000000000e+05
2.277640000000000000e+05
2.288950000000000000e+05
2.297680000000000000e+05
2.305630000000000000e+05
2.310950000000000000e+05
2.317370000000000000e+05
2.327800000000000000e+05
2.335980000000000000e+05
2.345020000000000000e+05
2.354620000000000000e+05
2.358820000000000000e+05
2.362100000000000000e+05
2.368830000000000000e+05
2.376290000000000000e+05
2.382050000000000000e+05
2.390090000000000000e+05
2.396170000000000000e+05
2.399980000000000000e+05
2.402010000000000000e+05
2.407730000000000000e+05
2.413920000000000000e+05
2.420870000000000000e+05
2.426600000000000000e+05
2.432470000000000000e+05
2.435260000000000000e+05
2.437780000000000000e+05
2.441680000000000000e+05
2.449230000000000000e+05
2.454520000000000000e+05
2.456160000000000000e+05
2.460450000000000000e+05
2.462990000000000000e+05
2.467940000000000000e+05
2.473640000000000000e+05
2.479790000000000000e+05
2.485020000000000000e+05
2.489890000000000000e+05
2.494630000000000000e+05
2.497760000000000000e+05
2.501770000000000000e+05
2.505790000000000000e+05
2.509680000000000000e+05
2.513320000000000000e+05
2.515820000000000000e+05
2.519830000000000000e+05
2.521820000000000000e+05
2.523840000000000000e+05
2.527270000000000000e+05
2.531960000000000000e+05
2.537810000000000000e+05
2.541360000000000000e+05
2.542950000000000000e+05
2.544350000000000000e+05
2.546030000000000000e+05
2.549370000000000000e+05
2.560310000000000000e+05
2.565630000000000000e+05
2.571860000000000000e+05
2.576980000000000000e+05
2.580390000000000000e+05
2.586370000000000000e+05
2.592600000000000000e+05
2.596390000000000000e+05
2.601330000000000000e+05
2.606270000000000000e+05
2.611290000000000000e+05
2.615310000000000000e+05
2.618480000000000000e+05
2.624040000000000000e+05
2.629350000000000000e+05
2.634700000000000000e+05
2.639440000000000000e+05
2.648630000000000000e+05
2.654030000000000000e+05
2.654810000000000000e+05
2.658190000000000000e+05
2.662140000000000000e+05
2.665610000000000000e+05
2.668610000000000000e+05
2.674550000000000000e+05
2.676810000000000000e+05
2.680700000000000000e+05
2.685610000000000000e+05
2.691840000000000000e+05
2.699580000000000000e+05
2.706000000000000000e+05
2.715480000000000000e+05
2.721080000000000000e+05
2.728090000000000000e+05
2.734970000000000000e+05
2.743190000000000000e+05
2.753780000000000000e+05
2.762720000000000000e+05
2.771880000000000000e+05
2.779190000000000000e+05
2.785490000000000000e+05
2.795650000000000000e+05
2.809940000000000000e+05
2.816300000000000000e+05
2.826850000000000000e+05
2.837290000000000000e+05
2.845670000000000000e+05
2.852110000000000000e+05
2.862690000000000000e+05
2.880340000000000000e+05
2.892880000000000000e+05
2.905260000000000000e+05
2.919100000000000000e+05
2.927860000000000000e+05
2.940210000000000000e+05
2.956800000000000000e+05
2.971190000000000000e+05
2.984140000000000000e+05
2.996810000000000000e+05
3.010780000000000000e+05
3.019840000000000000e+05
3.029880000000000000e+05
3.044280000000000000e+05
3.055690000000000000e+05
3.066980000000000000e+05
3.078470000000000000e+05
3.086500000000000000e+05
3.094770000000000000e+05
3.103910000000000000e+05
3.118330000000000000e+05
3.128150000000000000e+05
3.140310000000000000e+05
3.158150000000000000e+05
3.167870000000000000e+05
3.176450000000000000e+05
3.183680000000000000e+05
3.192540000000000000e+05
3.201360000000000000e+05
3.210730000000000000e+05
3.220710000000000000e+05
3.227780000000000000e+05
3.236500000000000000e+05
3.243640000000000000e+05
3.252210000000000000e+05
3.261930000000000000e+05
3.275610000000000000e+05
3.283760000000000000e+05
3.289420000000000000e+05
3.295310000000000000e+05
3.302440000000000000e+05
3.309410000000000000e+05
3.318260000000000000e+05
3.323840000000000000e+05
3.330530000000000000e+05
3.336810000000000000e+05
3.345440000000000000e+05
3.350790000000000000e+05
3.356090000000000000e+05
3.361440000000000000e+05
3.366930000000000000e+05
3.371470000000000000e+05
3.375750000000000000e+05
3.377380000000000000e+05
3.379750000000000000e+05
3.382910000000000000e+05
3.389020000000000000e+05
3.393020000000000000e+05
3.396690000000000000e+05
3.400530000000000000e+05
3.402300000000000000e+05
3.404980000000000000e+05
3.408140000000000000e+05
3.411790000000000000e+05
3.415100000000000000e+05
3.419050000000000000e+05
3.422670000000000000e+05
