0.000000000000000000e+00
0.000000000000000000e+00
0.000000000000000000e+00
0.000000000000000000e+00
0.000000000000000000e+00
0.000000000000000000e+00
0.000000000000000000e+00
0.000000000000000000e+00
0.000000000000000000e+00
0.000000000000000000e+00
0.000000000000000000e+00
0.000000000000000000e+00
0.000000000000000000e+00
0.000000000000000000e+00
0.000000000000000000e+00
0.000000000000000000e+00
0.000000000000000000e+00
0.000000000000000000e+00
0.000000000000000000e+00
0.000000000000000000e+00
0.000000000000000000e+00
0.000000000000000000e+00
0.000000000000000000e+00
0.000000000000000000e+00
0.000000000000000000e+00
0.000000000000000000e+00
0.000000000000000000e+00
0.000000000000000000e+00
0.000000000000000000e+00
0.000000000000000000e+00
0.000000000000000000e+00
0.000000000000000000e+00
0.000000000000000000e+00
0.000000000000000000e+00
0.000000000000000000e+00
0.000000000000000000e+00
0.000000000000000000e+00
0.000000000000000000e+00
0.000000000000000000e+00
1.000000000000000000e+00
0.000000000000000000e+00
0.000000000000000000e+00
0.000000000000000000e+00
0.000000000000000000e+00
1.000000000000000000e+00
0.000000000000000000e+00
3.000000000000000000e+00
0.000000000000000000e+00
0.000000000000000000e+00
0.000000000000000000e+00
0.000000000000000000e+00
0.000000000000000000e+00
6.000000000000000000e+00
0.000000000000000000e+00
0.000000000000000000e+00
1.000000000000000000e+01
0.000000000000000000e+00
1.300000000000000000e+01
3.800000000000000000e+01
4.000000000000000000e+01
9.000000000000000000e+01
4.300000000000000000e+01
6.700000000000000000e+01
8.000000000000000000e+01
9.600000000000000000e+01
9.300000000000000000e+01
1.380000000000000000e+02
1.400000000000000000e+02
4.200000000000000000e+01
2.080000000000000000e+02
1.750000000000000000e+02
9.600000000000000000e+01
1.080000000000000000e+02
0.000000000000000000e+00
2.570000000000000000e+02
8.300000000000000000e+01
1.280000000000000000e+02
1.550000000000000000e+02
2.380000000000000000e+02
2.710000000000000000e+02
1.390000000000000000e+02
2.080000000000000000e+02
2.000000000000000000e+02
1.190000000000000000e+02
3.280000000000000000e+02
1.410000000000000000e+02
3.710000000000000000e+02
2.090000000000000000e+02
3.450000000000000000e+02
2.840000000000000000e+02
8.000000000000000000e+01
2.560000000000000000e+02
2.430000000000000000e+02
2.060000000000000000e+02
1.770000000000000000e+02
2.090000000000000000e+02
1.580000000000000000e+02
1.230000000000000000e+02
2.360000000000000000e+02
3.200000000000000000e+02
3.160000000000000000e+02
2.900000000000000000e+02
3.760000000000000000e+02
2.810000000000000000e+02
2.450000000000000000e+02
3.270000000000000000e+02
2.880000000000000000e+02
2.810000000000000000e+02
5.060000000000000000e+02
4.650000000000000000e+02
2.870000000000000000e+02
2.660000000000000000e+02
2.960000000000000000e+02
1.240000000000000000e+02
4.190000000000000000e+02
3.710000000000000000e+02
2.040000000000000000e+02
4.110000000000000000e+02
4.980000000000000000e+02
2.540000000000000000e+02
1.800000000000000000e+02
3.320000000000000000e+02
4.330000000000000000e+02
3.790000000000000000e+02
2.720000000000000000e+02
1.910000000000000000e+02
4.590000000000000000e+02
3.450000000000000000e+02
4.630000000000000000e+02
3.770000000000000000e+02
3.770000000000000000e+02
2.870000000000000000e+02
1.800000000000000000e+02
2.880000000000000000e+02
2.790000000000000000e+02
3.890000000000000000e+02
4.870000000000000000e+02
4.050000000000000000e+02
5.260000000000000000e+02
2.890000000000000000e+02
3.930000000000000000e+02
6.290000000000000000e+02
5.710000000000000000e+02
5.640000000000000000e+02
3.900000000000000000e+02
3.090000000000000000e+02
4.150000000000000000e+02
4.190000000000000000e+02
5.400000000000000000e+02
4.230000000000000000e+02
7.100000000000000000e+02
8.990000000000000000e+02
6.930000000000000000e+02
5.660000000000000000e+02
6.950000000000000000e+02
5.100000000000000000e+02
6.230000000000000000e+02
8.550000000000000000e+02
7.540000000000000000e+02
4.430000000000000000e+02
7.520000000000000000e+02
8.190000000000000000e+02
8.100000000000000000e+02
9.510000000000000000e+02
1.036000000000000000e+03
1.241000000000000000e+03
7.030000000000000000e+02
3.020000000000000000e+02
1.158000000000000000e+03
1.202000000000000000e+03
1.125000000000000000e+03
1.199000000000000000e+03
1.418000000000000000e+03
9.740000000000000000e+02
7.990000000000000000e+02
1.366000000000000000e+03
1.072000000000000000e+03
1.370000000000000000e+03
1.406000000000000000e+03
1.336000000000000000e+03
1.101000000000000000e+03
8.410000000000000000e+02
1.246000000000000000e+03
1.572000000000000000e+03
1.462000000000000000e+03
1.819000000000000000e+03
2.012000000000000000e+03
1.248000000000000000e+03
5.340000000000000000e+02
1.492000000000000000e+03
1.733000000000000000e+03
1.734000000000000000e+03
1.766000000000000000e+03
8.280000000000000000e+02
8.740000000000000000e+02
1.178000000000000000e+03
1.365000000000000000e+03
8.760000000000000000e+02
1.173000000000000000e+03
1.069000000000000000e+03
9.540000000000000000e+02
7.670000000000000000e+02
5.950000000000000000e+02
1.130000000000000000e+03
9.100000000000000000e+02
1.354000000000000000e+03
1.057000000000000000e+03
7.640000000000000000e+02
4.280000000000000000e+02
3.860000000000000000e+02
1.004000000000000000e+03
8.830000000000000000e+02
8.570000000000000000e+02
6.940000000000000000e+02
6.000000000000000000e+02
4.470000000000000000e+02
6.090000000000000000e+02
3.400000000000000000e+02
4.070000000000000000e+02
4.260000000000000000e+02
3.420000000000000000e+02
5.090000000000000000e+02
4.740000000000000000e+02
2.640000000000000000e+02
6.480000000000000000e+02
1.002000000000000000e+03
0.000000000000000000e+00
2.147000000000000000e+03
5.570000000000000000e+02
5.650000000000000000e+02
2.330000000000000000e+02
8.060000000000000000e+02
7.790000000000000000e+02
5.160000000000000000e+02
8.600000000000000000e+02
5.680000000000000000e+02
4.500000000000000000e+02
6.930000000000000000e+02
7.180000000000000000e+02
6.150000000000000000e+02
5.960000000000000000e+02
9.680000000000000000e+02
5.890000000000000000e+02
4.940000000000000000e+02
4.860000000000000000e+02
4.680000000000000000e+02
3.850000000000000000e+02
4.750000000000000000e+02
3.600000000000000000e+02
4.290000000000000000e+02
2.800000000000000000e+02
2.340000000000000000e+02
3.090000000000000000e+02
5.190000000000000000e+02
6.220000000000000000e+02
5.760000000000000000e+02
5.540000000000000000e+02
5.740000000000000000e+02
3.170000000000000000e+02
7.770000000000000000e+02
7.240000000000000000e+02
5.850000000000000000e+02
5.570000000000000000e+02
4.630000000000000000e+02
3.660000000000000000e+02
1.650000000000000000e+02
6.540000000000000000e+02
4.040000000000000000e+02
3.840000000000000000e+02
4.750000000000000000e+02
4.220000000000000000e+02
3.200000000000000000e+02
3.060000000000000000e+02
4.250000000000000000e+02
4.750000000000000000e+02
0.000000000000000000e+00
1.145000000000000000e+03
5.090000000000000000e+02
3.160000000000000000e+02
1.650000000000000000e+02
5.620000000000000000e+02
3.430000000000000000e+02
4.190000000000000000e+02
6.860000000000000000e+02
3.140000000000000000e+02
2.590000000000000000e+02
2.570000000000000000e+02
4.300000000000000000e+02
5.460000000000000000e+02
4.760000000000000000e+02
3.450000000000000000e+02
5.370000000000000000e+02
4.210000000000000000e+02
5.280000000000000000e+02
1.340000000000000000e+02
3.710000000000000000e+02
9.180000000000000000e+02
6.710000000000000000e+02
4.990000000000000000e+02
4.790000000000000000e+02
4.940000000000000000e+02
4.600000000000000000e+02
1.026000000000000000e+03
6.010000000000000000e+02
9.860000000000000000e+02
6.400000000000000000e+02
4.190000000000000000e+02
2.820000000000000000e+02
2.850000000000000000e+02
1.526000000000000000e+03
8.550000000000000000e+02
8.760000000000000000e+02
8.200000000000000000e+02
5.150000000000000000e+02
3.140000000000000000e+02
8.950000000000000000e+02
8.120000000000000000e+02
6.710000000000000000e+02
9.750000000000000000e+02
7.980000000000000000e+02
6.850000000000000000e+02
4.920000000000000000e+02
5.310000000000000000e+02
1.560000000000000000e+03
7.310000000000000000e+02
1.133000000000000000e+03
1.107000000000000000e+03
4.920000000000000000e+02
6.130000000000000000e+02
7.880000000000000000e+02
7.200000000000000000e+02
6.240000000000000000e+02
1.135000000000000000e+03
1.322000000000000000e+03
6.660000000000000000e+02
8.780000000000000000e+02
5.660000000000000000e+02
1.158000000000000000e+03
1.381000000000000000e+03
9.050000000000000000e+02
8.240000000000000000e+02
6.410000000000000000e+02
8.600000000000000000e+02
1.314000000000000000e+03
1.206000000000000000e+03
1.433000000000000000e+03
7.470000000000000000e+02
3.660000000000000000e+02
2.043000000000000000e+03
4.750000000000000000e+02
5.290000000000000000e+02
1.115000000000000000e+03
1.045000000000000000e+03
2.106000000000000000e+03
1.459000000000000000e+03
1.179000000000000000e+03
1.506000000000000000e+03
1.595000000000000000e+03
1.104000000000000000e+03
1.482000000000000000e+03
2.370000000000000000e+03
1.779000000000000000e+03
1.848000000000000000e+03
1.625000000000000000e+03
1.532000000000000000e+03
1.549000000000000000e+03
1.473000000000000000e+03
1.362000000000000000e+03
1.439000000000000000e+03
1.216000000000000000e+03
1.143000000000000000e+03
1.150000000000000000e+03
1.155000000000000000e+03
1.802000000000000000e+03
2.141000000000000000e+03
1.507000000000000000e+03
1.026000000000000000e+03
8.340000000000000000e+02
1.357000000000000000e+03
1.671000000000000000e+03
1.478000000000000000e+03
1.722000000000000000e+03
1.250000000000000000e+03
7.210000000000000000e+02
4.190000000000000000e+02
9.340000000000000000e+02
1.242000000000000000e+03
1.050000000000000000e+03
1.131000000000000000e+03
8.730000000000000000e+02
7.950000000000000000e+02
5.320000000000000000e+02
6.420000000000000000e+02
1.043000000000000000e+03
8.180000000000000000e+02
9.040000000000000000e+02
9.600000000000000000e+02
4.200000000000000000e+02
3.280000000000000000e+02
6.730000000000000000e+02
7.460000000000000000e+02
5.760000000000000000e+02
8.040000000000000000e+02
6.080000000000000000e+02
3.810000000000000000e+02
2.030000000000000000e+02
5.720000000000000000e+02
6.190000000000000000e+02
6.950000000000000000e+02
5.730000000000000000e+02
5.870000000000000000e+02
2.790000000000000000e+02
2.520000000000000000e+02
3.900000000000000000e+02
7.550000000000000000e+02
5.290000000000000000e+02
1.640000000000000000e+02
4.290000000000000000e+02
2.540000000000000000e+02
4.950000000000000000e+02
5.700000000000000000e+02
6.150000000000000000e+02
5.230000000000000000e+02
4.870000000000000000e+02
4.740000000000000000e+02
3.130000000000000000e+02
4.010000000000000000e+02
4.020000000000000000e+02
3.890000000000000000e+02
3.640000000000000000e+02
2.500000000000000000e+02
4.010000000000000000e+02
1.990000000000000000e+02
2.020000000000000000e+02
3.430000000000000000e+02
4.690000000000000000e+02
5.850000000000000000e+02
3.550000000000000000e+02
1.590000000000000000e+02
1.400000000000000000e+02
1.680000000000000000e+02
3.340000000000000000e+02
1.094000000000000000e+03
5.320000000000000000e+02
6.230000000000000000e+02
5.120000000000000000e+02
3.410000000000000000e+02
5.980000000000000000e+02
6.230000000000000000e+02
3.790000000000000000e+02
4.940000000000000000e+02
4.940000000000000000e+02
5.020000000000000000e+02
4.020000000000000000e+02
3.170000000000000000e+02
5.560000000000000000e+02
5.310000000000000000e+02
5.350000000000000000e+02
4.740000000000000000e+02
9.190000000000000000e+02
5.400000000000000000e+02
7.800000000000000000e+01
3.380000000000000000e+02
3.950000000000000000e+02
3.470000000000000000e+02
3.000000000000000000e+02
5.940000000000000000e+02
2.260000000000000000e+02
3.890000000000000000e+02
4.910000000000000000e+02
6.230000000000000000e+02
7.740000000000000000e+02
6.420000000000000000e+02
9.480000000000000000e+02
5.600000000000000000e+02
7.010000000000000000e+02
6.880000000000000000e+02
8.220000000000000000e+02
1.059000000000000000e+03
8.940000000000000000e+02
9.160000000000000000e+02
7.310000000000000000e+02
6.300000000000000000e+02
1.016000000000000000e+03
1.429000000000000000e+03
6.360000000000000000e+02
1.055000000000000000e+03
1.044000000000000000e+03
8.380000000000000000e+02
6.440000000000000000e+02
1.058000000000000000e+03
1.765000000000000000e+03
1.254000000000000000e+03
1.238000000000000000e+03
1.384000000000000000e+03
8.760000000000000000e+02
1.235000000000000000e+03
1.659000000000000000e+03
1.439000000000000000e+03
1.295000000000000000e+03
1.267000000000000000e+03
1.397000000000000000e+03
9.060000000000000000e+02
1.004000000000000000e+03
1.440000000000000000e+03
1.141000000000000000e+03
1.129000000000000000e+03
1.149000000000000000e+03
8.030000000000000000e+02
8.270000000000000000e+02
9.140000000000000000e+02
1.442000000000000000e+03
9.820000000000000000e+02
1.216000000000000000e+03
1.784000000000000000e+03
9.720000000000000000e+02
8.580000000000000000e+02
7.230000000000000000e+02
8.860000000000000000e+02
8.820000000000000000e+02
9.370000000000000000e+02
9.980000000000000000e+02
7.070000000000000000e+02
8.720000000000000000e+02
7.140000000000000000e+02
8.570000000000000000e+02
9.720000000000000000e+02
1.368000000000000000e+03
8.150000000000000000e+02
5.660000000000000000e+02
5.890000000000000000e+02
7.130000000000000000e+02
6.970000000000000000e+02
8.850000000000000000e+02
5.580000000000000000e+02
6.690000000000000000e+02
6.280000000000000000e+02
8.630000000000000000e+02
5.350000000000000000e+02
5.300000000000000000e+02
5.350000000000000000e+02
5.490000000000000000e+02
4.540000000000000000e+02
4.280000000000000000e+02
1.630000000000000000e+02
2.370000000000000000e+02
3.160000000000000000e+02
6.110000000000000000e+02
4.000000000000000000e+02
3.670000000000000000e+02
3.840000000000000000e+02
1.770000000000000000e+02
2.680000000000000000e+02
3.160000000000000000e+02
3.650000000000000000e+02
3.310000000000000000e+02
3.950000000000000000e+02
3.620000000000000000e+02
