0.000000000000000000e+00
0.000000000000000000e+00
0.000000000000000000e+00
0.000000000000000000e+00
0.000000000000000000e+00
0.000000000000000000e+00
0.000000000000000000e+00
0.000000000000000000e+00
0.000000000000000000e+00
0.000000000000000000e+00
0.000000000000000000e+00
0.000000000000000000e+00
0.000000000000000000e+00
0.000000000000000000e+00
0.000000000000000000e+00
0.000000000000000000e+00
0.000000000000000000e+00
0.000000000000000000e+00
0.000000000000000000e+00
0.000000000000000000e+00
0.000000000000000000e+00
0.000000000000000000e+00
0.000000000000000000e+00
0.000000000000000000e+00
0.000000000000000000e+00
0.000000000000000000e+00
0.000000000000000000e+00
0.000000000000000000e+00
0.000000000000000000e+00
0.000000000000000000e+00
0.000000000000000000e+00
0.000000000000000000e+00
0.000000000000000000e+00
0.000000000000000000e+00
0.000000000000000000e+00
0.000000000000000000e+00
0.000000000000000000e+00
0.000000000000000000e+00
0.000000000000000000e+00
0.000000000000000000e+00
0.000000000000000000e+00
0.000000000000000000e+00
0.000000000000000000e+00
0.000000000000000000e+00
0.000000000000000000e+00
0.000000000000000000e+00
0.000000000000000000e+00
0.000000000000000000e+00
0.000000000000000000e+00
0.000000000000000000e+00
0.000000000000000000e+00
0.000000000000000000e+00
0.000000000000000000e+00
0.000000000000000000e+00
0.000000000000000000e+00
0.000000000000000000e+00
0.000000000000000000e+00
0.000000000000000000e+00
0.000000000000000000e+00
0.000000000000000000e+00
0.000000000000000000e+00
0.000000000000000000e+00
0.000000000000000000e+00
0.000000000000000000e+00
0.000000000000000000e+00
0.000000000000000000e+00
0.000000000000000000e+00
0.000000000000000000e+00
3.000000000000000000e+00
4.000000000000000000e+00
4.000000000000000000e+00
4.000000000000000000e+00
4.000000000000000000e+00
4.000000000000000000e+00
6.000000000000000000e+00
6.000000000000000000e+00
6.000000000000000000e+00
6.000000000000000000e+00
1.300000000000000000e+01
1.300000000000000000e+01
1.300000000000000000e+01
1.300000000000000000e+01
1.300000000000000000e+01
1.300000000000000000e+01
1.300000000000000000e+01
1.500000000000000000e+01
1.500000000000000000e+01
1.500000000000000000e+01
2.000000000000000000e+01
2.000000000000000000e+01
2.000000000000000000e+01
2.200000000000000000e+01
2.200000000000000000e+01
2.200000000000000000e+01
2.200000000000000000e+01
2.200000000000000000e+01
2.200000000000000000e+01
2.300000000000000000e+01
2.300000000000000000e+01
2.300000000000000000e+01
2.300000000000000000e+01
2.300000000000000000e+01
2.300000000000000000e+01
2.300000000000000000e+01
2.300000000000000000e+01
2.300000000000000000e+01
2.300000000000000000e+01
2.300000000000000000e+01
2.300000000000000000e+01
2.300000000000000000e+01
2.400000000000000000e+01
2.400000000000000000e+01
2.400000000000000000e+01
2.400000000000000000e+01
2.400000000000000000e+01
2.400000000000000000e+01
2.500000000000000000e+01
2.500000000000000000e+01
2.500000000000000000e+01
2.500000000000000000e+01
2.900000000000000000e+01
3.000000000000000000e+01
3.000000000000000000e+01
3.500000000000000000e+01
3.500000000000000000e+01
3.500000000000000000e+01
3.500000000000000000e+01
3.500000000000000000e+01
3.500000000000000000e+01
3.500000000000000000e+01
3.500000000000000000e+01
3.800000000000000000e+01
4.000000000000000000e+01
4.000000000000000000e+01
4.000000000000000000e+01
4.000000000000000000e+01
4.000000000000000000e+01
4.000000000000000000e+01
4.200000000000000000e+01
4.200000000000000000e+01
4.800000000000000000e+01
4.800000000000000000e+01
4.800000000000000000e+01
6.000000000000000000e+01
6.000000000000000000e+01
6.000000000000000000e+01
6.000000000000000000e+01
7.900000000000000000e+01
7.900000000000000000e+01
8.900000000000000000e+01
8.900000000000000000e+01
8.900000000000000000e+01
8.900000000000000000e+01
8.900000000000000000e+01
9.200000000000000000e+01
9.200000000000000000e+01
9.200000000000000000e+01
9.200000000000000000e+01
9.200000000000000000e+01
1.750000000000000000e+02
2.270000000000000000e+02
2.270000000000000000e+02
2.270000000000000000e+02
2.770000000000000000e+02
2.770000000000000000e+02
2.770000000000000000e+02
3.140000000000000000e+02
3.140000000000000000e+02
3.140000000000000000e+02
3.140000000000000000e+02
3.140000000000000000e+02
3.140000000000000000e+02
3.990000000000000000e+02
3.990000000000000000e+02
3.990000000000000000e+02
3.990000000000000000e+02
5.220000000000000000e+02
5.220000000000000000e+02
5.220000000000000000e+02
5.220000000000000000e+02
5.220000000000000000e+02
5.220000000000000000e+02
5.220000000000000000e+02
5.920000000000000000e+02
6.860000000000000000e+02
6.860000000000000000e+02
6.860000000000000000e+02
7.390000000000000000e+02
7.390000000000000000e+02
8.040000000000000000e+02
8.040000000000000000e+02
8.040000000000000000e+02
8.040000000000000000e+02
8.040000000000000000e+02
8.040000000000000000e+02
8.040000000000000000e+02
8.040000000000000000e+02
8.040000000000000000e+02
8.040000000000000000e+02
8.040000000000000000e+02
8.040000000000000000e+02
1.066000000000000000e+03
1.066000000000000000e+03
1.066000000000000000e+03
1.214000000000000000e+03
1.214000000000000000e+03
1.214000000000000000e+03
1.214000000000000000e+03
1.308000000000000000e+03
1.308000000000000000e+03
1.308000000000000000e+03
1.308000000000000000e+03
1.308000000000000000e+03
1.308000000000000000e+03
1.308000000000000000e+03
1.562000000000000000e+03
1.562000000000000000e+03
1.562000000000000000e+03
1.562000000000000000e+03
1.562000000000000000e+03
1.562000000000000000e+03
1.633000000000000000e+03
1.633000000000000000e+03
1.724000000000000000e+03
1.724000000000000000e+03
1.724000000000000000e+03
2.002000000000000000e+03
2.002000000000000000e+03
2.002000000000000000e+03
2.126000000000000000e+03
2.126000000000000000e+03
2.126000000000000000e+03
2.252000000000000000e+03
2.252000000000000000e+03
2.252000000000000000e+03
2.252000000000000000e+03
2.463000000000000000e+03
2.463000000000000000e+03
2.463000000000000000e+03
2.567000000000000000e+03
2.567000000000000000e+03
2.567000000000000000e+03
2.567000000000000000e+03
2.567000000000000000e+03
2.567000000000000000e+03
2.567000000000000000e+03
2.921000000000000000e+03
2.921000000000000000e+03
2.921000000000000000e+03
2.921000000000000000e+03
3.172000000000000000e+03
3.172000000000000000e+03
3.172000000000000000e+03
3.172000000000000000e+03
3.172000000000000000e+03
3.172000000000000000e+03
3.172000000000000000e+03
3.172000000000000000e+03
3.172000000000000000e+03
3.172000000000000000e+03
3.219000000000000000e+03
3.219000000000000000e+03
3.219000000000000000e+03
3.219000000000000000e+03
3.515000000000000000e+03
3.515000000000000000e+03
3.515000000000000000e+03
3.914000000000000000e+03
5.242000000000000000e+03
5.242000000000000000e+03
5.242000000000000000e+03
5.609000000000000000e+03
5.609000000000000000e+03
5.609000000000000000e+03
5.923000000000000000e+03
5.923000000000000000e+03
5.923000000000000000e+03
5.923000000000000000e+03
6.283000000000000000e+03
6.283000000000000000e+03
6.283000000000000000e+03
6.642000000000000000e+03
6.642000000000000000e+03
6.642000000000000000e+03
6.642000000000000000e+03
6.642000000000000000e+03
6.642000000000000000e+03
6.642000000000000000e+03
7.835000000000000000e+03
7.835000000000000000e+03
7.835000000000000000e+03
7.835000000000000000e+03
7.835000000000000000e+03
7.835000000000000000e+03
7.835000000000000000e+03
8.225000000000000000e+03
8.225000000000000000e+03
8.225000000000000000e+03
8.225000000000000000e+03
9.103000000000000000e+03
9.103000000000000000e+03
9.103000000000000000e+03
9.594000000000000000e+03
9.594000000000000000e+03
9.594000000000000000e+03
9.594000000000000000e+03
9.992000000000000000e+03
9.992000000000000000e+03
9.992000000000000000e+03
1.025800000000000000e+04
1.025800000000000000e+04
1.025800000000000000e+04
1.025800000000000000e+04
1.074200000000000000e+04
1.074200000000000000e+04
1.074200000000000000e+04
1.153100000000000000e+04
1.153100000000000000e+04
1.153100000000000000e+04
1.153100000000000000e+04
1.205800000000000000e+04
1.205800000000000000e+04
1.205800000000000000e+04
1.250100000000000000e+04
1.250100000000000000e+04
1.250100000000000000e+04
1.250100000000000000e+04
1.287300000000000000e+04
1.287300000000000000e+04
1.287300000000000000e+04
1.301400000000000000e+04
1.301400000000000000e+04
1.301400000000000000e+04
1.301400000000000000e+04
1.362200000000000000e+04
1.362200000000000000e+04
1.362200000000000000e+04
1.402500000000000000e+04
1.402500000000000000e+04
1.402500000000000000e+04
1.402500000000000000e+04
1.402500000000000000e+04
1.402500000000000000e+04
1.470000000000000000e+04
1.480500000000000000e+04
1.480500000000000000e+04
1.480500000000000000e+04
1.480500000000000000e+04
1.536800000000000000e+04
1.544000000000000000e+04
1.544000000000000000e+04
1.605000000000000000e+04
1.605000000000000000e+04
1.605000000000000000e+04
1.605000000000000000e+04
1.676800000000000000e+04
1.676800000000000000e+04
1.676800000000000000e+04
1.736500000000000000e+04
1.736500000000000000e+04
1.736500000000000000e+04
1.736500000000000000e+04
1.863000000000000000e+04
1.863000000000000000e+04
1.863000000000000000e+04
1.965400000000000000e+04
1.965400000000000000e+04
1.965400000000000000e+04
1.965400000000000000e+04
2.065800000000000000e+04
2.065800000000000000e+04
2.065800000000000000e+04
2.129300000000000000e+04
2.129300000000000000e+04
2.129300000000000000e+04
2.129300000000000000e+04
2.273800000000000000e+04
2.273800000000000000e+04
2.273800000000000000e+04
2.350300000000000000e+04
2.350300000000000000e+04
2.350300000000000000e+04
2.350300000000000000e+04
2.443500000000000000e+04
2.443500000000000000e+04
2.443500000000000000e+04
2.492600000000000000e+04
2.492600000000000000e+04
2.492600000000000000e+04
2.492600000000000000e+04
2.580200000000000000e+04
2.580200000000000000e+04
2.580200000000000000e+04
2.652400000000000000e+04
2.652400000000000000e+04
2.652400000000000000e+04
2.652400000000000000e+04
2.772100000000000000e+04
2.772100000000000000e+04
2.772100000000000000e+04
2.837100000000000000e+04
2.837100000000000000e+04
2.837100000000000000e+04
2.837100000000000000e+04
3.072700000000000000e+04
3.072700000000000000e+04
3.072700000000000000e+04
3.174600000000000000e+04
3.174600000000000000e+04
3.174600000000000000e+04
3.174600000000000000e+04
3.291200000000000000e+04
3.291200000000000000e+04
3.291200000000000000e+04
3.409800000000000000e+04
3.409800000000000000e+04
3.409800000000000000e+04
3.409800000000000000e+04
3.499900000000000000e+04
3.499900000000000000e+04
3.499900000000000000e+04
3.549300000000000000e+04
3.549300000000000000e+04
3.549300000000000000e+04
3.549300000000000000e+04
3.755900000000000000e+04
3.755900000000000000e+04
3.755900000000000000e+04
3.846600000000000000e+04
3.846600000000000000e+04
3.846600000000000000e+04
3.846600000000000000e+04
3.984800000000000000e+04
3.984800000000000000e+04
3.984800000000000000e+04
4.087800000000000000e+04
4.087800000000000000e+04
4.087800000000000000e+04
4.087800000000000000e+04
4.171000000000000000e+04
4.171000000000000000e+04
4.171000000000000000e+04
4.171000000000000000e+04
4.267400000000000000e+04
4.267400000000000000e+04
4.267400000000000000e+04
4.344400000000000000e+04
4.344400000000000000e+04
4.344400000000000000e+04
4.407500000000000000e+04
4.407500000000000000e+04
4.407500000000000000e+04
4.407500000000000000e+04
4.470200000000000000e+04
4.470200000000000000e+04
4.470200000000000000e+04
4.585500000000000000e+04
4.585500000000000000e+04
4.585500000000000000e+04
4.585500000000000000e+04
4.585500000000000000e+04
4.660000000000000000e+04
4.660000000000000000e+04
4.693400000000000000e+04
4.693400000000000000e+04
4.693400000000000000e+04
4.693400000000000000e+04
4.785100000000000000e+04
4.785100000000000000e+04
4.785100000000000000e+04
4.841700000000000000e+04
4.841700000000000000e+04
4.841700000000000000e+04
4.841700000000000000e+04
4.904100000000000000e+04
4.904100000000000000e+04
4.904100000000000000e+04
4.904100000000000000e+04
4.965600000000000000e+04
4.965600000000000000e+04
4.965600000000000000e+04
5.080000000000000000e+04
5.080000000000000000e+04
5.080000000000000000e+04
5.162000000000000000e+04
5.162000000000000000e+04
5.162000000000000000e+04
5.162000000000000000e+04
5.286500000000000000e+04
5.286500000000000000e+04
5.286500000000000000e+04
5.377100000000000000e+04
5.377100000000000000e+04
5.377100000000000000e+04
5.377100000000000000e+04
5.497300000000000000e+04
5.497300000000000000e+04
5.497300000000000000e+04
5.621700000000000000e+04
5.621700000000000000e+04
5.621700000000000000e+04
5.621700000000000000e+04
5.809500000000000000e+04
5.809500000000000000e+04
5.809500000000000000e+04
5.948000000000000000e+04
5.948000000000000000e+04
5.948000000000000000e+04
5.948000000000000000e+04
6.145700000000000000e+04
6.145700000000000000e+04
6.145700000000000000e+04
6.324700000000000000e+04
6.324700000000000000e+04
6.324700000000000000e+04
6.324700000000000000e+04
6.580800000000000000e+04
6.580800000000000000e+04
6.580800000000000000e+04
6.749200000000000000e+04
6.749200000000000000e+04
6.749200000000000000e+04
6.749200000000000000e+04
6.968000000000000000e+04
6.968000000000000000e+04
6.968000000000000000e+04
7.144300000000000000e+04
7.144300000000000000e+04
7.144300000000000000e+04
7.144300000000000000e+04
7.397700000000000000e+04
7.397700000000000000e+04
7.397700000000000000e+04
7.538800000000000000e+04
7.538800000000000000e+04
7.538800000000000000e+04
7.538800000000000000e+04
8.015300000000000000e+04
8.015300000000000000e+04
8.015300000000000000e+04
8.613300000000000000e+04
8.613300000000000000e+04
8.613300000000000000e+04
8.613300000000000000e+04
9.190200000000000000e+04
9.190200000000000000e+04
9.190200000000000000e+04
9.765700000000000000e+04
9.765700000000000000e+04
9.765700000000000000e+04
9.765700000000000000e+04
1.021240000000000000e+05
1.021240000000000000e+05
1.021240000000000000e+05
1.066900000000000000e+05
1.066900000000000000e+05
1.066900000000000000e+05
1.066900000000000000e+05
