0.000000000000000000e+00
0.000000000000000000e+00
0.000000000000000000e+00
0.000000000000000000e+00
0.000000000000000000e+00
0.000000000000000000e+00
0.000000000000000000e+00
0.000000000000000000e+00
0.000000000000000000e+00
0.000000000000000000e+00
0.000000000000000000e+00
0.000000000000000000e+00
0.000000000000000000e+00
0.000000000000000000e+00
0.000000000000000000e+00
0.000000000000000000e+00
0.000000000000000000e+00
0.000000000000000000e+00
0.000000000000000000e+00
0.000000000000000000e+00
0.000000000000000000e+00
0.000000000000000000e+00
0.000000000000000000e+00
0.000000000000000000e+00
0.000000000000000000e+00
0.000000000000000000e+00
0.000000000000000000e+00
0.000000000000000000e+00
0.000000000000000000e+00
0.000000000000000000e+00
0.000000000000000000e+00
0.000000000000000000e+00
0.000000000000000000e+00
0.000000000000000000e+00
0.000000000000000000e+00
0.000000000000000000e+00
0.000000000000000000e+00
0.000000000000000000e+00
0.000000000000000000e+00
0.000000000000000000e+00
0.000000000000000000e+00
0.000000000000000000e+00
0.000000000000000000e+00
0.000000000000000000e+00
0.000000000000000000e+00
0.000000000000000000e+00
0.000000000000000000e+00
0.000000000000000000e+00
0.000000000000000000e+00
0.000000000000000000e+00
0.000000000000000000e+00
0.000000000000000000e+00
1.000000000000000000e+00
1.000000000000000000e+00
1.000000000000000000e+00
1.000000000000000000e+00
1.000000000000000000e+00
1.000000000000000000e+00
3.000000000000000000e+00
4.000000000000000000e+00
5.000000000000000000e+00
5.000000000000000000e+00
6.000000000000000000e+00
6.000000000000000000e+00
7.000000000000000000e+00
7.000000000000000000e+00
7.000000000000000000e+00
7.000000000000000000e+00
7.000000000000000000e+00
1.600000000000000000e+01
1.800000000000000000e+01
2.100000000000000000e+01
2.100000000000000000e+01
2.100000000000000000e+01
2.100000000000000000e+01
2.400000000000000000e+01
3.000000000000000000e+01
3.400000000000000000e+01
4.400000000000000000e+01
4.400000000000000000e+01
4.600000000000000000e+01
4.900000000000000000e+01
5.700000000000000000e+01
5.700000000000000000e+01
8.000000000000000000e+01
8.000000000000000000e+01
1.080000000000000000e+02
1.080000000000000000e+02
1.090000000000000000e+02
1.200000000000000000e+02
1.560000000000000000e+02
1.660000000000000000e+02
1.670000000000000000e+02
1.720000000000000000e+02
1.760000000000000000e+02
1.760000000000000000e+02
2.110000000000000000e+02
2.380000000000000000e+02
2.760000000000000000e+02
2.760000000000000000e+02
2.760000000000000000e+02
3.350000000000000000e+02
3.350000000000000000e+02
3.670000000000000000e+02
3.970000000000000000e+02
3.970000000000000000e+02
5.040000000000000000e+02
6.200000000000000000e+02
6.610000000000000000e+02
6.610000000000000000e+02
8.020000000000000000e+02
8.630000000000000000e+02
1.004000000000000000e+03
1.104000000000000000e+03
1.209000000000000000e+03
1.320000000000000000e+03
1.320000000000000000e+03
1.432000000000000000e+03
1.502000000000000000e+03
1.567000000000000000e+03
1.567000000000000000e+03
1.728000000000000000e+03
1.934000000000000000e+03
1.934000000000000000e+03
2.135000000000000000e+03
2.238000000000000000e+03
2.319000000000000000e+03
2.431000000000000000e+03
2.613000000000000000e+03
2.655000000000000000e+03
2.655000000000000000e+03
2.655000000000000000e+03
2.803000000000000000e+03
2.902000000000000000e+03
2.955000000000000000e+03
3.101000000000000000e+03
3.101000000000000000e+03
3.101000000000000000e+03
3.101000000000000000e+03
3.247000000000000000e+03
3.375000000000000000e+03
3.463000000000000000e+03
3.463000000000000000e+03
3.463000000000000000e+03
3.463000000000000000e+03
4.033000000000000000e+03
4.114000000000000000e+03
4.229000000000000000e+03
4.340000000000000000e+03
4.428000000000000000e+03
4.428000000000000000e+03
4.428000000000000000e+03
4.739000000000000000e+03
4.849000000000000000e+03
4.956000000000000000e+03
5.087000000000000000e+03
5.209000000000000000e+03
5.209000000000000000e+03
5.209000000000000000e+03
5.394000000000000000e+03
5.394000000000000000e+03
5.513000000000000000e+03
5.513000000000000000e+03
5.620000000000000000e+03
5.620000000000000000e+03
5.620000000000000000e+03
5.743000000000000000e+03
5.743000000000000000e+03
5.871000000000000000e+03
5.871000000000000000e+03
5.942000000000000000e+03
5.942000000000000000e+03
5.942000000000000000e+03
6.026000000000000000e+03
6.026000000000000000e+03
6.121000000000000000e+03
6.121000000000000000e+03
6.315000000000000000e+03
6.315000000000000000e+03
6.315000000000000000e+03
6.433000000000000000e+03
6.433000000000000000e+03
6.588000000000000000e+03
6.588000000000000000e+03
6.984000000000000000e+03
6.984000000000000000e+03
6.984000000000000000e+03
7.189000000000000000e+03
7.189000000000000000e+03
7.352000000000000000e+03
7.352000000000000000e+03
7.352000000000000000e+03
7.531000000000000000e+03
7.531000000000000000e+03
7.646000000000000000e+03
7.646000000000000000e+03
7.787000000000000000e+03
7.787000000000000000e+03
7.923000000000000000e+03
7.923000000000000000e+03
7.923000000000000000e+03
8.006000000000000000e+03
8.006000000000000000e+03
8.077000000000000000e+03
8.077000000000000000e+03
8.225000000000000000e+03
8.225000000000000000e+03
8.225000000000000000e+03
8.270000000000000000e+03
8.270000000000000000e+03
8.319000000000000000e+03
8.319000000000000000e+03
8.388000000000000000e+03
8.388000000000000000e+03
8.388000000000000000e+03
8.409000000000000000e+03
8.409000000000000000e+03
8.468000000000000000e+03
8.468000000000000000e+03
8.505000000000000000e+03
8.505000000000000000e+03
8.505000000000000000e+03
8.533000000000000000e+03
8.533000000000000000e+03
8.538000000000000000e+03
8.538000000000000000e+03
8.601000000000000000e+03
8.601000000000000000e+03
8.601000000000000000e+03
8.608000000000000000e+03
8.608000000000000000e+03
8.621000000000000000e+03
8.621000000000000000e+03
8.643000000000000000e+03
8.643000000000000000e+03
8.643000000000000000e+03
8.654000000000000000e+03
8.654000000000000000e+03
8.678000000000000000e+03
8.678000000000000000e+03
8.696000000000000000e+03
8.696000000000000000e+03
8.696000000000000000e+03
8.704000000000000000e+03
8.704000000000000000e+03
8.716000000000000000e+03
8.716000000000000000e+03
8.728000000000000000e+03
8.728000000000000000e+03
8.728000000000000000e+03
8.728000000000000000e+03
8.752000000000000000e+03
8.766000000000000000e+03
8.766000000000000000e+03
8.797000000000000000e+03
8.797000000000000000e+03
8.797000000000000000e+03
8.808000000000000000e+03
8.808000000000000000e+03
8.815000000000000000e+03
8.815000000000000000e+03
8.835000000000000000e+03
8.835000000000000000e+03
8.835000000000000000e+03
8.860000000000000000e+03
8.860000000000000000e+03
8.869000000000000000e+03
8.869000000000000000e+03
8.881000000000000000e+03
8.881000000000000000e+03
8.881000000000000000e+03
8.884000000000000000e+03
8.884000000000000000e+03
8.901000000000000000e+03
8.901000000000000000e+03
8.919000000000000000e+03
8.919000000000000000e+03
8.919000000000000000e+03
8.937000000000000000e+03
8.937000000000000000e+03
8.957000000000000000e+03
8.957000000000000000e+03
8.968000000000000000e+03
8.968000000000000000e+03
8.968000000000000000e+03
8.984000000000000000e+03
8.984000000000000000e+03
9.005000000000000000e+03
9.005000000000000000e+03
9.022000000000000000e+03
9.022000000000000000e+03
9.022000000000000000e+03
9.029000000000000000e+03
9.029000000000000000e+03
9.048000000000000000e+03
9.048000000000000000e+03
9.062000000000000000e+03
9.062000000000000000e+03
9.062000000000000000e+03
9.084000000000000000e+03
9.084000000000000000e+03
9.084000000000000000e+03
9.116000000000000000e+03
9.131000000000000000e+03
9.131000000000000000e+03
9.131000000000000000e+03
9.150000000000000000e+03
9.150000000000000000e+03
9.173000000000000000e+03
9.173000000000000000e+03
9.191000000000000000e+03
9.191000000000000000e+03
9.191000000000000000e+03
9.214000000000000000e+03
9.214000000000000000e+03
9.239000000000000000e+03
9.239000000000000000e+03
9.254000000000000000e+03
9.254000000000000000e+03
9.254000000000000000e+03
9.278000000000000000e+03
9.278000000000000000e+03
9.300000000000000000e+03
9.300000000000000000e+03
9.330000000000000000e+03
9.330000000000000000e+03
9.330000000000000000e+03
9.351000000000000000e+03
9.351000000000000000e+03
9.373000000000000000e+03
9.373000000000000000e+03
9.400000000000000000e+03
9.400000000000000000e+03
9.400000000000000000e+03
9.420000000000000000e+03
9.420000000000000000e+03
9.469000000000000000e+03
9.469000000000000000e+03
9.497000000000000000e+03
9.497000000000000000e+03
9.497000000000000000e+03
9.510000000000000000e+03
9.510000000000000000e+03
9.571000000000000000e+03
9.571000000000000000e+03
9.571000000000000000e+03
9.571000000000000000e+03
9.571000000000000000e+03
9.605000000000000000e+03
9.605000000000000000e+03
9.641000000000000000e+03
9.641000000000000000e+03
9.694000000000000000e+03
9.694000000000000000e+03
9.694000000000000000e+03
9.740000000000000000e+03
9.740000000000000000e+03
9.819000000000000000e+03
9.819000000000000000e+03
9.899000000000000000e+03
9.899000000000000000e+03
9.899000000000000000e+03
1.001900000000000000e+04
1.001900000000000000e+04
1.012000000000000000e+04
1.012000000000000000e+04
1.027800000000000000e+04
1.027800000000000000e+04
1.027800000000000000e+04
1.041100000000000000e+04
1.041100000000000000e+04
1.053600000000000000e+04
1.053600000000000000e+04
1.074800000000000000e+04
1.074800000000000000e+04
1.074800000000000000e+04
1.095200000000000000e+04
1.095200000000000000e+04
1.112900000000000000e+04
1.112900000000000000e+04
1.145700000000000000e+04
1.145700000000000000e+04
1.145700000000000000e+04
1.183600000000000000e+04
1.183600000000000000e+04
1.217100000000000000e+04
1.217100000000000000e+04
1.257700000000000000e+04
1.257700000000000000e+04
1.257700000000000000e+04
1.286500000000000000e+04
1.286500000000000000e+04
1.310700000000000000e+04
1.310700000000000000e+04
1.355300000000000000e+04
1.355300000000000000e+04
1.355300000000000000e+04
1.388400000000000000e+04
1.388400000000000000e+04
1.423400000000000000e+04
1.423400000000000000e+04
1.456400000000000000e+04
1.456400000000000000e+04
1.456400000000000000e+04
1.484900000000000000e+04
1.484900000000000000e+04
1.525400000000000000e+04
1.525400000000000000e+04
1.525400000000000000e+04
1.562500000000000000e+04
1.562500000000000000e+04
1.601500000000000000e+04
1.601500000000000000e+04
1.631300000000000000e+04
1.631300000000000000e+04
1.666000000000000000e+04
1.666000000000000000e+04
1.666000000000000000e+04
1.694500000000000000e+04
1.694500000000000000e+04
1.729700000000000000e+04
1.729700000000000000e+04
1.771100000000000000e+04
1.771100000000000000e+04
1.771100000000000000e+04
1.807800000000000000e+04
1.807800000000000000e+04
1.842600000000000000e+04
1.842600000000000000e+04
1.842600000000000000e+04
1.877700000000000000e+04
1.877700000000000000e+04
1.914000000000000000e+04
1.914000000000000000e+04
1.955000000000000000e+04
1.955000000000000000e+04
1.986300000000000000e+04
1.986300000000000000e+04
1.986300000000000000e+04
1.986300000000000000e+04
1.986300000000000000e+04
2.026500000000000000e+04
2.026500000000000000e+04
2.063600000000000000e+04
2.063600000000000000e+04
2.063600000000000000e+04
2.097100000000000000e+04
2.097100000000000000e+04
2.156600000000000000e+04
2.156600000000000000e+04
2.156600000000000000e+04
2.185800000000000000e+04
2.185800000000000000e+04
2.203200000000000000e+04
2.203200000000000000e+04
2.222800000000000000e+04
2.222800000000000000e+04
2.243300000000000000e+04
2.243300000000000000e+04
2.243300000000000000e+04
2.256800000000000000e+04
2.256800000000000000e+04
2.256800000000000000e+04
2.281800000000000000e+04
2.307500000000000000e+04
2.307500000000000000e+04
2.307500000000000000e+04
2.320100000000000000e+04
2.320100000000000000e+04
2.320100000000000000e+04
2.320100000000000000e+04
2.331100000000000000e+04
2.343200000000000000e+04
2.343200000000000000e+04
2.356500000000000000e+04
2.356500000000000000e+04
2.373400000000000000e+04
2.373400000000000000e+04
2.379900000000000000e+04
2.379900000000000000e+04
2.379900000000000000e+04
2.390900000000000000e+04
2.390900000000000000e+04
2.403900000000000000e+04
2.403900000000000000e+04
2.410700000000000000e+04
2.410700000000000000e+04
2.410700000000000000e+04
2.410700000000000000e+04
2.419100000000000000e+04
2.425200000000000000e+04
2.425200000000000000e+04
2.436500000000000000e+04
2.436500000000000000e+04
2.436500000000000000e+04
2.442900000000000000e+04
2.442900000000000000e+04
2.442900000000000000e+04
2.442900000000000000e+04
2.459100000000000000e+04
2.459100000000000000e+04
2.459100000000000000e+04
2.459100000000000000e+04
2.465100000000000000e+04
2.469600000000000000e+04
2.469600000000000000e+04
2.473600000000000000e+04
2.473600000000000000e+04
2.473600000000000000e+04
2.475500000000000000e+04
2.475500000000000000e+04
2.483200000000000000e+04
2.483200000000000000e+04
2.483200000000000000e+04
2.486400000000000000e+04
2.486400000000000000e+04
2.486400000000000000e+04
2.488500000000000000e+04
2.495800000000000000e+04
2.495800000000000000e+04
2.498400000000000000e+04
2.498400000000000000e+04
2.498400000000000000e+04
2.498400000000000000e+04
2.498400000000000000e+04
2.498400000000000000e+04
2.505400000000000000e+04
2.507600000000000000e+04
2.507600000000000000e+04
2.507600000000000000e+04
2.510600000000000000e+04
2.510600000000000000e+04
2.513300000000000000e+04
2.513300000000000000e+04
2.516400000000000000e+04
2.516400000000000000e+04
2.516400000000000000e+04
2.519800000000000000e+04
2.519800000000000000e+04
2.524500000000000000e+04
2.524500000000000000e+04
2.526000000000000000e+04
2.526000000000000000e+04
2.526000000000000000e+04
2.528300000000000000e+04
2.528300000000000000e+04
2.530900000000000000e+04
2.530900000000000000e+04
2.532500000000000000e+04
2.532500000000000000e+04
2.532500000000000000e+04
2.534400000000000000e+04
2.534400000000000000e+04
2.537000000000000000e+04
2.537000000000000000e+04
2.538400000000000000e+04
2.538400000000000000e+04
2.538400000000000000e+04
