0.000000000000000000e+00
0.000000000000000000e+00
0.000000000000000000e+00
0.000000000000000000e+00
0.000000000000000000e+00
0.000000000000000000e+00
0.000000000000000000e+00
0.000000000000000000e+00
0.000000000000000000e+00
0.000000000000000000e+00
0.000000000000000000e+00
0.000000000000000000e+00
0.000000000000000000e+00
0.000000000000000000e+00
0.000000000000000000e+00
0.000000000000000000e+00
0.000000000000000000e+00
0.000000000000000000e+00
0.000000000000000000e+00
0.000000000000000000e+00
0.000000000000000000e+00
0.000000000000000000e+00
0.000000000000000000e+00
0.000000000000000000e+00
0.000000000000000000e+00
0.000000000000000000e+00
0.000000000000000000e+00
0.000000000000000000e+00
0.000000000000000000e+00
0.000000000000000000e+00
0.000000000000000000e+00
0.000000000000000000e+00
0.000000000000000000e+00
0.000000000000000000e+00
0.000000000000000000e+00
0.000000000000000000e+00
0.000000000000000000e+00
0.000000000000000000e+00
0.000000000000000000e+00
0.000000000000000000e+00
0.000000000000000000e+00
0.000000000000000000e+00
0.000000000000000000e+00
0.000000000000000000e+00
0.000000000000000000e+00
0.000000000000000000e+00
0.000000000000000000e+00
0.000000000000000000e+00
0.000000000000000000e+00
0.000000000000000000e+00
0.000000000000000000e+00
0.000000000000000000e+00
0.000000000000000000e+00
0.000000000000000000e+00
0.000000000000000000e+00
0.000000000000000000e+00
0.000000000000000000e+00
0.000000000000000000e+00
0.000000000000000000e+00
0.000000000000000000e+00
0.000000000000000000e+00
0.000000000000000000e+00
0.000000000000000000e+00
0.000000000000000000e+00
0.000000000000000000e+00
0.000000000000000000e+00
0.000000000000000000e+00
0.000000000000000000e+00
0.000000000000000000e+00
2.000000000000000000e+00
2.000000000000000000e+00
3.000000000000000000e+00
3.000000000000000000e+00
3.000000000000000000e+00
3.000000000000000000e+00
3.000000000000000000e+00
3.000000000000000000e+00
3.000000000000000000e+00
3.000000000000000000e+00
3.000000000000000000e+00
5.000000000000000000e+00
5.000000000000000000e+00
5.000000000000000000e+00
5.000000000000000000e+00
5.000000000000000000e+00
5.000000000000000000e+00
5.000000000000000000e+00
5.000000000000000000e+00
5.000000000000000000e+00
5.000000000000000000e+00
5.000000000000000000e+00
1.100000000000000000e+01
1.100000000000000000e+01
1.100000000000000000e+01
1.100000000000000000e+01
1.100000000000000000e+01
1.100000000000000000e+01
1.100000000000000000e+01
1.100000000000000000e+01
1.100000000000000000e+01
1.100000000000000000e+01
1.500000000000000000e+01
1.500000000000000000e+01
1.500000000000000000e+01
1.500000000000000000e+01
1.500000000000000000e+01
1.500000000000000000e+01
1.500000000000000000e+01
1.500000000000000000e+01
1.500000000000000000e+01
1.500000000000000000e+01
1.500000000000000000e+01
1.500000000000000000e+01
1.500000000000000000e+01
1.500000000000000000e+01
1.500000000000000000e+01
2.300000000000000000e+01
4.200000000000000000e+01
4.200000000000000000e+01
4.200000000000000000e+01
4.200000000000000000e+01
4.200000000000000000e+01
4.200000000000000000e+01
4.200000000000000000e+01
4.200000000000000000e+01
4.200000000000000000e+01
4.200000000000000000e+01
4.200000000000000000e+01
4.200000000000000000e+01
6.300000000000000000e+01
6.300000000000000000e+01
6.300000000000000000e+01
6.300000000000000000e+01
6.300000000000000000e+01
6.300000000000000000e+01
6.300000000000000000e+01
8.300000000000000000e+01
8.300000000000000000e+01
8.300000000000000000e+01
8.300000000000000000e+01
8.300000000000000000e+01
8.500000000000000000e+01
8.500000000000000000e+01
8.500000000000000000e+01
8.500000000000000000e+01
8.500000000000000000e+01
1.040000000000000000e+02
1.040000000000000000e+02
1.040000000000000000e+02
1.040000000000000000e+02
1.040000000000000000e+02
1.440000000000000000e+02
1.440000000000000000e+02
1.440000000000000000e+02
1.440000000000000000e+02
1.440000000000000000e+02
1.440000000000000000e+02
1.700000000000000000e+02
1.700000000000000000e+02
1.700000000000000000e+02
1.700000000000000000e+02
1.700000000000000000e+02
1.700000000000000000e+02
1.910000000000000000e+02
1.910000000000000000e+02
1.910000000000000000e+02
1.910000000000000000e+02
1.910000000000000000e+02
1.910000000000000000e+02
1.910000000000000000e+02
1.910000000000000000e+02
1.910000000000000000e+02
1.910000000000000000e+02
2.690000000000000000e+02
2.690000000000000000e+02
2.690000000000000000e+02
3.030000000000000000e+02
3.100000000000000000e+02
3.100000000000000000e+02
3.100000000000000000e+02
3.220000000000000000e+02
3.280000000000000000e+02
3.280000000000000000e+02
3.450000000000000000e+02
3.450000000000000000e+02
3.610000000000000000e+02
3.610000000000000000e+02
3.780000000000000000e+02
3.780000000000000000e+02
3.870000000000000000e+02
3.870000000000000000e+02
3.870000000000000000e+02
3.950000000000000000e+02
3.950000000000000000e+02
3.950000000000000000e+02
3.950000000000000000e+02
3.950000000000000000e+02
4.000000000000000000e+02
4.000000000000000000e+02
4.050000000000000000e+02
4.080000000000000000e+02
4.080000000000000000e+02
4.080000000000000000e+02
4.090000000000000000e+02
4.100000000000000000e+02
4.120000000000000000e+02
4.120000000000000000e+02
4.130000000000000000e+02
4.130000000000000000e+02
4.160000000000000000e+02
4.220000000000000000e+02
4.220000000000000000e+02
4.260000000000000000e+02
4.290000000000000000e+02
4.300000000000000000e+02
4.300000000000000000e+02
4.300000000000000000e+02
4.300000000000000000e+02
4.310000000000000000e+02
4.330000000000000000e+02
4.450000000000000000e+02
4.450000000000000000e+02
4.450000000000000000e+02
4.450000000000000000e+02
4.480000000000000000e+02
4.480000000000000000e+02
4.510000000000000000e+02
4.600000000000000000e+02
4.620000000000000000e+02
4.660000000000000000e+02
4.660000000000000000e+02
4.660000000000000000e+02
4.690000000000000000e+02
4.690000000000000000e+02
4.710000000000000000e+02
4.720000000000000000e+02
4.720000000000000000e+02
4.720000000000000000e+02
4.720000000000000000e+02
4.730000000000000000e+02
4.730000000000000000e+02
4.730000000000000000e+02
4.730000000000000000e+02
4.740000000000000000e+02
4.740000000000000000e+02
4.760000000000000000e+02
4.770000000000000000e+02
4.830000000000000000e+02
4.850000000000000000e+02
4.850000000000000000e+02
5.020000000000000000e+02
5.060000000000000000e+02
5.080000000000000000e+02
5.100000000000000000e+02
5.130000000000000000e+02
5.130000000000000000e+02
5.130000000000000000e+02
5.140000000000000000e+02
5.140000000000000000e+02
5.150000000000000000e+02
5.150000000000000000e+02
5.150000000000000000e+02
5.170000000000000000e+02
5.240000000000000000e+02
5.250000000000000000e+02
5.290000000000000000e+02
5.290000000000000000e+02
5.290000000000000000e+02
5.310000000000000000e+02
5.360000000000000000e+02
5.420000000000000000e+02
5.490000000000000000e+02
5.500000000000000000e+02
5.500000000000000000e+02
5.510000000000000000e+02
5.530000000000000000e+02
5.550000000000000000e+02
5.570000000000000000e+02
5.570000000000000000e+02
5.580000000000000000e+02
5.590000000000000000e+02
5.600000000000000000e+02
5.820000000000000000e+02
5.850000000000000000e+02
5.890000000000000000e+02
5.890000000000000000e+02
5.970000000000000000e+02
6.060000000000000000e+02
6.060000000000000000e+02
6.060000000000000000e+02
6.120000000000000000e+02
6.120000000000000000e+02
6.140000000000000000e+02
6.150000000000000000e+02
6.200000000000000000e+02
6.230000000000000000e+02
6.240000000000000000e+02
6.270000000000000000e+02
6.280000000000000000e+02
6.300000000000000000e+02
6.310000000000000000e+02
6.410000000000000000e+02
6.410000000000000000e+02
6.490000000000000000e+02
6.560000000000000000e+02
6.620000000000000000e+02
6.640000000000000000e+02
6.730000000000000000e+02
6.730000000000000000e+02
6.770000000000000000e+02
6.810000000000000000e+02
6.810000000000000000e+02
6.810000000000000000e+02
6.880000000000000000e+02
6.890000000000000000e+02
6.890000000000000000e+02
6.920000000000000000e+02
6.920000000000000000e+02
6.940000000000000000e+02
6.940000000000000000e+02
6.980000000000000000e+02
7.160000000000000000e+02
7.200000000000000000e+02
7.200000000000000000e+02
7.230000000000000000e+02
7.280000000000000000e+02
7.290000000000000000e+02
7.290000000000000000e+02
7.350000000000000000e+02
7.410000000000000000e+02
7.510000000000000000e+02
7.510000000000000000e+02
7.610000000000000000e+02
7.610000000000000000e+02
7.620000000000000000e+02
7.620000000000000000e+02
7.730000000000000000e+02
7.730000000000000000e+02
7.860000000000000000e+02
7.860000000000000000e+02
8.040000000000000000e+02
8.040000000000000000e+02
8.090000000000000000e+02
8.090000000000000000e+02
8.180000000000000000e+02
8.220000000000000000e+02
8.220000000000000000e+02
8.330000000000000000e+02
8.420000000000000000e+02
8.420000000000000000e+02
8.840000000000000000e+02
8.850000000000000000e+02
8.850000000000000000e+02
8.850000000000000000e+02
9.860000000000000000e+02
1.019000000000000000e+03
1.019000000000000000e+03
1.062000000000000000e+03
1.103000000000000000e+03
1.150000000000000000e+03
1.185000000000000000e+03
1.236000000000000000e+03
1.245000000000000000e+03
1.253000000000000000e+03
1.322000000000000000e+03
1.358000000000000000e+03
1.380000000000000000e+03
1.438000000000000000e+03
1.472000000000000000e+03
1.479000000000000000e+03
1.481000000000000000e+03
1.542000000000000000e+03
1.584000000000000000e+03
1.604000000000000000e+03
1.613000000000000000e+03
1.632000000000000000e+03
1.635000000000000000e+03
1.641000000000000000e+03
1.664000000000000000e+03
1.686000000000000000e+03
1.698000000000000000e+03
1.717000000000000000e+03
1.723000000000000000e+03
1.728000000000000000e+03
1.730000000000000000e+03
1.751000000000000000e+03
1.771000000000000000e+03
1.797000000000000000e+03
1.824000000000000000e+03
1.824000000000000000e+03
1.849000000000000000e+03
1.855000000000000000e+03
1.895000000000000000e+03
1.928000000000000000e+03
1.955000000000000000e+03
1.983000000000000000e+03
2.031000000000000000e+03
2.034000000000000000e+03
2.041000000000000000e+03
2.069000000000000000e+03
2.106000000000000000e+03
2.143000000000000000e+03
2.181000000000000000e+03
2.209000000000000000e+03
2.217000000000000000e+03
2.224000000000000000e+03
2.240000000000000000e+03
2.268000000000000000e+03
2.283000000000000000e+03
2.299000000000000000e+03
2.319000000000000000e+03
2.334000000000000000e+03
2.339000000000000000e+03
2.369000000000000000e+03
2.396000000000000000e+03
2.420000000000000000e+03
2.441000000000000000e+03
2.461000000000000000e+03
2.461000000000000000e+03
2.461000000000000000e+03
2.461000000000000000e+03
2.542000000000000000e+03
2.563000000000000000e+03
2.563000000000000000e+03
2.613000000000000000e+03
2.618000000000000000e+03
2.628000000000000000e+03
2.657000000000000000e+03
2.657000000000000000e+03
2.657000000000000000e+03
2.657000000000000000e+03
2.757000000000000000e+03
2.757000000000000000e+03
2.757000000000000000e+03
2.810000000000000000e+03
2.842000000000000000e+03
2.842000000000000000e+03
2.911000000000000000e+03
2.911000000000000000e+03
2.964000000000000000e+03
2.970000000000000000e+03
3.017000000000000000e+03
3.027000000000000000e+03
3.078000000000000000e+03
3.119000000000000000e+03
3.154000000000000000e+03
3.154000000000000000e+03
3.262000000000000000e+03
3.333000000000000000e+03
3.424000000000000000e+03
3.477000000000000000e+03
3.477000000000000000e+03
3.477000000000000000e+03
3.477000000000000000e+03
3.643000000000000000e+03
3.706000000000000000e+03
3.732000000000000000e+03
3.759000000000000000e+03
3.805000000000000000e+03
3.853000000000000000e+03
3.874000000000000000e+03
3.884000000000000000e+03
3.941000000000000000e+03
3.985000000000000000e+03
3.995000000000000000e+03
4.018000000000000000e+03
4.038000000000000000e+03
4.046000000000000000e+03
4.052000000000000000e+03
4.069000000000000000e+03
4.093000000000000000e+03
4.132000000000000000e+03
4.149000000000000000e+03
4.177000000000000000e+03
4.200000000000000000e+03
4.208000000000000000e+03
4.233000000000000000e+03
4.261000000000000000e+03
4.282000000000000000e+03
4.290000000000000000e+03
4.329000000000000000e+03
4.347000000000000000e+03
4.353000000000000000e+03
4.382000000000000000e+03
4.418000000000000000e+03
4.451000000000000000e+03
4.494000000000000000e+03
4.494000000000000000e+03
4.546000000000000000e+03
4.568000000000000000e+03
4.592000000000000000e+03
4.650000000000000000e+03
4.669000000000000000e+03
4.715000000000000000e+03
4.754000000000000000e+03
4.790000000000000000e+03
4.803000000000000000e+03
4.828000000000000000e+03
4.844000000000000000e+03
4.861000000000000000e+03
4.881000000000000000e+03
4.905000000000000000e+03
4.925000000000000000e+03
4.925000000000000000e+03
4.942000000000000000e+03
4.960000000000000000e+03
4.975000000000000000e+03
4.995000000000000000e+03
5.013000000000000000e+03
5.026000000000000000e+03
5.037000000000000000e+03
5.082000000000000000e+03
5.098000000000000000e+03
5.121000000000000000e+03
5.121000000000000000e+03
5.121000000000000000e+03
5.242000000000000000e+03
5.273000000000000000e+03
5.300000000000000000e+03
5.334000000000000000e+03
5.348000000000000000e+03
5.348000000000000000e+03
5.348000000000000000e+03
5.423000000000000000e+03
5.428000000000000000e+03
5.452000000000000000e+03
5.482000000000000000e+03
5.494000000000000000e+03
5.494000000000000000e+03
5.494000000000000000e+03
5.521000000000000000e+03
5.535000000000000000e+03
5.559000000000000000e+03
5.585000000000000000e+03
5.608000000000000000e+03
5.608000000000000000e+03
5.608000000000000000e+03
5.686000000000000000e+03
5.706000000000000000e+03
5.723000000000000000e+03
5.764000000000000000e+03
5.802000000000000000e+03
5.802000000000000000e+03
5.802000000000000000e+03
5.894000000000000000e+03
5.942000000000000000e+03
5.996000000000000000e+03
6.018000000000000000e+03
6.128000000000000000e+03
6.128000000000000000e+03
6.128000000000000000e+03
6.573000000000000000e+03
6.573000000000000000e+03
6.715000000000000000e+03
6.865000000000000000e+03
7.080000000000000000e+03
7.080000000000000000e+03
7.080000000000000000e+03
