0.000000000000000000e+00
0.000000000000000000e+00
0.000000000000000000e+00
0.000000000000000000e+00
0.000000000000000000e+00
0.000000000000000000e+00
0.000000000000000000e+00
0.000000000000000000e+00
0.000000000000000000e+00
0.000000000000000000e+00
0.000000000000000000e+00
0.000000000000000000e+00
0.000000000000000000e+00
0.000000000000000000e+00
0.000000000000000000e+00
0.000000000000000000e+00
0.000000000000000000e+00
0.000000000000000000e+00
0.000000000000000000e+00
0.000000000000000000e+00
0.000000000000000000e+00
0.000000000000000000e+00
0.000000000000000000e+00
0.000000000000000000e+00
0.000000000000000000e+00
0.000000000000000000e+00
0.000000000000000000e+00
0.000000000000000000e+00
0.000000000000000000e+00
0.000000000000000000e+00
0.000000000000000000e+00
0.000000000000000000e+00
0.000000000000000000e+00
0.000000000000000000e+00
0.000000000000000000e+00
0.000000000000000000e+00
0.000000000000000000e+00
1.000000000000000000e+00
1.000000000000000000e+00
1.000000000000000000e+00
1.000000000000000000e+00
1.000000000000000000e+00
1.000000000000000000e+00
1.000000000000000000e+00
1.000000000000000000e+00
1.000000000000000000e+00
1.000000000000000000e+00
2.000000000000000000e+00
2.000000000000000000e+00
2.000000000000000000e+00
2.000000000000000000e+00
2.000000000000000000e+00
2.000000000000000000e+00
2.000000000000000000e+00
2.000000000000000000e+00
3.000000000000000000e+00
8.000000000000000000e+00
8.000000000000000000e+00
1.200000000000000000e+01
2.200000000000000000e+01
3.000000000000000000e+01
4.000000000000000000e+01
4.400000000000000000e+01
5.100000000000000000e+01
6.500000000000000000e+01
7.000000000000000000e+01
8.900000000000000000e+01
1.110000000000000000e+02
1.310000000000000000e+02
1.350000000000000000e+02
1.740000000000000000e+02
1.840000000000000000e+02
2.100000000000000000e+02
2.140000000000000000e+02
2.320000000000000000e+02
2.380000000000000000e+02
2.540000000000000000e+02
2.760000000000000000e+02
2.880000000000000000e+02
3.050000000000000000e+02
3.180000000000000000e+02
3.230000000000000000e+02
3.430000000000000000e+02
3.730000000000000000e+02
4.070000000000000000e+02
4.420000000000000000e+02
4.930000000000000000e+02
5.420000000000000000e+02
6.270000000000000000e+02
6.650000000000000000e+02
6.650000000000000000e+02
8.730000000000000000e+02
9.810000000000000000e+02
1.095000000000000000e+03
1.182000000000000000e+03
1.273000000000000000e+03
1.337000000000000000e+03
1.532000000000000000e+03
1.728000000000000000e+03
1.932000000000000000e+03
2.170000000000000000e+03
2.388000000000000000e+03
2.558000000000000000e+03
2.802000000000000000e+03
2.950000000000000000e+03
3.145000000000000000e+03
3.526000000000000000e+03
3.912000000000000000e+03
4.151000000000000000e+03
4.399000000000000000e+03
4.641000000000000000e+03
4.787000000000000000e+03
4.971000000000000000e+03
5.162000000000000000e+03
5.450000000000000000e+03
5.621000000000000000e+03
5.959000000000000000e+03
6.175000000000000000e+03
6.401000000000000000e+03
6.677000000000000000e+03
7.016000000000000000e+03
7.261000000000000000e+03
7.526000000000000000e+03
7.839000000000000000e+03
8.068000000000000000e+03
8.344000000000000000e+03
8.733000000000000000e+03
8.915000000000000000e+03
9.302000000000000000e+03
9.855000000000000000e+03
1.016200000000000000e+04
1.057800000000000000e+04
1.081900000000000000e+04
1.116600000000000000e+04
1.151600000000000000e+04
1.184400000000000000e+04
1.223300000000000000e+04
1.248600000000000000e+04
1.280100000000000000e+04
1.346400000000000000e+04
1.387300000000000000e+04
1.455400000000000000e+04
1.518100000000000000e+04
1.568200000000000000e+04
1.608500000000000000e+04
1.665800000000000000e+04
1.714800000000000000e+04
1.773500000000000000e+04
1.848000000000000000e+04
1.914700000000000000e+04
1.980800000000000000e+04
2.024400000000000000e+04
2.091900000000000000e+04
2.137100000000000000e+04
2.202000000000000000e+04
2.261400000000000000e+04
2.329800000000000000e+04
2.407700000000000000e+04
2.456700000000000000e+04
2.513300000000000000e+04
2.569400000000000000e+04
2.648400000000000000e+04
2.711000000000000000e+04
2.756400000000000000e+04
2.816700000000000000e+04
2.871100000000000000e+04
2.928600000000000000e+04
2.978900000000000000e+04
3.024900000000000000e+04
3.074800000000000000e+04
3.132300000000000000e+04
3.198700000000000000e+04
3.255800000000000000e+04
3.315300000000000000e+04
3.361600000000000000e+04
3.425900000000000000e+04
3.485400000000000000e+04
3.545400000000000000e+04
3.610700000000000000e+04
3.666300000000000000e+04
3.722500000000000000e+04
3.780100000000000000e+04
3.834400000000000000e+04
3.894800000000000000e+04
3.953900000000000000e+04
3.997700000000000000e+04
4.053200000000000000e+04
4.118000000000000000e+04
4.180400000000000000e+04
4.220800000000000000e+04
4.268900000000000000e+04
4.315100000000000000e+04
4.353700000000000000e+04
4.384100000000000000e+04
4.412900000000000000e+04
4.443300000000000000e+04
4.489000000000000000e+04
4.524400000000000000e+04
4.568700000000000000e+04
4.614000000000000000e+04
4.657700000000000000e+04
4.686700000000000000e+04
4.729000000000000000e+04
4.774300000000000000e+04
4.811600000000000000e+04
4.844500000000000000e+04
4.877000000000000000e+04
4.906800000000000000e+04
4.948500000000000000e+04
4.989500000000000000e+04
5.048800000000000000e+04
5.096400000000000000e+04
5.130400000000000000e+04
5.190500000000000000e+04
5.222700000000000000e+04
5.254800000000000000e+04
5.280000000000000000e+04
5.302100000000000000e+04
5.331700000000000000e+04
5.347700000000000000e+04
5.372700000000000000e+04
5.386500000000000000e+04
5.400800000000000000e+04
5.424700000000000000e+04
5.446300000000000000e+04
5.458800000000000000e+04
5.474300000000000000e+04
5.490500000000000000e+04
5.500500000000000000e+04
5.516000000000000000e+04
5.545600000000000000e+04
5.563200000000000000e+04
5.582900000000000000e+04
5.601700000000000000e+04
5.617700000000000000e+04
5.625600000000000000e+04
5.638800000000000000e+04
5.647800000000000000e+04
5.660400000000000000e+04
5.673500000000000000e+04
5.695600000000000000e+04
5.714500000000000000e+04
5.724200000000000000e+04
5.743700000000000000e+04
5.761300000000000000e+04
5.772400000000000000e+04
5.784900000000000000e+04
5.806200000000000000e+04
5.819800000000000000e+04
5.832400000000000000e+04
5.846000000000000000e+04
5.864700000000000000e+04
5.884800000000000000e+04
5.900100000000000000e+04
5.912700000000000000e+04
5.928700000000000000e+04
5.934500000000000000e+04
5.946500000000000000e+04
5.958300000000000000e+04
5.973800000000000000e+04
5.984100000000000000e+04
5.999200000000000000e+04
6.010300000000000000e+04
6.026600000000000000e+04
6.043000000000000000e+04
6.065500000000000000e+04
6.083400000000000000e+04
6.098200000000000000e+04
6.119400000000000000e+04
6.130700000000000000e+04
6.144000000000000000e+04
6.155800000000000000e+04
6.163000000000000000e+04
6.166700000000000000e+04
6.180500000000000000e+04
6.188200000000000000e+04
6.193000000000000000e+04
6.199200000000000000e+04
6.211100000000000000e+04
6.222400000000000000e+04
6.237100000000000000e+04
6.252100000000000000e+04
6.269100000000000000e+04
6.285300000000000000e+04
6.296400000000000000e+04
6.303600000000000000e+04
6.317300000000000000e+04
6.332800000000000000e+04
6.350800000000000000e+04
6.373100000000000000e+04
6.379000000000000000e+04
6.409000000000000000e+04
6.418400000000000000e+04
6.433600000000000000e+04
6.451600000000000000e+04
6.472800000000000000e+04
6.488400000000000000e+04
6.499600000000000000e+04
6.514800000000000000e+04
6.530500000000000000e+04
6.545700000000000000e+04
6.569300000000000000e+04
6.583900000000000000e+04
6.598200000000000000e+04
6.622800000000000000e+04
6.638300000000000000e+04
6.643900000000000000e+04
6.660700000000000000e+04
6.680500000000000000e+04
6.697400000000000000e+04
6.722000000000000000e+04
6.733000000000000000e+04
6.741200000000000000e+04
6.755700000000000000e+04
6.783800000000000000e+04
6.796000000000000000e+04
6.830300000000000000e+04
6.862700000000000000e+04
6.893700000000000000e+04
6.925500000000000000e+04
6.964500000000000000e+04
7.019500000000000000e+04
7.066900000000000000e+04
7.134400000000000000e+04
7.214000000000000000e+04
7.275700000000000000e+04
7.317500000000000000e+04
7.337400000000000000e+04
7.413200000000000000e+04
7.506200000000000000e+04
7.620700000000000000e+04
7.701300000000000000e+04
7.793300000000000000e+04
7.843400000000000000e+04
7.879000000000000000e+04
7.978900000000000000e+04
8.092200000000000000e+04
8.196300000000000000e+04
8.274700000000000000e+04
8.357600000000000000e+04
8.441400000000000000e+04
8.481100000000000000e+04
8.556000000000000000e+04
8.657600000000000000e+04
8.760700000000000000e+04
8.858700000000000000e+04
8.916300000000000000e+04
9.008000000000000000e+04
9.135100000000000000e+04
9.270500000000000000e+04
9.436900000000000000e+04
9.593400000000000000e+04
9.747800000000000000e+04
9.906300000000000000e+04
1.000870000000000000e+05
1.013310000000000000e+05
1.026010000000000000e+05
1.039990000000000000e+05
1.054780000000000000e+05
1.073450000000000000e+05
1.089430000000000000e+05
1.103870000000000000e+05
1.120040000000000000e+05
1.133050000000000000e+05
1.146910000000000000e+05
1.166550000000000000e+05
1.181380000000000000e+05
1.206020000000000000e+05
1.215660000000000000e+05
1.229960000000000000e+05
1.242990000000000000e+05
1.261600000000000000e+05
1.270240000000000000e+05
1.286740000000000000e+05
1.305570000000000000e+05
1.312420000000000000e+05
1.319180000000000000e+05
1.335520000000000000e+05
1.346900000000000000e+05
1.360300000000000000e+05
1.376540000000000000e+05
1.392420000000000000e+05
1.397480000000000000e+05
1.403910000000000000e+05
1.414470000000000000e+05
1.425780000000000000e+05
1.435160000000000000e+05
1.445210000000000000e+05
1.456640000000000000e+05
1.461840000000000000e+05
1.469280000000000000e+05
1.482960000000000000e+05
1.493690000000000000e+05
1.502460000000000000e+05
1.509080000000000000e+05
1.515530000000000000e+05
1.520740000000000000e+05
1.526160000000000000e+05
1.531870000000000000e+05
1.538420000000000000e+05
1.544760000000000000e+05
1.550760000000000000e+05
1.554170000000000000e+05
1.556570000000000000e+05
1.560170000000000000e+05
1.564960000000000000e+05
1.569600000000000000e+05
1.576710000000000000e+05
1.580420000000000000e+05
1.582370000000000000e+05
1.585060000000000000e+05
1.589060000000000000e+05
1.592520000000000000e+05
1.596460000000000000e+05
1.599330000000000000e+05
1.603320000000000000e+05
1.605370000000000000e+05
1.606570000000000000e+05
1.608950000000000000e+05
1.610740000000000000e+05
1.612610000000000000e+05
1.614090000000000000e+05
1.615390000000000000e+05
1.616510000000000000e+05
1.617370000000000000e+05
1.618680000000000000e+05
1.620760000000000000e+05
1.621780000000000000e+05
1.622750000000000000e+05
1.623880000000000000e+05
1.624890000000000000e+05
1.625930000000000000e+05
1.626410000000000000e+05
1.627620000000000000e+05
1.628910000000000000e+05
1.629970000000000000e+05
1.630630000000000000e+05
1.631130000000000000e+05
1.631950000000000000e+05
1.633300000000000000e+05
1.633880000000000000e+05
1.634980000000000000e+05
1.635810000000000000e+05
1.636520000000000000e+05
1.637360000000000000e+05
1.637990000000000000e+05
1.638370000000000000e+05
1.639110000000000000e+05
1.640000000000000000e+05
1.640800000000000000e+05
1.641470000000000000e+05
1.642070000000000000e+05
1.642330000000000000e+05
1.643030000000000000e+05
1.644230000000000000e+05
1.644880000000000000e+05
1.645880000000000000e+05
1.646330000000000000e+05
1.646840000000000000e+05
1.647190000000000000e+05
1.647560000000000000e+05
1.649120000000000000e+05
1.649930000000000000e+05
1.650550000000000000e+05
1.651100000000000000e+05
1.651100000000000000e+05
1.651530000000000000e+05
1.651990000000000000e+05
1.652150000000000000e+05
1.652730000000000000e+05
1.653010000000000000e+05
1.653400000000000000e+05
1.653700000000000000e+05
1.654190000000000000e+05
1.654680000000000000e+05
1.655150000000000000e+05
1.655590000000000000e+05
1.656120000000000000e+05
1.656610000000000000e+05
1.657020000000000000e+05
1.657090000000000000e+05
1.657780000000000000e+05
1.657780000000000000e+05
1.658520000000000000e+05
1.659010000000000000e+05
1.659440000000000000e+05
1.659790000000000000e+05
1.660190000000000000e+05
1.660610000000000000e+05
1.660980000000000000e+05
1.661460000000000000e+05
1.661910000000000000e+05
1.662540000000000000e+05
1.662850000000000000e+05
1.663150000000000000e+05
1.665180000000000000e+05
1.665340000000000000e+05
1.665600000000000000e+05
1.666820000000000000e+05
1.667300000000000000e+05
1.667560000000000000e+05
1.667670000000000000e+05
1.668160000000000000e+05
1.669180000000000000e+05
1.669820000000000000e+05
1.669820000000000000e+05
1.670510000000000000e+05
1.670590000000000000e+05
1.670660000000000000e+05
1.670780000000000000e+05
1.670950000000000000e+05
1.671030000000000000e+05
1.671420000000000000e+05
1.671550000000000000e+05
1.672060000000000000e+05
1.672060000000000000e+05
1.672920000000000000e+05
1.673310000000000000e+05
1.673750000000000000e+05
1.674010000000000000e+05
1.674300000000000000e+05
1.674650000000000000e+05
1.674670000000000000e+05
1.675320000000000000e+05
1.675430000000000000e+05
1.676180000000000000e+05
1.676920000000000000e+05
1.677320000000000000e+05
1.678030000000000000e+05
1.678590000000000000e+05
1.679090000000000000e+05
1.680000000000000000e+05
1.681100000000000000e+05
1.682560000000000000e+05
1.684420000000000000e+05
1.685400000000000000e+05
1.685520000000000000e+05
1.687130000000000000e+05
1.688670000000000000e+05
1.689150000000000000e+05
1.690740000000000000e+05
1.692060000000000000e+05
1.693290000000000000e+05
1.695320000000000000e+05
1.696780000000000000e+05
1.698840000000000000e+05
1.698840000000000000e+05
1.703060000000000000e+05
1.703060000000000000e+05
1.708950000000000000e+05
1.711110000000000000e+05
1.713240000000000000e+05
1.717280000000000000e+05
1.722630000000000000e+05
1.728210000000000000e+05
1.734110000000000000e+05
1.739080000000000000e+05
1.743150000000000000e+05
