0.000000000000000000e+00
0.000000000000000000e+00
0.000000000000000000e+00
0.000000000000000000e+00
0.000000000000000000e+00
0.000000000000000000e+00
0.000000000000000000e+00
0.000000000000000000e+00
0.000000000000000000e+00
0.000000000000000000e+00
0.000000000000000000e+00
0.000000000000000000e+00
0.000000000000000000e+00
0.000000000000000000e+00
0.000000000000000000e+00
0.000000000000000000e+00
0.000000000000000000e+00
0.000000000000000000e+00
0.000000000000000000e+00
0.000000000000000000e+00
0.000000000000000000e+00
0.000000000000000000e+00
0.000000000000000000e+00
0.000000000000000000e+00
0.000000000000000000e+00
0.000000000000000000e+00
0.000000000000000000e+00
0.000000000000000000e+00
0.000000000000000000e+00
0.000000000000000000e+00
0.000000000000000000e+00
0.000000000000000000e+00
0.000000000000000000e+00
0.000000000000000000e+00
0.000000000000000000e+00
0.000000000000000000e+00
0.000000000000000000e+00
1.000000000000000000e+00
0.000000000000000000e+00
0.000000000000000000e+00
0.000000000000000000e+00
0.000000000000000000e+00
0.000000000000000000e+00
0.000000000000000000e+00
0.000000000000000000e+00
0.000000000000000000e+00
0.000000000000000000e+00
1.000000000000000000e+00
0.000000000000000000e+00
0.000000000000000000e+00
0.000000000000000000e+00
0.000000000000000000e+00
0.000000000000000000e+00
0.000000000000000000e+00
0.000000000000000000e+00
1.000000000000000000e+00
5.000000000000000000e+00
0.000000000000000000e+00
4.000000000000000000e+00
1.000000000000000000e+01
8.000000000000000000e+00
1.000000000000000000e+01
4.000000000000000000e+00
7.000000000000000000e+00
1.400000000000000000e+01
5.000000000000000000e+00
1.900000000000000000e+01
2.200000000000000000e+01
2.000000000000000000e+01
4.000000000000000000e+00
3.900000000000000000e+01
1.000000000000000000e+01
2.600000000000000000e+01
4.000000000000000000e+00
1.800000000000000000e+01
6.000000000000000000e+00
1.600000000000000000e+01
2.200000000000000000e+01
1.200000000000000000e+01
1.700000000000000000e+01
1.300000000000000000e+01
5.000000000000000000e+00
2.000000000000000000e+01
3.000000000000000000e+01
3.400000000000000000e+01
3.500000000000000000e+01
5.100000000000000000e+01
4.900000000000000000e+01
8.500000000000000000e+01
3.800000000000000000e+01
0.000000000000000000e+00
2.080000000000000000e+02
1.080000000000000000e+02
1.140000000000000000e+02
8.700000000000000000e+01
9.100000000000000000e+01
6.400000000000000000e+01
1.950000000000000000e+02
1.960000000000000000e+02
2.040000000000000000e+02
2.380000000000000000e+02
2.180000000000000000e+02
1.700000000000000000e+02
2.440000000000000000e+02
1.480000000000000000e+02
1.950000000000000000e+02
3.810000000000000000e+02
3.860000000000000000e+02
2.390000000000000000e+02
2.480000000000000000e+02
2.420000000000000000e+02
1.460000000000000000e+02
1.840000000000000000e+02
1.910000000000000000e+02
2.880000000000000000e+02
1.710000000000000000e+02
3.380000000000000000e+02
2.160000000000000000e+02
2.260000000000000000e+02
2.760000000000000000e+02
3.390000000000000000e+02
2.450000000000000000e+02
2.650000000000000000e+02
3.130000000000000000e+02
2.290000000000000000e+02
2.760000000000000000e+02
3.890000000000000000e+02
1.820000000000000000e+02
3.870000000000000000e+02
5.530000000000000000e+02
3.070000000000000000e+02
4.160000000000000000e+02
2.410000000000000000e+02
3.470000000000000000e+02
3.500000000000000000e+02
3.280000000000000000e+02
3.890000000000000000e+02
2.530000000000000000e+02
3.150000000000000000e+02
6.630000000000000000e+02
4.090000000000000000e+02
6.810000000000000000e+02
6.270000000000000000e+02
5.010000000000000000e+02
4.030000000000000000e+02
5.730000000000000000e+02
4.900000000000000000e+02
5.870000000000000000e+02
7.450000000000000000e+02
6.670000000000000000e+02
6.610000000000000000e+02
4.360000000000000000e+02
6.750000000000000000e+02
4.520000000000000000e+02
6.490000000000000000e+02
5.940000000000000000e+02
6.840000000000000000e+02
7.790000000000000000e+02
4.900000000000000000e+02
5.660000000000000000e+02
5.610000000000000000e+02
7.900000000000000000e+02
6.260000000000000000e+02
4.540000000000000000e+02
6.030000000000000000e+02
5.440000000000000000e+02
5.750000000000000000e+02
5.030000000000000000e+02
4.600000000000000000e+02
4.990000000000000000e+02
5.750000000000000000e+02
6.640000000000000000e+02
5.710000000000000000e+02
5.950000000000000000e+02
4.630000000000000000e+02
6.430000000000000000e+02
5.950000000000000000e+02
6.000000000000000000e+02
6.530000000000000000e+02
5.560000000000000000e+02
5.620000000000000000e+02
5.760000000000000000e+02
5.430000000000000000e+02
6.040000000000000000e+02
5.910000000000000000e+02
4.380000000000000000e+02
5.550000000000000000e+02
6.480000000000000000e+02
6.240000000000000000e+02
4.040000000000000000e+02
4.810000000000000000e+02
4.620000000000000000e+02
3.860000000000000000e+02
3.040000000000000000e+02
2.880000000000000000e+02
3.040000000000000000e+02
4.570000000000000000e+02
3.540000000000000000e+02
4.430000000000000000e+02
4.530000000000000000e+02
4.370000000000000000e+02
2.900000000000000000e+02
4.230000000000000000e+02
4.530000000000000000e+02
3.730000000000000000e+02
3.290000000000000000e+02
3.250000000000000000e+02
2.980000000000000000e+02
4.170000000000000000e+02
4.100000000000000000e+02
5.930000000000000000e+02
4.760000000000000000e+02
3.400000000000000000e+02
6.010000000000000000e+02
3.220000000000000000e+02
3.210000000000000000e+02
2.520000000000000000e+02
2.210000000000000000e+02
2.960000000000000000e+02
1.600000000000000000e+02
2.500000000000000000e+02
1.380000000000000000e+02
1.430000000000000000e+02
2.390000000000000000e+02
2.160000000000000000e+02
1.250000000000000000e+02
1.550000000000000000e+02
1.620000000000000000e+02
1.000000000000000000e+02
1.550000000000000000e+02
2.960000000000000000e+02
1.760000000000000000e+02
1.970000000000000000e+02
1.880000000000000000e+02
1.600000000000000000e+02
7.900000000000000000e+01
1.320000000000000000e+02
9.000000000000000000e+01
1.260000000000000000e+02
1.310000000000000000e+02
2.210000000000000000e+02
1.890000000000000000e+02
9.700000000000000000e+01
1.950000000000000000e+02
1.760000000000000000e+02
1.110000000000000000e+02
1.250000000000000000e+02
2.130000000000000000e+02
1.360000000000000000e+02
1.260000000000000000e+02
1.360000000000000000e+02
1.870000000000000000e+02
2.010000000000000000e+02
1.530000000000000000e+02
1.260000000000000000e+02
1.600000000000000000e+02
5.800000000000000000e+01
1.200000000000000000e+02
1.180000000000000000e+02
1.550000000000000000e+02
1.030000000000000000e+02
1.510000000000000000e+02
1.110000000000000000e+02
1.630000000000000000e+02
1.640000000000000000e+02
2.250000000000000000e+02
1.790000000000000000e+02
1.480000000000000000e+02
2.120000000000000000e+02
1.130000000000000000e+02
1.330000000000000000e+02
1.180000000000000000e+02
7.200000000000000000e+01
3.700000000000000000e+01
1.380000000000000000e+02
7.700000000000000000e+01
4.800000000000000000e+01
6.200000000000000000e+01
1.190000000000000000e+02
1.130000000000000000e+02
1.470000000000000000e+02
1.500000000000000000e+02
1.700000000000000000e+02
1.620000000000000000e+02
1.110000000000000000e+02
7.200000000000000000e+01
1.370000000000000000e+02
1.550000000000000000e+02
1.800000000000000000e+02
2.230000000000000000e+02
5.900000000000000000e+01
3.000000000000000000e+02
9.400000000000000000e+01
1.520000000000000000e+02
1.800000000000000000e+02
2.120000000000000000e+02
1.560000000000000000e+02
1.120000000000000000e+02
1.520000000000000000e+02
1.570000000000000000e+02
1.520000000000000000e+02
2.360000000000000000e+02
1.460000000000000000e+02
1.430000000000000000e+02
2.460000000000000000e+02
1.550000000000000000e+02
5.600000000000000000e+01
1.680000000000000000e+02
1.980000000000000000e+02
1.690000000000000000e+02
2.460000000000000000e+02
1.100000000000000000e+02
8.200000000000000000e+01
1.450000000000000000e+02
2.810000000000000000e+02
1.220000000000000000e+02
3.430000000000000000e+02
3.240000000000000000e+02
3.100000000000000000e+02
3.180000000000000000e+02
3.900000000000000000e+02
5.500000000000000000e+02
4.740000000000000000e+02
6.750000000000000000e+02
7.960000000000000000e+02
6.170000000000000000e+02
4.180000000000000000e+02
1.990000000000000000e+02
7.580000000000000000e+02
9.300000000000000000e+02
1.145000000000000000e+03
8.060000000000000000e+02
9.200000000000000000e+02
5.010000000000000000e+02
3.560000000000000000e+02
9.990000000000000000e+02
1.133000000000000000e+03
1.041000000000000000e+03
7.840000000000000000e+02
8.290000000000000000e+02
8.380000000000000000e+02
3.970000000000000000e+02
7.490000000000000000e+02
1.016000000000000000e+03
1.031000000000000000e+03
9.800000000000000000e+02
5.760000000000000000e+02
9.170000000000000000e+02
1.271000000000000000e+03
1.354000000000000000e+03
1.664000000000000000e+03
1.565000000000000000e+03
1.544000000000000000e+03
1.585000000000000000e+03
1.024000000000000000e+03
1.244000000000000000e+03
1.270000000000000000e+03
1.398000000000000000e+03
1.479000000000000000e+03
1.867000000000000000e+03
1.598000000000000000e+03
1.444000000000000000e+03
1.617000000000000000e+03
1.301000000000000000e+03
1.386000000000000000e+03
1.964000000000000000e+03
1.483000000000000000e+03
2.464000000000000000e+03
9.640000000000000000e+02
1.430000000000000000e+03
1.303000000000000000e+03
1.861000000000000000e+03
8.640000000000000000e+02
1.650000000000000000e+03
1.883000000000000000e+03
6.850000000000000000e+02
6.760000000000000000e+02
1.634000000000000000e+03
1.138000000000000000e+03
1.340000000000000000e+03
1.624000000000000000e+03
1.588000000000000000e+03
5.060000000000000000e+02
6.430000000000000000e+02
1.056000000000000000e+03
1.131000000000000000e+03
9.380000000000000000e+02
1.005000000000000000e+03
1.143000000000000000e+03
5.200000000000000000e+02
7.440000000000000000e+02
1.368000000000000000e+03
1.073000000000000000e+03
8.770000000000000000e+02
6.620000000000000000e+02
6.450000000000000000e+02
5.210000000000000000e+02
5.420000000000000000e+02
5.710000000000000000e+02
6.550000000000000000e+02
6.340000000000000000e+02
6.000000000000000000e+02
3.410000000000000000e+02
2.400000000000000000e+02
3.600000000000000000e+02
4.790000000000000000e+02
4.640000000000000000e+02
7.110000000000000000e+02
3.710000000000000000e+02
1.950000000000000000e+02
2.690000000000000000e+02
4.000000000000000000e+02
3.460000000000000000e+02
3.940000000000000000e+02
2.870000000000000000e+02
3.990000000000000000e+02
2.050000000000000000e+02
1.200000000000000000e+02
2.380000000000000000e+02
1.790000000000000000e+02
1.870000000000000000e+02
1.480000000000000000e+02
1.300000000000000000e+02
1.120000000000000000e+02
8.600000000000000000e+01
1.310000000000000000e+02
2.080000000000000000e+02
1.020000000000000000e+02
9.700000000000000000e+01
1.130000000000000000e+02
1.010000000000000000e+02
1.040000000000000000e+02
4.800000000000000000e+01
1.210000000000000000e+02
1.290000000000000000e+02
1.060000000000000000e+02
6.600000000000000000e+01
5.000000000000000000e+01
8.200000000000000000e+01
1.350000000000000000e+02
5.800000000000000000e+01
1.100000000000000000e+02
8.300000000000000000e+01
7.100000000000000000e+01
8.400000000000000000e+01
6.300000000000000000e+01
3.800000000000000000e+01
7.400000000000000000e+01
8.900000000000000000e+01
8.000000000000000000e+01
6.700000000000000000e+01
6.000000000000000000e+01
2.600000000000000000e+01
7.000000000000000000e+01
1.200000000000000000e+02
6.500000000000000000e+01
1.000000000000000000e+02
4.500000000000000000e+01
5.100000000000000000e+01
3.500000000000000000e+01
3.700000000000000000e+01
1.560000000000000000e+02
8.100000000000000000e+01
6.200000000000000000e+01
5.500000000000000000e+01
0.000000000000000000e+00
4.300000000000000000e+01
4.600000000000000000e+01
1.600000000000000000e+01
5.800000000000000000e+01
2.800000000000000000e+01
3.900000000000000000e+01
3.000000000000000000e+01
4.900000000000000000e+01
4.900000000000000000e+01
4.700000000000000000e+01
4.400000000000000000e+01
5.300000000000000000e+01
4.900000000000000000e+01
4.100000000000000000e+01
7.000000000000000000e+00
6.900000000000000000e+01
0.000000000000000000e+00
7.400000000000000000e+01
4.900000000000000000e+01
4.300000000000000000e+01
3.500000000000000000e+01
4.000000000000000000e+01
4.200000000000000000e+01
3.700000000000000000e+01
4.800000000000000000e+01
4.500000000000000000e+01
6.300000000000000000e+01
3.100000000000000000e+01
3.000000000000000000e+01
2.030000000000000000e+02
1.600000000000000000e+01
2.600000000000000000e+01
1.220000000000000000e+02
4.800000000000000000e+01
2.600000000000000000e+01
1.100000000000000000e+01
4.900000000000000000e+01
1.020000000000000000e+02
6.400000000000000000e+01
0.000000000000000000e+00
6.900000000000000000e+01
8.000000000000000000e+00
7.000000000000000000e+00
1.200000000000000000e+01
1.700000000000000000e+01
8.000000000000000000e+00
3.900000000000000000e+01
1.300000000000000000e+01
5.100000000000000000e+01
0.000000000000000000e+00
8.600000000000000000e+01
3.900000000000000000e+01
4.400000000000000000e+01
2.600000000000000000e+01
2.900000000000000000e+01
3.500000000000000000e+01
2.000000000000000000e+00
6.500000000000000000e+01
1.100000000000000000e+01
7.500000000000000000e+01
7.400000000000000000e+01
4.000000000000000000e+01
7.100000000000000000e+01
5.600000000000000000e+01
5.000000000000000000e+01
9.100000000000000000e+01
1.100000000000000000e+02
1.460000000000000000e+02
1.860000000000000000e+02
9.800000000000000000e+01
1.200000000000000000e+01
1.610000000000000000e+02
1.540000000000000000e+02
4.800000000000000000e+01
1.590000000000000000e+02
1.320000000000000000e+02
1.230000000000000000e+02
2.030000000000000000e+02
1.460000000000000000e+02
2.060000000000000000e+02
0.000000000000000000e+00
4.220000000000000000e+02
0.000000000000000000e+00
5.890000000000000000e+02
2.160000000000000000e+02
2.130000000000000000e+02
4.040000000000000000e+02
5.350000000000000000e+02
5.580000000000000000e+02
5.900000000000000000e+02
4.970000000000000000e+02
4.070000000000000000e+02
