0.000000000000000000e+00
0.000000000000000000e+00
0.000000000000000000e+00
0.000000000000000000e+00
0.000000000000000000e+00
0.000000000000000000e+00
0.000000000000000000e+00
0.000000000000000000e+00
0.000000000000000000e+00
0.000000000000000000e+00
0.000000000000000000e+00
0.000000000000000000e+00
0.000000000000000000e+00
0.000000000000000000e+00
0.000000000000000000e+00
0.000000000000000000e+00
0.000000000000000000e+00
0.000000000000000000e+00
0.000000000000000000e+00
0.000000000000000000e+00
0.000000000000000000e+00
0.000000000000000000e+00
0.000000000000000000e+00
0.000000000000000000e+00
0.000000000000000000e+00
0.000000000000000000e+00
0.000000000000000000e+00
0.000000000000000000e+00
0.000000000000000000e+00
0.000000000000000000e+00
0.000000000000000000e+00
0.000000000000000000e+00
0.000000000000000000e+00
0.000000000000000000e+00
0.000000000000000000e+00
0.000000000000000000e+00
0.000000000000000000e+00
0.000000000000000000e+00
0.000000000000000000e+00
0.000000000000000000e+00
0.000000000000000000e+00
0.000000000000000000e+00
0.000000000000000000e+00
0.000000000000000000e+00
0.000000000000000000e+00
0.000000000000000000e+00
0.000000000000000000e+00
2.000000000000000000e+00
3.000000000000000000e+00
6.000000000000000000e+00
6.000000000000000000e+00
1.400000000000000000e+01
2.600000000000000000e+01
2.600000000000000000e+01
3.300000000000000000e+01
4.600000000000000000e+01
4.900000000000000000e+01
6.700000000000000000e+01
6.700000000000000000e+01
8.400000000000000000e+01
9.500000000000000000e+01
1.160000000000000000e+02
1.240000000000000000e+02
1.320000000000000000e+02
1.460000000000000000e+02
1.620000000000000000e+02
1.790000000000000000e+02
2.140000000000000000e+02
2.300000000000000000e+02
2.620000000000000000e+02
3.200000000000000000e+02
3.560000000000000000e+02
3.960000000000000000e+02
4.260000000000000000e+02
4.460000000000000000e+02
4.650000000000000000e+02
4.940000000000000000e+02
5.260000000000000000e+02
5.640000000000000000e+02
5.950000000000000000e+02
6.160000000000000000e+02
6.330000000000000000e+02
6.620000000000000000e+02
6.950000000000000000e+02
7.150000000000000000e+02
7.350000000000000000e+02
7.500000000000000000e+02
7.610000000000000000e+02
7.670000000000000000e+02
7.720000000000000000e+02
7.840000000000000000e+02
7.900000000000000000e+02
7.950000000000000000e+02
8.040000000000000000e+02
8.100000000000000000e+02
8.170000000000000000e+02
8.220000000000000000e+02
8.370000000000000000e+02
8.430000000000000000e+02
8.500000000000000000e+02
8.570000000000000000e+02
8.640000000000000000e+02
8.720000000000000000e+02
8.740000000000000000e+02
8.780000000000000000e+02
8.830000000000000000e+02
8.890000000000000000e+02
8.910000000000000000e+02
8.920000000000000000e+02
8.980000000000000000e+02
9.010000000000000000e+02
9.030000000000000000e+02
9.050000000000000000e+02
9.070000000000000000e+02
9.100000000000000000e+02
9.140000000000000000e+02
9.160000000000000000e+02
9.170000000000000000e+02
9.180000000000000000e+02
9.220000000000000000e+02
9.230000000000000000e+02
9.270000000000000000e+02
9.270000000000000000e+02
9.350000000000000000e+02
9.370000000000000000e+02
9.390000000000000000e+02
9.390000000000000000e+02
9.410000000000000000e+02
9.420000000000000000e+02
9.440000000000000000e+02
9.440000000000000000e+02
9.490000000000000000e+02
9.520000000000000000e+02
9.580000000000000000e+02
9.580000000000000000e+02
9.600000000000000000e+02
9.600000000000000000e+02
9.640000000000000000e+02
9.700000000000000000e+02
9.720000000000000000e+02
9.740000000000000000e+02
9.750000000000000000e+02
9.800000000000000000e+02
9.800000000000000000e+02
9.830000000000000000e+02
9.850000000000000000e+02
9.850000000000000000e+02
9.850000000000000000e+02
9.850000000000000000e+02
9.850000000000000000e+02
9.850000000000000000e+02
9.860000000000000000e+02
9.880000000000000000e+02
9.900000000000000000e+02
9.910000000000000000e+02
9.920000000000000000e+02
9.920000000000000000e+02
9.940000000000000000e+02
9.940000000000000000e+02
9.960000000000000000e+02
9.980000000000000000e+02
9.990000000000000000e+02
9.990000000000000000e+02
9.990000000000000000e+02
1.002000000000000000e+03
1.003000000000000000e+03
1.004000000000000000e+03
1.005000000000000000e+03
1.008000000000000000e+03
1.010000000000000000e+03
1.013000000000000000e+03
1.014000000000000000e+03
1.021000000000000000e+03
1.022000000000000000e+03
1.023000000000000000e+03
1.025000000000000000e+03
1.031000000000000000e+03
1.033000000000000000e+03
1.037000000000000000e+03
1.038000000000000000e+03
1.038000000000000000e+03
1.040000000000000000e+03
1.040000000000000000e+03
1.045000000000000000e+03
1.047000000000000000e+03
1.053000000000000000e+03
1.057000000000000000e+03
1.060000000000000000e+03
1.067000000000000000e+03
1.080000000000000000e+03
1.090000000000000000e+03
1.114000000000000000e+03
1.124000000000000000e+03
1.150000000000000000e+03
1.155000000000000000e+03
1.180000000000000000e+03
1.195000000000000000e+03
1.208000000000000000e+03
1.222000000000000000e+03
1.233000000000000000e+03
1.242000000000000000e+03
1.252000000000000000e+03
1.277000000000000000e+03
1.291000000000000000e+03
1.305000000000000000e+03
1.318000000000000000e+03
1.332000000000000000e+03
1.339000000000000000e+03
1.351000000000000000e+03
1.359000000000000000e+03
1.385000000000000000e+03
1.395000000000000000e+03
1.406000000000000000e+03
1.417000000000000000e+03
1.421000000000000000e+03
1.451000000000000000e+03
1.474000000000000000e+03
1.484000000000000000e+03
1.467000000000000000e+03
1.481000000000000000e+03
1.483000000000000000e+03
1.487000000000000000e+03
1.488000000000000000e+03
1.490000000000000000e+03
1.495000000000000000e+03
1.498000000000000000e+03
1.502000000000000000e+03
1.507000000000000000e+03
1.509000000000000000e+03
1.510000000000000000e+03
1.511000000000000000e+03
1.514000000000000000e+03
1.517000000000000000e+03
1.520000000000000000e+03
1.523000000000000000e+03
1.526000000000000000e+03
1.534000000000000000e+03
1.540000000000000000e+03
1.548000000000000000e+03
1.558000000000000000e+03
1.565000000000000000e+03
1.590000000000000000e+03
1.600000000000000000e+03
1.603000000000000000e+03
1.618000000000000000e+03
1.654000000000000000e+03
1.663000000000000000e+03
1.671000000000000000e+03
1.684000000000000000e+03
1.696000000000000000e+03
1.713000000000000000e+03
1.743000000000000000e+03
1.755000000000000000e+03
1.772000000000000000e+03
1.789000000000000000e+03
1.811000000000000000e+03
1.824000000000000000e+03
1.847000000000000000e+03
1.876000000000000000e+03
1.897000000000000000e+03
1.918000000000000000e+03
1.951000000000000000e+03
1.986000000000000000e+03
2.006000000000000000e+03
2.047000000000000000e+03
2.130000000000000000e+03
2.181000000000000000e+03
2.285000000000000000e+03
2.379000000000000000e+03
2.581000000000000000e+03
2.644000000000000000e+03
2.687000000000000000e+03
2.839000000000000000e+03
2.966000000000000000e+03
3.154000000000000000e+03
3.314000000000000000e+03
3.444000000000000000e+03
3.545000000000000000e+03
3.636000000000000000e+03
3.817000000000000000e+03
3.930000000000000000e+03
4.051000000000000000e+03
4.217000000000000000e+03
4.366000000000000000e+03
4.563000000000000000e+03
4.760000000000000000e+03
4.934000000000000000e+03
5.100000000000000000e+03
5.333000000000000000e+03
5.557000000000000000e+03
5.871000000000000000e+03
5.987000000000000000e+03
6.098000000000000000e+03
6.296000000000000000e+03
6.461000000000000000e+03
6.646000000000000000e+03
6.853000000000000000e+03
7.051000000000000000e+03
7.178000000000000000e+03
7.285000000000000000e+03
7.513000000000000000e+03
7.711000000000000000e+03
7.979000000000000000e+03
8.211000000000000000e+03
8.456000000000000000e+03
8.643000000000000000e+03
8.947000000000000000e+03
9.199000000000000000e+03
9.453000000000000000e+03
9.673000000000000000e+03
9.983000000000000000e+03
1.023100000000000000e+04
1.038300000000000000e+04
1.056500000000000000e+04
1.088300000000000000e+04
1.117500000000000000e+04
1.152300000000000000e+04
1.181200000000000000e+04
1.218100000000000000e+04
1.245100000000000000e+04
1.286700000000000000e+04
1.328600000000000000e+04
1.328600000000000000e+04
1.364900000000000000e+04
1.364900000000000000e+04
1.447600000000000000e+04
1.510100000000000000e+04
1.545000000000000000e+04
1.578900000000000000e+04
1.619000000000000000e+04
1.619000000000000000e+04
1.664700000000000000e+04
1.747600000000000000e+04
1.768800000000000000e+04
1.800400000000000000e+04
1.800400000000000000e+04
1.888300000000000000e+04
1.931600000000000000e+04
1.936600000000000000e+04
1.939100000000000000e+04
1.965700000000000000e+04
2.040800000000000000e+04
2.131500000000000000e+04
2.201900000000000000e+04
2.201900000000000000e+04
2.281800000000000000e+04
2.344500000000000000e+04
2.397400000000000000e+04
2.463900000000000000e+04
2.520800000000000000e+04
2.578100000000000000e+04
2.620800000000000000e+04
2.667400000000000000e+04
2.701100000000000000e+04
2.735000000000000000e+04
2.763800000000000000e+04
2.789700000000000000e+04
2.812400000000000000e+04
2.812400000000000000e+04
2.860900000000000000e+04
2.881100000000000000e+04
2.896800000000000000e+04
2.913000000000000000e+04
2.929400000000000000e+04
2.947200000000000000e+04
2.963600000000000000e+04
2.975800000000000000e+04
2.988700000000000000e+04
3.001700000000000000e+04
3.014300000000000000e+04
3.025200000000000000e+04
3.038000000000000000e+04
3.053800000000000000e+04
3.065700000000000000e+04
3.077000000000000000e+04
3.087600000000000000e+04
3.099600000000000000e+04
3.112400000000000000e+04
3.126300000000000000e+04
3.137900000000000000e+04
3.151200000000000000e+04
3.164400000000000000e+04
3.175900000000000000e+04
3.186400000000000000e+04
3.195900000000000000e+04
3.207200000000000000e+04
3.217500000000000000e+04
3.228800000000000000e+04
3.239000000000000000e+04
3.251300000000000000e+04
3.262600000000000000e+04
3.270700000000000000e+04
3.282800000000000000e+04
3.293500000000000000e+04
3.304600000000000000e+04
3.315300000000000000e+04
3.326000000000000000e+04
3.339100000000000000e+04
3.356700000000000000e+04
3.371000000000000000e+04
3.390900000000000000e+04
3.418100000000000000e+04
3.442400000000000000e+04
3.470700000000000000e+04
3.500900000000000000e+04
3.529700000000000000e+04
3.562000000000000000e+04
3.600400000000000000e+04
3.627700000000000000e+04
3.657500000000000000e+04
3.687800000000000000e+04
3.723000000000000000e+04
3.765000000000000000e+04
3.806500000000000000e+04
3.849600000000000000e+04
3.887900000000000000e+04
3.927700000000000000e+04
3.965100000000000000e+04
3.986900000000000000e+04
4.034400000000000000e+04
4.072600000000000000e+04
4.111100000000000000e+04
4.147500000000000000e+04
4.188200000000000000e+04
4.221800000000000000e+04
4.262800000000000000e+04
4.299300000000000000e+04
4.328600000000000000e+04
4.361000000000000000e+04
4.397100000000000000e+04
4.430500000000000000e+04
4.463100000000000000e+04
4.499100000000000000e+04
4.543000000000000000e+04
4.586400000000000000e+04
4.617300000000000000e+04
4.687800000000000000e+04
4.728200000000000000e+04
4.771300000000000000e+04
4.827800000000000000e+04
4.883700000000000000e+04
4.936600000000000000e+04
4.998800000000000000e+04
5.058900000000000000e+04
5.103500000000000000e+04
5.150500000000000000e+04
5.203300000000000000e+04
5.265200000000000000e+04
5.325400000000000000e+04
5.394400000000000000e+04
5.462100000000000000e+04
5.540700000000000000e+04
5.625900000000000000e+04
5.708100000000000000e+04
5.802200000000000000e+04
5.886500000000000000e+04
5.979200000000000000e+04
6.068100000000000000e+04
6.157600000000000000e+04
6.234900000000000000e+04
6.296000000000000000e+04
6.372000000000000000e+04
6.456500000000000000e+04
6.523300000000000000e+04
6.523300000000000000e+04
6.590900000000000000e+04
6.637200000000000000e+04
6.691100000000000000e+04
6.742000000000000000e+04
6.798200000000000000e+04
6.844200000000000000e+04
6.876600000000000000e+04
6.916300000000000000e+04
6.943200000000000000e+04
6.970800000000000000e+04
7.009800000000000000e+04
7.035800000000000000e+04
7.057100000000000000e+04
7.074200000000000000e+04
7.089900000000000000e+04
7.106400000000000000e+04
7.123100000000000000e+04
7.139800000000000000e+04
7.153300000000000000e+04
7.161000000000000000e+04
7.174500000000000000e+04
7.183600000000000000e+04
7.191100000000000000e+04
7.201100000000000000e+04
7.209000000000000000e+04
7.215900000000000000e+04
7.223400000000000000e+04
7.230700000000000000e+04
7.236300000000000000e+04
7.240700000000000000e+04
7.245700000000000000e+04
7.251500000000000000e+04
7.257300000000000000e+04
7.262600000000000000e+04
7.270900000000000000e+04
7.275000000000000000e+04
7.277900000000000000e+04
7.285900000000000000e+04
7.291900000000000000e+04
7.299600000000000000e+04
7.305500000000000000e+04
7.311500000000000000e+04
7.311500000000000000e+04
7.319000000000000000e+04
7.324700000000000000e+04
7.331100000000000000e+04
7.337900000000000000e+04
7.344400000000000000e+04
7.352000000000000000e+04
7.358200000000000000e+04
7.364300000000000000e+04
7.371000000000000000e+04
7.383200000000000000e+04
7.399900000000000000e+04
7.417400000000000000e+04
7.434300000000000000e+04
7.456900000000000000e+04
7.478500000000000000e+04
7.509900000000000000e+04
7.543100000000000000e+04
7.586000000000000000e+04
7.633300000000000000e+04
7.686200000000000000e+04
7.744500000000000000e+04
7.802200000000000000e+04
7.880900000000000000e+04
7.963600000000000000e+04
8.058800000000000000e+04
8.158100000000000000e+04
8.246300000000000000e+04
8.342300000000000000e+04
8.427200000000000000e+04
8.510400000000000000e+04
8.618500000000000000e+04
8.730500000000000000e+04
8.845700000000000000e+04
8.941000000000000000e+04
9.033800000000000000e+04
9.119600000000000000e+04
9.225200000000000000e+04
9.324700000000000000e+04
9.426100000000000000e+04
9.530700000000000000e+04
9.620200000000000000e+04
9.699100000000000000e+04
9.771800000000000000e+04
9.856900000000000000e+04
9.936000000000000000e+04
1.001290000000000000e+05
1.007840000000000000e+05
1.014190000000000000e+05
1.014190000000000000e+05
1.022230000000000000e+05
