0.000000000000000000e+00
0.000000000000000000e+00
0.000000000000000000e+00
0.000000000000000000e+00
0.000000000000000000e+00
0.000000000000000000e+00
0.000000000000000000e+00
0.000000000000000000e+00
0.000000000000000000e+00
0.000000000000000000e+00
0.000000000000000000e+00
0.000000000000000000e+00
0.000000000000000000e+00
0.000000000000000000e+00
0.000000000000000000e+00
0.000000000000000000e+00
0.000000000000000000e+00
0.000000000000000000e+00
0.000000000000000000e+00
0.000000000000000000e+00
0.000000000000000000e+00
0.000000000000000000e+00
0.000000000000000000e+00
0.000000000000000000e+00
0.000000000000000000e+00
0.000000000000000000e+00
0.000000000000000000e+00
0.000000000000000000e+00
0.000000000000000000e+00
0.000000000000000000e+00
0.000000000000000000e+00
0.000000000000000000e+00
0.000000000000000000e+00
0.000000000000000000e+00
0.000000000000000000e+00
0.000000000000000000e+00
0.000000000000000000e+00
0.000000000000000000e+00
0.000000000000000000e+00
0.000000000000000000e+00
0.000000000000000000e+00
0.000000000000000000e+00
0.000000000000000000e+00
0.000000000000000000e+00
0.000000000000000000e+00
0.000000000000000000e+00
0.000000000000000000e+00
0.000000000000000000e+00
0.000000000000000000e+00
0.000000000000000000e+00
0.000000000000000000e+00
0.000000000000000000e+00
2.000000000000000000e+00
5.000000000000000000e+00
1.300000000000000000e+01
1.600000000000000000e+01
1.900000000000000000e+01
2.000000000000000000e+01
2.100000000000000000e+01
2.400000000000000000e+01
3.100000000000000000e+01
3.300000000000000000e+01
6.100000000000000000e+01
6.300000000000000000e+01
7.100000000000000000e+01
8.600000000000000000e+01
8.800000000000000000e+01
9.100000000000000000e+01
9.400000000000000000e+01
1.060000000000000000e+02
1.120000000000000000e+02
1.250000000000000000e+02
1.260000000000000000e+02
1.350000000000000000e+02
1.400000000000000000e+02
1.450000000000000000e+02
1.650000000000000000e+02
1.840000000000000000e+02
2.240000000000000000e+02
2.270000000000000000e+02
2.500000000000000000e+02
2.830000000000000000e+02
3.620000000000000000e+02
3.770000000000000000e+02
3.870000000000000000e+02
4.230000000000000000e+02
4.490000000000000000e+02
4.800000000000000000e+02
5.100000000000000000e+02
5.610000000000000000e+02
5.980000000000000000e+02
6.040000000000000000e+02
6.300000000000000000e+02
6.690000000000000000e+02
7.030000000000000000e+02
7.310000000000000000e+02
7.630000000000000000e+02
7.800000000000000000e+02
7.900000000000000000e+02
7.990000000000000000e+02
8.060000000000000000e+02
8.130000000000000000e+02
8.230000000000000000e+02
8.510000000000000000e+02
8.550000000000000000e+02
8.560000000000000000e+02
8.600000000000000000e+02
8.610000000000000000e+02
8.620000000000000000e+02
8.700000000000000000e+02
8.840000000000000000e+02
8.950000000000000000e+02
9.190000000000000000e+02
9.270000000000000000e+02
9.450000000000000000e+02
9.550000000000000000e+02
9.780000000000000000e+02
9.850000000000000000e+02
9.880000000000000000e+02
9.890000000000000000e+02
1.003000000000000000e+03
1.004000000000000000e+03
1.025000000000000000e+03
1.032000000000000000e+03
1.038000000000000000e+03
1.038000000000000000e+03
1.047000000000000000e+03
1.048000000000000000e+03
1.052000000000000000e+03
1.064000000000000000e+03
1.070000000000000000e+03
1.083000000000000000e+03
1.110000000000000000e+03
1.123000000000000000e+03
1.142000000000000000e+03
1.147000000000000000e+03
1.158000000000000000e+03
1.194000000000000000e+03
1.234000000000000000e+03
1.263000000000000000e+03
1.269000000000000000e+03
1.298000000000000000e+03
1.326000000000000000e+03
1.384000000000000000e+03
1.437000000000000000e+03
1.486000000000000000e+03
1.615000000000000000e+03
1.756000000000000000e+03
1.833000000000000000e+03
1.916000000000000000e+03
1.998000000000000000e+03
2.073000000000000000e+03
2.169000000000000000e+03
2.216000000000000000e+03
2.268000000000000000e+03
2.363000000000000000e+03
2.432000000000000000e+03
2.494000000000000000e+03
2.590000000000000000e+03
2.677000000000000000e+03
2.799000000000000000e+03
2.878000000000000000e+03
2.991000000000000000e+03
3.064000000000000000e+03
3.178000000000000000e+03
3.356000000000000000e+03
3.508000000000000000e+03
3.703000000000000000e+03
3.886000000000000000e+03
4.100000000000000000e+03
4.307000000000000000e+03
4.512000000000000000e+03
4.715000000000000000e+03
4.931000000000000000e+03
5.118000000000000000e+03
5.237000000000000000e+03
5.369000000000000000e+03
5.472000000000000000e+03
5.617000000000000000e+03
5.735000000000000000e+03
5.877000000000000000e+03
6.045000000000000000e+03
6.286000000000000000e+03
6.467000000000000000e+03
6.680000000000000000e+03
6.917000000000000000e+03
7.137000000000000000e+03
7.413000000000000000e+03
7.652000000000000000e+03
7.846000000000000000e+03
8.104000000000000000e+03
8.330000000000000000e+03
8.554000000000000000e+03
8.799000000000000000e+03
9.049000000000000000e+03
9.274000000000000000e+03
9.492000000000000000e+03
9.688000000000000000e+03
9.869000000000000000e+03
1.005900000000000000e+04
1.024700000000000000e+04
1.041900000000000000e+04
1.059000000000000000e+04
1.079500000000000000e+04
1.098800000000000000e+04
1.113000000000000000e+04
1.127500000000000000e+04
1.141600000000000000e+04
1.154500000000000000e+04
1.168600000000000000e+04
1.184800000000000000e+04
1.200600000000000000e+04
1.216800000000000000e+04
1.233700000000000000e+04
1.244800000000000000e+04
1.254700000000000000e+04
1.268300000000000000e+04
1.284000000000000000e+04
1.298100000000000000e+04
1.310000000000000000e+04
1.321500000000000000e+04
1.333400000000000000e+04
1.345400000000000000e+04
1.360100000000000000e+04
1.371300000000000000e+04
1.379100000000000000e+04
1.391000000000000000e+04
1.402700000000000000e+04
1.411900000000000000e+04
1.420400000000000000e+04
1.430100000000000000e+04
1.437700000000000000e+04
1.444600000000000000e+04
1.449600000000000000e+04
1.456600000000000000e+04
1.463700000000000000e+04
1.469200000000000000e+04
1.476300000000000000e+04
1.483900000000000000e+04
1.488200000000000000e+04
1.493900000000000000e+04
1.500200000000000000e+04
1.506300000000000000e+04
1.514200000000000000e+04
1.520800000000000000e+04
1.527000000000000000e+04
1.533300000000000000e+04
1.537900000000000000e+04
1.542500000000000000e+04
1.547200000000000000e+04
1.552000000000000000e+04
1.557400000000000000e+04
1.562000000000000000e+04
1.566300000000000000e+04
1.570500000000000000e+04
1.575800000000000000e+04
1.581400000000000000e+04
1.585500000000000000e+04
1.588900000000000000e+04
1.593800000000000000e+04
1.597100000000000000e+04
1.605000000000000000e+04
1.613000000000000000e+04
1.617900000000000000e+04
1.624700000000000000e+04
1.634500000000000000e+04
1.642500000000000000e+04
1.650200000000000000e+04
1.660600000000000000e+04
1.675400000000000000e+04
1.689100000000000000e+04
1.700900000000000000e+04
1.713900000000000000e+04
1.726300000000000000e+04
1.742200000000000000e+04
1.759100000000000000e+04
1.775700000000000000e+04
1.794300000000000000e+04
1.794300000000000000e+04
1.794300000000000000e+04
1.862600000000000000e+04
1.862600000000000000e+04
1.932800000000000000e+04
1.932800000000000000e+04
1.932800000000000000e+04
2.017900000000000000e+04
2.099900000000000000e+04
2.154500000000000000e+04
2.220600000000000000e+04
2.293400000000000000e+04
2.293400000000000000e+04
2.293400000000000000e+04
2.479200000000000000e+04
2.538800000000000000e+04
2.612100000000000000e+04
2.688800000000000000e+04
2.785100000000000000e+04
2.785100000000000000e+04
2.911700000000000000e+04
2.980500000000000000e+04
2.980500000000000000e+04
3.121500000000000000e+04
3.202200000000000000e+04
3.287700000000000000e+04
3.358800000000000000e+04
3.429500000000000000e+04
3.494000000000000000e+04
3.554900000000000000e+04
3.625300000000000000e+04
3.702800000000000000e+04
3.779200000000000000e+04
3.843100000000000000e+04
3.905700000000000000e+04
3.959600000000000000e+04
4.011700000000000000e+04
4.011700000000000000e+04
4.011700000000000000e+04
4.011700000000000000e+04
4.233700000000000000e+04
4.280500000000000000e+04
4.332400000000000000e+04
4.388100000000000000e+04
4.444200000000000000e+04
4.500400000000000000e+04
4.559400000000000000e+04
4.611800000000000000e+04
4.658000000000000000e+04
4.690900000000000000e+04
4.720300000000000000e+04
4.749900000000000000e+04
4.749900000000000000e+04
4.833700000000000000e+04
4.868200000000000000e+04
4.890500000000000000e+04
4.916900000000000000e+04
4.916900000000000000e+04
4.944000000000000000e+04
4.944000000000000000e+04
5.013500000000000000e+04
5.040500000000000000e+04
5.062000000000000000e+04
5.080100000000000000e+04
5.091000000000000000e+04
5.091000000000000000e+04
5.114400000000000000e+04
5.150200000000000000e+04
5.150200000000000000e+04
5.196500000000000000e+04
5.196500000000000000e+04
5.233300000000000000e+04
5.233300000000000000e+04
5.294300000000000000e+04
5.326400000000000000e+04
5.326400000000000000e+04
5.377600000000000000e+04
5.398200000000000000e+04
5.426100000000000000e+04
5.456000000000000000e+04
5.483900000000000000e+04
5.513500000000000000e+04
5.513500000000000000e+04
5.585100000000000000e+04
5.585100000000000000e+04
5.611800000000000000e+04
5.641200000000000000e+04
5.702800000000000000e+04
5.731700000000000000e+04
5.731700000000000000e+04
5.731700000000000000e+04
5.839900000000000000e+04
5.839900000000000000e+04
5.898800000000000000e+04
5.898800000000000000e+04
5.964600000000000000e+04
5.964600000000000000e+04
6.021800000000000000e+04
6.021800000000000000e+04
6.021800000000000000e+04
6.108600000000000000e+04
6.140400000000000000e+04
6.168800000000000000e+04
6.168800000000000000e+04
6.168800000000000000e+04
6.254800000000000000e+04
6.254800000000000000e+04
6.308900000000000000e+04
6.308900000000000000e+04
6.380500000000000000e+04
6.380500000000000000e+04
6.380500000000000000e+04
6.461900000000000000e+04
6.486800000000000000e+04
6.486800000000000000e+04
6.516500000000000000e+04
6.545000000000000000e+04
6.545000000000000000e+04
6.648000000000000000e+04
6.648000000000000000e+04
6.674000000000000000e+04
6.756900000000000000e+04
6.800600000000000000e+04
6.845100000000000000e+04
6.845100000000000000e+04
6.845100000000000000e+04
6.845100000000000000e+04
7.028500000000000000e+04
7.085300000000000000e+04
7.085300000000000000e+04
7.144400000000000000e+04
7.260000000000000000e+04
7.260000000000000000e+04
7.373500000000000000e+04
7.373500000000000000e+04
7.470800000000000000e+04
7.470800000000000000e+04
7.607000000000000000e+04
7.607000000000000000e+04
7.607000000000000000e+04
7.778700000000000000e+04
7.834000000000000000e+04
7.834000000000000000e+04
7.834000000000000000e+04
8.029500000000000000e+04
8.029500000000000000e+04
8.029500000000000000e+04
8.029500000000000000e+04
8.029500000000000000e+04
8.417200000000000000e+04
8.417200000000000000e+04
8.417200000000000000e+04
8.417200000000000000e+04
8.417200000000000000e+04
8.842900000000000000e+04
8.918100000000000000e+04
8.918100000000000000e+04
9.107900000000000000e+04
9.107900000000000000e+04
9.107900000000000000e+04
9.107900000000000000e+04
9.107900000000000000e+04
9.433000000000000000e+04
9.501500000000000000e+04
9.588600000000000000e+04
9.588600000000000000e+04
9.588600000000000000e+04
9.588600000000000000e+04
9.588600000000000000e+04
9.801500000000000000e+04
9.921000000000000000e+04
9.921000000000000000e+04
1.003290000000000000e+05
1.003290000000000000e+05
1.011910000000000000e+05
1.011910000000000000e+05
1.018320000000000000e+05
1.018320000000000000e+05
1.027200000000000000e+05
1.027200000000000000e+05
1.027200000000000000e+05
1.036380000000000000e+05
1.036380000000000000e+05
1.036380000000000000e+05
1.036380000000000000e+05
1.036380000000000000e+05
1.036380000000000000e+05
1.036380000000000000e+05
1.036380000000000000e+05
1.036380000000000000e+05
1.036380000000000000e+05
1.036380000000000000e+05
1.056140000000000000e+05
1.057840000000000000e+05
1.057840000000000000e+05
1.057840000000000000e+05
1.057840000000000000e+05
1.061300000000000000e+05
1.062430000000000000e+05
1.062430000000000000e+05
1.062430000000000000e+05
1.062430000000000000e+05
1.065060000000000000e+05
1.065310000000000000e+05
1.065310000000000000e+05
1.066570000000000000e+05
1.067120000000000000e+05
1.067700000000000000e+05
1.067700000000000000e+05
1.067700000000000000e+05
1.067700000000000000e+05
1.068610000000000000e+05
1.069050000000000000e+05
1.069280000000000000e+05
1.069460000000000000e+05
1.069460000000000000e+05
1.069970000000000000e+05
1.070020000000000000e+05
1.070210000000000000e+05
1.070390000000000000e+05
1.070510000000000000e+05
1.070580000000000000e+05
1.070580000000000000e+05
1.070580000000000000e+05
1.070990000000000000e+05
1.070990000000000000e+05
1.071250000000000000e+05
1.071250000000000000e+05
1.071250000000000000e+05
1.071250000000000000e+05
1.071700000000000000e+05
1.071750000000000000e+05
1.071750000000000000e+05
1.071920000000000000e+05
1.071920000000000000e+05
1.071920000000000000e+05
1.071920000000000000e+05
1.071920000000000000e+05
1.072470000000000000e+05
1.072470000000000000e+05
1.072470000000000000e+05
1.072990000000000000e+05
1.072990000000000000e+05
1.072990000000000000e+05
1.072990000000000000e+05
1.073310000000000000e+05
1.073350000000000000e+05
1.077580000000000000e+05
1.077680000000000000e+05
1.077850000000000000e+05
1.077880000000000000e+05
1.077970000000000000e+05
1.078000000000000000e+05
1.078100000000000000e+05
1.078190000000000000e+05
1.078270000000000000e+05
1.078350000000000000e+05
1.078420000000000000e+05
1.078540000000000000e+05
1.078590000000000000e+05
1.078670000000000000e+05
1.078790000000000000e+05
1.078830000000000000e+05
1.078940000000000000e+05
1.078960000000000000e+05
1.079030000000000000e+05
1.079060000000000000e+05
1.079210000000000000e+05
1.079260000000000000e+05
1.079540000000000000e+05
1.079730000000000000e+05
1.079920000000000000e+05
1.080170000000000000e+05
1.080310000000000000e+05
1.080730000000000000e+05
1.081310000000000000e+05
1.082030000000000000e+05
1.082730000000000000e+05
1.083650000000000000e+05
1.084650000000000000e+05
