0.000000000000000000e+00
0.000000000000000000e+00
0.000000000000000000e+00
0.000000000000000000e+00
0.000000000000000000e+00
0.000000000000000000e+00
0.000000000000000000e+00
0.000000000000000000e+00
0.000000000000000000e+00
0.000000000000000000e+00
0.000000000000000000e+00
0.000000000000000000e+00
0.000000000000000000e+00
0.000000000000000000e+00
0.000000000000000000e+00
0.000000000000000000e+00
0.000000000000000000e+00
0.000000000000000000e+00
0.000000000000000000e+00
0.000000000000000000e+00
0.000000000000000000e+00
0.000000000000000000e+00
0.000000000000000000e+00
0.000000000000000000e+00
0.000000000000000000e+00
0.000000000000000000e+00
0.000000000000000000e+00
0.000000000000000000e+00
0.000000000000000000e+00
0.000000000000000000e+00
0.000000000000000000e+00
0.000000000000000000e+00
0.000000000000000000e+00
0.000000000000000000e+00
0.000000000000000000e+00
0.000000000000000000e+00
0.000000000000000000e+00
0.000000000000000000e+00
0.000000000000000000e+00
0.000000000000000000e+00
0.000000000000000000e+00
0.000000000000000000e+00
0.000000000000000000e+00
0.000000000000000000e+00
0.000000000000000000e+00
0.000000000000000000e+00
0.000000000000000000e+00
0.000000000000000000e+00
0.000000000000000000e+00
0.000000000000000000e+00
0.000000000000000000e+00
0.000000000000000000e+00
2.000000000000000000e+00
3.000000000000000000e+00
8.000000000000000000e+00
3.000000000000000000e+00
3.000000000000000000e+00
1.000000000000000000e+00
1.000000000000000000e+00
3.000000000000000000e+00
7.000000000000000000e+00
2.000000000000000000e+00
2.800000000000000000e+01
2.000000000000000000e+00
8.000000000000000000e+00
1.500000000000000000e+01
2.000000000000000000e+00
3.000000000000000000e+00
3.000000000000000000e+00
1.200000000000000000e+01
6.000000000000000000e+00
1.300000000000000000e+01
1.000000000000000000e+00
9.000000000000000000e+00
5.000000000000000000e+00
5.000000000000000000e+00
2.000000000000000000e+01
1.900000000000000000e+01
4.000000000000000000e+01
3.000000000000000000e+00
2.300000000000000000e+01
3.300000000000000000e+01
7.900000000000000000e+01
1.500000000000000000e+01
1.000000000000000000e+01
3.600000000000000000e+01
2.600000000000000000e+01
3.100000000000000000e+01
3.000000000000000000e+01
5.100000000000000000e+01
3.700000000000000000e+01
6.000000000000000000e+00
2.600000000000000000e+01
3.900000000000000000e+01
3.400000000000000000e+01
2.800000000000000000e+01
3.200000000000000000e+01
1.700000000000000000e+01
1.000000000000000000e+01
9.000000000000000000e+00
7.000000000000000000e+00
7.000000000000000000e+00
1.000000000000000000e+01
2.800000000000000000e+01
4.000000000000000000e+00
1.000000000000000000e+00
4.000000000000000000e+00
1.000000000000000000e+00
1.000000000000000000e+00
8.000000000000000000e+00
1.400000000000000000e+01
1.100000000000000000e+01
2.400000000000000000e+01
8.000000000000000000e+00
1.800000000000000000e+01
1.000000000000000000e+01
2.300000000000000000e+01
7.000000000000000000e+00
3.000000000000000000e+00
1.000000000000000000e+00
1.400000000000000000e+01
1.000000000000000000e+00
2.100000000000000000e+01
7.000000000000000000e+00
6.000000000000000000e+00
0.000000000000000000e+00
9.000000000000000000e+00
1.000000000000000000e+00
4.000000000000000000e+00
1.200000000000000000e+01
6.000000000000000000e+00
1.300000000000000000e+01
2.700000000000000000e+01
1.300000000000000000e+01
1.900000000000000000e+01
5.000000000000000000e+00
1.100000000000000000e+01
3.600000000000000000e+01
4.000000000000000000e+01
2.900000000000000000e+01
6.000000000000000000e+00
2.900000000000000000e+01
2.800000000000000000e+01
5.800000000000000000e+01
5.300000000000000000e+01
4.900000000000000000e+01
1.290000000000000000e+02
1.410000000000000000e+02
7.700000000000000000e+01
8.300000000000000000e+01
8.200000000000000000e+01
7.500000000000000000e+01
9.600000000000000000e+01
4.700000000000000000e+01
5.200000000000000000e+01
9.500000000000000000e+01
6.900000000000000000e+01
6.200000000000000000e+01
9.600000000000000000e+01
8.700000000000000000e+01
1.220000000000000000e+02
7.900000000000000000e+01
1.130000000000000000e+02
7.300000000000000000e+01
1.140000000000000000e+02
1.780000000000000000e+02
1.520000000000000000e+02
1.950000000000000000e+02
1.830000000000000000e+02
2.140000000000000000e+02
2.070000000000000000e+02
2.050000000000000000e+02
2.030000000000000000e+02
2.160000000000000000e+02
1.870000000000000000e+02
1.190000000000000000e+02
1.320000000000000000e+02
1.030000000000000000e+02
1.450000000000000000e+02
1.180000000000000000e+02
1.420000000000000000e+02
1.680000000000000000e+02
2.410000000000000000e+02
1.810000000000000000e+02
2.130000000000000000e+02
2.370000000000000000e+02
2.200000000000000000e+02
2.760000000000000000e+02
2.390000000000000000e+02
1.940000000000000000e+02
2.580000000000000000e+02
2.260000000000000000e+02
2.240000000000000000e+02
2.450000000000000000e+02
2.500000000000000000e+02
2.250000000000000000e+02
2.180000000000000000e+02
1.960000000000000000e+02
1.810000000000000000e+02
1.900000000000000000e+02
1.880000000000000000e+02
1.720000000000000000e+02
1.710000000000000000e+02
2.050000000000000000e+02
1.930000000000000000e+02
1.420000000000000000e+02
1.450000000000000000e+02
1.410000000000000000e+02
1.290000000000000000e+02
1.410000000000000000e+02
1.620000000000000000e+02
1.580000000000000000e+02
1.620000000000000000e+02
1.690000000000000000e+02
1.110000000000000000e+02
9.900000000000000000e+01
1.360000000000000000e+02
1.570000000000000000e+02
1.410000000000000000e+02
1.190000000000000000e+02
1.150000000000000000e+02
1.190000000000000000e+02
1.200000000000000000e+02
1.470000000000000000e+02
1.120000000000000000e+02
7.800000000000000000e+01
1.190000000000000000e+02
1.170000000000000000e+02
9.200000000000000000e+01
8.500000000000000000e+01
9.700000000000000000e+01
7.600000000000000000e+01
6.900000000000000000e+01
5.000000000000000000e+01
7.000000000000000000e+01
7.100000000000000000e+01
5.500000000000000000e+01
7.100000000000000000e+01
7.600000000000000000e+01
4.300000000000000000e+01
5.700000000000000000e+01
6.300000000000000000e+01
6.100000000000000000e+01
7.900000000000000000e+01
6.600000000000000000e+01
6.200000000000000000e+01
6.300000000000000000e+01
4.600000000000000000e+01
4.600000000000000000e+01
4.700000000000000000e+01
4.800000000000000000e+01
5.400000000000000000e+01
4.600000000000000000e+01
4.300000000000000000e+01
4.200000000000000000e+01
5.300000000000000000e+01
5.600000000000000000e+01
4.100000000000000000e+01
3.400000000000000000e+01
4.900000000000000000e+01
3.300000000000000000e+01
7.900000000000000000e+01
8.000000000000000000e+01
4.900000000000000000e+01
6.800000000000000000e+01
9.800000000000000000e+01
8.000000000000000000e+01
7.700000000000000000e+01
1.040000000000000000e+02
1.480000000000000000e+02
1.370000000000000000e+02
1.180000000000000000e+02
1.300000000000000000e+02
1.240000000000000000e+02
1.590000000000000000e+02
1.690000000000000000e+02
1.660000000000000000e+02
1.860000000000000000e+02
0.000000000000000000e+00
0.000000000000000000e+00
6.830000000000000000e+02
0.000000000000000000e+00
7.020000000000000000e+02
0.000000000000000000e+00
0.000000000000000000e+00
8.510000000000000000e+02
8.200000000000000000e+02
5.460000000000000000e+02
6.610000000000000000e+02
7.280000000000000000e+02
0.000000000000000000e+00
0.000000000000000000e+00
1.858000000000000000e+03
5.960000000000000000e+02
7.330000000000000000e+02
7.670000000000000000e+02
9.630000000000000000e+02
0.000000000000000000e+00
1.266000000000000000e+03
6.880000000000000000e+02
0.000000000000000000e+00
1.410000000000000000e+03
8.070000000000000000e+02
8.550000000000000000e+02
7.110000000000000000e+02
7.070000000000000000e+02
6.450000000000000000e+02
6.090000000000000000e+02
7.040000000000000000e+02
7.750000000000000000e+02
7.640000000000000000e+02
6.390000000000000000e+02
6.260000000000000000e+02
5.390000000000000000e+02
5.210000000000000000e+02
0.000000000000000000e+00
0.000000000000000000e+00
0.000000000000000000e+00
2.220000000000000000e+03
4.680000000000000000e+02
5.190000000000000000e+02
5.570000000000000000e+02
5.610000000000000000e+02
5.620000000000000000e+02
5.900000000000000000e+02
5.240000000000000000e+02
4.620000000000000000e+02
3.290000000000000000e+02
2.940000000000000000e+02
2.960000000000000000e+02
0.000000000000000000e+00
8.380000000000000000e+02
3.450000000000000000e+02
2.230000000000000000e+02
2.640000000000000000e+02
0.000000000000000000e+00
2.710000000000000000e+02
0.000000000000000000e+00
6.950000000000000000e+02
2.700000000000000000e+02
2.150000000000000000e+02
1.810000000000000000e+02
1.090000000000000000e+02
0.000000000000000000e+00
2.340000000000000000e+02
3.580000000000000000e+02
0.000000000000000000e+00
4.630000000000000000e+02
0.000000000000000000e+00
3.680000000000000000e+02
0.000000000000000000e+00
6.100000000000000000e+02
3.210000000000000000e+02
0.000000000000000000e+00
5.120000000000000000e+02
2.060000000000000000e+02
2.790000000000000000e+02
2.990000000000000000e+02
2.790000000000000000e+02
2.960000000000000000e+02
0.000000000000000000e+00
7.160000000000000000e+02
0.000000000000000000e+00
2.670000000000000000e+02
2.940000000000000000e+02
6.160000000000000000e+02
2.890000000000000000e+02
0.000000000000000000e+00
0.000000000000000000e+00
1.082000000000000000e+03
0.000000000000000000e+00
5.890000000000000000e+02
0.000000000000000000e+00
6.580000000000000000e+02
0.000000000000000000e+00
5.720000000000000000e+02
0.000000000000000000e+00
0.000000000000000000e+00
8.680000000000000000e+02
3.180000000000000000e+02
2.840000000000000000e+02
0.000000000000000000e+00
0.000000000000000000e+00
8.600000000000000000e+02
0.000000000000000000e+00
5.410000000000000000e+02
0.000000000000000000e+00
7.160000000000000000e+02
0.000000000000000000e+00
0.000000000000000000e+00
8.140000000000000000e+02
2.490000000000000000e+02
0.000000000000000000e+00
2.970000000000000000e+02
2.850000000000000000e+02
0.000000000000000000e+00
1.030000000000000000e+03
0.000000000000000000e+00
2.600000000000000000e+02
8.290000000000000000e+02
4.370000000000000000e+02
4.450000000000000000e+02
0.000000000000000000e+00
0.000000000000000000e+00
0.000000000000000000e+00
1.834000000000000000e+03
5.680000000000000000e+02
0.000000000000000000e+00
5.910000000000000000e+02
1.156000000000000000e+03
0.000000000000000000e+00
1.135000000000000000e+03
0.000000000000000000e+00
9.730000000000000000e+02
0.000000000000000000e+00
1.362000000000000000e+03
0.000000000000000000e+00
0.000000000000000000e+00
1.717000000000000000e+03
5.530000000000000000e+02
0.000000000000000000e+00
0.000000000000000000e+00
1.955000000000000000e+03
0.000000000000000000e+00
0.000000000000000000e+00
0.000000000000000000e+00
0.000000000000000000e+00
3.877000000000000000e+03
0.000000000000000000e+00
0.000000000000000000e+00
0.000000000000000000e+00
0.000000000000000000e+00
4.257000000000000000e+03
7.520000000000000000e+02
0.000000000000000000e+00
1.898000000000000000e+03
0.000000000000000000e+00
0.000000000000000000e+00
0.000000000000000000e+00
0.000000000000000000e+00
3.251000000000000000e+03
6.850000000000000000e+02
8.710000000000000000e+02
0.000000000000000000e+00
0.000000000000000000e+00
0.000000000000000000e+00
0.000000000000000000e+00
2.129000000000000000e+03
1.195000000000000000e+03
0.000000000000000000e+00
1.119000000000000000e+03
0.000000000000000000e+00
8.620000000000000000e+02
0.000000000000000000e+00
6.410000000000000000e+02
0.000000000000000000e+00
8.880000000000000000e+02
0.000000000000000000e+00
0.000000000000000000e+00
9.180000000000000000e+02
0.000000000000000000e+00
0.000000000000000000e+00
0.000000000000000000e+00
0.000000000000000000e+00
0.000000000000000000e+00
0.000000000000000000e+00
0.000000000000000000e+00
0.000000000000000000e+00
0.000000000000000000e+00
0.000000000000000000e+00
1.976000000000000000e+03
1.700000000000000000e+02
0.000000000000000000e+00
0.000000000000000000e+00
0.000000000000000000e+00
3.460000000000000000e+02
1.130000000000000000e+02
0.000000000000000000e+00
0.000000000000000000e+00
0.000000000000000000e+00
2.630000000000000000e+02
2.500000000000000000e+01
0.000000000000000000e+00
1.260000000000000000e+02
5.500000000000000000e+01
5.800000000000000000e+01
0.000000000000000000e+00
0.000000000000000000e+00
0.000000000000000000e+00
9.100000000000000000e+01
4.400000000000000000e+01
2.300000000000000000e+01
1.800000000000000000e+01
0.000000000000000000e+00
5.100000000000000000e+01
5.000000000000000000e+00
1.900000000000000000e+01
1.800000000000000000e+01
1.200000000000000000e+01
7.000000000000000000e+00
0.000000000000000000e+00
0.000000000000000000e+00
4.100000000000000000e+01
0.000000000000000000e+00
2.600000000000000000e+01
0.000000000000000000e+00
0.000000000000000000e+00
0.000000000000000000e+00
4.500000000000000000e+01
5.000000000000000000e+00
0.000000000000000000e+00
1.700000000000000000e+01
0.000000000000000000e+00
0.000000000000000000e+00
0.000000000000000000e+00
0.000000000000000000e+00
5.500000000000000000e+01
0.000000000000000000e+00
0.000000000000000000e+00
5.200000000000000000e+01
0.000000000000000000e+00
0.000000000000000000e+00
0.000000000000000000e+00
3.200000000000000000e+01
4.000000000000000000e+00
4.230000000000000000e+02
1.000000000000000000e+01
1.700000000000000000e+01
3.000000000000000000e+00
9.000000000000000000e+00
3.000000000000000000e+00
1.000000000000000000e+01
9.000000000000000000e+00
8.000000000000000000e+00
8.000000000000000000e+00
7.000000000000000000e+00
1.200000000000000000e+01
5.000000000000000000e+00
8.000000000000000000e+00
1.200000000000000000e+01
4.000000000000000000e+00
1.100000000000000000e+01
2.000000000000000000e+00
7.000000000000000000e+00
3.000000000000000000e+00
1.500000000000000000e+01
5.000000000000000000e+00
2.800000000000000000e+01
1.900000000000000000e+01
1.900000000000000000e+01
2.500000000000000000e+01
1.400000000000000000e+01
4.200000000000000000e+01
5.800000000000000000e+01
7.200000000000000000e+01
7.000000000000000000e+01
9.200000000000000000e+01
1.000000000000000000e+02
