0.000000000000000000e+00
0.000000000000000000e+00
0.000000000000000000e+00
0.000000000000000000e+00
0.000000000000000000e+00
0.000000000000000000e+00
0.000000000000000000e+00
0.000000000000000000e+00
0.000000000000000000e+00
0.000000000000000000e+00
0.000000000000000000e+00
0.000000000000000000e+00
0.000000000000000000e+00
0.000000000000000000e+00
0.000000000000000000e+00
0.000000000000000000e+00
0.000000000000000000e+00
0.000000000000000000e+00
0.000000000000000000e+00
0.000000000000000000e+00
0.000000000000000000e+00
0.000000000000000000e+00
0.000000000000000000e+00
0.000000000000000000e+00
0.000000000000000000e+00
0.000000000000000000e+00
0.000000000000000000e+00
0.000000000000000000e+00
0.000000000000000000e+00
0.000000000000000000e+00
0.000000000000000000e+00
0.000000000000000000e+00
0.000000000000000000e+00
1.000000000000000000e+00
1.000000000000000000e+00
5.000000000000000000e+00
7.000000000000000000e+00
7.000000000000000000e+00
1.300000000000000000e+01
1.900000000000000000e+01
2.600000000000000000e+01
3.200000000000000000e+01
3.500000000000000000e+01
3.500000000000000000e+01
4.000000000000000000e+01
5.400000000000000000e+01
6.000000000000000000e+01
6.000000000000000000e+01
7.100000000000000000e+01
7.100000000000000000e+01
7.100000000000000000e+01
1.010000000000000000e+02
1.100000000000000000e+02
1.160000000000000000e+02
1.240000000000000000e+02
1.540000000000000000e+02
1.640000000000000000e+02
1.920000000000000000e+02
2.080000000000000000e+02
2.140000000000000000e+02
2.330000000000000000e+02
2.660000000000000000e+02
3.160000000000000000e+02
3.460000000000000000e+02
3.820000000000000000e+02
4.580000000000000000e+02
5.060000000000000000e+02
5.470000000000000000e+02
6.300000000000000000e+02
6.940000000000000000e+02
7.280000000000000000e+02
7.720000000000000000e+02
8.200000000000000000e+02
8.780000000000000000e+02
9.610000000000000000e+02
1.031000000000000000e+03
1.122000000000000000e+03
1.202000000000000000e+03
1.232000000000000000e+03
1.279000000000000000e+03
1.318000000000000000e+03
1.352000000000000000e+03
1.378000000000000000e+03
1.400000000000000000e+03
1.415000000000000000e+03
1.434000000000000000e+03
1.482000000000000000e+03
1.513000000000000000e+03
1.539000000000000000e+03
1.574000000000000000e+03
1.602000000000000000e+03
1.631000000000000000e+03
1.677000000000000000e+03
1.708000000000000000e+03
1.763000000000000000e+03
1.820000000000000000e+03
1.847000000000000000e+03
1.928000000000000000e+03
2.003000000000000000e+03
2.085000000000000000e+03
2.153000000000000000e+03
2.219000000000000000e+03
2.296000000000000000e+03
2.346000000000000000e+03
2.431000000000000000e+03
2.480000000000000000e+03
2.543000000000000000e+03
2.603000000000000000e+03
2.679000000000000000e+03
2.767000000000000000e+03
2.818000000000000000e+03
2.913000000000000000e+03
3.032000000000000000e+03
3.143000000000000000e+03
3.193000000000000000e+03
3.260000000000000000e+03
3.404000000000000000e+03
3.554000000000000000e+03
3.611000000000000000e+03
3.724000000000000000e+03
3.877000000000000000e+03
3.964000000000000000e+03
4.272000000000000000e+03
4.469000000000000000e+03
4.632000000000000000e+03
4.848000000000000000e+03
5.135000000000000000e+03
5.457000000000000000e+03
5.873000000000000000e+03
6.179000000000000000e+03
6.439000000000000000e+03
6.868000000000000000e+03
7.387000000000000000e+03
8.168000000000000000e+03
8.840000000000000000e+03
9.846000000000000000e+03
1.109800000000000000e+04
1.236600000000000000e+04
1.348100000000000000e+04
1.426800000000000000e+04
1.541400000000000000e+04
1.667500000000000000e+04
1.777000000000000000e+04
1.895000000000000000e+04
2.020900000000000000e+04
2.131500000000000000e+04
2.270000000000000000e+04
2.425400000000000000e+04
2.571700000000000000e+04
2.735200000000000000e+04
2.922200000000000000e+04
3.086800000000000000e+04
3.267600000000000000e+04
3.450200000000000000e+04
3.670200000000000000e+04
3.913900000000000000e+04
4.119300000000000000e+04
4.326200000000000000e+04
4.540200000000000000e+04
4.715100000000000000e+04
4.910900000000000000e+04
5.152400000000000000e+04
5.370800000000000000e+04
5.602000000000000000e+04
5.835400000000000000e+04
6.047900000000000000e+04
6.227500000000000000e+04
6.470100000000000000e+04
6.744200000000000000e+04
6.961200000000000000e+04
7.246000000000000000e+04
7.519400000000000000e+04
7.750600000000000000e+04
7.973500000000000000e+04
8.175700000000000000e+04
8.386700000000000000e+04
8.614800000000000000e+04
8.817100000000000000e+04
9.022000000000000000e+04
9.253000000000000000e+04
9.469300000000000000e+04
9.715900000000000000e+04
9.986500000000000000e+04
1.022260000000000000e+05
1.047110000000000000e+05
1.075730000000000000e+05
1.100320000000000000e+05
1.125850000000000000e+05
1.153320000000000000e+05
1.183000000000000000e+05
1.212630000000000000e+05
1.246090000000000000e+05
1.267040000000000000e+05
1.291510000000000000e+05
1.318860000000000000e+05
1.347220000000000000e+05
1.375560000000000000e+05
1.406030000000000000e+05
1.440640000000000000e+05
1.473890000000000000e+05
1.501150000000000000e+05
1.535990000000000000e+05
1.569950000000000000e+05
1.604360000000000000e+05
1.642770000000000000e+05
1.682900000000000000e+05
1.725830000000000000e+05
1.769310000000000000e+05
1.801330000000000000e+05
1.847090000000000000e+05
1.888020000000000000e+05
1.927970000000000000e+05
1.970850000000000000e+05
2.010500000000000000e+05
2.043410000000000000e+05
2.079850000000000000e+05
2.119470000000000000e+05
2.157840000000000000e+05
2.194350000000000000e+05
2.236120000000000000e+05
2.274460000000000000e+05
2.311770000000000000e+05
2.349340000000000000e+05
2.383380000000000000e+05
2.422840000000000000e+05
2.470390000000000000e+05
2.520750000000000000e+05
2.567190000000000000e+05
2.603700000000000000e+05
2.646840000000000000e+05
2.695780000000000000e+05
2.738210000000000000e+05
2.784180000000000000e+05
2.826720000000000000e+05
2.867780000000000000e+05
2.903090000000000000e+05
2.944780000000000000e+05
2.987020000000000000e+05
3.030590000000000000e+05
3.073850000000000000e+05
3.116900000000000000e+05
3.155970000000000000e+05
3.190350000000000000e+05
3.228560000000000000e+05
3.275800000000000000e+05
3.326350000000000000e+05
3.371060000000000000e+05
3.416990000000000000e+05
3.459690000000000000e+05
3.494500000000000000e+05
3.535660000000000000e+05
3.582900000000000000e+05
3.629810000000000000e+05
3.674740000000000000e+05
3.722590000000000000e+05
3.759310000000000000e+05
3.791410000000000000e+05
3.829490000000000000e+05
3.871210000000000000e+05
3.910440000000000000e+05
3.945660000000000000e+05
3.977800000000000000e+05
4.001240000000000000e+05
4.023300000000000000e+05
4.054370000000000000e+05
4.093580000000000000e+05
4.132150000000000000e+05
4.168020000000000000e+05
4.203030000000000000e+05
4.235240000000000000e+05
4.266340000000000000e+05
4.306780000000000000e+05
4.345980000000000000e+05
4.382650000000000000e+05
4.421640000000000000e+05
4.459490000000000000e+05
4.491530000000000000e+05
4.517070000000000000e+05
4.553980000000000000e+05
4.599080000000000000e+05
4.639510000000000000e+05
4.677550000000000000e+05
4.706330000000000000e+05
4.726300000000000000e+05
4.752880000000000000e+05
4.787010000000000000e+05
4.822960000000000000e+05
4.858700000000000000e+05
4.895710000000000000e+05
4.931390000000000000e+05
4.960190000000000000e+05
4.985490000000000000e+05
5.017330000000000000e+05
5.053100000000000000e+05
5.085080000000000000e+05
5.118060000000000000e+05
5.144960000000000000e+05
5.169150000000000000e+05
5.191520000000000000e+05
5.215420000000000000e+05
5.245030000000000000e+05
5.268520000000000000e+05
5.292260000000000000e+05
5.317690000000000000e+05
5.335550000000000000e+05
5.353210000000000000e+05
5.374570000000000000e+05
5.397490000000000000e+05
5.421870000000000000e+05
5.446700000000000000e+05
5.472150000000000000e+05
5.488210000000000000e+05
5.504350000000000000e+05
5.525490000000000000e+05
5.547670000000000000e+05
5.567280000000000000e+05
5.587670000000000000e+05
5.606220000000000000e+05
5.625200000000000000e+05
5.642000000000000000e+05
5.660150000000000000e+05
5.681380000000000000e+05
5.698730000000000000e+05
5.712530000000000000e+05
5.726000000000000000e+05
5.736220000000000000e+05
5.746340000000000000e+05
5.759720000000000000e+05
5.773630000000000000e+05
5.789160000000000000e+05
5.804490000000000000e+05
5.818110000000000000e+05
5.831180000000000000e+05
5.841450000000000000e+05
5.853450000000000000e+05
5.865030000000000000e+05
5.876760000000000000e+05
5.888030000000000000e+05
5.899430000000000000e+05
5.907790000000000000e+05
5.915970000000000000e+05
5.925280000000000000e+05
5.935410000000000000e+05
5.944420000000000000e+05
5.952910000000000000e+05
5.961930000000000000e+05
5.970330000000000000e+05
5.977740000000000000e+05
5.983690000000000000e+05
5.991260000000000000e+05
5.999650000000000000e+05
6.007550000000000000e+05
6.014240000000000000e+05
6.023310000000000000e+05
6.029380000000000000e+05
6.037390000000000000e+05
6.045490000000000000e+05
6.054160000000000000e+05
6.061860000000000000e+05
6.069910000000000000e+05
6.075870000000000000e+05
6.082320000000000000e+05
6.090290000000000000e+05
6.098520000000000000e+05
6.105980000000000000e+05
6.114070000000000000e+05
6.120920000000000000e+05
6.128700000000000000e+05
6.137630000000000000e+05
6.145760000000000000e+05
6.153800000000000000e+05
6.162590000000000000e+05
6.172020000000000000e+05
6.181470000000000000e+05
6.189220000000000000e+05
6.196360000000000000e+05
6.206200000000000000e+05
6.217550000000000000e+05
6.230720000000000000e+05
6.242220000000000000e+05
6.257560000000000000e+05
6.274160000000000000e+05
6.285500000000000000e+05
6.302630000000000000e+05
6.322570000000000000e+05
6.345390000000000000e+05
6.369080000000000000e+05
6.394380000000000000e+05
6.416280000000000000e+05
6.438520000000000000e+05
6.466500000000000000e+05
6.499820000000000000e+05
6.535570000000000000e+05
6.574530000000000000e+05
6.614770000000000000e+05
6.647500000000000000e+05
6.679370000000000000e+05
6.718010000000000000e+05
6.759820000000000000e+05
6.802880000000000000e+05
6.843620000000000000e+05
6.886980000000000000e+05
6.922410000000000000e+05
6.954890000000000000e+05
6.990880000000000000e+05
7.037780000000000000e+05
7.089510000000000000e+05
7.139940000000000000e+05
7.191210000000000000e+05
7.231890000000000000e+05
7.265480000000000000e+05
7.310160000000000000e+05
7.356260000000000000e+05
7.404720000000000000e+05
7.456420000000000000e+05
7.502640000000000000e+05
7.543180000000000000e+05
7.581840000000000000e+05
7.630850000000000000e+05
7.683520000000000000e+05
7.740150000000000000e+05
7.794580000000000000e+05
7.847160000000000000e+05
7.893900000000000000e+05
7.938920000000000000e+05
7.985470000000000000e+05
8.030410000000000000e+05
8.090920000000000000e+05
8.156050000000000000e+05
8.220950000000000000e+05
8.271570000000000000e+05
8.324280000000000000e+05
8.382650000000000000e+05
8.442600000000000000e+05
8.509240000000000000e+05
8.569390000000000000e+05
8.628210000000000000e+05
8.682000000000000000e+05
8.735680000000000000e+05
8.799910000000000000e+05
8.872910000000000000e+05
8.956220000000000000e+05
9.034390000000000000e+05
9.113760000000000000e+05
9.181550000000000000e+05
9.249460000000000000e+05
9.328990000000000000e+05
9.410780000000000000e+05
9.490500000000000000e+05
9.568600000000000000e+05
9.644350000000000000e+05
9.709870000000000000e+05
9.771750000000000000e+05
9.849500000000000000e+05
9.931580000000000000e+05
1.001854000000000000e+06
1.010304000000000000e+06
1.018321000000000000e+06
1.025288000000000000e+06
1.031322000000000000e+06
1.037858000000000000e+06
1.045010000000000000e+06
1.051868000000000000e+06
1.058794000000000000e+06
1.065199000000000000e+06
1.070366000000000000e+06
1.074930000000000000e+06
1.079998000000000000e+06
1.086141000000000000e+06
1.091954000000000000e+06
1.098187000000000000e+06
1.103950000000000000e+06
1.108558000000000000e+06
1.112725000000000000e+06
1.117627000000000000e+06
1.122914000000000000e+06
1.127580000000000000e+06
1.132092000000000000e+06
1.134859000000000000e+06
1.136917000000000000e+06
1.139373000000000000e+06
1.142925000000000000e+06
1.146948000000000000e+06
1.151557000000000000e+06
1.156137000000000000e+06
1.160494000000000000e+06
1.164149000000000000e+06
1.167940000000000000e+06
1.172042000000000000e+06
1.176980000000000000e+06
1.181698000000000000e+06
1.186309000000000000e+06
1.190351000000000000e+06
1.193608000000000000e+06
1.197082000000000000e+06
1.201352000000000000e+06
1.205522000000000000e+06
1.210105000000000000e+06
1.214367000000000000e+06
1.218524000000000000e+06
1.221678000000000000e+06
1.224992000000000000e+06
1.229121000000000000e+06
1.233240000000000000e+06
1.237856000000000000e+06
1.242540000000000000e+06
1.246860000000000000e+06
1.250691000000000000e+06
1.254643000000000000e+06
1.259683000000000000e+06
1.264301000000000000e+06
1.269440000000000000e+06
1.274629000000000000e+06
1.279697000000000000e+06
1.283305000000000000e+06
1.287465000000000000e+06
1.292700000000000000e+06
1.298703000000000000e+06
1.305000000000000000e+06
1.311093000000000000e+06
1.316418000000000000e+06
1.321232000000000000e+06
1.325700000000000000e+06
1.332046000000000000e+06
1.338604000000000000e+06
1.345904000000000000e+06
1.353458000000000000e+06
1.359836000000000000e+06
1.365211000000000000e+06
1.371475000000000000e+06
1.379505000000000000e+06
1.388323000000000000e+06
1.397100000000000000e+06
1.406289000000000000e+06
1.414925000000000000e+06
1.421746000000000000e+06
1.429362000000000000e+06
1.438511000000000000e+06
1.447557000000000000e+06
1.457192000000000000e+06
1.466529000000000000e+06
1.474865000000000000e+06
1.483014000000000000e+06
1.491712000000000000e+06
1.501595000000000000e+06
1.510517000000000000e+06
1.518837000000000000e+06
1.526943000000000000e+06
1.535848000000000000e+06
1.543501000000000000e+06
1.552648000000000000e+06
1.564828000000000000e+06
1.577013000000000000e+06
1.590528000000000000e+06
1.603787000000000000e+06
1.616384000000000000e+06
1.626599000000000000e+06
1.635993000000000000e+06
