0.000000000000000000e+00
0.000000000000000000e+00
0.000000000000000000e+00
0.000000000000000000e+00
0.000000000000000000e+00
0.000000000000000000e+00
0.000000000000000000e+00
0.000000000000000000e+00
0.000000000000000000e+00
0.000000000000000000e+00
0.000000000000000000e+00
0.000000000000000000e+00
0.000000000000000000e+00
0.000000000000000000e+00
0.000000000000000000e+00
0.000000000000000000e+00
0.000000000000000000e+00
0.000000000000000000e+00
0.000000000000000000e+00
0.000000000000000000e+00
0.000000000000000000e+00
0.000000000000000000e+00
0.000000000000000000e+00
0.000000000000000000e+00
0.000000000000000000e+00
0.000000000000000000e+00
0.000000000000000000e+00
0.000000000000000000e+00
0.000000000000000000e+00
0.000000000000000000e+00
0.000000000000000000e+00
0.000000000000000000e+00
0.000000000000000000e+00
1.000000000000000000e+00
0.000000000000000000e+00
4.000000000000000000e+00
2.000000000000000000e+00
0.000000000000000000e+00
6.000000000000000000e+00
6.000000000000000000e+00
7.000000000000000000e+00
6.000000000000000000e+00
3.000000000000000000e+00
0.000000000000000000e+00
5.000000000000000000e+00
1.400000000000000000e+01
6.000000000000000000e+00
0.000000000000000000e+00
1.100000000000000000e+01
0.000000000000000000e+00
0.000000000000000000e+00
3.000000000000000000e+01
9.000000000000000000e+00
6.000000000000000000e+00
8.000000000000000000e+00
3.000000000000000000e+01
1.000000000000000000e+01
2.800000000000000000e+01
1.600000000000000000e+01
6.000000000000000000e+00
1.900000000000000000e+01
3.300000000000000000e+01
5.000000000000000000e+01
3.000000000000000000e+01
3.600000000000000000e+01
7.600000000000000000e+01
4.800000000000000000e+01
4.100000000000000000e+01
8.300000000000000000e+01
6.400000000000000000e+01
3.400000000000000000e+01
4.400000000000000000e+01
4.800000000000000000e+01
5.800000000000000000e+01
8.300000000000000000e+01
7.000000000000000000e+01
9.100000000000000000e+01
8.000000000000000000e+01
3.000000000000000000e+01
4.700000000000000000e+01
3.900000000000000000e+01
3.400000000000000000e+01
2.600000000000000000e+01
2.200000000000000000e+01
1.500000000000000000e+01
1.900000000000000000e+01
4.800000000000000000e+01
3.100000000000000000e+01
2.600000000000000000e+01
3.500000000000000000e+01
2.800000000000000000e+01
2.900000000000000000e+01
4.600000000000000000e+01
3.100000000000000000e+01
5.500000000000000000e+01
5.700000000000000000e+01
2.700000000000000000e+01
8.100000000000000000e+01
7.500000000000000000e+01
8.200000000000000000e+01
6.800000000000000000e+01
6.600000000000000000e+01
7.700000000000000000e+01
5.000000000000000000e+01
8.500000000000000000e+01
4.900000000000000000e+01
6.300000000000000000e+01
6.000000000000000000e+01
7.600000000000000000e+01
8.800000000000000000e+01
5.100000000000000000e+01
9.500000000000000000e+01
1.190000000000000000e+02
1.110000000000000000e+02
5.000000000000000000e+01
6.700000000000000000e+01
1.440000000000000000e+02
1.500000000000000000e+02
5.700000000000000000e+01
1.130000000000000000e+02
1.530000000000000000e+02
8.700000000000000000e+01
3.080000000000000000e+02
1.970000000000000000e+02
1.630000000000000000e+02
2.160000000000000000e+02
2.870000000000000000e+02
3.220000000000000000e+02
4.160000000000000000e+02
3.060000000000000000e+02
2.600000000000000000e+02
4.290000000000000000e+02
5.190000000000000000e+02
7.810000000000000000e+02
6.720000000000000000e+02
1.006000000000000000e+03
1.252000000000000000e+03
1.268000000000000000e+03
1.115000000000000000e+03
7.870000000000000000e+02
1.146000000000000000e+03
1.261000000000000000e+03
1.095000000000000000e+03
1.180000000000000000e+03
1.259000000000000000e+03
1.106000000000000000e+03
1.385000000000000000e+03
1.554000000000000000e+03
1.463000000000000000e+03
1.635000000000000000e+03
1.870000000000000000e+03
1.646000000000000000e+03
1.808000000000000000e+03
1.826000000000000000e+03
2.200000000000000000e+03
2.437000000000000000e+03
2.054000000000000000e+03
2.069000000000000000e+03
2.140000000000000000e+03
1.749000000000000000e+03
1.958000000000000000e+03
2.415000000000000000e+03
2.184000000000000000e+03
2.312000000000000000e+03
2.334000000000000000e+03
2.125000000000000000e+03
1.796000000000000000e+03
2.426000000000000000e+03
2.741000000000000000e+03
2.170000000000000000e+03
2.848000000000000000e+03
2.734000000000000000e+03
2.312000000000000000e+03
2.229000000000000000e+03
2.022000000000000000e+03
2.110000000000000000e+03
2.281000000000000000e+03
2.023000000000000000e+03
2.049000000000000000e+03
2.310000000000000000e+03
2.163000000000000000e+03
2.466000000000000000e+03
2.706000000000000000e+03
2.361000000000000000e+03
2.485000000000000000e+03
2.862000000000000000e+03
2.459000000000000000e+03
2.553000000000000000e+03
2.747000000000000000e+03
2.968000000000000000e+03
2.963000000000000000e+03
3.346000000000000000e+03
2.095000000000000000e+03
2.447000000000000000e+03
2.735000000000000000e+03
2.836000000000000000e+03
2.834000000000000000e+03
3.047000000000000000e+03
3.461000000000000000e+03
3.325000000000000000e+03
2.726000000000000000e+03
3.484000000000000000e+03
3.396000000000000000e+03
3.441000000000000000e+03
3.841000000000000000e+03
4.013000000000000000e+03
4.293000000000000000e+03
4.348000000000000000e+03
3.202000000000000000e+03
4.576000000000000000e+03
4.093000000000000000e+03
3.995000000000000000e+03
4.288000000000000000e+03
3.965000000000000000e+03
3.291000000000000000e+03
3.644000000000000000e+03
3.962000000000000000e+03
3.837000000000000000e+03
3.651000000000000000e+03
4.177000000000000000e+03
3.834000000000000000e+03
3.731000000000000000e+03
3.757000000000000000e+03
3.404000000000000000e+03
3.946000000000000000e+03
4.755000000000000000e+03
5.036000000000000000e+03
4.644000000000000000e+03
3.651000000000000000e+03
4.314000000000000000e+03
4.894000000000000000e+03
4.243000000000000000e+03
4.597000000000000000e+03
4.254000000000000000e+03
4.106000000000000000e+03
3.531000000000000000e+03
4.169000000000000000e+03
4.224000000000000000e+03
4.357000000000000000e+03
4.326000000000000000e+03
4.305000000000000000e+03
3.907000000000000000e+03
3.438000000000000000e+03
3.821000000000000000e+03
4.724000000000000000e+03
5.055000000000000000e+03
4.471000000000000000e+03
4.593000000000000000e+03
4.270000000000000000e+03
3.481000000000000000e+03
4.116000000000000000e+03
4.724000000000000000e+03
4.691000000000000000e+03
4.493000000000000000e+03
4.785000000000000000e+03
3.672000000000000000e+03
3.210000000000000000e+03
3.808000000000000000e+03
4.172000000000000000e+03
3.923000000000000000e+03
3.522000000000000000e+03
3.214000000000000000e+03
2.344000000000000000e+03
2.206000000000000000e+03
3.107000000000000000e+03
3.921000000000000000e+03
3.857000000000000000e+03
3.587000000000000000e+03
3.501000000000000000e+03
3.221000000000000000e+03
3.110000000000000000e+03
4.044000000000000000e+03
3.920000000000000000e+03
3.667000000000000000e+03
3.899000000000000000e+03
3.785000000000000000e+03
3.204000000000000000e+03
2.554000000000000000e+03
3.691000000000000000e+03
4.510000000000000000e+03
4.043000000000000000e+03
3.804000000000000000e+03
2.878000000000000000e+03
1.997000000000000000e+03
2.658000000000000000e+03
3.413000000000000000e+03
3.595000000000000000e+03
3.574000000000000000e+03
3.701000000000000000e+03
3.568000000000000000e+03
2.880000000000000000e+03
2.530000000000000000e+03
3.184000000000000000e+03
3.577000000000000000e+03
3.198000000000000000e+03
3.298000000000000000e+03
2.690000000000000000e+03
2.419000000000000000e+03
2.237000000000000000e+03
2.390000000000000000e+03
2.961000000000000000e+03
2.349000000000000000e+03
2.374000000000000000e+03
2.543000000000000000e+03
1.786000000000000000e+03
1.766000000000000000e+03
2.136000000000000000e+03
2.292000000000000000e+03
2.438000000000000000e+03
2.483000000000000000e+03
2.545000000000000000e+03
1.606000000000000000e+03
1.614000000000000000e+03
2.114000000000000000e+03
2.218000000000000000e+03
1.961000000000000000e+03
2.039000000000000000e+03
1.855000000000000000e+03
1.898000000000000000e+03
1.680000000000000000e+03
1.815000000000000000e+03
2.123000000000000000e+03
1.735000000000000000e+03
1.380000000000000000e+03
1.347000000000000000e+03
1.022000000000000000e+03
1.012000000000000000e+03
1.338000000000000000e+03
1.391000000000000000e+03
1.553000000000000000e+03
1.533000000000000000e+03
1.362000000000000000e+03
1.307000000000000000e+03
1.027000000000000000e+03
1.200000000000000000e+03
1.158000000000000000e+03
1.173000000000000000e+03
1.127000000000000000e+03
1.140000000000000000e+03
8.360000000000000000e+02
8.180000000000000000e+02
9.310000000000000000e+02
1.013000000000000000e+03
9.010000000000000000e+02
8.490000000000000000e+02
9.020000000000000000e+02
8.400000000000000000e+02
7.410000000000000000e+02
5.950000000000000000e+02
7.570000000000000000e+02
8.390000000000000000e+02
7.900000000000000000e+02
6.690000000000000000e+02
9.070000000000000000e+02
6.070000000000000000e+02
8.010000000000000000e+02
8.100000000000000000e+02
8.670000000000000000e+02
7.700000000000000000e+02
8.050000000000000000e+02
5.960000000000000000e+02
6.450000000000000000e+02
7.970000000000000000e+02
8.230000000000000000e+02
7.460000000000000000e+02
8.090000000000000000e+02
6.850000000000000000e+02
7.780000000000000000e+02
8.930000000000000000e+02
8.130000000000000000e+02
8.040000000000000000e+02
8.790000000000000000e+02
9.430000000000000000e+02
9.450000000000000000e+02
7.750000000000000000e+02
7.140000000000000000e+02
9.840000000000000000e+02
1.135000000000000000e+03
1.317000000000000000e+03
1.150000000000000000e+03
1.534000000000000000e+03
1.660000000000000000e+03
1.134000000000000000e+03
1.713000000000000000e+03
1.994000000000000000e+03
2.282000000000000000e+03
2.369000000000000000e+03
2.530000000000000000e+03
2.190000000000000000e+03
2.224000000000000000e+03
2.798000000000000000e+03
3.332000000000000000e+03
3.575000000000000000e+03
3.896000000000000000e+03
4.024000000000000000e+03
3.273000000000000000e+03
3.187000000000000000e+03
3.864000000000000000e+03
4.181000000000000000e+03
4.306000000000000000e+03
4.074000000000000000e+03
4.336000000000000000e+03
3.543000000000000000e+03
3.248000000000000000e+03
3.599000000000000000e+03
4.690000000000000000e+03
5.173000000000000000e+03
5.043000000000000000e+03
5.127000000000000000e+03
4.068000000000000000e+03
3.359000000000000000e+03
4.468000000000000000e+03
4.610000000000000000e+03
4.846000000000000000e+03
5.170000000000000000e+03
4.622000000000000000e+03
4.054000000000000000e+03
3.866000000000000000e+03
4.901000000000000000e+03
5.267000000000000000e+03
5.663000000000000000e+03
5.443000000000000000e+03
5.258000000000000000e+03
4.674000000000000000e+03
4.502000000000000000e+03
4.655000000000000000e+03
4.494000000000000000e+03
6.051000000000000000e+03
6.513000000000000000e+03
6.490000000000000000e+03
5.062000000000000000e+03
5.271000000000000000e+03
5.837000000000000000e+03
5.995000000000000000e+03
6.664000000000000000e+03
6.015000000000000000e+03
5.882000000000000000e+03
5.379000000000000000e+03
5.368000000000000000e+03
6.423000000000000000e+03
7.300000000000000000e+03
8.331000000000000000e+03
7.817000000000000000e+03
7.937000000000000000e+03
6.779000000000000000e+03
6.791000000000000000e+03
7.953000000000000000e+03
8.179000000000000000e+03
7.972000000000000000e+03
7.810000000000000000e+03
7.575000000000000000e+03
6.552000000000000000e+03
6.188000000000000000e+03
7.775000000000000000e+03
8.208000000000000000e+03
8.696000000000000000e+03
8.450000000000000000e+03
8.017000000000000000e+03
6.967000000000000000e+03
6.034000000000000000e+03
6.536000000000000000e+03
7.152000000000000000e+03
6.858000000000000000e+03
6.926000000000000000e+03
6.405000000000000000e+03
5.167000000000000000e+03
4.564000000000000000e+03
5.068000000000000000e+03
6.143000000000000000e+03
5.813000000000000000e+03
6.233000000000000000e+03
5.763000000000000000e+03
4.608000000000000000e+03
4.167000000000000000e+03
4.902000000000000000e+03
5.287000000000000000e+03
4.666000000000000000e+03
4.512000000000000000e+03
2.767000000000000000e+03
2.058000000000000000e+03
2.456000000000000000e+03
3.552000000000000000e+03
4.023000000000000000e+03
4.609000000000000000e+03
4.580000000000000000e+03
4.357000000000000000e+03
3.655000000000000000e+03
3.791000000000000000e+03
4.102000000000000000e+03
4.938000000000000000e+03
4.718000000000000000e+03
4.611000000000000000e+03
4.042000000000000000e+03
3.257000000000000000e+03
3.474000000000000000e+03
4.270000000000000000e+03
4.170000000000000000e+03
4.583000000000000000e+03
4.262000000000000000e+03
4.157000000000000000e+03
3.154000000000000000e+03
3.314000000000000000e+03
4.129000000000000000e+03
4.119000000000000000e+03
4.616000000000000000e+03
4.684000000000000000e+03
4.320000000000000000e+03
3.831000000000000000e+03
3.952000000000000000e+03
5.040000000000000000e+03
4.618000000000000000e+03
5.139000000000000000e+03
5.189000000000000000e+03
5.068000000000000000e+03
3.608000000000000000e+03
4.160000000000000000e+03
5.235000000000000000e+03
6.003000000000000000e+03
6.297000000000000000e+03
6.093000000000000000e+03
5.325000000000000000e+03
4.814000000000000000e+03
4.468000000000000000e+03
6.346000000000000000e+03
6.558000000000000000e+03
7.300000000000000000e+03
7.554000000000000000e+03
6.378000000000000000e+03
5.375000000000000000e+03
6.264000000000000000e+03
8.030000000000000000e+03
8.818000000000000000e+03
8.777000000000000000e+03
9.189000000000000000e+03
8.636000000000000000e+03
6.821000000000000000e+03
7.616000000000000000e+03
9.149000000000000000e+03
9.046000000000000000e+03
9.635000000000000000e+03
9.337000000000000000e+03
8.336000000000000000e+03
8.149000000000000000e+03
8.698000000000000000e+03
9.883000000000000000e+03
8.922000000000000000e+03
8.320000000000000000e+03
8.106000000000000000e+03
8.905000000000000000e+03
7.653000000000000000e+03
9.147000000000000000e+03
1.218000000000000000e+04
1.218500000000000000e+04
1.351500000000000000e+04
1.325900000000000000e+04
1.259700000000000000e+04
1.021500000000000000e+04
9.394000000000000000e+03
