5.480000000000000000e+02
6.430000000000000000e+02
9.200000000000000000e+02
1.406000000000000000e+03
2.075000000000000000e+03
2.877000000000000000e+03
5.509000000000000000e+03
6.087000000000000000e+03
8.141000000000000000e+03
9.802000000000000000e+03
1.189100000000000000e+04
1.663000000000000000e+04
1.971600000000000000e+04
2.370700000000000000e+04
2.744000000000000000e+04
3.058700000000000000e+04
3.411000000000000000e+04
3.681400000000000000e+04
3.982900000000000000e+04
4.235400000000000000e+04
4.438600000000000000e+04
4.475900000000000000e+04
5.989500000000000000e+04
6.635800000000000000e+04
6.841300000000000000e+04
7.051300000000000000e+04
7.243400000000000000e+04
7.421100000000000000e+04
7.461900000000000000e+04
7.507700000000000000e+04
7.555000000000000000e+04
7.700100000000000000e+04
7.702200000000000000e+04
7.724100000000000000e+04
7.775400000000000000e+04
7.816600000000000000e+04
7.860000000000000000e+04
7.892800000000000000e+04
7.935600000000000000e+04
7.993200000000000000e+04
8.013600000000000000e+04
8.026100000000000000e+04
8.038600000000000000e+04
8.053700000000000000e+04
8.069000000000000000e+04
8.077000000000000000e+04
8.082300000000000000e+04
8.086000000000000000e+04
8.088700000000000000e+04
8.092100000000000000e+04
8.093200000000000000e+04
8.094500000000000000e+04
8.097700000000000000e+04
8.100300000000000000e+04
8.103300000000000000e+04
8.105800000000000000e+04
8.110200000000000000e+04
8.115600000000000000e+04
8.125000000000000000e+04
8.130500000000000000e+04
8.143500000000000000e+04
8.149800000000000000e+04
8.159100000000000000e+04
8.166100000000000000e+04
8.178200000000000000e+04
8.189700000000000000e+04
8.199900000000000000e+04
8.212200000000000000e+04
8.219800000000000000e+04
8.227900000000000000e+04
8.236100000000000000e+04
8.243200000000000000e+04
8.251100000000000000e+04
8.254300000000000000e+04
8.260200000000000000e+04
8.266500000000000000e+04
8.271800000000000000e+04
8.280900000000000000e+04
8.288300000000000000e+04
8.294100000000000000e+04
8.301400000000000000e+04
8.313400000000000000e+04
8.321300000000000000e+04
8.330600000000000000e+04
8.335600000000000000e+04
8.340300000000000000e+04
8.376000000000000000e+04
8.378700000000000000e+04
8.380500000000000000e+04
8.381700000000000000e+04
8.385300000000000000e+04
8.386800000000000000e+04
8.388400000000000000e+04
8.389900000000000000e+04
8.390900000000000000e+04
8.391200000000000000e+04
8.391800000000000000e+04
8.394000000000000000e+04
8.394400000000000000e+04
8.395600000000000000e+04
8.395900000000000000e+04
8.395900000000000000e+04
8.396400000000000000e+04
8.396600000000000000e+04
8.396800000000000000e+04
8.397000000000000000e+04
8.397500000000000000e+04
8.397600000000000000e+04
8.399000000000000000e+04
8.401000000000000000e+04
8.401100000000000000e+04
8.401800000000000000e+04
8.402400000000000000e+04
8.402900000000000000e+04
8.403800000000000000e+04
8.404400000000000000e+04
8.405400000000000000e+04
8.406300000000000000e+04
8.406300000000000000e+04
8.406300000000000000e+04
8.406300000000000000e+04
8.408100000000000000e+04
8.408400000000000000e+04
8.409500000000000000e+04
8.410200000000000000e+04
8.410300000000000000e+04
8.410600000000000000e+04
8.410600000000000000e+04
8.412300000000000000e+04
8.412800000000000000e+04
8.414600000000000000e+04
8.415400000000000000e+04
8.416100000000000000e+04
8.416000000000000000e+04
8.417100000000000000e+04
8.417700000000000000e+04
8.418600000000000000e+04
8.419100000000000000e+04
8.419500000000000000e+04
8.419800000000000000e+04
8.420900000000000000e+04
8.421600000000000000e+04
8.422800000000000000e+04
8.428600000000000000e+04
8.433500000000000000e+04
8.437800000000000000e+04
8.442200000000000000e+04
8.445800000000000000e+04
8.449400000000000000e+04
8.449400000000000000e+04
8.455300000000000000e+04
8.457200000000000000e+04
8.462400000000000000e+04
8.465300000000000000e+04
8.467300000000000000e+04
8.470100000000000000e+04
8.472500000000000000e+04
8.474300000000000000e+04
8.475700000000000000e+04
8.478000000000000000e+04
8.478500000000000000e+04
8.481600000000000000e+04
8.483000000000000000e+04
8.483800000000000000e+04
8.485700000000000000e+04
8.487100000000000000e+04
8.488900000000000000e+04
8.491700000000000000e+04
8.495000000000000000e+04
8.499200000000000000e+04
8.499200000000000000e+04
8.507100000000000000e+04
8.511700000000000000e+04
8.511700000000000000e+04
8.522600000000000000e+04
8.524600000000000000e+04
8.532700000000000000e+04
8.540200000000000000e+04
8.541800000000000000e+04
8.550300000000000000e+04
8.562200000000000000e+04
8.570800000000000000e+04
8.590600000000000000e+04
8.604500000000000000e+04
8.620200000000000000e+04
8.638100000000000000e+04
8.657000000000000000e+04
8.678300000000000000e+04
8.699000000000000000e+04
8.721300000000000000e+04
8.748900000000000000e+04
8.765500000000000000e+04
8.782700000000000000e+04
8.798500000000000000e+04
8.809900000000000000e+04
8.820600000000000000e+04
8.832800000000000000e+04
8.846000000000000000e+04
8.858000000000000000e+04
8.867200000000000000e+04
8.879300000000000000e+04
8.890600000000000000e+04
8.895800000000000000e+04
8.904500000000000000e+04
8.914400000000000000e+04
8.921400000000000000e+04
8.927900000000000000e+04
8.937500000000000000e+04
8.944100000000000000e+04
8.949400000000000000e+04
8.952700000000000000e+04
8.956700000000000000e+04
8.961600000000000000e+04
8.965400000000000000e+04
8.969500000000000000e+04
8.971800000000000000e+04
8.975200000000000000e+04
8.978400000000000000e+04
8.981400000000000000e+04
8.983600000000000000e+04
8.986300000000000000e+04
8.989500000000000000e+04
8.991400000000000000e+04
8.993300000000000000e+04
8.995300000000000000e+04
8.998600000000000000e+04
9.000800000000000000e+04
9.002500000000000000e+04
9.005800000000000000e+04
9.007800000000000000e+04
9.008700000000000000e+04
9.010000000000000000e+04
9.012700000000000000e+04
9.014500000000000000e+04
9.016800000000000000e+04
9.019700000000000000e+04
9.021900000000000000e+04
9.023500000000000000e+04
9.025300000000000000e+04
9.029400000000000000e+04
9.031100000000000000e+04
9.033400000000000000e+04
9.036900000000000000e+04
9.038100000000000000e+04
9.039900000000000000e+04
9.040900000000000000e+04
9.042400000000000000e+04
9.044100000000000000e+04
9.045600000000000000e+04
9.048300000000000000e+04
9.050500000000000000e+04
9.052800000000000000e+04
9.054500000000000000e+04
9.056700000000000000e+04
9.058400000000000000e+04
9.060400000000000000e+04
9.062900000000000000e+04
9.065200000000000000e+04
9.066700000000000000e+04
9.068700000000000000e+04
9.072800000000000000e+04
9.075100000000000000e+04
9.077800000000000000e+04
9.081200000000000000e+04
9.083000000000000000e+04
9.085800000000000000e+04
9.086900000000000000e+04
9.090500000000000000e+04
9.092500000000000000e+04
9.095500000000000000e+04
9.097200000000000000e+04
9.100600000000000000e+04
9.102200000000000000e+04
9.104400000000000000e+04
9.107300000000000000e+04
9.110800000000000000e+04
9.112800000000000000e+04
9.115100000000000000e+04
9.117500000000000000e+04
9.122200000000000000e+04
9.127100000000000000e+04
9.129900000000000000e+04
9.133900000000000000e+04
9.136600000000000000e+04
9.139700000000000000e+04
9.145200000000000000e+04
9.147800000000000000e+04
9.150900000000000000e+04
9.155200000000000000e+04
9.159100000000000000e+04
9.162200000000000000e+04
9.166500000000000000e+04
9.169300000000000000e+04
9.171900000000000000e+04
9.175200000000000000e+04
9.178300000000000000e+04
9.180700000000000000e+04
9.182800000000000000e+04
9.185000000000000000e+04
9.187200000000000000e+04
9.188500000000000000e+04
9.190600000000000000e+04
9.193500000000000000e+04
9.197700000000000000e+04
9.203700000000000000e+04
9.211600000000000000e+04
9.221100000000000000e+04
9.229600000000000000e+04
9.240200000000000000e+04
9.248800000000000000e+04
9.258600000000000000e+04
9.268100000000000000e+04
9.281400000000000000e+04
9.290200000000000000e+04
9.299300000000000000e+04
9.311300000000000000e+04
9.322100000000000000e+04
9.334800000000000000e+04
9.346700000000000000e+04
9.357700000000000000e+04
9.367000000000000000e+04
9.378200000000000000e+04
9.389800000000000000e+04
9.402500000000000000e+04
9.412400000000000000e+04
9.421700000000000000e+04
9.432800000000000000e+04
9.442700000000000000e+04
9.453700000000000000e+04
9.462600000000000000e+04
9.473400000000000000e+04
9.482100000000000000e+04
9.495300000000000000e+04
9.505000000000000000e+04
9.515000000000000000e+04
9.522800000000000000e+04
9.529800000000000000e+04
9.538300000000000000e+04
9.546000000000000000e+04
9.554100000000000000e+04
9.563200000000000000e+04
9.572000000000000000e+04
9.579700000000000000e+04
9.587600000000000000e+04
9.596300000000000000e+04
9.602300000000000000e+04
9.608600000000000000e+04
9.616000000000000000e+04
9.624600000000000000e+04
9.631000000000000000e+04
9.639800000000000000e+04
9.648400000000000000e+04
9.656200000000000000e+04
9.669000000000000000e+04
9.682400000000000000e+04
9.692000000000000000e+04
9.709500000000000000e+04
9.727500000000000000e+04
9.744800000000000000e+04
9.761600000000000000e+04
9.777500000000000000e+04
9.793900000000000000e+04
9.816400000000000000e+04
9.832300000000000000e+04
9.854400000000000000e+04
9.878600000000000000e+04
9.888600000000000000e+04
9.904700000000000000e+04
9.924700000000000000e+04
9.940200000000000000e+04
9.954100000000000000e+04
9.965500000000000000e+04
9.974600000000000000e+04
9.984800000000000000e+04
9.996800000000000000e+04
1.000630000000000000e+05
1.001270000000000000e+05
1.001770000000000000e+05
1.002260000000000000e+05
1.002680000000000000e+05
1.003180000000000000e+05
1.003480000000000000e+05
1.003890000000000000e+05
1.004350000000000000e+05
1.004750000000000000e+05
1.004940000000000000e+05
1.005270000000000000e+05
1.005590000000000000e+05
1.005780000000000000e+05
1.005990000000000000e+05
1.006240000000000000e+05
1.006390000000000000e+05
1.006660000000000000e+05
1.006840000000000000e+05
1.007050000000000000e+05
1.007270000000000000e+05
1.007580000000000000e+05
1.007840000000000000e+05
1.008080000000000000e+05
1.008320000000000000e+05
1.008510000000000000e+05
1.008850000000000000e+05
1.009240000000000000e+05
1.009650000000000000e+05
1.009900000000000000e+05
1.010130000000000000e+05
1.010370000000000000e+05
1.010550000000000000e+05
1.010760000000000000e+05
1.010970000000000000e+05
1.011320000000000000e+05
1.011490000000000000e+05
1.011750000000000000e+05
1.011940000000000000e+05
1.012250000000000000e+05
1.012920000000000000e+05
1.013490000000000000e+05
1.013780000000000000e+05
1.014210000000000000e+05
1.014430000000000000e+05
1.014600000000000000e+05
1.014810000000000000e+05
1.014980000000000000e+05
1.015180000000000000e+05
1.015330000000000000e+05
1.015600000000000000e+05
1.015820000000000000e+05
1.016030000000000000e+05
1.016230000000000000e+05
1.016460000000000000e+05
1.016630000000000000e+05
1.016760000000000000e+05
1.016920000000000000e+05
1.017100000000000000e+05
1.017320000000000000e+05
1.017540000000000000e+05
1.017990000000000000e+05
1.018210000000000000e+05
1.018610000000000000e+05
1.019010000000000000e+05
1.019200000000000000e+05
1.019530000000000000e+05
1.019840000000000000e+05
1.020120000000000000e+05
1.020270000000000000e+05
1.020560000000000000e+05
1.020780000000000000e+05
1.021030000000000000e+05
1.021180000000000000e+05
1.021350000000000000e+05
1.021670000000000000e+05
1.022010000000000000e+05
1.022420000000000000e+05
1.022640000000000000e+05
1.022930000000000000e+05
1.023000000000000000e+05
1.023330000000000000e+05
1.023510000000000000e+05
1.023670000000000000e+05
1.023840000000000000e+05
1.023990000000000000e+05
1.024190000000000000e+05
1.024460000000000000e+05
1.024740000000000000e+05
1.024940000000000000e+05
1.025170000000000000e+05
1.025300000000000000e+05
1.025490000000000000e+05
1.025600000000000000e+05
1.025710000000000000e+05
1.025860000000000000e+05
1.025960000000000000e+05
1.026130000000000000e+05
1.026250000000000000e+05
1.026430000000000000e+05
1.026600000000000000e+05
1.026710000000000000e+05
1.026810000000000000e+05
1.026960000000000000e+05
1.027170000000000000e+05
1.027460000000000000e+05
1.027690000000000000e+05
1.027840000000000000e+05
1.027970000000000000e+05
1.028220000000000000e+05
1.028330000000000000e+05
1.028530000000000000e+05
1.028730000000000000e+05
1.028900000000000000e+05
1.029050000000000000e+05
1.029250000000000000e+05
1.029320000000000000e+05
1.029480000000000000e+05
1.029600000000000000e+05
1.029870000000000000e+05
1.030140000000000000e+05
1.030450000000000000e+05
1.030690000000000000e+05
1.030940000000000000e+05
1.031190000000000000e+05
1.031500000000000000e+05
1.031760000000000000e+05
1.032160000000000000e+05
1.032350000000000000e+05
1.032610000000000000e+05
1.032850000000000000e+05
1.033200000000000000e+05
1.033570000000000000e+05
1.033800000000000000e+05
1.034010000000000000e+05
1.034240000000000000e+05
1.034440000000000000e+05
1.034670000000000000e+05
1.035010000000000000e+05
1.035250000000000000e+05
1.035430000000000000e+05
1.035710000000000000e+05
1.036020000000000000e+05
1.036200000000000000e+05
1.036510000000000000e+05
1.036800000000000000e+05
1.036960000000000000e+05
1.037240000000000000e+05
1.037450000000000000e+05
1.037550000000000000e+05
1.037690000000000000e+05
1.037910000000000000e+05
1.038250000000000000e+05
1.038410000000000000e+05
1.038660000000000000e+05
1.038900000000000000e+05
1.039480000000000000e+05
1.039660000000000000e+05
1.039920000000000000e+05
1.040190000000000000e+05
1.040200000000000000e+05
1.040720000000000000e+05
1.041010000000000000e+05
1.041260000000000000e+05
1.041570000000000000e+05
1.041930000000000000e+05
1.042240000000000000e+05
1.042570000000000000e+05
1.042900000000000000e+05
1.043550000000000000e+05
1.043620000000000000e+05
1.044400000000000000e+05
1.044890000000000000e+05
1.045630000000000000e+05
1.045620000000000000e+05
1.046420000000000000e+05
1.047130000000000000e+05
1.048000000000000000e+05
1.048500000000000000e+05
1.049180000000000000e+05
1.049730000000000000e+05
1.050500000000000000e+05
1.051490000000000000e+05
