0.000000000000000000e+00
0.000000000000000000e+00
0.000000000000000000e+00
0.000000000000000000e+00
0.000000000000000000e+00
0.000000000000000000e+00
0.000000000000000000e+00
0.000000000000000000e+00
0.000000000000000000e+00
0.000000000000000000e+00
0.000000000000000000e+00
0.000000000000000000e+00
0.000000000000000000e+00
0.000000000000000000e+00
0.000000000000000000e+00
0.000000000000000000e+00
0.000000000000000000e+00
0.000000000000000000e+00
0.000000000000000000e+00
0.000000000000000000e+00
0.000000000000000000e+00
0.000000000000000000e+00
0.000000000000000000e+00
0.000000000000000000e+00
0.000000000000000000e+00
0.000000000000000000e+00
0.000000000000000000e+00
0.000000000000000000e+00
0.000000000000000000e+00
0.000000000000000000e+00
0.000000000000000000e+00
0.000000000000000000e+00
0.000000000000000000e+00
0.000000000000000000e+00
0.000000000000000000e+00
0.000000000000000000e+00
0.000000000000000000e+00
0.000000000000000000e+00
0.000000000000000000e+00
0.000000000000000000e+00
0.000000000000000000e+00
0.000000000000000000e+00
0.000000000000000000e+00
0.000000000000000000e+00
0.000000000000000000e+00
0.000000000000000000e+00
0.000000000000000000e+00
0.000000000000000000e+00
0.000000000000000000e+00
0.000000000000000000e+00
1.000000000000000000e+00
1.000000000000000000e+00
1.000000000000000000e+00
4.000000000000000000e+00
4.000000000000000000e+00
7.000000000000000000e+00
7.000000000000000000e+00
7.000000000000000000e+00
7.000000000000000000e+00
7.000000000000000000e+00
1.900000000000000000e+01
2.000000000000000000e+01
5.000000000000000000e+00
5.000000000000000000e+00
5.000000000000000000e+00
5.000000000000000000e+00
8.000000000000000000e+00
8.000000000000000000e+00
8.000000000000000000e+00
1.200000000000000000e+01
1.900000000000000000e+01
1.900000000000000000e+01
2.300000000000000000e+01
2.300000000000000000e+01
2.400000000000000000e+01
3.100000000000000000e+01
3.300000000000000000e+01
3.700000000000000000e+01
3.700000000000000000e+01
3.700000000000000000e+01
4.500000000000000000e+01
4.500000000000000000e+01
4.500000000000000000e+01
4.700000000000000000e+01
5.500000000000000000e+01
5.500000000000000000e+01
6.300000000000000000e+01
6.300000000000000000e+01
6.500000000000000000e+01
6.500000000000000000e+01
6.600000000000000000e+01
6.700000000000000000e+01
7.000000000000000000e+01
7.300000000000000000e+01
7.300000000000000000e+01
7.400000000000000000e+01
7.400000000000000000e+01
7.400000000000000000e+01
7.800000000000000000e+01
8.200000000000000000e+01
8.200000000000000000e+01
8.200000000000000000e+01
8.200000000000000000e+01
9.200000000000000000e+01
9.300000000000000000e+01
9.300000000000000000e+01
9.300000000000000000e+01
9.400000000000000000e+01
9.400000000000000000e+01
1.040000000000000000e+02
1.090000000000000000e+02
1.130000000000000000e+02
1.130000000000000000e+02
1.130000000000000000e+02
1.160000000000000000e+02
1.170000000000000000e+02
1.170000000000000000e+02
1.240000000000000000e+02
1.250000000000000000e+02
1.250000000000000000e+02
1.270000000000000000e+02
1.270000000000000000e+02
1.270000000000000000e+02
1.350000000000000000e+02
1.370000000000000000e+02
1.390000000000000000e+02
1.390000000000000000e+02
1.500000000000000000e+02
1.500000000000000000e+02
1.520000000000000000e+02
1.530000000000000000e+02
1.530000000000000000e+02
1.530000000000000000e+02
1.530000000000000000e+02
1.530000000000000000e+02
1.530000000000000000e+02
1.540000000000000000e+02
1.540000000000000000e+02
1.540000000000000000e+02
1.560000000000000000e+02
1.560000000000000000e+02
1.580000000000000000e+02
1.590000000000000000e+02
1.590000000000000000e+02
1.590000000000000000e+02
1.590000000000000000e+02
1.710000000000000000e+02
1.710000000000000000e+02
1.830000000000000000e+02
1.830000000000000000e+02
1.830000000000000000e+02
1.840000000000000000e+02
2.050000000000000000e+02
2.060000000000000000e+02
2.090000000000000000e+02
2.150000000000000000e+02
2.150000000000000000e+02
2.300000000000000000e+02
2.300000000000000000e+02
2.350000000000000000e+02
2.450000000000000000e+02
2.480000000000000000e+02
2.500000000000000000e+02
2.560000000000000000e+02
2.720000000000000000e+02
2.730000000000000000e+02
2.730000000000000000e+02
2.840000000000000000e+02
2.840000000000000000e+02
2.860000000000000000e+02
2.900000000000000000e+02
2.910000000000000000e+02
2.970000000000000000e+02
3.000000000000000000e+02
3.080000000000000000e+02
3.130000000000000000e+02
3.150000000000000000e+02
3.200000000000000000e+02
3.270000000000000000e+02
3.360000000000000000e+02
3.370000000000000000e+02
3.390000000000000000e+02
3.500000000000000000e+02
3.510000000000000000e+02
3.520000000000000000e+02
3.600000000000000000e+02
3.700000000000000000e+02
3.890000000000000000e+02
3.960000000000000000e+02
3.980000000000000000e+02
4.010000000000000000e+02
4.130000000000000000e+02
4.300000000000000000e+02
4.740000000000000000e+02
4.740000000000000000e+02
4.970000000000000000e+02
5.090000000000000000e+02
5.380000000000000000e+02
5.380000000000000000e+02
5.540000000000000000e+02
5.680000000000000000e+02
5.680000000000000000e+02
6.020000000000000000e+02
6.230000000000000000e+02
6.310000000000000000e+02
6.490000000000000000e+02
6.740000000000000000e+02
7.090000000000000000e+02
7.090000000000000000e+02
7.370000000000000000e+02
7.760000000000000000e+02
8.460000000000000000e+02
8.810000000000000000e+02
9.250000000000000000e+02
9.550000000000000000e+02
1.029000000000000000e+03
1.060000000000000000e+03
1.093000000000000000e+03
1.140000000000000000e+03
1.180000000000000000e+03
1.184000000000000000e+03
1.234000000000000000e+03
1.306000000000000000e+03
1.373000000000000000e+03
1.382000000000000000e+03
1.401000000000000000e+03
1.401000000000000000e+03
1.459000000000000000e+03
1.468000000000000000e+03
1.560000000000000000e+03
1.613000000000000000e+03
1.703000000000000000e+03
1.750000000000000000e+03
1.763000000000000000e+03
1.812000000000000000e+03
1.853000000000000000e+03
1.884000000000000000e+03
1.958000000000000000e+03
1.958000000000000000e+03
2.027000000000000000e+03
2.102000000000000000e+03
2.168000000000000000e+03
2.269000000000000000e+03
2.402000000000000000e+03
2.437000000000000000e+03
2.535000000000000000e+03
2.579000000000000000e+03
2.709000000000000000e+03
2.725000000000000000e+03
2.772000000000000000e+03
2.787000000000000000e+03
2.846000000000000000e+03
2.894000000000000000e+03
2.929000000000000000e+03
2.968000000000000000e+03
2.968000000000000000e+03
3.093000000000000000e+03
3.188000000000000000e+03
3.188000000000000000e+03
3.292000000000000000e+03
3.329000000000000000e+03
3.358000000000000000e+03
3.405000000000000000e+03
3.469000000000000000e+03
3.521000000000000000e+03
3.565000000000000000e+03
3.589000000000000000e+03
3.620000000000000000e+03
3.672000000000000000e+03
3.710000000000000000e+03
3.734000000000000000e+03
3.765000000000000000e+03
3.796000000000000000e+03
3.850000000000000000e+03
3.877000000000000000e+03
3.960000000000000000e+03
3.994000000000000000e+03
4.023000000000000000e+03
4.026000000000000000e+03
4.061000000000000000e+03
4.074000000000000000e+03
4.098000000000000000e+03
4.143000000000000000e+03
4.162000000000000000e+03
4.208000000000000000e+03
4.238000000000000000e+03
4.245000000000000000e+03
4.324000000000000000e+03
4.393000000000000000e+03
4.457000000000000000e+03
4.484000000000000000e+03
4.514000000000000000e+03
4.524000000000000000e+03
4.530000000000000000e+03
4.618000000000000000e+03
4.662000000000000000e+03
4.724000000000000000e+03
4.794000000000000000e+03
4.823000000000000000e+03
4.874000000000000000e+03
4.890000000000000000e+03
4.914000000000000000e+03
4.976000000000000000e+03
5.005000000000000000e+03
5.093000000000000000e+03
5.133000000000000000e+03
5.154000000000000000e+03
5.189000000000000000e+03
5.236000000000000000e+03
5.276000000000000000e+03
5.310000000000000000e+03
5.338000000000000000e+03
5.376000000000000000e+03
5.406000000000000000e+03
5.423000000000000000e+03
5.449000000000000000e+03
5.528000000000000000e+03
5.601000000000000000e+03
5.637000000000000000e+03
5.665000000000000000e+03
5.697000000000000000e+03
5.700000000000000000e+03
5.732000000000000000e+03
5.811000000000000000e+03
5.839000000000000000e+03
5.879000000000000000e+03
5.920000000000000000e+03
5.943000000000000000e+03
5.973000000000000000e+03
6.016000000000000000e+03
6.042000000000000000e+03
6.076000000000000000e+03
6.105000000000000000e+03
6.125000000000000000e+03
6.171000000000000000e+03
6.216000000000000000e+03
6.258000000000000000e+03
6.266000000000000000e+03
6.289000000000000000e+03
6.289000000000000000e+03
6.293000000000000000e+03
6.298000000000000000e+03
6.301000000000000000e+03
6.319000000000000000e+03
6.332000000000000000e+03
6.348000000000000000e+03
6.351000000000000000e+03
6.358000000000000000e+03
6.379000000000000000e+03
6.407000000000000000e+03
6.407000000000000000e+03
6.469000000000000000e+03
6.469000000000000000e+03
6.541000000000000000e+03
6.574000000000000000e+03
6.588000000000000000e+03
6.653000000000000000e+03
6.696000000000000000e+03
6.745000000000000000e+03
6.805000000000000000e+03
6.851000000000000000e+03
6.908000000000000000e+03
6.931000000000000000e+03
6.950000000000000000e+03
7.015000000000000000e+03
7.067000000000000000e+03
7.143000000000000000e+03
7.222000000000000000e+03
7.298000000000000000e+03
7.317000000000000000e+03
7.346000000000000000e+03
7.380000000000000000e+03
7.470000000000000000e+03
7.528000000000000000e+03
7.581000000000000000e+03
7.641000000000000000e+03
7.654000000000000000e+03
7.678000000000000000e+03
7.714000000000000000e+03
7.780000000000000000e+03
7.887000000000000000e+03
7.939000000000000000e+03
7.982000000000000000e+03
8.023000000000000000e+03
8.041000000000000000e+03
8.092000000000000000e+03
8.135000000000000000e+03
8.181000000000000000e+03
8.207000000000000000e+03
8.231000000000000000e+03
8.232000000000000000e+03
8.262000000000000000e+03
8.313000000000000000e+03
8.338000000000000000e+03
8.357000000000000000e+03
8.399000000000000000e+03
8.420000000000000000e+03
8.427000000000000000e+03
8.452000000000000000e+03
8.457000000000000000e+03
8.485000000000000000e+03
8.513000000000000000e+03
8.550000000000000000e+03
8.585000000000000000e+03
8.595000000000000000e+03
8.626000000000000000e+03
8.648000000000000000e+03
8.699000000000000000e+03
8.729000000000000000e+03
8.772000000000000000e+03
8.807000000000000000e+03
8.814000000000000000e+03
8.847000000000000000e+03
8.928000000000000000e+03
8.993000000000000000e+03
9.069000000000000000e+03
9.121000000000000000e+03
9.160000000000000000e+03
9.187000000000000000e+03
9.238000000000000000e+03
9.322000000000000000e+03
9.442000000000000000e+03
9.486000000000000000e+03
9.585000000000000000e+03
9.649000000000000000e+03
9.668000000000000000e+03
9.732000000000000000e+03
9.820000000000000000e+03
9.898000000000000000e+03
1.000700000000000000e+04
1.007200000000000000e+04
1.016800000000000000e+04
1.018200000000000000e+04
1.019200000000000000e+04
1.024900000000000000e+04
1.037500000000000000e+04
1.044600000000000000e+04
1.054000000000000000e+04
1.058000000000000000e+04
1.060600000000000000e+04
1.063700000000000000e+04
1.071800000000000000e+04
1.085300000000000000e+04
1.095800000000000000e+04
1.104400000000000000e+04
1.114900000000000000e+04
1.118900000000000000e+04
1.127700000000000000e+04
1.137400000000000000e+04
1.152700000000000000e+04
1.164200000000000000e+04
1.176200000000000000e+04
1.186300000000000000e+04
1.190100000000000000e+04
1.197200000000000000e+04
1.213200000000000000e+04
1.223400000000000000e+04
1.244800000000000000e+04
1.260000000000000000e+04
1.270300000000000000e+04
1.275400000000000000e+04
1.282600000000000000e+04
1.296300000000000000e+04
1.310600000000000000e+04
1.328300000000000000e+04
1.340400000000000000e+04
1.351800000000000000e+04
1.356400000000000000e+04
1.365600000000000000e+04
1.382900000000000000e+04
1.395700000000000000e+04
1.407300000000000000e+04
1.420300000000000000e+04
1.436200000000000000e+04
1.444200000000000000e+04
1.453100000000000000e+04
1.465900000000000000e+04
1.484500000000000000e+04
1.498800000000000000e+04
1.516800000000000000e+04
1.527100000000000000e+04
1.535200000000000000e+04
1.545400000000000000e+04
1.560700000000000000e+04
1.574300000000000000e+04
1.574300000000000000e+04
1.601400000000000000e+04
1.613000000000000000e+04
1.613000000000000000e+04
1.623500000000000000e+04
1.655600000000000000e+04
1.665400000000000000e+04
1.672400000000000000e+04
1.682200000000000000e+04
1.691000000000000000e+04
1.695200000000000000e+04
1.711400000000000000e+04
1.725700000000000000e+04
1.737600000000000000e+04
1.745900000000000000e+04
1.761700000000000000e+04
1.766500000000000000e+04
1.771800000000000000e+04
1.780500000000000000e+04
1.793900000000000000e+04
1.808800000000000000e+04
1.819600000000000000e+04
1.830300000000000000e+04
1.838600000000000000e+04
1.844600000000000000e+04
1.853000000000000000e+04
1.865800000000000000e+04
1.873300000000000000e+04
1.883700000000000000e+04
1.897300000000000000e+04
1.909600000000000000e+04
1.914400000000000000e+04
1.923400000000000000e+04
1.923400000000000000e+04
1.956500000000000000e+04
1.967400000000000000e+04
1.977400000000000000e+04
1.987700000000000000e+04
1.989100000000000000e+04
1.995900000000000000e+04
2.005500000000000000e+04
2.014200000000000000e+04
2.023100000000000000e+04
2.030500000000000000e+04
2.037800000000000000e+04
2.038900000000000000e+04
2.056800000000000000e+04
2.064500000000000000e+04
2.075700000000000000e+04
2.083400000000000000e+04
2.092400000000000000e+04
2.095300000000000000e+04
2.100200000000000000e+04
2.105500000000000000e+04
2.122300000000000000e+04
2.127400000000000000e+04
2.135100000000000000e+04
2.147100000000000000e+04
2.156200000000000000e+04
2.156200000000000000e+04
2.166800000000000000e+04
2.173300000000000000e+04
2.173300000000000000e+04
2.185000000000000000e+04
2.209000000000000000e+04
2.215000000000000000e+04
2.218100000000000000e+04
2.223400000000000000e+04
2.223400000000000000e+04
2.237200000000000000e+04
2.245800000000000000e+04
2.252300000000000000e+04
2.252300000000000000e+04
